           8           4  -32.0929985      -71.1299973      0.892159402    
          23          63  -31.7730007      -72.3619995      0.765603483    
          25          27  -31.7689991      -71.5999985      0.695286155    
          29          23  -31.7000008      -71.5120010      0.712667048    
          36          37  -31.5620003      -71.8000031      0.796064675    
          42          14  -31.4729996      -71.3109970      0.882854342    
          45          37  -31.3999996      -71.7910004      0.829118252    
          48           4  -31.3729992      -71.0950012      0.728938580    
          53          33  -31.2590008      -71.6989975      0.805854857    
          53          58  -31.2369995      -72.2239990      0.599819958    
          53          67  -31.2290001      -72.4120026      0.833810687    
          54          59  -31.2180004      -72.2429962      0.528153718    
          55          57  -31.2019997      -72.1999969      0.580491602    
          55          59  -31.2000008      -72.2419968      0.485394865    
          61          27  -31.1200008      -71.5660019       1.00000000    
          68          54  -30.9710007      -72.1240005      0.414632171    
          74          23  -30.8889999      -71.4700012      0.997278810    
          84          11  -30.7180004      -71.2099991      0.800581217    
          87          29  -30.6499996      -71.5830002      0.382881731    
          94           9  -30.5400009      -71.1600037      0.745778561    
