           6          61  -32.0810013      -72.3379974      0.638159215    
          11          36  -32.0139999      -71.8040009      0.792878568    
          18           6  -31.9120007      -71.1640015      0.879953444    
          20          17  -31.8670006      -71.3939972      0.839153886    
          24          63  -31.7549992      -72.3600006      0.765975058    
          25          46  -31.7530003      -72.0009995      0.790677965    
          27          17  -31.7409992      -71.3880005      0.969713986    
          28           8  -31.7299995      -71.1969986      0.866249979    
          31          23  -31.6639996      -71.5100021      0.755918264    
          36          25  -31.5720005      -71.5479965      0.729126751    
          41          68  -31.4440002      -72.4469986      0.662979424    
          48          24  -31.3570004      -71.5149994      0.886486113    
          65          48  -31.0300007      -72.0009995      0.739774346    
          70          62  -30.9270000      -72.2890015      0.868766010    
          88          42  -30.6210003      -71.8529968      0.721640944    
          88          61  -30.6040001      -72.2480011      0.767621756    
          98          52  -30.4319992      -72.0510025       1.00000000    
         103          62  -30.3330002      -72.2529984      0.734189510    
         118          26  -30.0939999      -71.4909973      0.755514503    
         120          63  -30.0259991      -72.2559967      0.759303629    
