           1          54  -32.1780014      -72.1959991      0.788113832    
           6          17  -32.1189995      -71.4069977      0.708761156    
           8          32  -32.0709991      -71.7229996      0.671429276    
          17          48  -31.8950005      -72.0520020      0.634835780    
          18          15  -31.9050007      -71.3539963      0.900226414    
          18          45  -31.8799992      -71.9869995      0.717798293    
          20          71  -31.8190002      -72.5339966      0.773705602    
          24          50  -31.7670002      -72.0859985      0.803241849    
          42          14  -31.4729996      -71.3109970      0.626369715    
          47          16  -31.3810005      -71.3479996      0.781927884    
          49          45  -31.3209991      -71.9550018      0.592250228    
          51          48  -31.2819996      -72.0159988      0.755625665    
          69          39  -30.9659996      -71.8089981      0.987149715    
          70          23  -30.9610004      -71.4739990      0.537176013    
          84          27  -30.7059994      -71.5439987      0.782523811    
          86          49  -30.6509991      -72.0009995      0.724010468    
          97          26  -30.4720001      -71.5110016      0.713405073    
         106           8  -30.3239994      -71.1279984      0.776696920    
         106          56  -30.2840004      -72.1250000      0.747961879    
         115          20  -30.1529999      -71.3700027      0.801166058    
