           2          16  -32.1920013      -71.3899994      0.662958920    
           4          67  -32.1110001      -72.4670029      0.587564588    
           7          52  -32.0709991      -72.1470032      0.680131495    
          10          67  -32.0029984      -72.4609985      0.916653574    
          15          44  -31.9349995      -71.9690018      0.836401820    
          17          62  -31.8820000      -72.3470001      0.702354014    
          26          63  -31.7189999      -72.3580017      0.928443789    
          31           6  -31.6770000      -71.1520004      0.758404195    
          49          41  -31.3250008      -71.8710022      0.947546363    
          51          35  -31.2940006      -71.7429962      0.921550035    
          54          19  -31.2530003      -71.4049988      0.936761618    
          69          38  -30.9669991      -71.7880020      0.944656193    
          71          55  -30.9160004      -72.1409988       1.00000000    
          82          70  -30.7040005      -72.4430008      0.839679599    
          84          70  -30.6679993      -72.4400024      0.623784781    
          89          61  -30.5860004      -72.2470016      0.934481800    
         101          24  -30.4020004      -71.4660034      0.770643473    
         102           3  -30.3999996      -71.0279999      0.984249890    
         102          18  -30.3889999      -71.3399963      0.746079326    
         118          31  -30.0900002      -71.5950012      0.662774622    
