           6          42  -32.0979996      -71.9359970      0.915512621    
          23          28  -31.8040009      -71.6230011      0.837595761    
          24          57  -31.7609997      -72.2340012      0.899387538    
          26          21  -31.7560005      -71.4729996      0.915801466    
          27          48  -31.7150002      -72.0410004      0.886031747    
          28          17  -31.7229996      -71.3870010      0.934234500    
          40          43  -31.4850006      -71.9219971      0.768745542    
          51          21  -31.3050003      -71.4489975      0.907003701    
          57          46  -31.1760006      -71.9680023      0.776151776    
          60          40  -31.1270008      -71.8389969      0.652948797    
          61          27  -31.1200008      -71.5660019      0.912358463    
          72          22  -30.9260006      -71.4509964      0.908285260    
          89          47  -30.5990009      -71.9560013      0.867397845    
          92          57  -30.5359993      -72.1610031      0.781273782    
          97          17  -30.4799995      -71.3239975      0.931059957    
          98           5  -30.4710007      -71.0729980      0.902354538    
         105          63  -30.2959995      -72.2720032      0.714463115    
         110          12  -30.2490005      -71.2080002      0.818264127    
         110          47  -30.2199993      -71.9339981      0.652261138    
         120          59  -30.0289993      -72.1729965      0.570112050    
