           9          29  -32.0559998      -71.6579971      0.826020420    
          15          29  -31.9480000      -71.6520004       1.00000000    
          17          40  -31.9020004      -71.8830032      0.976960719    
          28          68  -31.6779995      -72.4609985      0.588787913    
          38          41  -31.5230007      -71.8820038      0.869810939    
          42          63  -31.4309998      -72.3399963      0.924454689    
          46          56  -31.3649998      -72.1890030      0.983735740    
          52           7  -31.2980003      -71.1549988      0.831161201    
          59          46  -31.1399994      -71.9660034      0.784411848    
          68          71  -30.9549999      -72.4789963      0.785901487    
          69          52  -30.9549999      -72.0810013      0.608738303    
          75          15  -30.8780003      -71.3020020      0.631064951    
          75          45  -30.8530006      -71.9280014      0.982322872    
          77          51  -30.8110008      -72.0520020      0.928131700    
          81          37  -30.7520008      -71.7549973      0.938771069    
          90          67  -30.5620003      -72.3710022      0.759481013    
          91          63  -30.5480003      -72.2870026      0.576743543    
         105          56  -30.3020000      -72.1259995      0.899405003    
         109          47  -30.2380009      -71.9349976      0.912701905    
         120           4  -30.0750008      -71.0339966      0.809480488    
