           4          25  -32.1489983      -71.5780029      0.919753015    
          10          59  -32.0110016      -72.2919998      0.857216597    
          11          20  -32.0270004      -71.4660034      0.859462798    
          11          52  -31.9990005      -72.1419983      0.684247375    
          26          45  -31.7360001      -71.9789963      0.585445285    
          29          47  -31.6800003      -72.0179977      0.834989905    
          40          48  -31.4810009      -72.0270004      0.695334256    
          42          38  -31.4529991      -71.8150024      0.713247061    
          49          22  -31.3409996      -71.4720001      0.682813942    
          55          46  -31.2119999      -71.9700012      0.883120954    
          61          65  -31.0869999      -72.3610001      0.744380832    
          72          30  -30.9200001      -71.6179962      0.728037000    
          75          16  -30.8770008      -71.3229980      0.758772075    
          78          21  -30.8190002      -71.4240036      0.526889265    
          84          47  -30.6889992      -71.9609985       1.00000000    
          86          46  -30.6539993      -71.9380035      0.724666595    
          88          51  -30.6130009      -72.0400009      0.849904358    
          89          30  -30.6130009      -71.6019974      0.695641816    
         105          60  -30.2989998      -72.2089996      0.724375308    
         111          40  -30.2080002      -71.7880020      0.824087620    
