          11          20  -32.0270004      -71.4660034      0.864386141    
          11          52  -31.9990005      -72.1419983      0.804086208    
          24           1  -31.8069992      -71.0530014      0.734193563    
          25          57  -31.7430000      -72.2330017      0.974995434    
          31           2  -31.6800003      -71.0680008      0.841478884    
          34          37  -31.5979996      -71.8020020      0.820220053    
          42          38  -31.4529991      -71.8150024      0.813883483    
          49          22  -31.3409996      -71.4720001      0.796739459    
          61          65  -31.0869999      -72.3610001      0.959200442    
          62          14  -31.1130009      -71.2929993      0.888987064    
          62          22  -31.1060009      -71.4599991      0.866790414    
          67          39  -31.0020008      -71.8109970      0.714137137    
          75          16  -30.8770008      -71.3229980      0.716944218    
          78          21  -30.8190002      -71.4240036      0.689487040    
          84          47  -30.6889992      -71.9609985      0.929231882    
          89          30  -30.6130009      -71.6019974      0.815548956    
          94          53  -30.5030003      -72.0759964      0.641564369    
         105          60  -30.2989998      -72.2089996      0.851994097    
         116          43  -30.1159992      -71.8450012      0.745293915    
         117          62  -30.0809994      -72.2379990      0.903916478    
