           4          66  -32.1119995      -72.4459991      0.696235299    
          15           8  -31.9640007      -71.2080002      0.649118602    
          20          14  -31.8700008      -71.3310013      0.692343235    
          20          36  -31.8509998      -71.7949982      0.677163363    
          24          68  -31.7500000      -72.4660034      0.537003756    
          30          19  -31.6849995      -71.4270020      0.799625099    
          33          12  -31.6369991      -71.2770004      0.810425460    
          35          34  -31.5830002      -71.7379990      0.703496277    
          38          54  -31.5109997      -72.1559982      0.697702169    
          41          41  -31.4689999      -71.8789978      0.595916152    
          66           3  -31.0489998      -71.0589981      0.692138851    
          67           8  -31.0270004      -71.1620026      0.563908875    
          70          64  -30.9249992      -72.3310013       1.00000000    
          77          49  -30.8129997      -72.0100021      0.727486789    
          81          22  -30.7639999      -71.4420013      0.789356291    
          98           5  -30.4710007      -71.0729980      0.669631481    
         100          59  -30.3899994      -72.1940002      0.800866008    
         105          26  -30.3279991      -71.5029984      0.725702822    
         109          43  -30.2420006      -71.8519974      0.683536410    
         114           2  -30.1840000      -70.9970016      0.710433722    
