           2          31  -32.1800003      -71.7070007      0.686307192    
           8          22  -32.0789986      -71.5110016      0.725088835    
          27          26  -31.7339993      -71.5770035      0.764960945    
          30          13  -31.6900005      -71.3000031      0.769834459    
          35           4  -31.6070004      -71.1060028      0.609213710    
          37          22  -31.5569992      -71.4840012      0.729629993    
          54          56  -31.2210007      -72.1809998      0.846465945    
          60          44  -31.1240005      -71.9229965      0.681747079    
          66          36  -31.0230007      -71.7490005      0.687927485    
          67          44  -30.9979992      -71.9160004      0.785920918    
          73          16  -30.9130001      -71.3239975      0.654047072    
          79          25  -30.7980003      -71.5070038      0.652248323    
          82           8  -30.7570000      -71.1490021       1.00000000    
          87          58  -30.6250000      -72.1869965      0.938343942    
          92          53  -30.5389996      -72.0780029      0.692380726    
          94          19  -30.5319996      -71.3679962      0.643499017    
         106          14  -30.3199997      -71.2529984      0.476506323    
         109          32  -30.2509995      -71.6240005      0.833936870    
         116          67  -30.0939999      -72.3430023      0.642837048    
         118          42  -30.0799999      -71.8229980      0.630454063    
