           7          14  -32.1040001      -71.3430023      0.696202219    
           8          20  -32.0810013      -71.4690018      0.857843339    
          26          23  -31.7539997      -71.5149994      0.690758526    
          38          26  -31.5359993      -71.5670013      0.715497911    
          50          28  -31.3180008      -71.5970001      0.649136007    
          52          22  -31.2870007      -71.4690018      0.836071491    
          53          19  -31.2709999      -71.4059982      0.925417900    
          53          20  -31.2700005      -71.4270020      0.963110685    
          54          16  -31.2549992      -71.3420029      0.888660908    
          60          48  -31.1200008      -72.0070038      0.546258688    
          62          53  -31.0799999      -72.1090012       1.00000000    
          85          21  -30.6930008      -71.4179993      0.759413660    
          89          25  -30.6170006      -71.4980011      0.643214166    
          94          42  -30.5130005      -71.8470001      0.624805331    
          99          31  -30.4319992      -71.6129990      0.715154350    
         102          32  -30.3770008      -71.6309967      0.515880406    
         103          34  -30.3579998      -71.6709976      0.687847018    
         105          64  -30.2950001      -72.2919998      0.804276586    
         106          56  -30.2840004      -72.1250000      0.495622307    
         111          24  -30.2220001      -71.4560013      0.696652532    
