          13          46  -31.9689999      -72.0139999      0.783298016    
          17          34  -31.9069996      -71.7559967      0.785889924    
          26           3  -31.7700005      -71.0930023      0.751182318    
          30          10  -31.6919994      -71.2369995      0.797389150    
          45          58  -31.3810005      -72.2320023      0.896178246    
          46          37  -31.3820000      -71.7900009      0.828481555    
          46          44  -31.3759995      -71.9369965      0.822939277    
          51          21  -31.3050003      -71.4489975      0.792268336    
          65           4  -31.0660000      -71.0800018      0.697890103    
          67          10  -31.0259991      -71.2040024      0.729336500    
          67          42  -30.9990005      -71.8740005      0.705271900    
          76          27  -30.8500004      -71.5510025      0.922097862    
          77          15  -30.8419991      -71.3000031      0.894127309    
          93          18  -30.5510006      -71.3479996       1.00000000    
          98          31  -30.4500008      -71.6139984      0.829944134    
         100          48  -30.3999996      -71.9649963      0.854219615    
         101           3  -30.4179993      -71.0289993      0.824995518    
         105          66  -30.2929993      -72.3339996      0.723532140    
         117           6  -30.1270008      -71.0780029      0.737078309    
         120          42  -30.0440006      -71.8209991      0.898181617    
