          14          41  -31.9549999      -71.9069977      0.917529106    
          14          49  -31.9480000      -72.0759964      0.721641064    
          16           3  -31.9500008      -71.1019974      0.852314711    
          16          58  -31.9039993      -72.2639999      0.752257705    
          20          34  -31.8530006      -71.7529984      0.809242725    
          29          11  -31.7099991      -71.2590027      0.816986144    
          34          32  -31.6030006      -71.6969986      0.786013901    
          41          32  -31.4769993      -71.6900024      0.770648479    
          45          47  -31.3910007      -72.0009995      0.908805490    
          45          70  -31.3700008      -72.4840012      0.610115528    
          75          46  -30.8519993      -71.9489975      0.825459242    
          84          23  -30.7089996      -71.4599991      0.693035841    
          94           7  -30.5410004      -71.1179962      0.722648442    
         100          15  -30.4270000      -71.2789993      0.622654319    
         102          68  -30.3449993      -72.3789978      0.753730536    
         113          30  -30.1809998      -71.5790024      0.886578143    
         117          27  -30.1110001      -71.5130005      0.751919270    
         118          10  -30.1060009      -71.1600037      0.786162853    
         119          28  -30.0739994      -71.5319977      0.816443205    
         120          59  -30.0289993      -72.1729965       1.00000000    
