           5          42  -32.1170006      -71.9369965      0.656494141    
          15          34  -31.9430008      -71.7580032      0.506484509    
          16          15  -31.9410000      -71.3560028      0.806022167    
          18          43  -31.8810005      -71.9449997      0.598008037    
          29          23  -31.7000008      -71.5120010      0.747895539    
          30          58  -31.6520004      -72.2480011      0.633084118    
          35          13  -31.6000004      -71.2959976      0.791207731    
          36          37  -31.5620003      -71.8000031      0.723227143    
          42          14  -31.4729996      -71.3109970      0.986275673    
          53          67  -31.2290001      -72.4120026      0.850048304    
          55          57  -31.2019997      -72.1999969      0.609543443    
          60          67  -31.1030006      -72.4039993      0.889508903    
          61          27  -31.1200008      -71.5660019      0.845992744    
          68          54  -30.9710007      -72.1240005      0.621062875    
          74          23  -30.8889999      -71.4700012      0.943227649    
          87          24  -30.6539993      -71.4789963      0.977469802    
          87          29  -30.6499996      -71.5830002      0.720194876    
          94           9  -30.5400009      -71.1600037      0.626243770    
          99           8  -30.4500008      -71.1350021      0.717698514    
         119          11  -30.0879993      -71.1790009      0.697198629    
