           4           5  -32.1650009      -71.1549988      0.652422190    
           8          10  -32.0890007      -71.2570038      0.543281257    
           8          63  -32.0429993      -72.3779984      0.737714648    
          22          13  -31.8339996      -71.3079987      0.928181231    
          22          33  -31.8180008      -71.7300034      0.639906943    
          28          10  -31.7280006      -71.2389984       1.00000000    
          37          26  -31.5540009      -71.5680008      0.609008789    
          61          14  -31.1310005      -71.2929993      0.816580176    
          71          24  -30.9430008      -71.4940033      0.718949199    
          79          13  -30.8069992      -71.2559967      0.569286585    
          84           6  -30.7220001      -71.1060028      0.842429519    
          86          10  -30.6830006      -71.1880035      0.703955114    
          92          24  -30.5639992      -71.4739990      0.510839701    
         101          12  -30.4109993      -71.2160034      0.564498961    
         102          62  -30.3509998      -72.2539978      0.846136034    
         106          42  -30.2970009      -71.8349991      0.683861554    
         111          31  -30.2159996      -71.6019974      0.682416499    
         113          25  -30.1849995      -71.4749985      0.643294692    
         116          15  -30.1389999      -71.2649994      0.620864630    
         120           4  -30.0750008      -71.0339966      0.618807495    
