           3          69  -32.1269989      -72.5110016      0.627837121    
          10          14  -32.0499992      -71.3399963      0.721237123    
          13          25  -31.9869995      -71.5699997      0.732700884    
          18          50  -31.8750000      -72.0930023      0.926297724    
          25          35  -31.7619991      -71.7689972      0.780570388    
          25          52  -31.7469997      -72.1269989      0.857504368    
          30          13  -31.6900005      -71.3000031      0.715016842    
          35          23  -31.5919991      -71.5059967      0.781355858    
          41          70  -31.4419994      -72.4889984      0.566821337    
          45          39  -31.3980007      -71.8330002      0.775171697    
          50           6  -31.3349991      -71.1350021      0.980486751    
          52          36  -31.2749996      -71.7630005      0.742434084    
          56          33  -31.2049999      -71.6959991      0.857319236    
          60          21  -31.1429996      -71.4410019      0.860907137    
          77          48  -30.8139992      -71.9889984       1.00000000    
          86          23  -30.6730003      -71.4589996      0.915837049    
          86          56  -30.6450005      -72.1460037      0.655246735    
          86          56  -30.6450005      -72.1460037      0.655246735    
         102          23  -30.3850002      -71.4440002      0.864110172    
         119          37  -30.0669994      -71.7180023      0.838965833    
