          27          31  -31.7299995      -71.6829987      0.754791558    
          30          26  -31.6800003      -71.5739975      0.700412095    
          39           3  -31.5359993      -71.0820007      0.708738565    
          40          12  -31.5109997      -71.2699966      0.811205447    
          42          25  -31.4640007      -71.5419998      0.769901097    
          47           3  -31.3910007      -71.0749969      0.665672600    
          47          70  -31.3339996      -72.4820023      0.703351438    
          52           1  -31.3029995      -71.0289993      0.690585732    
          54          67  -31.2110004      -72.4110031       1.00000000    
          68          23  -30.9969997      -71.4749985      0.917481005    
          86          50  -30.6499996      -72.0210037      0.870056689    
          88           8  -30.6490002      -71.1439972      0.698700726    
          88          29  -30.6320000      -71.5820007      0.816761613    
          89          53  -30.5930004      -72.0810013      0.754755020    
          91          20  -30.5849991      -71.3919983      0.825137675    
          96          56  -30.4640007      -72.1360016      0.707778573    
          97          52  -30.4500008      -72.0520020      0.776895940    
         107          25  -30.2929993      -71.4810028      0.481657982    
         112          17  -30.2089996      -71.3099976      0.721483231    
         116          30  -30.1270008      -71.5759964      0.481303662    
