           2          36  -32.1759987      -71.8130035      0.695313811    
          17          57  -31.8869991      -72.2419968      0.882163525    
          18          10  -31.9090004      -71.2480011      0.590462446    
          23          17  -31.8129997      -71.3909988      0.860076368    
          23          59  -31.7770004      -72.2770004      0.889761746    
          25          59  -31.7409992      -72.2750015      0.720772743    
          44          35  -31.4200001      -71.7500000      0.738512754    
          45          22  -31.4130001      -71.4759979      0.848142445    
          47          38  -31.3630009      -71.8099976      0.943855166    
          60          66  -31.1040001      -72.3830032      0.653487742    
          65           8  -31.0629997      -71.1640015      0.888217211    
          65          35  -31.0419998      -71.7289963      0.799461365    
          67          42  -30.9990005      -71.8740005       1.00000000    
          75          56  -30.8430004      -72.1579971      0.671735168    
          83          43  -30.7099991      -71.8779984      0.717281759    
          85          14  -30.6980000      -71.2720032      0.803492010    
         100          66  -30.3829994      -72.3389969      0.721727192    
         114          61  -30.1359997      -72.2210007      0.722302020    
         119          16  -30.0839996      -71.2829971      0.767197847    
         120          51  -30.0370007      -72.0070038      0.690856993    
