           1          34  -32.1959991      -71.7720032       1.00000000    
           7          54  -32.0699997      -72.1890030      0.929944277    
           8           4  -32.0929985      -71.1299973      0.914444685    
          21          42  -31.8279991      -71.9209976      0.633751869    
          22          28  -31.8220005      -71.6240005      0.668634951    
          23          17  -31.8129997      -71.3909988      0.659209549    
          27          41  -31.7210007      -71.8939972      0.668365657    
          28          21  -31.7199993      -71.4710007      0.695614755    
          29          13  -31.7080002      -71.3010025      0.654370248    
          35           3  -31.6079998      -71.0849991      0.684969544    
          35          52  -31.5669994      -72.1169968      0.834877670    
          51           2  -31.3199997      -71.0510025      0.904011250    
          71          16  -30.9489994      -71.3259964      0.634835601    
          76           5  -30.8670006      -71.0920029      0.692756593    
          81          39  -30.7500000      -71.7969971      0.774603605    
          82           5  -30.7590008      -71.0869980      0.586237133    
          91          17  -30.5879993      -71.3290024      0.800790906    
         100          59  -30.3899994      -72.1940002      0.639084995    
         106          11  -30.3220005      -71.1910019      0.706076205    
         116          37  -30.1210003      -71.7210007      0.756158113    
