          20          63  -31.8269997      -72.3649979      0.506254315    
          23          28  -31.8040009      -71.6230011      0.487032562    
          24          57  -31.7609997      -72.2340012      0.531863987    
          26          21  -31.7560005      -71.4729996      0.573906004    
          27          64  -31.7000008      -72.3779984      0.391480416    
          28          17  -31.7229996      -71.3870010      0.500137210    
          40          43  -31.4850006      -71.9219971      0.476197034    
          40          54  -31.4750004      -72.1539993      0.527400553    
          57          46  -31.1760006      -71.9680023      0.475549579    
          61          27  -31.1200008      -71.5660019      0.507237494    
          65          35  -31.0419998      -71.7289963      0.531399965    
          68          37  -30.9860001      -71.7679977       1.00000000    
          68          38  -30.9850006      -71.7890015      0.972961307    
          82          38  -30.7329998      -71.7750015      0.398849964    
          89          47  -30.5990009      -71.9560013      0.474044085    
          89          53  -30.5930004      -72.0810013      0.469039023    
          95          45  -30.4920006      -71.9079971      0.435465008    
          97          17  -30.4799995      -71.3239975      0.500224173    
         101          42  -30.3869991      -71.8399963      0.454579741    
         110          47  -30.2199993      -71.9339981      0.607943296    
