           4           5  -32.1650009      -71.1549988      0.881195188    
           7           7  -32.1090012      -71.1940002      0.730427444    
           8          10  -32.0890007      -71.2570038      0.746971667    
           8          63  -32.0429993      -72.3779984      0.577078044    
          12          49  -31.9839993      -72.0780029      0.700614095    
          22          33  -31.8180008      -71.7300034      0.708556771    
          37          26  -31.5540009      -71.5680008       1.00000000    
          38          26  -31.5359993      -71.5670013      0.926015019    
          38          27  -31.5349998      -71.5879974      0.920029581    
          48           6  -31.3710003      -71.1370010      0.685970247    
          61          14  -31.1310005      -71.2929993      0.800269127    
          83          70  -30.6860008      -72.4410019      0.751727998    
          84           6  -30.7220001      -71.1060028      0.913829803    
          84          55  -30.6819992      -72.1279984      0.599394679    
          89          34  -30.6100006      -71.6849976      0.684488177    
          91          45  -30.5639992      -71.9120026      0.594260335    
          92          24  -30.5639992      -71.4739990      0.555384517    
          95          24  -30.5100002      -71.4710007      0.691280007    
         111          31  -30.2159996      -71.6019974      0.541523397    
         113          25  -30.1849995      -71.4749985      0.599776030    
