           2          17  -32.1920013      -71.4110031      0.692725301    
           3          37  -32.1570015      -71.8330002      0.913590133    
          10          36  -32.0320015      -71.8050003      0.786842406    
          17           2  -31.9330006      -71.0800018      0.865779459    
          27          13  -31.7439995      -71.3030014      0.663531959    
          40          46  -31.4820004      -71.9850006      0.933449686    
          42          18  -31.4699993      -71.3949966      0.685359895    
          43          44  -31.4300003      -71.9400024      0.991091430    
          45          66  -31.3740005      -72.4000015      0.738566697    
          47          51  -31.3519993      -72.0830002      0.708287835    
          54          53  -31.2240009      -72.1179962      0.671806991    
          59          61  -31.1259995      -72.2799988      0.823432684    
          69          56  -30.9510002      -72.1640015      0.876511574    
          79          35  -30.7889996      -71.7160034      0.756142437    
          79          64  -30.7630005      -72.3209991      0.796816409    
          80          62  -30.7469997      -72.2779999       1.00000000    
          91          48  -30.5620003      -71.9749985      0.707472742    
         109           5  -30.2719994      -71.0640030      0.860751450    
         117          25  -30.1130009      -71.4710007      0.829113305    
         121          19  -30.0450001      -71.3430023      0.802377880    
