           4          67  -32.1110001      -72.4670029      0.820210993    
          14          32  -31.9629993      -71.7170029      0.701973021    
          17          17  -31.9209995      -71.3970032      0.814360499    
          19          34  -31.8710003      -71.7539978      0.822663546    
          20          14  -31.8700008      -71.3310013       1.00000000    
          20          44  -31.8449993      -71.9639969      0.941235483    
          33          12  -31.6369991      -71.2770004      0.897674143    
          35          34  -31.5830002      -71.7379990      0.727945268    
          38          54  -31.5109997      -72.1559982      0.634522974    
          41          41  -31.4689999      -71.8789978      0.751348376    
          50          42  -31.3059998      -71.8909988      0.690369368    
          66           3  -31.0489998      -71.0589981      0.732569933    
          67           8  -31.0270004      -71.1620026      0.638356447    
          70          64  -30.9249992      -72.3310013      0.851262391    
          75          42  -30.8549995      -71.8659973      0.748259902    
          98           5  -30.4710007      -71.0729980      0.702674627    
         100          59  -30.3899994      -72.1940002      0.708306193    
         109          45  -30.2399998      -71.8939972      0.844671190    
         113          12  -30.1949997      -71.2050018      0.466075212    
         114          11  -30.1779995      -71.1839981      0.489109010    
