           8           4  -32.0929985      -71.1299973      0.898472250    
           9          17  -32.0649986      -71.4039993      0.688240767    
          13          43  -31.9720001      -71.9499969      0.757858694    
          17          60  -31.8840008      -72.3050003      0.459872544    
          21          42  -31.8279991      -71.9209976      0.693798661    
          23          17  -31.8129997      -71.3909988      0.593283772    
          27          41  -31.7210007      -71.8939972      0.612380207    
          29          13  -31.7080002      -71.3010025      0.576407135    
          29          68  -31.6599998      -72.4599991       1.00000000    
          35           3  -31.6079998      -71.0849991      0.660260916    
          35          52  -31.5669994      -72.1169968      0.654273391    
          41          29  -31.4790001      -71.6269989      0.695582569    
          52          65  -31.2490005      -72.3710022      0.914859176    
          60          55  -31.1140003      -72.1529999      0.685216963    
          82           5  -30.7590008      -71.0869980      0.626040578    
          85          56  -30.6630001      -72.1470032      0.875993371    
          90          29  -30.5960007      -71.5800018      0.642203450    
         106          11  -30.3220005      -71.1910019      0.626546800    
         114          33  -30.1599998      -71.6399994      0.663082838    
         116          37  -30.1210003      -71.7210007      0.712423086    
