           5          42  -32.1170006      -71.9369965      0.708111584    
          15           3  -31.9680004      -71.1029968      0.569032609    
          15          34  -31.9430008      -71.7580032      0.589557171    
          16          15  -31.9410000      -71.3560028      0.561380088    
          17          60  -31.8840008      -72.3050003      0.599304020    
          18          43  -31.8810005      -71.9449997      0.641058624    
          20          66  -31.8239994      -72.4280014       1.00000000    
          23          26  -31.8059998      -71.5810013      0.682092845    
          30          17  -31.6870003      -71.3850021      0.736813486    
          30          58  -31.6520004      -72.2480011      0.546624541    
          35          13  -31.6000004      -71.2959976      0.565778196    
          44          46  -31.4099998      -71.9810028      0.591759562    
          50          55  -31.2940006      -72.1640015      0.751469851    
          60          67  -31.1030006      -72.4039993      0.804827809    
          75           9  -30.8820000      -71.1760025      0.752216101    
          77          35  -30.8250008      -71.7180023      0.818473399    
          83           2  -30.7430000      -71.0230026      0.559816420    
          87          24  -30.6539993      -71.4789963      0.710460484    
          99           8  -30.4500008      -71.1350021      0.766072750    
         119          11  -30.0879993      -71.1790009      0.652042806    
