          13          23  -31.9880009      -71.5270004      0.804423749    
          16          45  -31.9160004      -71.9889984      0.910753369    
          18          30  -31.8929996      -71.6699982      0.844326019    
          26          31  -31.7479992      -71.6839981      0.831515849    
          27          43  -31.7189999      -71.9359970      0.819578707    
          36           6  -31.5869999      -71.1480026      0.611447513    
          49          58  -31.3090000      -72.2279968      0.818536758    
          64          12  -31.0779991      -71.2490005      0.761658311    
          66           3  -31.0489998      -71.0589981      0.949001789    
          67          36  -31.0049992      -71.7480011      0.573466897    
          73          22  -30.9080009      -71.4499969      0.914345264    
          74          19  -30.8920002      -71.3860016      0.599278152    
          74          26  -30.8869991      -71.5329971      0.835379541    
          79          20  -30.8020000      -71.4029999      0.698492944    
          84          65  -30.6720009      -72.3359985      0.626074731    
          87          38  -30.6429996      -71.7699966      0.780313015    
          94          16  -30.5340004      -71.3050003      0.940681398    
         101          63  -30.3680000      -72.2760010      0.739522278    
         102          21  -30.3859997      -71.4020004      0.802182496    
         117          22  -30.1149998      -71.4089966      0.812612295    
