          27           2  -31.7520008      -71.0940018      0.941451550    
          32          27  -31.6429996      -71.5989990      0.884769797    
          37          21  -31.5569992      -71.4720001      0.904967606    
          42          18  -31.4699993      -71.4059982      0.867101729    
          42          44  -31.4480000      -71.9339981      0.875640333    
          56          69  -31.1739998      -72.4260025      0.962740958    
          75          54  -30.8449993      -72.1019974      0.904288828    
          82          14  -30.7520008      -71.2890015      0.992562711    
          84          63  -30.6749992      -72.2740021       1.00000000    
          85          67  -30.6529999      -72.3529968      0.857262015    
          90          53  -30.5760002      -72.0660019      0.828227043    
          92          37  -30.5529995      -71.7419968      0.851020575    
          98          64  -30.4220009      -72.2789993      0.951010883    
         104          23  -30.3479996      -71.4499969      0.923435509    
         110          46  -30.2220001      -71.9049988      0.882633209    
         111           6  -30.2350006      -71.1019974      0.824419558    
         113          49  -30.1650009      -71.9619980      0.762338042    
         114          51  -30.1450005      -72.0009995      0.611568034    
         117           1  -30.1299992      -70.9970016      0.765819371    
         120          15  -30.0660000      -71.2750015      0.871759534    
