          12          36  -31.9960003      -71.8020020      0.871317387    
          15          14  -31.9589996      -71.3499985      0.840424776    
          42          48  -31.4449997      -72.0149994      0.845887184    
          46          23  -31.3939991      -71.5039978      0.818730772    
          52          24  -31.2849998      -71.5189972      0.793671310    
          61          49  -31.1019993      -72.0159988      0.863601148    
          67          29  -31.0100002      -71.6050034      0.798603475    
          75          41  -30.8560009      -71.8399963      0.889346600    
          86          53  -30.6480007      -72.0699997      0.838425577    
          89           2  -30.6340008      -71.0410004      0.754393697    
          89          12  -30.6270008      -71.2419968      0.870398819    
          91          45  -30.5650005      -71.9039993      0.947981358    
          91          65  -30.5470009      -72.3059998      0.805466354    
          93          15  -30.5529995      -71.2990036      0.822685778    
          99          34  -30.4300003      -71.6750031      0.815103948    
         115          19  -30.1529999      -71.3590012      0.839493275    
         115          31  -30.1439991      -71.5999985      0.732201278    
         115          38  -30.1380005      -71.7399979      0.636557043    
         120          33  -30.0520000      -71.6350021       1.00000000    
         121          49  -30.0209999      -71.9540024      0.900920868    
