          22          17  -31.8309994      -71.4039993      0.696277976    
          22          38  -31.8139992      -71.8320007      0.798836648    
          37          21  -31.5569992      -71.4720001      0.737455070    
          39          60  -31.4880009      -72.2620010      0.706574202    
          42          18  -31.4699993      -71.4059982      0.749332011    
          42          44  -31.4480000      -71.9339981      0.950434268    
          44          40  -31.4160004      -71.8509979       1.00000000    
          46          12  -31.4020004      -71.2809982      0.765459001    
          57          40  -31.1819992      -71.8379974      0.658113539    
          57          48  -31.1749992      -72.0000000      0.613407612    
          67          15  -31.0209999      -71.3229980      0.803617001    
          75           3  -30.8859997      -71.0729980      0.708045781    
          75          54  -30.8449993      -72.1019974      0.771244586    
          81           1  -30.7789993      -71.0279999      0.697376251    
          82          14  -30.7520008      -71.2890015      0.751947820    
          90          53  -30.5760002      -72.0660019      0.673016191    
         111           6  -30.2350006      -71.1019974      0.678302705    
         113          49  -30.1650009      -71.9619980      0.680767238    
         117           1  -30.1299992      -70.9970016      0.646721184    
         120          15  -30.0660000      -71.2750015      0.691719770    
