          27           2  -31.7520008      -71.0940018      0.946141839    
          32          27  -31.6429996      -71.5989990      0.914260805    
          44          55  -31.4029999      -72.1549988      0.834485054    
          50          47  -31.3020000      -71.9869995      0.812709212    
          56          69  -31.1739998      -72.4260025       1.00000000    
          57           6  -31.2080002      -71.1490021      0.802011609    
          58          31  -31.1709995      -71.6549988      0.833885670    
          64          42  -31.0540009      -71.8710022      0.863420069    
          81          49  -30.7420006      -71.9950027      0.919179082    
          84          63  -30.6749992      -72.2740021      0.986823618    
          85          67  -30.6529999      -72.3529968      0.863894224    
          89           4  -30.6329994      -71.0810013      0.948762774    
          89          58  -30.5890007      -72.1679993      0.862253726    
          91          39  -30.5699997      -71.7839966      0.700663984    
          92          37  -30.5529995      -71.7419968      0.764992416    
          98          64  -30.4220009      -72.2789993      0.985695243    
         102          13  -30.3920002      -71.2509995      0.952749133    
         104          23  -30.3479996      -71.4499969      0.925443709    
         110          46  -30.2220001      -71.9049988      0.890714407    
         114          51  -30.1450005      -72.0009995      0.831799984    
