2 17 -32.1910019 -71.4229965 0.701965570 1
3 37 -32.1570015 -71.8310013 0.713073969 1
10 36 -32.0320015 -71.8040009 0.723403096 1
17 2 -31.9319992 -71.1029968 0.645291626 1
27 13 -31.7439995 -71.3180008 0.707938790 1
40 46 -31.4829998 -71.9769974 0.676264107 1
42 18 -31.4699993 -71.4059982 0.614181399 1
43 44 -31.4300003 -71.9329987 0.761581779 1
45 66 -31.3750000 -72.3769989 0.527218640 1
47 51 -31.3519993 -72.0709991 0.687813818 1
54 53 -31.2240009 -72.1039963 0.645000458 1
59 61 -31.1270008 -72.2610016 0.758933008 1
69 56 -30.9519997 -72.1490021 0.581168115 1
79 35 -30.7889996 -71.7149963 0.729699790 1
79 64 -30.7639999 -72.2990036 0.870497882 1
80 62 -30.7479992 -72.2580032 0.898761153 1
91 48 -30.5620003 -71.9649963 0.675586045 1
109 5 -30.2719994 -71.0839996 0.697968483 1
117 25 -30.1119995 -71.4779968 0.734569192 1
121 19 -30.0450001 -71.3539963 0.659645915 1
3 37 -32.1570015 -71.8310013 0.680453062 2
13 48 -31.9669991 -72.0459976 0.726886153 2
17 2 -31.9319992 -71.1029968 0.696775734 2
26 53 -31.7290001 -72.1340027 0.650903821 2
27 13 -31.7439995 -71.3180008 0.746279776 2
40 46 -31.4829998 -71.9769974 0.681995690 2
41 51 -31.4599991 -72.0770035 0.810368717 2
47 51 -31.3519993 -72.0709991 0.831226349 2
49 54 -31.3139992 -72.1299973 0.784212053 2
54 53 -31.2240009 -72.1039963 0.780041993 2
56 69 -31.1739998 -72.4260025 0.699237287 2
73 28 -30.9029999 -71.5800018 0.746565521 2
79 35 -30.7889996 -71.7149963 0.812140822 2
79 64 -30.7639999 -72.2990036 0.916396141 2
80 62 -30.7479992 -72.2580032 0.951827645 2
82 31 -30.7380009 -71.6309967 0.781617224 2
92 35 -30.5550003 -71.7020035 0.693977714 2
104 17 -30.3530006 -71.3290024 0.641480684 2
109 5 -30.2719994 -71.0839996 0.728253782 2
117 69 -30.0750008 -72.3580017 0.676829875 2
13 48 -31.9669991 -72.0459976 0.874336958 3
19 15 -31.8859997 -71.3659973 0.817853868 3
26 53 -31.7290001 -72.1340027 0.781391978 3
32 35 -31.6359997 -71.7610016 0.869649947 3
41 51 -31.4599991 -72.0770035 0.992963135 3
49 54 -31.3139992 -72.1299973 0.770720780 3
56 69 -31.1739998 -72.4260025 0.895109415 3
67 64 -30.9799995 -72.3119965 0.779860020 3
73 28 -30.9029999 -71.5800018 0.960193038 3
74 33 -30.8810005 -71.6790009 1.00000000 3
74 49 -30.8680000 -72.0019989 0.935863554 3
80 30 -30.7749996 -71.6129990 0.975458980 3
82 31 -30.7380009 -71.6309967 0.842487097 3
87 22 -30.6550007 -71.4449997 0.743818402 3
92 35 -30.5550003 -71.7020035 0.866179943 3
104 17 -30.3530006 -71.3290024 0.817158282 3
109 31 -30.2520008 -71.6060028 0.803796947 3
117 69 -30.0750008 -72.3580017 0.775573254 3
118 44 -30.0790005 -71.8570023 0.815563083 3
121 23 -30.0419998 -71.4339981 0.855693460 3
19 15 -31.8859997 -71.3659973 0.812928379 4
19 69 -31.8400002 -72.4670029 0.849646807 4
32 35 -31.6359997 -71.7610016 0.864143729 4
49 43 -31.3230000 -71.9069977 0.813848555 4
67 45 -30.9969997 -71.9290009 0.778670847 4
67 64 -30.9799995 -72.3119965 0.960797369 4
74 33 -30.8810005 -71.6790009 0.885866463 4
74 49 -30.8680000 -72.0019989 0.836091101 4
80 8 -30.7919998 -71.1699982 0.869339108 4
80 30 -30.7749996 -71.6129990 0.823766530 4
80 33 -30.7730007 -71.6740036 0.760170758 4
82 58 -30.7159996 -72.1750031 0.999554336 4
87 22 -30.6550007 -71.4449997 0.807657003 4
88 70 -30.5970001 -72.4100037 0.951591969 4
109 3 -30.2730007 -71.0439987 1.00000000 4
109 31 -30.2520008 -71.6060028 0.926512897 4
112 7 -30.2159996 -71.1220016 0.976448655 4
118 20 -30.0979996 -71.3769989 0.954184353 4
118 44 -30.0790005 -71.8570023 0.812248170 4
121 23 -30.0419998 -71.4339981 0.969781876 4
15 14 -31.9589996 -71.3499985 0.948405683 5
19 69 -31.8400002 -72.4670029 0.966944695 5
42 48 -31.4449997 -72.0149994 0.884160995 5
46 23 -31.3939991 -71.5039978 0.747710288 5
49 43 -31.3230000 -71.9069977 0.775019586 5
52 24 -31.2849998 -71.5189972 0.809704602 5
61 49 -31.1019993 -72.0159988 0.891434848 5
67 45 -30.9969997 -71.9290009 0.874979258 5
75 41 -30.8560009 -71.8399963 0.854741871 5
80 8 -30.7919998 -71.1699982 0.945803344 5
80 33 -30.7730007 -71.6740036 0.956014037 5
82 58 -30.7159996 -72.1750031 0.884918272 5
88 70 -30.5970001 -72.4100037 1.00000000 5
89 2 -30.6340008 -71.0410004 0.701795161 5
93 15 -30.5529995 -71.2990036 0.821698844 5
99 34 -30.4300003 -71.6750031 0.753425598 5
109 3 -30.2730007 -71.0439987 0.931283772 5
112 7 -30.2159996 -71.1220016 0.916838586 5
115 38 -30.1380005 -71.7399979 0.880620062 5
118 20 -30.0979996 -71.3769989 0.945655823 5
12 36 -31.9960003 -71.8020020 0.871317387 6
15 14 -31.9589996 -71.3499985 0.840424776 6
42 48 -31.4449997 -72.0149994 0.845887184 6
46 23 -31.3939991 -71.5039978 0.818730772 6
52 24 -31.2849998 -71.5189972 0.793671310 6
61 49 -31.1019993 -72.0159988 0.863601148 6
67 29 -31.0100002 -71.6050034 0.798603475 6
75 41 -30.8560009 -71.8399963 0.889346600 6
86 53 -30.6480007 -72.0699997 0.838425577 6
89 2 -30.6340008 -71.0410004 0.754393697 6
89 12 -30.6270008 -71.2419968 0.870398819 6
91 45 -30.5650005 -71.9039993 0.947981358 6
91 65 -30.5470009 -72.3059998 0.805466354 6
93 15 -30.5529995 -71.2990036 0.822685778 6
99 34 -30.4300003 -71.6750031 0.815103948 6
115 19 -30.1529999 -71.3590012 0.839493275 6
115 31 -30.1439991 -71.5999985 0.732201278 6
115 38 -30.1380005 -71.7399979 0.636557043 6
120 33 -30.0520000 -71.6350021 1.00000000 6
121 49 -30.0209999 -71.9540024 0.900920868 6
8 56 -32.0499992 -72.2139969 0.843699694 7
12 36 -31.9960003 -71.8020020 0.896567702 7
18 38 -31.8859997 -71.8369980 0.766391695 7
37 53 -31.5310001 -72.1220016 0.793670297 7
59 31 -31.1529999 -71.6539993 0.955812931 7
63 51 -31.0639992 -72.0540009 0.735169411 7
67 29 -31.0100002 -71.6050034 0.864074290 7
68 14 -31.0039997 -71.3010025 0.920081556 7
71 57 -30.9150009 -72.1669998 0.778052092 7
73 47 -30.8869991 -71.9629974 0.865965903 7
86 53 -30.6480007 -72.0699997 0.886976838 7
89 12 -30.6270008 -71.2419968 0.940010250 7
91 45 -30.5650005 -71.9039993 0.824881494 7
91 65 -30.5470009 -72.3059998 0.799586117 7
99 65 -30.4029999 -72.2979965 1.00000000 7
107 13 -30.3020000 -71.2460022 0.806318641 7
115 19 -30.1529999 -71.3590012 0.875685453 7
115 31 -30.1439991 -71.5999985 0.912503421 7
120 33 -30.0520000 -71.6350021 0.910498738 7
121 49 -30.0209999 -71.9540024 0.945142508 7
3 4 -32.1829987 -71.1559982 0.850704312 8
8 56 -32.0499992 -72.2139969 0.822523594 8
10 15 -32.0480003 -71.3750000 0.766586363 8
13 47 -31.9680004 -72.0250015 0.911801577 8
18 38 -31.8859997 -71.8369980 0.795552254 8
32 46 -31.6270008 -71.9850006 1.00000000 8
37 53 -31.5310001 -72.1220016 0.601252019 8
46 14 -31.3999996 -71.3209991 0.935476422 8
59 31 -31.1529999 -71.6539993 0.894101083 8
61 38 -31.1110001 -71.7929993 0.847860098 8
63 51 -31.0639992 -72.0540009 0.821691632 8
67 41 -31.0009995 -71.8479996 0.989854455 8
68 14 -31.0039997 -71.3010025 0.921333611 8
71 57 -30.9150009 -72.1669998 0.776776493 8
73 47 -30.8869991 -71.9629974 0.942556083 8
81 66 -30.7259998 -72.3369980 0.683810413 8
81 68 -30.7250004 -72.3779984 0.557686746 8
96 51 -30.4699993 -72.0199966 0.852804244 8
99 65 -30.4029999 -72.2979965 0.910911858 8
107 13 -30.3020000 -71.2460022 0.832160294 8
3 4 -32.1829987 -71.1559982 1.00000000 9
7 33 -32.0880013 -71.7450027 0.912521124 9
10 15 -32.0480003 -71.3750000 0.862494826 9
13 43 -31.9720001 -71.9440002 0.673718452 9
13 47 -31.9680004 -72.0250015 0.664063990 9
15 31 -31.9459991 -71.6969986 0.646246433 9
15 49 -31.9309998 -72.0640030 0.888907015 9
27 42 -31.7199993 -71.9089966 0.892345250 9
32 46 -31.6270008 -71.9850006 0.847829640 9
39 20 -31.5219994 -71.4499969 0.949635088 9
46 14 -31.3999996 -71.3209991 0.905703843 9
61 38 -31.1110001 -71.7929993 0.859597921 9
67 41 -31.0009995 -71.8479996 0.878497243 9
73 68 -30.8689995 -72.3870010 0.845747292 9
76 24 -30.8519993 -71.4960022 0.948737860 9
81 66 -30.7259998 -72.3369980 0.678285062 9
81 68 -30.7250004 -72.3779984 0.649484098 9
94 70 -30.4890003 -72.4039993 0.931865931 9
96 51 -30.4699993 -72.0199966 0.862660408 9
115 34 -30.1410007 -71.6600037 0.901123405 9
4 67 -32.1119995 -72.4440002 0.887241423 10
7 33 -32.0880013 -71.7450027 0.895533383 10
10 67 -32.0040016 -72.4369965 0.803481698 10
13 43 -31.9720001 -71.9440002 0.747781932 10
15 31 -31.9459991 -71.6969986 0.808325768 10
15 49 -31.9309998 -72.0640030 0.946214497 10
26 63 -31.7199993 -72.3369980 0.664440215 10
27 42 -31.7199993 -71.9089966 0.936979651 10
31 6 -31.6770000 -71.1719971 0.902268887 10
39 20 -31.5219994 -71.4499969 0.923228204 10
49 41 -31.3250008 -71.8659973 1.00000000 10
51 35 -31.2940006 -71.7419968 0.763845086 10
54 19 -31.2520008 -71.4150009 0.869424284 10
69 38 -30.9669991 -71.7850037 0.893027723 10
73 68 -30.8689995 -72.3870010 0.748160601 10
76 24 -30.8519993 -71.4960022 0.845200837 10
84 70 -30.6690006 -72.4150009 0.785347104 10
94 70 -30.4890003 -72.4039993 0.927972615 10
115 34 -30.1410007 -71.6600037 0.936996222 10
118 31 -30.0900002 -71.5970001 0.926373363 10
2 16 -32.1920013 -71.4029999 0.780372322 11
4 67 -32.1119995 -72.4440002 1.00000000 11
7 52 -32.0719986 -72.1340027 0.786382973 11
10 67 -32.0040016 -72.4369965 0.829213202 11
15 44 -31.9349995 -71.9619980 0.870796621 11
17 62 -31.8829994 -72.3270035 0.922817349 11
26 63 -31.7199993 -72.3369980 0.779363513 11
31 6 -31.6770000 -71.1719971 0.886214912 11
49 41 -31.3250008 -71.8659973 0.799925745 11
51 35 -31.2940006 -71.7419968 0.705530703 11
54 19 -31.2520008 -71.4150009 0.868109524 11
69 38 -30.9669991 -71.7850037 0.786585450 11
71 55 -30.9160004 -72.1259995 0.850721121 11
82 70 -30.7049999 -72.4169998 0.885501921 11
84 70 -30.6690006 -72.4150009 0.799743950 11
89 61 -30.5869999 -72.2279968 0.760445356 11
101 24 -30.4020004 -71.4729996 0.767882109 11
102 3 -30.3990002 -71.0500031 0.829645395 11
102 18 -30.3880005 -71.3509979 0.748050809 11
118 31 -30.0900002 -71.5970001 0.800238252 11
2 16 -32.1920013 -71.4029999 0.901579678 12
7 52 -32.0719986 -72.1340027 0.720516860 12
15 44 -31.9349995 -71.9619980 0.778405488 12
17 62 -31.8829994 -72.3270035 0.953951895 12
44 55 -31.4029999 -72.1549988 0.743948162 12
50 47 -31.3020000 -71.9869995 0.791349411 12
57 6 -31.2080002 -71.1490021 0.846668720 12
58 31 -31.1709995 -71.6549988 0.810901105 12
64 42 -31.0540009 -71.8710022 0.781503916 12
71 55 -30.9160004 -72.1259995 0.697016835 12
81 49 -30.7420006 -71.9950027 0.826148987 12
82 70 -30.7049999 -72.4169998 0.942657292 12
89 4 -30.6329994 -71.0810013 0.751541138 12
89 58 -30.5890007 -72.1679993 0.896308720 12
89 61 -30.5869999 -72.2279968 0.928920567 12
91 39 -30.5699997 -71.7839966 0.947826862 12
101 24 -30.4020004 -71.4729996 0.806502819 12
102 3 -30.3990002 -71.0500031 0.781357110 12
102 13 -30.3920002 -71.2509995 1.00000000 12
102 18 -30.3880005 -71.3509979 0.874010861 12
27 2 -31.7520008 -71.0940018 0.946141839 13
32 27 -31.6429996 -71.5989990 0.914260805 13
44 55 -31.4029999 -72.1549988 0.834485054 13
50 47 -31.3020000 -71.9869995 0.812709212 13
56 69 -31.1739998 -72.4260025 1.00000000 13
57 6 -31.2080002 -71.1490021 0.802011609 13
58 31 -31.1709995 -71.6549988 0.833885670 13
64 42 -31.0540009 -71.8710022 0.863420069 13
81 49 -30.7420006 -71.9950027 0.919179082 13
84 63 -30.6749992 -72.2740021 0.986823618 13
85 67 -30.6529999 -72.3529968 0.863894224 13
89 4 -30.6329994 -71.0810013 0.948762774 13
89 58 -30.5890007 -72.1679993 0.862253726 13
91 39 -30.5699997 -71.7839966 0.700663984 13
92 37 -30.5529995 -71.7419968 0.764992416 13
98 64 -30.4220009 -72.2789993 0.985695243 13
102 13 -30.3920002 -71.2509995 0.952749133 13
104 23 -30.3479996 -71.4499969 0.925443709 13
110 46 -30.2220001 -71.9049988 0.890714407 13
114 51 -30.1450005 -72.0009995 0.831799984 13
27 2 -31.7520008 -71.0940018 0.941451550 14
32 27 -31.6429996 -71.5989990 0.884769797 14
37 21 -31.5569992 -71.4720001 0.904967606 14
42 18 -31.4699993 -71.4059982 0.867101729 14
42 44 -31.4480000 -71.9339981 0.875640333 14
56 69 -31.1739998 -72.4260025 0.962740958 14
75 54 -30.8449993 -72.1019974 0.904288828 14
82 14 -30.7520008 -71.2890015 0.992562711 14
84 63 -30.6749992 -72.2740021 1.00000000 14
85 67 -30.6529999 -72.3529968 0.857262015 14
90 53 -30.5760002 -72.0660019 0.828227043 14
92 37 -30.5529995 -71.7419968 0.851020575 14
98 64 -30.4220009 -72.2789993 0.951010883 14
104 23 -30.3479996 -71.4499969 0.923435509 14
110 46 -30.2220001 -71.9049988 0.882633209 14
111 6 -30.2350006 -71.1019974 0.824419558 14
113 49 -30.1650009 -71.9619980 0.762338042 14
114 51 -30.1450005 -72.0009995 0.611568034 14
117 1 -30.1299992 -70.9970016 0.765819371 14
120 15 -30.0660000 -71.2750015 0.871759534 14
22 17 -31.8309994 -71.4039993 0.696277976 15
22 38 -31.8139992 -71.8320007 0.798836648 15
37 21 -31.5569992 -71.4720001 0.737455070 15
39 60 -31.4880009 -72.2620010 0.706574202 15
42 18 -31.4699993 -71.4059982 0.749332011 15
42 44 -31.4480000 -71.9339981 0.950434268 15
44 40 -31.4160004 -71.8509979 1.00000000 15
46 12 -31.4020004 -71.2809982 0.765459001 15
57 40 -31.1819992 -71.8379974 0.658113539 15
57 48 -31.1749992 -72.0000000 0.613407612 15
67 15 -31.0209999 -71.3229980 0.803617001 15
75 3 -30.8859997 -71.0729980 0.708045781 15
75 54 -30.8449993 -72.1019974 0.771244586 15
81 1 -30.7789993 -71.0279999 0.697376251 15
82 14 -30.7520008 -71.2890015 0.751947820 15
90 53 -30.5760002 -72.0660019 0.673016191 15
111 6 -30.2350006 -71.1019974 0.678302705 15
113 49 -30.1650009 -71.9619980 0.680767238 15
117 1 -30.1299992 -70.9970016 0.646721184 15
120 15 -30.0660000 -71.2750015 0.691719770 15
17 56 -31.8880005 -72.2050018 0.735731542 16
22 17 -31.8309994 -71.4039993 0.891844928 16
22 38 -31.8139992 -71.8320007 0.852023482 16
25 30 -31.7660007 -71.6660004 0.749563217 16
33 35 -31.6180000 -71.7600021 0.860320687 16
39 60 -31.4880009 -72.2620010 1.00000000 16
44 40 -31.4160004 -71.8509979 0.997023165 16
46 12 -31.4020004 -71.2809982 0.875893176 16
51 46 -31.2849998 -71.9649963 0.896527350 16
57 40 -31.1819992 -71.8379974 0.771764457 16
57 48 -31.1749992 -72.0000000 0.716429591 16
64 65 -31.0340004 -72.3359985 0.857984841 16
66 50 -31.0109997 -72.0309982 0.838309705 16
67 15 -31.0209999 -71.3229980 0.906298876 16
75 3 -30.8859997 -71.0729980 0.894236684 16
81 1 -30.7789993 -71.0279999 0.806448340 16
86 55 -30.6459999 -72.1110001 0.936955631 16
98 36 -30.4459991 -71.7160034 0.838015676 16
102 55 -30.3579998 -72.0940018 0.931402087 16
119 8 -30.0890007 -71.1360016 0.865004063 16
4 66 -32.1129990 -72.4229965 0.992182195 17
15 8 -31.9640007 -71.2269974 0.908061743 17
17 56 -31.8880005 -72.2050018 0.785810471 17
20 36 -31.8519993 -71.7939987 0.877847672 17
24 68 -31.7509995 -72.4410019 0.984467864 17
25 30 -31.7660007 -71.6660004 0.916412473 17
30 19 -31.6849995 -71.4380035 0.888532221 17
33 35 -31.6180000 -71.7600021 0.963049710 17
51 46 -31.2849998 -71.9649963 0.649790168 17
64 65 -31.0340004 -72.3359985 1.00000000 17
66 50 -31.0109997 -72.0309982 0.895125866 17
77 49 -30.8139992 -71.9990005 0.986681461 17
81 22 -30.7639999 -71.4509964 0.981931210 17
86 55 -30.6459999 -72.1110001 0.852549970 17
98 36 -30.4459991 -71.7160034 0.940159321 17
102 55 -30.3579998 -72.0940018 0.997852862 17
105 26 -30.3279991 -71.5090027 0.994677067 17
109 43 -30.2420006 -71.8460007 0.960860372 17
114 2 -30.1840000 -71.0199966 0.951248050 17
119 8 -30.0890007 -71.1360016 0.938272417 17
4 66 -32.1129990 -72.4229965 0.996244729 18
15 8 -31.9640007 -71.2269974 0.879575610 18
20 14 -31.8689995 -71.3450012 0.850702465 18
20 36 -31.8519993 -71.7939987 0.898219228 18
24 68 -31.7509995 -72.4410019 0.991545856 18
30 19 -31.6849995 -71.4380035 1.00000000 18
33 12 -31.6359997 -71.2919998 0.884526610 18
35 34 -31.5830002 -71.7379990 0.904482663 18
38 54 -31.5119991 -72.1409988 0.867589772 18
41 41 -31.4689999 -71.8740005 0.935871184 18
66 3 -31.0480003 -71.0810013 0.857768416 18
67 8 -31.0259991 -71.1809998 0.815773726 18
70 64 -30.9260006 -72.3089981 0.991045475 18
77 49 -30.8139992 -71.9990005 0.876190901 18
81 22 -30.7639999 -71.4509964 0.889954150 18
98 5 -30.4699993 -71.0940018 0.865109622 18
100 59 -30.3899994 -72.1760025 0.924318373 18
105 26 -30.3279991 -71.5090027 0.930786014 18
109 43 -30.2420006 -71.8460007 0.960194170 18
114 2 -30.1840000 -71.0199966 0.849880219 18
4 67 -32.1119995 -72.4440002 0.987468541 19
14 32 -31.9629993 -71.7180023 1.00000000 19
17 17 -31.9209995 -71.4089966 0.850848258 19
19 34 -31.8710003 -71.7539978 0.856207788 19
20 14 -31.8689995 -71.3450012 0.737076163 19
20 44 -31.8449993 -71.9570007 0.618837357 19
33 12 -31.6359997 -71.2919998 0.744001329 19
35 34 -31.5830002 -71.7379990 0.821713269 19
38 54 -31.5119991 -72.1409988 0.990718126 19
41 41 -31.4689999 -71.8740005 0.874871612 19
50 42 -31.3059998 -71.8850021 0.917700052 19
66 3 -31.0480003 -71.0810013 0.805607975 19
67 8 -31.0259991 -71.1809998 0.729541481 19
70 64 -30.9260006 -72.3089981 0.905412912 19
75 42 -30.8560009 -71.8600006 0.900868714 19
98 5 -30.4699993 -71.0940018 0.946224153 19
100 59 -30.3899994 -72.1760025 0.846228242 19
109 45 -30.2399998 -71.8860016 0.928712547 19
113 12 -30.1940002 -71.2210007 0.566263735 19
114 11 -30.1770000 -71.1999969 0.620352924 19
4 67 -32.1119995 -72.4440002 1.00000000 20
14 32 -31.9629993 -71.7180023 0.910228252 20
17 17 -31.9209995 -71.4089966 0.902423263 20
19 34 -31.8710003 -71.7539978 0.919267476 20
20 44 -31.8449993 -71.9570007 0.773621738 20
29 27 -31.6970005 -71.6009979 0.832466662 20
38 2 -31.5529995 -71.0849991 0.924401939 20
40 34 -31.4930000 -71.7330017 0.836772561 20
46 48 -31.3729992 -72.0110016 0.831942558 20
46 60 -31.3619995 -72.2539978 0.872486770 20
50 42 -31.3059998 -71.8850021 0.859782398 20
71 60 -30.9120007 -72.2269974 0.927201688 20
75 42 -30.8560009 -71.8600006 0.957795203 20
87 70 -30.6149998 -72.4110031 0.965953410 20
89 17 -30.6229992 -71.3430023 0.815775752 20
100 15 -30.4260006 -71.2929993 0.840175569 20
109 45 -30.2399998 -71.8860016 0.900314450 20
113 12 -30.1940002 -71.2210007 0.646125913 20
114 11 -30.1770000 -71.1999969 0.598453999 20
115 2 -30.1660004 -71.0189972 0.874086320 20
29 2 -31.7159996 -71.0920029 0.726520956 21
29 27 -31.6970005 -71.6009979 0.840232551 21
32 41 -31.6310005 -71.8830032 0.815136969 21
35 58 -31.5620003 -72.2259979 0.841622889 21
38 2 -31.5529995 -71.0849991 0.768563747 21
40 34 -31.4930000 -71.7330017 0.767890453 21
46 48 -31.3729992 -72.0110016 0.851139843 21
46 60 -31.3619995 -72.2539978 0.883138657 21
60 11 -31.1499996 -71.2480011 0.789351225 21
66 56 -31.0060005 -72.1520004 0.809334815 21
71 60 -30.9120007 -72.2269974 0.735973179 21
74 59 -30.8589993 -72.2040024 0.699235618 21
76 8 -30.8640003 -71.1729965 0.894008934 21
79 48 -30.7779999 -71.9769974 0.843428910 21
87 70 -30.6149998 -72.4110031 0.939833760 21
89 17 -30.6229992 -71.3430023 0.903702199 21
100 15 -30.4260006 -71.2929993 0.853423119 21
102 47 -30.3649998 -71.9329987 0.730934501 21
102 65 -30.3490009 -72.2949982 1.00000000 21
115 2 -30.1660004 -71.0189972 0.856662571 21
16 58 -31.9050007 -72.2470016 0.639532387 22
29 2 -31.7159996 -71.0920029 0.863066792 22
32 41 -31.6310005 -71.8830032 0.877133250 22
32 55 -31.6189995 -72.1679993 0.738609135 22
35 58 -31.5620003 -72.2259979 0.753856540 22
44 49 -31.4080009 -72.0329971 0.709925115 22
47 32 -31.3680000 -71.6859970 0.742716908 22
49 64 -31.3050003 -72.3320007 0.712490082 22
60 11 -31.1499996 -71.2480011 0.794348061 22
66 56 -31.0060005 -72.1520004 0.925607562 22
68 48 -30.9769993 -71.9879990 1.00000000 22
74 59 -30.8589993 -72.2040024 0.505237341 22
76 8 -30.8640003 -71.1729965 0.797897160 22
78 39 -30.8040009 -71.7959976 0.751931846 22
79 48 -30.7779999 -71.9769974 0.902611554 22
87 40 -30.6410007 -71.8079987 0.846912026 22
102 47 -30.3649998 -71.9329987 0.847395599 22
102 65 -30.3490009 -72.2949982 0.851256132 22
103 1 -30.3829994 -71.0090027 0.861344039 22
118 40 -30.0820007 -71.7770004 0.818566859 22
16 58 -31.9050007 -72.2470016 0.705593705 23
22 48 -31.8050003 -72.0360031 0.713658452 23
32 55 -31.6189995 -72.1679993 0.706887960 23
36 12 -31.5820007 -71.2900009 0.725381970 23
44 29 -31.4249992 -71.6279984 0.787738681 23
44 49 -31.4080009 -72.0329971 0.609852970 23
47 32 -31.3680000 -71.6859970 0.669509530 23
49 64 -31.3050003 -72.3320007 0.686547101 23
66 71 -30.9920006 -72.4550018 0.881653070 23
68 48 -30.9769993 -71.9879990 0.685565412 23
75 48 -30.8500004 -71.9810028 1.00000000 23
77 49 -30.8139992 -71.9990005 0.904489756 23
78 39 -30.8040009 -71.7959976 0.900427103 23
87 40 -30.6410007 -71.8079987 0.789715707 23
102 67 -30.3470001 -72.3349991 0.746975601 23
103 1 -30.3829994 -71.0090027 0.785958111 23
110 42 -30.2250004 -71.8249969 0.806110382 23
113 38 -30.1739998 -71.7419968 0.823710978 23
116 14 -30.1389999 -71.2580032 0.771111906 23
118 40 -30.0820007 -71.7770004 0.683559537 23
5 12 -32.1409988 -71.3180008 0.818132281 24
14 47 -31.9500008 -72.0240021 0.647062004 24
22 48 -31.8050003 -72.0360031 0.676687062 24
30 34 -31.6730003 -71.7429962 0.785684109 24
36 12 -31.5820007 -71.2900009 0.743910134 24
44 29 -31.4249992 -71.6279984 0.795265317 24
48 48 -31.3369999 -72.0090027 0.658781528 24
64 11 -31.0779991 -71.2440033 0.826810658 24
66 71 -30.9920006 -72.4550018 0.816977203 24
75 48 -30.8500004 -71.9810028 1.00000000 24
77 49 -30.8139992 -71.9990005 0.913325250 24
85 62 -30.6580009 -72.2529984 0.588456094 24
86 25 -30.6709995 -71.5070038 0.781211078 24
91 37 -30.5709991 -71.7429962 0.798715830 24
91 64 -30.5480003 -72.2860031 0.821839631 24
97 30 -30.4689999 -71.5970001 0.764999032 24
102 67 -30.3470001 -72.3349991 0.775736272 24
110 42 -30.2250004 -71.8249969 0.691458464 24
113 38 -30.1739998 -71.7419968 0.938797832 24
116 14 -30.1389999 -71.2580032 0.789461792 24
5 12 -32.1409988 -71.3180008 0.819934666 25
14 47 -31.9500008 -72.0240021 0.781456232 25
22 13 -31.8339996 -71.3229980 0.849029005 25
28 10 -31.7280006 -71.2559967 0.864512801 25
30 34 -31.6730003 -71.7429962 0.786870241 25
48 48 -31.3369999 -72.0090027 0.756158352 25
64 11 -31.0779991 -71.2440033 0.792815983 25
71 24 -30.9419994 -71.5009995 0.724938452 25
79 13 -30.8059998 -71.2710037 0.797347724 25
85 62 -30.6580009 -72.2529984 0.696199954 25
86 10 -30.6830006 -71.2050018 1.00000000 25
86 25 -30.6709995 -71.5070038 0.790435672 25
91 37 -30.5709991 -71.7429962 0.968308806 25
91 64 -30.5480003 -72.2860031 0.985831380 25
97 30 -30.4689999 -71.5970001 0.856127620 25
101 12 -30.4109993 -71.2320023 0.706999302 25
102 62 -30.3519993 -72.2340012 0.795936704 25
106 42 -30.2970009 -71.8290024 0.688249469 25
116 15 -30.1380005 -71.2779999 0.899467945 25
120 4 -30.0739994 -71.0550003 0.947443187 25
4 5 -32.1640015 -71.1760025 0.869352937 26
8 10 -32.0880013 -71.2740021 0.928377867 26
8 63 -32.0439987 -72.3570023 0.741073310 26
22 13 -31.8339996 -71.3229980 1.00000000 26
22 33 -31.8180008 -71.7310028 0.839275241 26
28 10 -31.7280006 -71.2559967 0.873815596 26
37 26 -31.5529995 -71.5729980 0.881926060 26
61 14 -31.1299992 -71.3079987 0.921533287 26
71 24 -30.9419994 -71.5009995 0.877970994 26
79 13 -30.8059998 -71.2710037 0.934851706 26
84 6 -30.7220001 -71.1259995 0.837021828 26
86 10 -30.6830006 -71.2050018 0.829191864 26
92 24 -30.5639992 -71.4810028 0.980121136 26
101 12 -30.4109993 -71.2320023 0.835359156 26
102 62 -30.3519993 -72.2340012 0.836533725 26
106 42 -30.2970009 -71.8290024 0.790619969 26
111 31 -30.2159996 -71.6039963 0.809341788 26
113 25 -30.1849995 -71.4820023 0.789200664 26
116 15 -30.1380005 -71.2779999 0.964272738 26
120 4 -30.0739994 -71.0550003 0.941612065 26
4 5 -32.1640015 -71.1760025 0.895538926 27
7 7 -32.1080017 -71.2139969 1.00000000 27
8 10 -32.0880013 -71.2740021 0.892679751 27
8 63 -32.0439987 -72.3570023 0.835555315 27
12 49 -31.9850006 -72.0670013 0.862558901 27
22 33 -31.8180008 -71.7310028 0.778326511 27
37 26 -31.5529995 -71.5729980 0.971448660 27
38 26 -31.5349998 -71.5719986 0.869827330 27
38 27 -31.5349998 -71.5930023 0.938893616 27
48 6 -31.3700008 -71.1569977 0.936899662 27
61 14 -31.1299992 -71.3079987 0.881405771 27
83 70 -30.6870003 -72.4160004 0.847064555 27
84 6 -30.7220001 -71.1259995 0.751120687 27
84 55 -30.6819992 -72.1129990 0.910964370 27
89 34 -30.6100006 -71.6849976 0.742299914 27
91 45 -30.5650005 -71.9039993 0.911844194 27
92 24 -30.5639992 -71.4810028 0.888123155 27
95 24 -30.5100002 -71.4779968 0.765497684 27
111 31 -30.2159996 -71.6039963 0.771854997 27
113 25 -30.1849995 -71.4820023 0.772898972 27
7 7 -32.1080017 -71.2139969 0.910756171 28
10 30 -32.0369987 -71.6809998 0.857477665 28
12 49 -31.9850006 -72.0670013 0.839131355 28
36 16 -31.5790005 -71.3710022 0.844704509 28
37 12 -31.5639992 -71.2890015 0.809171796 28
38 26 -31.5349998 -71.5719986 0.414560139 28
38 27 -31.5349998 -71.5930023 0.413203001 28
48 6 -31.3700008 -71.1569977 0.870332122 28
54 59 -31.2189999 -72.2259979 1.00000000 28
62 34 -31.0960007 -71.7109985 0.749922335 28
64 58 -31.0400009 -72.1949997 0.941925824 28
72 53 -30.8999996 -72.0849991 0.811463952 28
83 70 -30.6870003 -72.4160004 0.893423676 28
84 55 -30.6819992 -72.1129990 0.828862250 28
88 38 -30.6250000 -71.7659988 0.990116775 28
89 34 -30.6100006 -71.6849976 0.983150244 28
91 45 -30.5650005 -71.9039993 0.815593779 28
92 34 -30.5559998 -71.6819992 0.630713344 28
95 24 -30.5100002 -71.4779968 0.808371603 28
118 12 -30.1040001 -71.2170029 0.890232146 28
10 30 -32.0369987 -71.6809998 0.764383376 29
28 25 -31.7159996 -71.5619965 0.850735545 29
31 19 -31.6669998 -71.4369965 0.861388564 29
32 27 -31.6429996 -71.5989990 0.933924317 29
36 16 -31.5790005 -71.3710022 0.984575868 29
37 12 -31.5639992 -71.2890015 0.596117496 29
38 11 -31.5470009 -71.2679977 0.609495759 29
54 59 -31.2189999 -72.2259979 0.969402671 29
62 34 -31.0960007 -71.7109985 0.960399628 29
64 58 -31.0400009 -72.1949997 1.00000000 29
72 53 -30.8999996 -72.0849991 0.897564471 29
75 17 -30.8759995 -71.3560028 0.906858146 29
85 26 -30.6879997 -71.5279999 0.821790576 29
88 38 -30.6250000 -71.7659988 0.799978137 29
92 34 -30.5559998 -71.6819992 0.861796081 29
103 43 -30.3500004 -71.8519974 0.899442911 29
114 2 -30.1840000 -71.0199966 0.861926317 29
115 55 -30.1240005 -72.0800018 0.935772121 29
118 12 -30.1040001 -71.2170029 0.771259367 29
120 33 -30.0520000 -71.6350021 0.851300061 29
18 2 -31.9139996 -71.1019974 0.540766001 30
28 25 -31.7159996 -71.5619965 0.543904603 30
31 19 -31.6669998 -71.4369965 0.451404095 30
31 27 -31.6609993 -71.5999985 0.992082894 30
32 27 -31.6429996 -71.5989990 1.00000000 30
38 11 -31.5470009 -71.2679977 0.493371487 30
38 61 -31.5060005 -72.2839966 0.515673101 30
53 39 -31.2539997 -71.8219986 0.470989853 30
54 24 -31.2490005 -71.5169983 0.442737490 30
56 5 -31.2269993 -71.1299973 0.560580730 30
59 2 -31.1749992 -71.0670013 0.548856676 30
68 20 -30.9990005 -71.4229965 0.485374868 30
75 17 -30.8759995 -71.3560028 0.543451786 30
84 35 -30.6989994 -71.7099991 0.494830877 30
85 26 -30.6879997 -71.5279999 0.446908742 30
103 43 -30.3500004 -71.8519974 0.487462997 30
109 70 -30.2180004 -72.3870010 0.516464591 30
114 2 -30.1840000 -71.0199966 0.526854634 30
115 55 -30.1240005 -72.0800018 0.537759423 30
120 33 -30.0520000 -71.6350021 0.539039731 30
