           4          67  -32.1119995      -72.4440002       1.00000000    
          14          32  -31.9629993      -71.7180023      0.910228252    
          17          17  -31.9209995      -71.4089966      0.902423263    
          19          34  -31.8710003      -71.7539978      0.919267476    
          20          44  -31.8449993      -71.9570007      0.773621738    
          29          27  -31.6970005      -71.6009979      0.832466662    
          38           2  -31.5529995      -71.0849991      0.924401939    
          40          34  -31.4930000      -71.7330017      0.836772561    
          46          48  -31.3729992      -72.0110016      0.831942558    
          46          60  -31.3619995      -72.2539978      0.872486770    
          50          42  -31.3059998      -71.8850021      0.859782398    
          71          60  -30.9120007      -72.2269974      0.927201688    
          75          42  -30.8560009      -71.8600006      0.957795203    
          87          70  -30.6149998      -72.4110031      0.965953410    
          89          17  -30.6229992      -71.3430023      0.815775752    
         100          15  -30.4260006      -71.2929993      0.840175569    
         109          45  -30.2399998      -71.8860016      0.900314450    
         113          12  -30.1940002      -71.2210007      0.646125913    
         114          11  -30.1770000      -71.1999969      0.598453999    
         115           2  -30.1660004      -71.0189972      0.874086320    
