           5          12  -32.1409988      -71.3180008      0.818132281    
          14          47  -31.9500008      -72.0240021      0.647062004    
          22          48  -31.8050003      -72.0360031      0.676687062    
          30          34  -31.6730003      -71.7429962      0.785684109    
          36          12  -31.5820007      -71.2900009      0.743910134    
          44          29  -31.4249992      -71.6279984      0.795265317    
          48          48  -31.3369999      -72.0090027      0.658781528    
          64          11  -31.0779991      -71.2440033      0.826810658    
          66          71  -30.9920006      -72.4550018      0.816977203    
          75          48  -30.8500004      -71.9810028       1.00000000    
          77          49  -30.8139992      -71.9990005      0.913325250    
          85          62  -30.6580009      -72.2529984      0.588456094    
          86          25  -30.6709995      -71.5070038      0.781211078    
          91          37  -30.5709991      -71.7429962      0.798715830    
          91          64  -30.5480003      -72.2860031      0.821839631    
          97          30  -30.4689999      -71.5970001      0.764999032    
         102          67  -30.3470001      -72.3349991      0.775736272    
         110          42  -30.2250004      -71.8249969      0.691458464    
         113          38  -30.1739998      -71.7419968      0.938797832    
         116          14  -30.1389999      -71.2580032      0.789461792    
