   8.43558121      0.536402941              45          66
   9.47085762      0.908990502              79          64
   6.88266754      0.855184376              56          69
   9.47085762      0.926915467              79          64
   6.88266754      0.632504821             117          69
   6.88266754       1.00000000              56          69
   9.47085762      0.840805948              67          64
   6.88266754      0.795074165             117          69
   6.88266754      0.798602641              19          69
   9.47085762      0.787740946              67          64
   6.36502838      0.803858638              88          70
   6.88266754      0.808770001              19          69
   6.36502838      0.767995358              88          70
   8.95321846       1.00000000              91          65
   8.95321846      0.902862787              91          65
   8.95321846      0.967676342              99          65
   8.43558121      0.605525792              81          66
   7.40030479      0.535351753              81          68
   8.95321846      0.839949191              99          65
   7.40030479      0.599271417              73          68
   8.43558121      0.540749788              81          66
   7.40030479      0.425770909              81          68
   6.36502838      0.716815710              94          70
   7.91794395      0.861522973               4          67
   7.91794395      0.675411522              10          67
   9.98849583      0.929605126              26          63
   7.40030479      0.749130666              73          68
   6.36502838      0.802603781              84          70
   6.36502838      0.927530587              94          70
   7.91794395      0.941968739               4          67
   7.91794395      0.730133653              10          67
   9.98849583      0.938958287              26          63
   6.36502838      0.913421690              82          70
   6.36502838      0.906579375              84          70
   6.36502838      0.819487989              82          70
   6.88266754       1.00000000              56          69
   9.98849583      0.763801098              84          63
   7.91794395      0.825219989              85          67
   9.47085762      0.773226321              98          64
   6.88266754       1.00000000              56          69
   9.98849583      0.734734952              84          63
   7.91794395      0.813522935              85          67
   9.47085762      0.856743932              98          64
   8.95321846      0.801702380              64          65
   8.43558121      0.731757641               4          66
   7.40030479       1.00000000              24          68
   8.95321846      0.941446960              64          65
   8.43558121      0.742102146               4          66
   7.40030479      0.777472734              24          68
   9.47085762      0.788087368              70          64
   7.91794395      0.960892498               4          67
   9.47085762      0.748486221              70          64
   7.91794395      0.721873462               4          67
   6.36502838      0.705829382              87          70
   6.36502838      0.837567687              87          70
   8.95321846      0.859001935             102          65
   9.47085762      0.574078679              49          64
   8.95321846      0.868965089             102          65
   9.47085762      0.665973842              49          64
   5.84739113      0.786941826              66          71
   7.91794395      0.646601915             102          67
   5.84739113      0.592541039              66          71
   9.47085762      0.656082809              91          64
   7.91794395      0.750387251             102          67
   9.47085762      0.848496675              91          64
   9.98849583      0.703293502               8          63
   9.98849583      0.667302370               8          63
   6.36502838      0.534404516              83          70
   6.36502838      0.638507247              83          70
   6.36502838      0.491853535             109          70
   7.40030479      0.675105333              41          68
   6.36502838      0.836113036             109          70
   9.98849583      0.962833822              24          63
   7.40030479      0.739244282              41          68
   9.98849583       1.00000000             120          63
   9.98849583      0.765102744              24          63
   9.98849583      0.886006474              91          63
   9.98849583       1.00000000             120          63
   7.40030479      0.793751001              28          68
   9.98849583      0.928567946              42          63
   5.84739113      0.970759809              68          71
   7.91794395      0.964091122              90          67
   9.98849583       1.00000000              91          63
   7.40030479      0.888210535              28          68
   6.36502838       1.00000000              34          70
   9.98849583      0.773338139              42          63
   7.40030479      0.800036073              54          68
   5.84739113      0.788389266              68          71
   7.40030479      0.715879261              79          68
   7.91794395      0.801102817              90          67
   6.36502838      0.833876729              34          70
   7.40030479      0.880565703              54          68
   7.40030479      0.669786692              79          68
   9.47085762      0.801475942              13          64
   9.47085762      0.818117380              13          64
   8.95321846      0.925152302              61          65
   8.95321846      0.923906147              61          65
   9.98849583      0.918162107              36          63
   9.98849583      0.756081820              36          63
   8.95321846      0.882995605             105          65
   8.95321846      0.992407322             105          65
   6.36502838      0.977913976              47          70
   7.91794395      0.515813768              54          67
   6.36502838       1.00000000              47          70
   7.91794395      0.745936334              54          67
   9.47085762      0.873794854             105          64
   9.47085762      0.724461019             105          64
   8.43558121      0.801564455             105          66
   8.43558121      0.888319194              95          66
   8.43558121      0.835442603             105          66
   7.40030479      0.925147772               3          68
   9.98849583      0.997326970              32          63
   8.43558121       1.00000000              95          66
   7.40030479      0.634761691               3          68
   7.40030479      0.622611225              13          68
   9.98849583      0.653708518              32          63
   7.40030479      0.495170742              13          68
   9.98849583      0.718765438              20          63
   9.47085762      0.572164416              27          64
   9.98849583      0.661471963              20          63
   9.47085762      0.607656956              27          64
   9.98849583      0.884214818             105          63
   9.98849583      0.997788548             105          63
   9.98849583      0.675416708             116          63
   9.98849583      0.855222821             116          63
   7.40030479      0.842832208             119          68
   8.43558121      0.867112219              60          66
   7.40030479      0.896396279             119          68
   8.43558121      0.698214948              60          66
   8.43558121      0.791053772             100          66
   8.43558121      0.995977104             100          66
   8.43558121      0.662203193              99          66
   8.43558121      0.833905280              35          66
   9.98849583       1.00000000              51          63
   8.43558121      0.630225122              99          66
   8.43558121       1.00000000              35          66
   9.98849583      0.855077863              51          63
   6.88266754      0.672753036               3          69
   6.36502838      0.721188068              41          70
   6.88266754      0.827308118               3          69
   6.36502838      0.845784307              16          70
   7.40030479      0.860187054              35          68
   6.36502838      0.753967941              41          70
   7.40030479      0.909661055             100          68
   6.36502838      0.930442929              16          70
   5.84739113      0.859713852              30          71
   7.40030479      0.884873092              35          68
   9.47085762      0.833169997              96          64
   7.40030479      0.838570654             100          68
   5.84739113      0.675706923              30          71
   6.36502838      0.690534532              75          70
   9.98849583      0.993634760              94          63
   9.47085762      0.812979519              96          64
   6.88266754      0.735506296              12          69
   6.36502838      0.760992169              75          70
   9.98849583      0.902113438              94          63
   6.88266754      0.799879491              12          69
   9.98849583      0.580079079              30          63
   6.88266754      0.975158453              35          69
   6.88266754      0.833182395             104          69
   9.47085762      0.974667490              12          64
   9.98849583      0.791009247              30          63
   6.88266754      0.880215108              35          69
   6.36502838      0.929886520              82          70
   6.88266754      0.835667431             104          69
   9.47085762      0.821218550              12          64
   5.84739113      0.690118134              64          71
   6.36502838      0.632686496              82          70
   5.84739113      0.698485672              64          71
   9.98849583      0.869297385              67          63
   6.88266754      0.751554072              84          69
   9.98849583      0.938969433              67          63
   6.88266754      0.871076107              84          69
   5.84739113      0.867373586              20          71
   5.84739113      0.993513942              20          71
   7.91794395      0.904284656             116          67
   7.91794395      0.819058120             116          67
   7.91794395      0.872125268              87          67
   7.91794395      0.861912072              87          67
   8.95321846      0.932016015              84          65
   9.98849583      0.898030341             101          63
   8.95321846      0.837902546              84          65
   9.98849583      0.750448883             101          63
   9.47085762      0.947895944              30          64
   8.43558121      0.811323881              86          66
   8.95321846      0.814541221             121          65
   9.47085762      0.845121861              30          64
   9.98849583      0.846811175              52          63
   7.40030479      0.740544379              72          68
   9.47085762      0.769728661              83          64
   8.43558121      0.783653557              86          66
   8.95321846      0.623125672             121          65
   9.98849583      0.741492987              52          63
   7.40030479      0.780478597              72          68
   9.47085762       1.00000000              83          64
   6.88266754      0.770242155             110          69
   6.88266754       1.00000000             110          69
   6.36502838      0.742079914              45          70
   7.40030479      0.717322886             102          68
   6.36502838      0.965869665              45          70
   8.43558121      0.688395023              59          66
   7.40030479      0.734914005             102          68
   8.43558121      0.660936177              59          66
   7.40030479      0.791880786              29          68
   8.95321846      0.683902979              52          65
   7.40030479      0.699179530              29          68
   8.95321846      0.647234440              52          65
   9.47085762      0.826398790              55          64
   7.40030479      0.828106046              93          68
   6.88266754      0.825308919             113          69
   8.43558121      0.836407185              20          66
   9.47085762      0.871133745              55          64
   7.40030479      0.852598131              93          68
   6.88266754      0.827505171             113          69
   8.43558121      0.702090561              20          66
   7.91794395       1.00000000              60          67
   7.91794395      0.694670618              53          67
   7.91794395      0.719870210              60          67
   9.98849583      0.754700422              23          63
   7.91794395      0.778203130              53          67
   5.84739113      0.698439300               7          71
   9.98849583      0.723584533              23          63
