   18.7883434      0.768818855              40          46
   19.8236198      0.820974708              43          44
   16.2001534      0.751384139              47          51
   15.1648760      0.779821038              54          53
   11.0237713      0.586789727              59          61
   13.6119623      0.653046548              69          56
   10.5061340      0.940601408              80          62
   17.7530670      0.727167845              91          48
   17.7530670      0.798255146              13          48
   15.1648760      0.779058397              26          53
   18.7883434      0.708237410              40          46
   16.2001534      0.758477390              41          51
   16.2001534      0.792148232              47          51
   14.6472378      0.930603027              49          54
   15.1648760      0.820500374              54          53
   10.5061340      0.880256355              80          62
   17.7530670      0.971071601              13          48
   15.1648760      0.959159791              26          53
   16.2001534      0.914197683              41          51
   14.6472378      0.912620544              49          54
   17.2354279      0.688390255              74          49
   19.8236198      0.925541162             118          44
   19.3059807      0.699535608              67          45
   17.2354279      0.669694841              74          49
   12.5766859      0.740006328              82          58
   19.8236198      0.779713213             118          44
   17.7530670      0.997996271              42          48
   17.2354279      0.757902861              61          49
   19.3059807      0.887564063              67          45
   12.5766859      0.732017338              82          58
   17.7530670      0.903750122              42          48
   17.2354279      0.740612984              61          49
   15.1648760      0.845369279              86          53
   19.3059807      0.859369874              91          45
   17.2354279      0.650207341             121          49
   13.6119623      0.975624800               8          56
   15.1648760      0.889372468              37          53
   16.2001534      0.851649404              63          51
   13.0943241      0.801241755              71          57
   18.2707043      0.843113542              73          47
   15.1648760      0.863611281              86          53
   19.3059807      0.906174719              91          45
   17.2354279      0.774820566             121          49
   13.6119623       1.00000000               8          56
   18.2707043      0.790078163              13          47
   18.7883434      0.828704238              32          46
   15.1648760      0.692722797              37          53
   16.2001534      0.676149905              63          51
   13.0943241      0.712797642              71          57
   18.2707043      0.620187640              73          47
   16.2001534      0.768048763              96          51
   18.2707043      0.891099095              13          47
   17.2354279      0.979536116              15          49
   18.7883434      0.557093799              32          46
   16.2001534      0.710960388              96          51
   17.2354279      0.934532762              15          49
   15.6825142      0.929651678               7          52
   19.8236198      0.992809296              15          44
   10.5061340      0.932138979              17          62
   14.1296005      0.908957601              71          55
   11.0237713      0.793279469              89          61
   15.6825142      0.728552222               7          52
   19.8236198      0.680602968              15          44
   10.5061340       1.00000000              17          62
   14.1296005      0.907028675              44          55
   18.2707043      0.738463461              50          47
   14.1296005      0.788308203              71          55
   17.2354279      0.920409024              81          49
   12.5766859      0.742151797              89          58
   11.0237713      0.588950813              89          61
   14.1296005      0.821215987              44          55
   18.2707043      0.754691839              50          47
   17.2354279      0.822410882              81          49
   12.5766859      0.637708604              89          58
   18.7883434      0.575131416             110          46
   16.2001534      0.783436239             114          51
   19.8236198      0.845167458              42          44
   14.6472378      0.848511279              75          54
   15.1648760      0.579732835              90          53
   18.7883434      0.685055494             110          46
   17.2354279      0.765549242             113          49
   16.2001534      0.782845259             114          51
   11.5414095      0.824246645              39          60
   19.8236198      0.994882345              42          44
   17.7530670      0.723935127              57          48
   14.6472378      0.838586450              75          54
   15.1648760      0.771612823              90          53
   17.2354279      0.804258943             113          49
   13.6119623      0.553887248              17          56
   11.5414095      0.681218624              39          60
   18.7883434      0.631721020              51          46
   17.7530670      0.707424343              57          48
   16.7177906      0.835539818              66          50
   14.1296005      0.613523245              86          55
   14.1296005      0.720629513             102          55
   13.6119623      0.891834319              17          56
   18.7883434      0.946185827              51          46
   16.7177906      0.815874934              66          50
   17.2354279      0.780988157              77          49
   14.1296005      0.768414855              86          55
   14.1296005      0.818551123             102          55
   14.6472378      0.862851679              38          54
   17.2354279      0.679303527              77          49
   12.0590477       1.00000000             100          59
   19.8236198      0.829297900              20          44
   14.6472378      0.608053684              38          54
   12.0590477      0.928606272             100          59
   19.3059807      0.898583114             109          45
   19.8236198      0.898527861              20          44
   17.7530670      0.991999805              46          48
   11.5414095      0.827536464              46          60
   11.5414095      0.807453334              71          60
   19.3059807      0.723802149             109          45
   12.5766859      0.945717514              35          58
   17.7530670       1.00000000              46          48
   11.5414095      0.934947073              46          60
   13.6119623      0.760159314              66          56
   11.5414095      0.987353861              71          60
   12.0590477      0.925485730              74          59
   17.7530670      0.810523272              79          48
   18.2707043      0.687431693             102          47
   12.5766859      0.855219603              16          58
   14.1296005      0.755032480              32          55
   12.5766859      0.968877375              35          58
   17.2354279      0.812604129              44          49
   13.6119623      0.843827784              66          56
   17.7530670       1.00000000              68          48
   12.0590477      0.861183345              74          59
   17.7530670      0.855171621              79          48
   18.2707043      0.817411065             102          47
   12.5766859      0.718583643              16          58
   17.7530670      0.852605999              22          48
   14.1296005      0.621794701              32          55
   17.2354279      0.684310913              44          49
   17.7530670      0.749532282              68          48
   17.7530670       1.00000000              75          48
   17.2354279      0.969601274              77          49
   18.2707043      0.776595354              14          47
   17.7530670      0.628923893              22          48
   17.7530670      0.643483400              48          48
   17.7530670       1.00000000              75          48
   17.2354279      0.840717375              77          49
   10.5061340      0.770049632              85          62
   18.2707043      0.980378091              14          47
   17.7530670      0.926592410              48          48
   10.5061340      0.810924470              85          62
   10.5061340      0.983538985             102          62
   10.5061340       1.00000000             102          62
   17.2354279      0.801685154              12          49
   14.1296005      0.587401509              84          55
   19.3059807      0.516644597              91          45
   17.2354279      0.657374144              12          49
   12.0590477      0.788338900              54          59
   12.5766859       1.00000000              64          58
   15.1648760      0.905467331              72          53
   14.1296005      0.671641588              84          55
   19.3059807      0.743014157              91          45
   12.0590477       1.00000000              54          59
   12.5766859      0.931843758              64          58
   15.1648760      0.930726111              72          53
   14.1296005      0.804864705             115          55
   11.0237713      0.435202211              38          61
   14.1296005      0.510197341             115          55
   11.0237713      0.997426927              38          61
   17.7530670      0.923657119              65          48
   10.5061340      0.701829255              70          62
   11.0237713      0.811537385              88          61
   15.6825142      0.812777758              98          52
   11.0237713      0.781546891               6          61
   18.7883434      0.905777097              25          46
   17.7530670      0.805123031              65          48
   10.5061340      0.828562021              70          62
   11.0237713      0.809266269              88          61
   15.6825142      0.895998836              98          52
   10.5061340      0.840907693             103          62
   11.0237713      0.669225395               6          61
   18.7883434      0.918318570              25          46
   10.5061340      0.617564023             103          62
   13.6119623      0.662234128             105          56
   18.2707043      0.947432041             109          47
   13.6119623      0.781017363              46          56
   18.7883434      0.924526811              59          46
   15.6825142      0.686960757              69          52
   19.3059807      0.754566610              75          45
   16.2001534      0.821469247              77          51
   13.6119623      0.956352830             105          56
   18.2707043      0.941791713             109          47
   11.0237713      0.855082393              37          61
   13.6119623      0.747058749              46          56
   19.8236198      0.768609464              48          44
   18.7883434      0.796346605              59          46
   15.6825142      0.696885943              69          52
   19.3059807      0.699174702              75          45
   16.2001534      0.718582332              77          51
   16.7177906      0.681078613              18          50
   15.6825142      0.614085138              18          52
   11.0237713       1.00000000              37          61
   19.8236198      0.943409026              48          44
   16.7177906      0.910703361              80          50
   17.7530670      0.802733719              94          48
   15.1648760      0.846578956              17          53
   16.7177906      0.856140912              18          50
   15.6825142      0.620413125              18          52
   13.0943241      0.949680865              33          57
   18.2707043      0.859150290              41          47
   19.3059807      0.810983539              56          45
   16.7177906      0.845607698              80          50
   17.7530670      0.905297935              94          48
   12.0590477      0.709477901              98          59
   15.1648760      0.973065376              17          53
   13.0943241      0.933549821              25          57
   13.0943241      0.751952827              33          57
   18.2707043      0.853658080              41          47
   19.3059807      0.838807821              56          45
   15.1648760      0.885028660              94          53
   12.0590477       1.00000000              98          59
   10.5061340      0.881314814             117          62
   15.6825142      0.873179436              11          52
   13.0943241       1.00000000              25          57
   18.2707043      0.966591418              84          47
   15.1648760      0.851414680              94          53
   11.5414095      0.944130957             105          60
   10.5061340      0.855907798             117          62
   12.0590477      0.717902780              10          59
   15.6825142      0.751602769              11          52
   19.3059807      0.763858914              26          45
   18.2707043      0.875165522              29          47
   17.7530670      0.713224113              40          48
   18.7883434       1.00000000              55          46
   18.2707043      0.918029785              84          47
   18.7883434      0.978495181              86          46
   16.2001534      0.858632207              88          51
   11.5414095      0.853603601             105          60
   12.0590477       1.00000000              10          59
   19.3059807      0.758170962              26          45
   18.2707043      0.748053730              29          47
   11.5414095      0.773923934              29          60
   15.1648760      0.797180474              39          53
   17.7530670      0.605745852              40          48
   18.7883434      0.923995435              55          46
   18.7883434      0.824131250              86          46
   16.2001534      0.829219520              88          51
   13.0943241      0.960587680              19          57
   11.5414095      0.861262619              29          60
   15.1648760      0.843904376              39          53
   19.3059807      0.856703997              88          45
   10.5061340      0.908914506               2          62
   13.0943241      0.779581189              19          57
   13.6119623      0.775124848              55          56
   19.3059807      0.952420294              88          45
   19.8236198      0.794487894             117          44
   10.5061340      0.917402267               2          62
   13.6119623       1.00000000              55          56
   16.7177906      0.846209884              86          50
   13.6119623      0.817845106              96          56
   19.8236198      0.657310009             117          44
   16.7177906      0.962591171              86          50
   15.1648760      0.848155499              89          53
   13.6119623      0.822434425              96          56
   15.6825142      0.827104509              97          52
   15.1648760      0.873355806              89          53
   15.6825142      0.782609642              97          52
   13.6119623      0.849718273             106          56
   17.7530670      0.688136399              60          48
   15.1648760      0.740750134              62          53
   13.6119623      0.722092152             106          56
   17.7530670      0.882645905              60          48
   15.1648760      0.802721977              62          53
   17.2354279      0.827264547              99          49
   19.8236198      0.944337547              46          44
   17.2354279      0.805678010              99          49
   18.7883434      0.795581877              13          46
   12.5766859      0.828672230              45          58
   19.8236198      0.856858969              46          44
   17.7530670       1.00000000             100          48
   18.7883434      0.955251992              13          46
   12.5766859      0.619491756              45          58
   18.2707043      0.864864945              52          47
   16.2001534      0.626185775              55          51
   19.3059807      0.692240536              96          45
   17.7530670      0.896448195             100          48
   18.7883434      0.859845817              25          46
   19.3059807      0.866901040              46          45
   16.2001534      0.765380144              49          51
   18.2707043      0.926646471              52          47
   16.2001534      0.737391531              55          51
   12.5766859      0.776367605              82          58
   19.3059807      0.645897031              96          45
   15.6825142      0.823531508             109          52
   19.8236198      0.895782173             117          44
   18.7883434      0.727519572              25          46
   19.3059807      0.714233816              46          45
   16.2001534      0.506328702              49          51
   12.5766859      0.701269269              82          58
   18.2707043      0.641514301              88          47
   15.6825142      0.612452388             109          52
   19.8236198      0.917474151             117          44
   14.6472378      0.490233868              40          54
   18.2707043      0.484536678              88          47
   15.1648760      0.469003409              89          53
   19.3059807      0.571241796              95          45
   13.0943241      0.553786576              24          57
   14.6472378      0.603721380              40          54
   18.7883434      0.597289979              57          46
   18.2707043      0.461920172              89          47
   15.1648760      0.471299887              89          53
   19.3059807      0.505062222              95          45
   18.2707043      0.495679259             110          47
   13.0943241      0.719919741              24          57
   17.7530670      0.973093569              27          48
   18.7883434      0.932275832              57          46
   18.2707043      0.717603326              89          47
   13.0943241      0.800983429              92          57
   18.2707043      0.811653793             110          47
   12.0590477      0.891849995             120          59
   17.7530670      0.875376523              27          48
   13.0943241      0.851779521              92          57
   16.2001534       1.00000000             114          51
   12.0590477      0.893442988             120          59
   13.0943241      0.784528315               3          57
   10.5061340      0.810639262              45          62
   12.0590477      0.867289186             106          59
   16.2001534       1.00000000             114          51
   13.0943241      0.898820519               3          57
   12.0590477      0.709631979              23          59
   12.0590477      0.680587530              25          59
   10.5061340      0.910720170              45          62
   12.0590477      0.790498316             106          59
   11.0237713      0.857718408             114          61
   16.2001534      0.776996791             120          51
   13.0943241       1.00000000              17          57
   12.0590477      0.675473511              23          59
   12.0590477      0.604937255              25          59
   13.6119623      0.818865001              75          56
   11.0237713      0.833854020             114          61
   16.2001534      0.719388247             120          51
   13.0943241      0.834695101              17          57
   13.6119623      0.938097715              75          56
   11.0237713       1.00000000              90          61
   17.2354279      0.780818820              24          49
   16.2001534      0.630324304              30          51
   11.0237713      0.896814287              90          61
   17.2354279      0.720577180              24          49
   16.2001534      0.550766349              30          51
   10.5061340      0.754643798              78          62
   16.7177906      0.655089498              89          50
   17.7530670      0.567482948             115          48
   16.2001534      0.688768804             118          51
   16.7177906      0.984940886              18          50
   15.6825142      0.817541003              25          52
   17.7530670      0.894920826              77          48
   10.5061340      0.781601131              78          62
   16.7177906      0.854776740              89          50
   17.7530670      0.856250882             115          48
   16.2001534      0.852909505             118          51
   16.7177906      0.910777748              18          50
   15.6825142      0.766962290              25          52
   17.7530670      0.938963056              77          48
   13.6119623      0.784515977              86          56
   13.6119623      0.784515977              86          56
   14.6472378      0.963028371              35          54
   14.6472378      0.958497047              76          54
   13.6119623      0.782537222              86          56
   13.6119623      0.782537222              86          56
   19.8236198      0.968337595              90          44
   19.3059807      0.939381003             106          45
   14.6472378       1.00000000              35          54
   14.6472378      0.874384642              76          54
   19.8236198      0.799877882              90          44
   19.3059807      0.819852829             106          45
   18.7883434      0.637668014               3          46
   16.2001534      0.695217788              36          51
   16.7177906      0.574903011              60          50
   18.7883434      0.820762694               3          46
   14.1296005      0.810555518               3          55
   16.2001534      0.658193707              36          51
   15.1648760      0.523487091              56          53
   16.7177906      0.837060928              60          50
   16.2001534      0.898260653             110          51
   14.1296005      0.831303954               3          55
   11.5414095      0.978602052              42          60
   18.7883434      0.853622794              44          46
   10.5061340      0.850666642              47          62
   15.1648760      0.953478634              56          53
   16.2001534      0.945204258             110          51
   17.7530670      0.817191482              21          48
   11.5414095      0.847909570              42          60
   18.7883434      0.789090693              44          46
   10.5061340       1.00000000              47          62
   16.7177906      0.638721883              89          50
   18.7883434      0.722662568              92          46
   17.7530670      0.996385574              21          48
   16.7177906      0.939938068              44          50
   19.8236198      0.913453102              86          44
   13.0943241       1.00000000              88          57
   16.7177906      0.844261229              89          50
   18.7883434      0.747450352              92          46
   15.6825142      0.616921902              12          52
   15.6825142      0.676384330              14          52
   10.5061340      0.384725600              24          62
   11.0237713      0.412102491              25          61
   16.7177906      0.661554873              44          50
   10.5061340      0.978950918              84          62
   19.8236198      0.733741939              86          44
   13.0943241      0.791421056              88          57
   11.5414095      0.667576730              88          60
   15.6825142      0.718816817              12          52
   15.6825142      0.788743854              14          52
   10.5061340      0.493401736              24          62
   11.0237713      0.452349186              25          61
   10.5061340      0.706868231              84          62
   11.5414095      0.835813880              88          60
   14.6472378       1.00000000             121          54
   18.2707043      0.836967826              35          47
   17.2354279      0.921916962              68          49
   12.0590477      0.828867614              91          59
   12.0590477      0.921879113              98          59
   14.6472378       1.00000000             121          54
   15.1648760      0.781843126              21          53
   18.2707043      0.839575052              35          47
   13.0943241      0.879581392              38          57
   17.2354279      0.843920827              68          49
   12.0590477      0.894762754              91          59
   14.6472378      0.822783887              95          54
   12.0590477      0.835966825              98          59
   17.7530670      0.696610391              17          48
   15.1648760      0.784727693              21          53
   16.7177906       1.00000000              24          50
   13.0943241      0.786739886              38          57
   19.3059807      0.968607366              49          45
   17.2354279      0.997882426              86          49
   14.6472378      0.879761517              95          54
   14.6472378      0.760429978               1          54
   17.7530670      0.715477645              17          48
   19.3059807      0.722554982              18          45
   16.7177906      0.801375389              24          50
   19.3059807      0.722606957              49          45
   17.7530670      0.623932838              51          48
   17.2354279      0.757172585              86          49
   13.6119623      0.614240348             106          56
   14.6472378      0.719480515               1          54
   19.3059807      0.825067043              18          45
   17.7530670      0.681310296              51          48
   19.8236198      0.745248258              60          44
   19.8236198      0.946147501              67          44
   12.5766859      0.820690691              87          58
   15.1648760      0.722688198              92          53
   13.6119623      0.826394141             106          56
   13.6119623      0.788462818              54          56
   19.8236198      0.745375693              60          44
   19.8236198      0.902380407              67          44
   12.5766859      0.994891226              87          58
   15.1648760      0.812833190              92          53
   13.6119623      0.816738546              54          56
   13.6119623      0.774857521              65          56
   15.6825142      0.953592896              18          52
   13.6119623      0.904630303              65          56
   12.5766859      0.837373614             114          58
   15.6825142       1.00000000              18          52
   16.2001534      0.656393409              98          51
   12.5766859      0.962812901             114          58
   12.0590477      0.997127533             116          59
   16.2001534      0.788186431              98          51
   12.0590477      0.784297466             116          59
   19.3059807      0.729949534              16          45
   12.5766859      0.638879836              49          58
   17.2354279       1.00000000               1          49
   19.3059807      0.686435580              16          45
   16.7177906      0.757540405              39          50
   12.5766859      0.813172102              49          58
   14.6472378      0.781863272              64          54
   17.2354279       1.00000000               1          49
   13.6119623      0.787222087              19          56
   16.7177906      0.791916609              39          50
   15.1648760      0.900814116              55          53
   14.6472378      0.814003527              64          54
   11.5414095      0.695576251             114          60
   11.5414095      0.668300688             118          60
   12.0590477      0.655747056              17          59
   13.6119623      0.895802200              19          56
   15.1648760      0.749918520              55          53
   11.5414095      0.764980257             114          60
   15.1648760      0.771874785             118          53
   11.5414095      0.713552415             118          60
   17.2354279      0.908140182              14          49
   12.0590477      0.930549562              17          59
   18.7883434      0.886485696              75          46
   15.1648760      0.703667462             118          53
   17.2354279      0.915576935              14          49
   12.5766859      0.948573411              16          58
   18.2707043      0.789821744              45          47
   18.7883434      0.838693738              75          46
   12.0590477      0.830274165             120          59
   12.5766859       1.00000000              16          58
   18.2707043      0.697990954              45          47
   15.1648760      0.805079877             116          53
   12.0590477      0.716153800             120          59
   14.6472378       1.00000000               7          54
   12.0590477      0.729044199             100          59
   15.1648760      0.802365720             116          53
   14.6472378       1.00000000               7          54
   15.6825142      0.761464179              35          52
   12.0590477      0.787682414             100          59
   11.5414095      0.877268493              17          60
   15.6825142      0.741079748              35          52
   14.1296005      0.829856098              60          55
   13.6119623      0.743577302              85          56
   11.5414095       1.00000000              17          60
   14.1296005      0.748994768              60          55
   18.2707043      0.825343668              66          47
   13.6119623      0.919007421              85          56
   17.7530670      0.900918484             101          48
   13.6119623      0.862823784             121          56
   11.5414095      0.793701589              17          60
   18.7883434      0.871332526              44          46
   14.1296005      0.755306900              50          55
   18.2707043      0.776721656              66          47
   17.7530670      0.924446583             101          48
   13.6119623      0.850534260             121          56
   11.5414095      0.890400946              17          60
   12.5766859      0.546310127              30          58
   18.7883434      0.790147364              44          46
   14.1296005      0.786074162              50          55
   12.5766859      0.943617880              30          58
   13.0943241      0.862393796              55          57
   14.6472378      0.710590303              68          54
   12.5766859      0.778772235              53          58
   12.0590477      0.714518487              54          59
   13.0943241      0.609473884              55          57
   12.0590477      0.627652645              55          59
   14.6472378      0.855212331              68          54
   19.8236198      0.859707952               8          44
   12.5766859      0.773447812              30          58
   12.0590477      0.453032315              31          59
   10.5061340      0.944400370              49          62
   12.5766859      0.900769532              53          58
   12.0590477      0.822051287              54          59
   12.0590477      0.752234817              55          59
   10.5061340      0.801631212              63          62
   15.1648760      0.770834446              78          53
   15.6825142      0.793326676             110          52
