   41.5644188      0.656864822              17           2
   40.0115051      0.648413777             109           5
   41.5644188      0.665769100              17           2
   40.0115051      0.670944691             109           5
   41.0467834      0.736256242             109           3
   41.5644188      0.797562838              89           2
   41.0467834      0.851746619             109           3
   41.5644188      0.839630783              89           2
   40.5291443      0.717366815               3           4
   40.5291443      0.714432776               3           4
   41.0467834      0.818271220             102           3
   40.5291443      0.883095860              89           4
   41.0467834      0.696225703             102           3
   41.5644188      0.775920093              27           2
   40.5291443      0.722168982              89           4
   41.5644188      0.877218962              27           2
   42.0820541      0.801279306             117           1
   41.0467834      0.791122437              75           3
   42.0820541      0.737843931              81           1
   42.0820541      0.754203200             117           1
   41.0467834      0.735440493              75           3
   42.0820541      0.774126410              81           1
   41.5644188      0.811033726             114           2
   41.0467834      0.749453187              66           3
   40.0115051      0.942309678              98           5
   41.5644188      0.863933742             114           2
   41.0467834      0.802264392              66           3
   40.0115051      0.940032125              98           5
   41.5644188      0.774742246              38           2
   41.5644188      0.797731578             115           2
   41.5644188      0.768420398              29           2
   41.5644188      0.615162790              38           2
   41.5644188      0.863042235             115           2
   41.5644188      0.882752180              29           2
   42.0820541      0.839318037             103           1
   42.0820541      0.774597883             103           1
   40.5291443      0.841293395             120           4
   40.0115051      0.897216558               4           5
   40.5291443      0.867092252             120           4
   40.0115051      0.673015475               4           5
   41.5644188      0.761072218             114           2
   41.5644188      0.537874877              18           2
   40.0115051      0.516299844              56           5
   41.5644188      0.481083632              59           2
   41.5644188      0.539096057             114           2
   41.5644188      0.820904434              18           2
   40.0115051      0.858113885              56           5
   41.5644188      0.702255368              59           2
   40.5291443      0.857165992             120           4
   40.5291443      0.719875216             120           4
   42.0820541      0.847979844              24           1
   41.5644188      0.962508202              31           2
   42.0820541      0.904859483              24           1
   41.5644188      0.878325462              31           2
   40.5291443      0.796205342             108           4
   40.5291443      0.818766832             108           4
   40.5291443      0.838328004             118           4
   41.0467834      0.834356070              65           3
   40.5291443      0.868875384             118           4
   41.0467834      0.815958142              65           3
   41.0467834      0.785243571              39           3
   41.0467834      0.767310381              47           3
   42.0820541      0.748317063              52           1
   41.0467834      0.831802487              39           3
   41.0467834      0.767809391              47           3
   42.0820541      0.689802170              52           1
   40.5291443      0.845582485              65           4
   41.0467834      0.927508950              26           3
   40.5291443      0.825396061              65           4
   41.0467834      0.855241835             101           3
   41.0467834      0.782079339              26           3
   41.0467834      0.856736720             101           3
   40.0115051      0.814438999              98           5
   40.0115051      0.829205930              98           5
   40.5291443      0.880181968             119           4
   40.5291443      0.797158182             108           4
   40.5291443      0.809360862             119           4
   40.5291443      0.835192502             108           4
   41.5644188      0.727704763              15           2
   41.5644188      0.540421128              15           2
   40.5291443      0.727032363              59           4
   40.5291443      0.895100653              59           4
   40.5291443      0.660010815             119           4
   40.5291443      0.828871846             119           4
   41.0467834      0.728482425              62           3
   41.0467834      0.782115757              62           3
   41.5644188      0.630715072             106           2
   41.5644188      0.713882148             106           2
   40.0115051      0.822184086              18           5
   42.0820541      0.846429229              65           1
   40.0115051      0.810849309              18           5
   42.0820541      0.826566935              65           1
   40.5291443      0.805356145              35           4
   40.5291443      0.954665899              35           4
   40.5291443      0.853676915              75           4
   40.5291443      0.755722642              75           4
   40.0115051      0.864288449              84           5
   40.0115051      0.818487704              64           5
   40.0115051      0.798580766              84           5
   40.0115051       1.00000000              64           5
   41.0467834      0.832053185              66           3
   41.0467834      0.754173338              66           3
   41.0467834      0.835725188             105           3
   41.0467834      0.774275243             105           3
   41.0467834      0.730960071             109           3
   41.0467834      0.857330263             109           3
   41.0467834      0.901148379              16           3
   41.0467834      0.836055696              16           3
   41.0467834      0.844014466             116           3
   41.5644188      0.819764733              51           2
   40.0115051      0.749584973              76           5
   41.0467834      0.738639235             116           3
   40.5291443      0.791658640               8           4
   41.0467834      0.830799282              35           3
   41.5644188      0.877228439              51           2
   40.0115051      0.843121707              76           5
   40.0115051      0.871914446              82           5
   40.5291443      0.900176108               8           4
   41.0467834      0.841333687              35           3
   40.0115051      0.934362650              82           5
   41.0467834      0.875954330              15           3
   41.5644188      0.942138076              83           2
   41.0467834      0.800771177              15           3
   41.5644188      0.756350935              83           2
   40.5291443      0.970490277               8           4
   40.5291443      0.868597090              48           4
   40.5291443      0.737828255               8           4
   40.5291443      0.793567359              48           4
