   33.7998466      0.631881773               2          17
   41.5644188      0.656864822              17           2
   35.8703995      0.641845644              27          13
   33.2822113      0.691139221              42          18
   40.0115051      0.648413777             109           5
   29.6587429      0.675994456             117          25
   32.7645721      0.691187680             121          19
   41.5644188      0.665769100              17           2
   35.8703995      0.643823922              27          13
   28.1058292      0.739344060              73          28
   26.5529137      0.628620327              82          31
   33.7998466      0.678164303             104          17
   40.0115051      0.670944691             109           5
   34.8351250      0.837191880              19          15
   28.1058292      0.951226532              73          28
   25.5176373      0.927380264              74          33
   27.0705528      0.997784972              80          30
   26.5529137      0.964320123              82          31
   31.2116566      0.888271809              87          22
   33.7998466      0.848788321             104          17
   26.5529137      0.820553303             109          31
   30.6940193      0.787178338             121          23
   34.8351250      0.793710589              19          15
   25.5176373      0.784769356              74          33
   38.4585915      0.787576020              80           8
   27.0705528      0.873870611              80          30
   25.5176373      0.811743438              80          33
   31.2116566      0.820677102              87          22
   41.0467834      0.736256242             109           3
   26.5529137      0.709912419             109          31
   38.9762268      0.746702433             112           7
   32.2469330      0.840157568             118          20
   30.6940193      0.779962540             121          23
   35.3527603      0.835537732              15          14
   30.6940193      0.787802160              46          23
   30.1763802      0.729559600              52          24
   38.4585915      0.741217315              80           8
   25.5176373      0.734988987              80          33
   41.5644188      0.797562838              89           2
   34.8351250      0.692954242              93          15
   41.0467834      0.851746619             109           3
   38.9762268      0.695701540             112           7
   32.2469330      0.840125084             118          20
   35.3527603      0.851133943              15          14
   30.6940193      0.799432576              46          23
   30.1763802      0.811220169              52          24
   27.5881901      0.877216041              67          29
   41.5644188      0.839630783              89           2
   36.3880386      0.878660202              89          12
   34.8351250      0.839215398              93          15
   32.7645721      0.791873276             115          19
   26.5529137      0.867697835             115          31
   25.5176373      0.798956633             120          33
   26.5529137      0.982129514              59          31
   27.5881901      0.954958916              67          29
   35.3527603      0.917231619              68          14
   36.3880386      0.928255677              89          12
   35.8703995      0.841303825             107          13
   32.7645721       1.00000000             115          19
   26.5529137      0.952011883             115          31
   25.5176373      0.859794796             120          33
   40.5291443      0.717366815               3           4
   34.8351250      0.844400465              10          15
   35.3527603      0.790262759              46          14
   26.5529137      0.831033468              59          31
   35.3527603      0.862402320              68          14
   35.8703995      0.799158335             107          13
   40.5291443      0.714432776               3           4
   25.5176373      0.666709602               7          33
   34.8351250      0.768530667              10          15
   26.5529137      0.769844115              15          31
   32.2469330      0.789997220              39          20
   35.3527603      0.684140921              46          14
   30.1763802      0.758493960              76          24
   25.5176373      0.829514623               7          33
   26.5529137       1.00000000              15          31
   39.4938660      0.809304714              31           6
   32.2469330      0.948737860              39          20
   32.7645721      0.685380697              54          19
   30.1763802      0.816229105              76          24
   26.5529137      0.932853401             118          31
   34.3174858      0.903564990               2          16
   39.4938660      0.812815964              31           6
   32.7645721      0.767743766              54          19
   30.1763802      0.901025712             101          24
   41.0467834      0.818271220             102           3
   33.2822113      0.832871079             102          18
   26.5529137       1.00000000             118          31
   34.3174858      0.883987486               2          16
   39.4938660      0.904653609              57           6
   26.5529137      0.790042162              58          31
   40.5291443      0.883095860              89           4
   30.1763802      0.832397640             101          24
   41.0467834      0.696225703             102           3
   35.8703995      0.848712981             102          13
   33.2822113      0.836168885             102          18
   41.5644188      0.775920093              27           2
   28.6234665      0.712800324              32          27
   39.4938660      0.765959084              57           6
   26.5529137      0.746674955              58          31
   40.5291443      0.722168982              89           4
   35.8703995      0.831743538             102          13
   30.6940193      0.780047834             104          23
   41.5644188      0.877218962              27           2
   28.6234665      0.862490237              32          27
   31.7292957      0.838165700              37          21
   33.2822113      0.832806587              42          18
   35.3527603      0.823493659              82          14
   30.6940193      0.837204874             104          23
   39.4938660      0.845436156             111           6
   42.0820541      0.801279306             117           1
   34.8351250      0.879489422             120          15
   33.7998466      0.765326560              22          17
   31.7292957      0.699259877              37          21
   33.2822113      0.755480409              42          18
   36.3880386      0.730468094              46          12
   34.8351250      0.750324368              67          15
   41.0467834      0.791122437              75           3
   42.0820541      0.737843931              81           1
   35.3527603      0.758167326              82          14
   39.4938660      0.727648854             111           6
   42.0820541      0.754203200             117           1
   34.8351250      0.786905169             120          15
   33.7998466      0.790995240              22          17
   27.0705528      0.885525048              25          30
   36.3880386      0.748523176              46          12
   34.8351250      0.683815420              67          15
   41.0467834      0.735440493              75           3
   42.0820541      0.774126410              81           1
   38.4585915      0.765815914             119           8
   38.4585915      0.802706957              15           8
   27.0705528      0.873977542              25          30
   32.7645721      0.905259788              30          19
   31.2116566      0.906956673              81          22
   29.1411057      0.893002689             105          26
   41.5644188      0.811033726             114           2
   38.4585915      0.830017209             119           8
   38.4585915      0.816357791              15           8
   35.3527603      0.746481597              20          14
   32.7645721      0.944167316              30          19
   36.3880386      0.809206069              33          12
   41.0467834      0.749453187              66           3
   38.4585915      0.732738495              67           8
   31.2116566      0.879120886              81          22
   40.0115051      0.942309678              98           5
   29.1411057      0.852911711             105          26
   41.5644188      0.863933742             114           2
   26.0352764      0.980296731              14          32
   33.7998466       1.00000000              17          17
   35.3527603      0.858002245              20          14
   36.3880386      0.784779251              33          12
   41.0467834      0.802264392              66           3
   38.4585915      0.827514291              67           8
   40.0115051      0.940032125              98           5
   36.3880386      0.527036428             113          12
   36.9056778      0.515077829             114          11
   26.0352764      0.907739520              14          32
   33.7998466      0.793714821              17          17
   28.6234665      0.770077944              29          27
   41.5644188      0.774742246              38           2
   33.7998466      0.772278070              89          17
   34.8351250      0.791762054             100          15
   36.3880386      0.480664581             113          12
   36.9056778      0.468481094             114          11
   41.5644188      0.797731578             115           2
   41.5644188      0.768420398              29           2
   28.6234665      0.824842870              29          27
   41.5644188      0.615162790              38           2
   36.9056778      0.815367818              60          11
   38.4585915      0.864765227              76           8
   33.7998466      0.913273752              89          17
   34.8351250      0.822402179             100          15
   41.5644188      0.863042235             115           2
   41.5644188      0.882752180              29           2
   26.0352764      0.800772130              47          32
   36.9056778      0.877676666              60          11
   38.4585915      0.916183829              76           8
   42.0820541      0.839318037             103           1
   36.3880386      0.712956429              36          12
   27.5881901      0.782733619              44          29
   26.0352764      0.814884782              47          32
   42.0820541      0.774597883             103           1
   35.3527603      0.781153142             116          14
   36.3880386      0.708530366               5          12
   36.3880386      0.765016615              36          12
   27.5881901      0.731517792              44          29
   36.9056778      0.779433072              64          11
   29.6587429      0.731216848              86          25
   27.0705528      0.739765525              97          30
   35.3527603      0.755854189             116          14
   36.3880386      0.872817576               5          12
   35.8703995       1.00000000              22          13
   37.4233131      0.973002911              28          10
   36.9056778      0.828634143              64          11
   30.1763802      0.758126020              71          24
   35.8703995      0.872291923              79          13
   37.4233131      0.902004123              86          10
   29.6587429      0.730429649              86          25
   27.0705528      0.703558922              97          30
   36.3880386      0.853656411             101          12
   34.8351250      0.812989354             116          15
   40.5291443      0.841293395             120           4
   40.0115051      0.897216558               4           5
   37.4233131      0.809345067               8          10
   35.8703995      0.933847427              22          13
   25.5176373      0.862250984              22          33
   37.4233131      0.899704874              28          10
   29.1411057      0.859634757              37          26
   35.3527603      0.740418196              61          14
   30.1763802      0.913576007              71          24
   35.8703995      0.822729290              79          13
   39.4938660      0.902775228              84           6
   37.4233131      0.943774462              86          10
   30.1763802      0.896572292              92          24
   36.3880386      0.987493038             101          12
   26.5529137      0.797088027             111          31
   29.6587429      0.835898638             113          25
   34.8351250      0.872719526             116          15
   40.5291443      0.867092252             120           4
   40.0115051      0.673015475               4           5
   38.9762268      0.803601265               7           7
   37.4233131      0.649395645               8          10
   25.5176373      0.635969043              22          33
   29.1411057       1.00000000              37          26
   29.1411057      0.934412479              38          26
   28.6234665      0.956277549              38          27
   39.4938660      0.715632021              48           6
   35.3527603      0.629292250              61          14
   39.4938660      0.608886600              84           6
   30.1763802      0.703151882              92          24
   30.1763802      0.691306353              95          24
   26.5529137      0.591903090             111          31
   29.6587429      0.575446427             113          25
   38.9762268      0.868671179               7           7
   27.0705528      0.728569806              10          30
   34.3174858      0.730433166              36          16
   36.3880386      0.739289105              37          12
   29.1411057      0.527117133              38          26
   28.6234665      0.514923394              38          27
   39.4938660      0.846267879              48           6
   30.1763802      0.756881714              95          24
   36.3880386      0.762761593             118          12
   27.0705528      0.828214884              10          30
   29.6587429      0.839365602              28          25
   32.7645721      0.940434396              31          19
   28.6234665      0.884054244              32          27
   34.3174858      0.901771426              36          16
   36.3880386      0.443291694              37          12
   36.9056778      0.531615317              38          11
   33.7998466      0.828985929              75          17
   29.1411057      0.898739994              85          26
   41.5644188      0.761072218             114           2
   36.3880386      0.706329405             118          12
   25.5176373      0.840549767             120          33
   41.5644188      0.537874877              18           2
   29.6587429      0.571450353              28          25
   32.7645721      0.562265337              31          19
   28.6234665       1.00000000              31          27
   28.6234665      0.998310387              32          27
   36.9056778      0.505017102              38          11
   30.1763802      0.520642161              54          24
   40.0115051      0.516299844              56           5
   41.5644188      0.481083632              59           2
   32.2469330      0.464968622              68          20
   33.7998466      0.527482271              75          17
   29.1411057      0.485737085              85          26
   41.5644188      0.539096057             114           2
   25.5176373      0.589962542             120          33
   41.5644188      0.820904434              18           2
   39.4938660      0.817197382              18           6
   33.7998466      0.986180425              20          17
   28.6234665       1.00000000              31          27
   29.6587429      0.954739809              36          25
   30.1763802      0.877225876              48          24
   30.1763802      0.860755682              54          24
   40.0115051      0.858113885              56           5
   41.5644188      0.702255368              59           2
   32.2469330      0.849969447              68          20
   39.4938660      0.838191867              18           6
   33.7998466      0.937559307              20          17
   33.7998466      0.839696169              27          17
   38.4585915      0.885495424              28           8
   30.6940193      0.973813176              31          23
   29.6587429      0.958294332              36          25
   30.1763802      0.851688802              48          24
   29.1411057      0.938464344             118          26
   27.5881901      0.821772993               9          29
   27.5881901      0.791549683              15          29
   33.7998466      0.911211312              27          17
   38.4585915      0.844888151              28           8
   30.6940193      0.925159156              31          23
   38.9762268      0.827557445              52           7
   34.8351250      0.845704436              75          15
   29.1411057      0.862771273             118          26
   27.5881901      0.778213501               9          29
   27.5881901      0.840348780              15          29
   38.9762268      0.757463872              52           7
   34.8351250      0.750666440              75          15
   40.5291443      0.857165992             120           4
   35.3527603      0.745532334              21          14
   37.9409523      0.848822474              56           9
   26.0352764      0.735880494              83          32
   34.8351250      0.712087572              84          15
   40.5291443      0.719875216             120           4
   35.3527603      0.789669037              21          14
   33.7998466      0.806625783              24          17
   27.0705528      0.767366350              26          30
   37.9409523      0.904711306              51           9
   37.9409523      0.877582729              56           9
   34.8351250      0.761868834              70          15
   26.0352764      0.900541544              83          32
   34.8351250      0.764847040              84          15
   37.4233131      0.804582000              94          10
   33.7998466      0.882377625              24          17
   27.0705528      0.891776204              26          30
   37.9409523      0.863808513              51           9
   37.9409523      0.906491756              66           9
   34.8351250       1.00000000              70          15
   31.7292957      0.789418638              78          21
   36.9056778      0.636076212              93          11
   37.4233131      0.603138208              94          10
   33.2822113      0.898507774             106          18
   42.0820541      0.847979844              24           1
   41.5644188      0.962508202              31           2
   35.3527603      0.796872854              62          14
   31.2116566      0.931900084              62          22
   37.9409523      0.869226336              66           9
   31.7292957      0.867192209              78          21
   36.9056778      0.923786402              93          11
   33.2822113      0.886607528             106          18
   32.2469330      0.787672818              11          20
   42.0820541      0.904859483              24           1
   41.5644188      0.878325462              31           2
   31.2116566      0.855212808              49          22
   35.3527603      0.855192900              62          14
   31.2116566      0.923933446              62          22
   34.3174858      0.922872245              75          16
   31.7292957      0.955596268              78          21
   27.0705528      0.995529711              89          30
   29.6587429      0.918297827               4          25
   32.2469330      0.864238679              11          20
   31.2116566      0.761061788              49          22
   27.0705528      0.768181384              72          30
   34.3174858      0.810363233              75          16
   31.7292957      0.901544869              78          21
   27.0705528      0.792860866              89          30
   29.6587429      0.802505314               4          25
   28.1058292      0.887829304              18          28
   30.1763802      0.751959145              42          24
   25.5176373      0.747604728              63          33
   35.8703995      0.728174686              65          13
   27.0705528      0.792454958              72          30
   40.5291443      0.796205342             108           4
   37.4233131      0.834636271             114          10
   28.1058292      0.843437850              18          28
   30.1763802      0.767633557              42          24
   30.6940193      0.699922264              54          23
   29.1411057      0.776091576              56          26
   25.5176373      0.840336323              63          33
   35.8703995      0.780211806              65          13
   26.5529137      0.751602173              77          31
   27.0705528      0.897075295              94          30
   27.0705528      0.754378438             103          30
   40.5291443      0.818766832             108           4
   37.4233131      0.819214880             114          10
   40.5291443      0.838328004             118           4
   30.1763802       1.00000000               4          24
   34.8351250      0.932087541              25          15
   31.7292957      0.921004117              36          21
   30.6940193      0.995580912              54          23
   29.1411057      0.917194843              56          26
   41.0467834      0.834356070              65           3
   26.5529137      0.739330113              77          31
   27.0705528      0.934401512              94          30
   27.0705528      0.844312549             103          30
   34.3174858      0.802592158             115          16
   40.5291443      0.868875384             118           4
   30.1763802      0.897301674               4          24
   34.8351250      0.808134735              25          15
   31.7292957      0.806891561              36          21
   36.3880386      0.750541568              40          12
   29.6587429      0.851944506              42          25
   41.0467834      0.815958142              65           3
   38.4585915      0.848653972              88           8
   27.5881901      0.991659999              88          29
   33.7998466      0.912082016             112          17
   34.3174858      0.821094036             115          16
   27.0705528      0.851076663             116          30
   26.5529137      0.716615140              27          31
   29.1411057      0.613042176              30          26
   41.0467834      0.785243571              39           3
   36.3880386      0.804208398              40          12
   29.6587429      0.841134787              42          25
   41.0467834      0.767310381              47           3
   42.0820541      0.748317063              52           1
   30.6940193      0.833678007              68          23
   38.4585915      0.746729016              88           8
   27.5881901      0.904669821              88          29
   32.2469330      0.686038196              91          20
   29.6587429      0.762578547             107          25
   33.7998466      0.795892417             112          17
   27.0705528      0.922964633             116          30
   35.3527603      0.717361331               7          14
   26.5529137      0.712676525              27          31
   29.1411057      0.660717487              30          26
   29.1411057      0.853879154              38          26
   41.0467834      0.831802487              39           3
   41.0467834      0.767809391              47           3
   28.1058292      0.969922543              50          28
   42.0820541      0.689802170              52           1
   31.2116566      0.999701738              52          22
   32.7645721      0.975482106              53          19
   30.6940193      0.953814566              68          23
   29.6587429       1.00000000              89          25
   32.2469330      0.823692739              91          20
   26.5529137      0.975787222              99          31
   26.0352764      0.920951605             102          32
   29.6587429      0.823139489             107          25
   35.3527603      0.593226433               7          14
   32.2469330      0.778298676               8          20
   30.6940193      0.709054768              26          23
   29.1411057      0.672929168              38          26
   28.1058292      0.788637638              50          28
   31.2116566      0.974192262              52          22
   32.7645721      0.947827518              53          19
   32.2469330      0.998347342              53          20
   34.3174858      0.835912049              54          16
   31.7292957      0.668498635              85          21
   29.6587429      0.742885172              89          25
   26.5529137      0.691652358              99          31
   26.0352764      0.563130796             102          32
   30.1763802      0.712721646             111          24
   32.2469330      0.910490274               8          20
   28.1058292      0.935221255              15          28
   30.6940193      0.711382091              26          23
   35.3527603      0.912543297              31          14
   26.5529137       1.00000000              45          31
   32.2469330      0.937087774              53          20
   34.3174858      0.944604397              54          16
   35.3527603      0.846818030              80          14
   31.7292957      0.719291210              85          21
   36.3880386      0.821905494             106          12
   30.1763802      0.946975052             111          24
   36.3880386      0.745238304             121          12
   28.1058292      0.852048695              15          28
   37.4233131      0.678959846              30          10
   35.3527603      0.850921988              31          14
   26.5529137       1.00000000              45          31
   31.7292957      0.740070283              51          21
   40.5291443      0.845582485              65           4
   34.8351250      0.827537298              77          15
   35.3527603      0.873535991              80          14
   33.2822113      0.918406069              93          18
   26.5529137      0.929103374              98          31
   36.3880386      0.902554512             106          12
   39.4938660      0.902335405             117           6
   36.3880386      0.907818198             121          12
   41.0467834      0.927508950              26           3
   37.4233131      0.750253201              30          10
   31.7292957      0.760167420              51          21
   40.5291443      0.825396061              65           4
   37.4233131      0.936947703              67          10
   28.6234665      0.840727806              76          27
   34.8351250      0.750508726              77          15
   33.2822113      0.928750455              93          18
   26.5529137      0.975107253              98          31
   41.0467834      0.855241835             101           3
   39.4938660      0.792298853             117           6
   41.0467834      0.782079339              26           3
   36.3880386      0.752815545              29          12
   27.0705528      0.838393390              40          30
   32.7645721      0.804072738              55          19
   37.4233131      0.868607700              67          10
   28.6234665       1.00000000              76          27
   35.8703995      0.828291893              81          13
   27.5881901      0.875995576              83          29
   41.0467834      0.856736720             101           3
   33.7998466      0.890036523             112          17
   36.3880386      0.896018088              29          12
   27.0705528      0.832122862              40          30
   32.7645721      0.840254903              55          19
   35.8703995      0.841661751              81          13
   27.5881901      0.842397630              83          29
   33.7998466      0.945155919             112          17
   33.2822113      0.936106265             118          18
   26.0352764      0.980102241             120          32
   26.5529137      0.692412615              37          31
   33.7998466      0.645337880              38          17
   32.7645721      0.676438153              45          19
   37.9409523      0.691766322              46           9
   34.3174858      0.663969100              91          16
   33.2822113      0.648087204             100          18
   33.2822113      0.671339154             118          18
   26.0352764      0.737703562             120          32
   26.5529137      0.556609929              37          31
   33.7998466      0.523670673              38          17
   32.7645721      0.553022861              45          19
   37.9409523      0.512589276              46           9
   34.3174858      0.487930000              91          16
   33.2822113      0.544817209             100          18
   28.1058292      0.475058138              23          28
   31.7292957      0.542606890              26          21
   33.7998466      0.499223351              28          17
   28.6234665      0.504519999              61          27
   33.7998466      0.489983797              97          17
   28.1058292      0.804904222              23          28
   31.7292957      0.913165927              26          21
   33.7998466      0.919520974              28          17
   31.7292957      0.865549624              51          21
   28.6234665      0.926088989              61          27
   31.2116566      0.799942017              72          22
   33.7998466      0.885712981              97          17
   40.0115051      0.814438999              98           5
   36.3880386      0.846871078             110          12
   29.1411057      0.823734105               3          26
   35.8703995      0.802917123               7          13
   31.7292957      0.874893367              51          21
   35.3527603      0.717259705              72          14
   31.2116566      0.807398319              72          22
   40.0115051      0.829205930              98           5
   33.2822113      0.790845633             108          18
   38.4585915      0.830277264             109           8
   36.3880386      0.914556742             110          12
   40.5291443      0.880181968             119           4
   29.1411057      0.789283872               3          26
   35.8703995      0.666167617               7          13
   31.7292957      0.725037813              25          21
   34.8351250      0.810850978              63          15
   35.3527603      0.752409339              72          14
   40.5291443      0.797158182             108           4
   33.2822113      0.574186862             108          18
   38.4585915      0.682220042             109           8
   40.5291443      0.809360862             119           4
   33.7998466      0.733613491              23          17
   31.7292957      0.748916984              25          21
   34.8351250      0.876870573              63          15
   40.5291443      0.835192502             108           4
   34.3174858      0.809304059             119          16
   37.4233131      0.839153647              18          10
   33.7998466      0.697543919              23          17
   31.2116566      0.837714732              45          22
   38.4585915      0.730568290              65           8
   35.3527603      0.714108825              85          14
   34.3174858      0.723451853             119          16
   31.2116566      0.767067075               7          22
   37.4233131      0.903851032              18          10
   31.2116566      0.984116614              45          22
   38.4585915      0.925203204              65           8
   28.1058292      0.723287463              75          28
   31.7292957      0.855383635              80          21
   35.3527603      0.934151232              85          14
   25.5176373      0.913037300              87          33
   31.7292957      0.973269522              92          21
   26.0352764      0.959070265             100          32
   35.8703995      0.865521371             110          13
   39.4938660      0.669209898               4           6
   31.2116566      0.750480235               7          22
   41.5644188      0.727704763              15           2
   36.9056778      0.787183702              47          11
   35.8703995      0.717145681              67          13
   28.1058292      0.699384928              75          28
   26.5529137      0.944639146              79          31
   31.7292957      0.788350463              80          21
   25.5176373      0.834208548              87          33
   31.7292957      0.797275662              92          21
   26.0352764      0.775321364             100          32
   35.8703995      0.814138651             110          13
   39.4938660      0.607908130               4           6
   41.5644188      0.540421128              15           2
   38.4585915      0.711370647              30           8
   36.9056778      0.642652154              47          11
   40.5291443      0.727032363              59           4
   35.8703995      0.739132881              67          13
   26.5529137      0.673458278              79          31
   29.6587429      0.891234219              13          25
   38.4585915      0.883586764              30           8
   39.4938660      0.867237031              50           6
   25.5176373      0.806617260              56          33
   40.5291443      0.895100653              59           4
   30.6940193      0.848921716              86          23
   35.3527603      0.792317390              10          14
   29.6587429      0.929039478              13          25
   35.8703995      0.910798848              30          13
   30.6940193      0.712547243              35          23
   39.4938660      0.935252428              50           6
   25.5176373       1.00000000              56          33
   31.7292957      0.857208014              60          21
   30.6940193      0.883221030              86          23
   30.6940193      0.832467318             102          23
   35.3527603      0.725966156              10          14
   35.8703995      0.888208926              30          13
   29.6587429       1.00000000              32          25
   30.6940193      0.988951921              35          23
   31.7292957      0.911602497              60          21
   30.6940193      0.945095778             102          23
   35.3527603      0.856534958             112          14
   35.3527603      0.832697928             119          14
   32.2469330      0.825752079               9          20
   37.9409523      0.735889494              19           9
   30.6940193      0.861327589              24          23
   29.6587429      0.821443141              32          25
   31.2116566      0.931583166              43          22
   30.1763802      0.919983089              93          24
   34.3174858      0.813781559              98          16
   35.3527603      0.838506639             112          14
   35.3527603      0.781307936             119          14
   35.8703995      0.628780425               6          13
   32.2469330      0.645851374               9          20
   37.9409523      0.606764078              19           9
   30.6940193      0.749450147              24          23
   27.5881901      0.687947571              40          29
   31.2116566      0.749175668              43          22
   34.8351250      0.656665623              58          15
   29.6587429      0.630528688              89          25
   30.1763802      0.692851901              93          24
   34.3174858      0.659224987              98          16
   40.5291443      0.660010815             119           4
   35.8703995      0.657989979               6          13
   28.6234665      0.794662476               8          27
   34.3174858      0.829491496              37          16
   27.5881901      0.839016676              40          29
   30.1763802      0.785427928              41          24
   34.8351250      0.792882681              58          15
   29.6587429      0.781357706              89          25
   27.5881901      0.867108524             100          29
   31.7292957      0.847237647             111          21
   40.5291443      0.828871846             119           4
   28.6234665      0.845186651               8          27
   34.3174858      0.803297520              37          16
   37.4233131      0.823912680              38          10
   30.1763802       1.00000000              41          24
   37.9409523      0.782552361              48           9
   32.7645721      0.849400163              75          19
   32.2469330      0.730407298              79          20
   36.9056778      0.815009415             100          11
   27.5881901      0.827774584             100          29
   31.7292957      0.912245452             111          21
   37.4233131      0.835377455              38          10
   37.9409523      0.642265022              48           9
   41.0467834      0.728482425              62           3
   32.7645721      0.804766357              75          19
   32.2469330      0.727978408              79          20
   34.3174858      0.748689890              87          16
   36.9056778      0.788927853             100          11
   26.5529137      0.957124233               4          31
   33.7998466      0.968783081               5          17
   30.1763802      0.943559587              33          24
   32.2469330      0.938649654              56          20
   41.0467834      0.782115757              62           3
   34.3174858      0.855020642              87          16
   26.5529137      0.772606313               4          31
   33.7998466      0.770446837               5          17
   30.1763802      0.715940833              33          24
   32.2469330      0.672695756              56          20
   31.2116566      0.652758121              92          22
   26.0352764      0.703141034              10          32
   33.2822113      0.707871437              49          18
   37.4233131      0.722381890              68          10
   31.2116566      0.715304911              92          22
   35.8703995      0.633335292              93          13
   39.4938660      0.713931084              95           6
   32.2469330      0.757268250             101          20
   41.5644188      0.630715072             106           2
   37.9409523      0.712986648             110           9
   36.3880386      0.768601656               3          12
   26.0352764      0.663232267              10          32
   33.2822113      0.751356900              49          18
   38.9762268      0.866222441              59           7
   37.4233131      0.728440583              68          10
   35.8703995      0.705154955              93          13
   39.4938660      0.729465008              95           6
   32.2469330      0.778370976             101          20
   41.5644188      0.713882148             106           2
   37.9409523      0.712285876             110           9
   36.3880386      0.798740506               3          12
   32.2469330      0.918850839               6          20
   40.0115051      0.822184086              18           5
   28.6234665      0.787896395              20          27
   37.4233131       1.00000000              57          10
   38.9762268      0.946699500              59           7
   42.0820541      0.846429229              65           1
   27.0705528      0.909058213              93          30
   32.2469330      0.887151957               6          20
   40.0115051      0.810849309              18           5
   34.8351250      0.794247508              18          15
   28.6234665      0.859330118              20          27
   34.3174858      0.875024796              47          16
   37.4233131      0.953918636              57          10
   42.0820541      0.826566935              65           1
   30.6940193      0.766854823              70          23
   28.6234665      0.922733665              84          27
   27.0705528      0.725330114              93          30
   32.2469330      0.840180337             115          20
   33.7998466      0.707928836               6          17
   26.0352764      0.628525317               8          32
   34.8351250      0.720355809              18          15
   35.3527603      0.775577068              42          14
   34.3174858      0.896154761              47          16
   30.6940193      0.715543091              70          23
   28.6234665      0.826457500              84          27
   29.1411057      0.812443137              97          26
   38.4585915      0.729864657             106           8
   32.2469330      0.767803848             115          20
   33.7998466      0.805018961               6          17
   26.0352764      0.901501238               8          32
   35.8703995      0.979308188              30          13
   40.5291443      0.805356145              35           4
   35.3527603       1.00000000              42          14
   29.6587429      0.945098162              79          25
   32.7645721      0.877048314              94          19
   29.1411057      0.957345843              97          26
   38.4585915      0.783576310             106           8
   26.0352764      0.857087553             109          32
   26.5529137      0.831529200               2          31
   31.2116566      0.941717446               8          22
   29.1411057      0.923586249              27          26
   35.8703995      0.829319596              30          13
   40.5291443      0.954665899              35           4
   31.2116566      0.875600815              37          22
   34.3174858      0.953238904              73          16
   29.6587429       1.00000000              79          25
   38.4585915      0.840233982              82           8
   32.7645721      0.903968453              94          19
   35.3527603      0.897244036             106          14
   26.0352764      0.961533368             109          32
   26.5529137      0.908471644               2          31
   31.2116566      0.732587874               8          22
   29.1411057      0.863472402              27          26
   31.2116566      0.790514767              37          22
   31.7292957      0.829014182              44          21
   26.0352764      0.877975762              54          32
   34.3174858      0.843030334              73          16
   40.5291443      0.853676915              75           4
   30.6940193      0.914235115              81          23
   38.4585915      0.855627716              82           8
   30.6940193       1.00000000              91          23
   35.3527603      0.879240394             106          14
   34.3174858      0.668336153              28          16
   31.7292957      0.751137197              44          21
   26.0352764      0.898420691              49          32
   26.0352764      0.796705961              54          32
   36.9056778      0.774329662              55          11
   40.5291443      0.755722642              75           4
   30.1763802      0.700199366              77          24
   30.6940193      0.745037794              81          23
   40.0115051      0.864288449              84           5
   30.6940193      0.835428238              91          23
   37.4233131      0.786003232              92          10
   27.5881901       1.00000000             101          29
   35.3527603      0.843625605              17          14
   34.8351250      0.855936706              19          15
   31.2116566      0.745612919              22          22
   35.3527603      0.792698979              28          14
   34.3174858      0.860022068              28          16
   38.9762268      0.778468072              31           7
   26.0352764      0.260159045              49          32
   25.5176373      0.407942861              50          33
   36.9056778      0.874961615              55          11
   40.0115051      0.818487704              64           5
   30.1763802      0.775649607              77          24
   40.0115051      0.798580766              84           5
   37.4233131      0.815252483              92          10
   32.2469330      0.771993995              96          20
   27.5881901      0.890317321             101          29
   30.6940193      0.710093260              13          23
   35.3527603      0.843622386              17          14
   34.8351250      0.701807916              19          15
   31.2116566      0.750744283              22          22
   35.3527603      0.740235269              28          14
   38.9762268      0.718272924              31           7
   39.4938660      0.777941585              36           6
   25.5176373      0.887774646              50          33
   40.0115051       1.00000000              64           5
   41.0467834      0.832053185              66           3
   31.2116566      0.644383669              73          22
   32.7645721      0.745041370              74          19
   34.3174858      0.810232878              94          16
   32.2469330      0.724310160              96          20
   30.6940193      0.777551711              13          23
   27.0705528      0.739308298              18          30
   26.5529137      0.688469231              26          31
   39.4938660      0.795003474              36           6
   36.3880386      0.761310756              64          12
   41.0467834      0.754173338              66           3
   31.2116566      0.814306557              73          22
   32.7645721      0.745042920              74          19
   29.1411057      0.986746550              74          26
   32.2469330      0.779761434              79          20
   34.3174858      0.755386233              94          16
   31.7292957      0.769410908             102          21
   31.2116566      0.733311772             117          22
   27.0705528      0.762515247              18          30
   39.4938660      0.925835490              23           6
   26.5529137      0.796453238              26          31
   36.3880386      0.791524112              64          12
   38.9762268      0.759240270              66           7
   29.1411057      0.839396834              74          26
   32.2469330      0.801833332              79          20
   31.7292957      0.780800700             102          21
   41.0467834      0.835725188             105           3
   31.7292957      0.806485713             107          21
   31.2116566      0.795290232             117          22
   25.5176373      0.806491375              21          33
   39.4938660      0.811365664              23           6
   38.9762268      0.782136977              66           7
   37.9409523      0.825900495              92           9
   41.0467834      0.774275243             105           3
   31.7292957      0.794277489             107          21
   25.5176373      0.784529805              21          33
   33.7998466      0.810376406              28          17
   32.7645721      0.740882993              31          19
   30.6940193      0.827479780              60          23
   37.9409523      0.706301570              92           9
   41.0467834      0.730960071             109           3
   33.7998466      0.939193070              28          17
   32.7645721      0.975737274              31          19
   26.0352764      0.945005655              34          32
   26.0352764      0.970277309              41          32
   30.6940193      0.903469324              60          23
   30.6940193      0.954210043              84          23
   38.9762268      0.917670548              94           7
   34.8351250      0.967011929             100          15
   41.0467834      0.857330263             109           3
   28.6234665      0.902361691             117          27
   37.4233131      0.943980634             118          10
   41.0467834      0.901148379              16           3
   36.9056778      0.867440701              29          11
   26.0352764      0.746043444              34          32
   26.0352764      0.922383666              41          32
   30.6940193      0.752177000              84          23
   38.9762268      0.876936197              94           7
   34.8351250      0.857318223             100          15
   27.0705528      0.799834013             113          30
   28.6234665       1.00000000             117          27
   37.4233131      0.928083181             118          10
   28.1058292      0.969429076             119          28
   41.0467834      0.836055696              16           3
   36.9056778      0.825391173              29          11
   35.3527603      0.823589385              65          14
   33.7998466      0.811633348              81          17
   27.5881901      0.785133898              85          29
   32.7645721      0.843581617              89          19
   29.6587429      0.834455132             107          25
   27.0705528      0.737935364             113          30
   41.0467834      0.844014466             116           3
   28.1058292      0.749731839             119          28
   28.1058292      0.823788762              22          28
   31.7292957      0.791383088              28          21
   41.5644188      0.819764733              51           2
   35.3527603      0.818685710              65          14
   34.3174858      0.643291473              71          16
   40.0115051      0.749584973              76           5
   33.7998466      0.695538938              81          17
   27.5881901      0.713266432              85          29
   32.7645721      0.846583724              89          19
   33.7998466      0.935138047              91          17
   29.6587429      0.803591728             107          25
   41.0467834      0.738639235             116           3
   40.5291443      0.791658640               8           4
   28.1058292      0.940184534              22          28
   33.7998466      0.888783157              23          17
   31.7292957      0.882295191              28          21
   35.8703995      0.701887608              29          13
   41.0467834      0.830799282              35           3
   41.5644188      0.877228439              51           2
   34.3174858      0.832721293              71          16
   40.0115051      0.843121707              76           5
   40.0115051      0.871914446              82           5
   33.7998466      0.923324645              91          17
   36.9056778      0.807962656             106          11
   40.5291443      0.900176108               8           4
   33.7998466      0.933136761               9          17
   33.7998466      0.937139809              23          17
   35.8703995      0.764658391              29          13
   41.0467834      0.841333687              35           3
   27.5881901      0.904921114              41          29
   40.0115051      0.934362650              82           5
   27.5881901      0.876869798              90          29
   36.9056778      0.819715559             106          11
   25.5176373      0.846747994             114          33
   33.7998466      0.978026509               9          17
   28.6234665      0.814793289              16          27
   27.5881901      0.926655889              41          29
   36.3880386      0.966474295              50          12
   31.2116566      0.854190707              72          22
   34.3174858      0.867818117              83          16
   27.5881901      0.931680620              90          29
   25.5176373      0.897986650             114          33
   41.0467834      0.875954330              15           3
   28.6234665      0.868741274              16          27
   29.1411057       1.00000000              23          26
   33.7998466      0.829245925              30          17
   36.3880386      0.791699946              50          12
   31.2116566      0.921788692              72          22
   37.9409523      0.868088186              75           9
   41.5644188      0.942138076              83           2
   34.3174858      0.923506796              83          16
   41.0467834      0.800771177              15           3
   34.8351250      0.833444893              16          15
   29.1411057      0.884193718              23          26
   33.7998466      0.712661445              30          17
   35.8703995      0.759983957              35          13
   37.9409523      0.714930356              75           9
   41.5644188      0.756350935              83           2
   30.1763802      0.804647148              87          24
   38.4585915      0.714571536              99           8
   36.9056778      0.731069207             119          11
   34.8351250      0.879031599              16          15
   30.6940193      0.794114232              29          23
   35.8703995       1.00000000              35          13
   35.3527603      0.975594938              42          14
   28.6234665      0.886686981              61          27
   30.6940193      0.760332048              74          23
   30.1763802      0.811082661              87          24
   27.5881901      0.721835434              87          29
   37.9409523      0.805816829              94           9
   38.4585915      0.732922375              99           8
   36.9056778      0.738887548             119          11
   40.5291443      0.970490277               8           4
   28.6234665      0.965680778              25          27
   30.6940193      0.925606012              29          23
   35.3527603      0.803303123              42          14
   40.5291443      0.868597090              48           4
   25.5176373      0.829651594              53          33
   28.6234665       1.00000000              61          27
   30.6940193      0.805414498              74          23
   36.9056778      0.881397486              84          11
   27.5881901      0.867100179              87          29
   37.9409523      0.906979740              94           9
   40.5291443      0.737828255               8           4
   27.0705528      0.838529944              11          30
   28.6234665      0.734075367              13          27
   28.6234665      0.778247654              25          27
   40.5291443      0.793567359              48           4
   25.5176373      0.855033517              53          33
   36.9056778      0.770889759              84          11
