   23.4470863      0.589196503               3          37
   23.9647236      0.574487865              10          36
   24.4823627      0.633002639              79          35
   29.6587429      0.675994456             117          25
   23.4470863      0.647624195               3          37
   28.1058292      0.739344060              73          28
   24.4823627      0.790579736              79          35
   26.5529137      0.628620327              82          31
   24.4823627      0.744829953              92          35
   24.4823627      0.874739945              32          35
   28.1058292      0.951226532              73          28
   25.5176373      0.927380264              74          33
   27.0705528      0.997784972              80          30
   26.5529137      0.964320123              82          31
   24.4823627      0.761974514              92          35
   26.5529137      0.820553303             109          31
   24.4823627      0.779700637              32          35
   20.3412571      0.733199358              49          43
   25.5176373      0.784769356              74          33
   27.0705528      0.873870611              80          30
   25.5176373      0.811743438              80          33
   26.5529137      0.709912419             109          31
   20.3412571      0.938932776              49          43
   21.3765335      0.671424210              75          41
   25.5176373      0.734988987              80          33
   25.0000000      0.798691511              99          34
   22.9294472       1.00000000             115          38
   23.9647236      0.828604519              12          36
   27.5881901      0.877216041              67          29
   21.3765335      0.853754163              75          41
   25.0000000      0.924839497              99          34
   26.5529137      0.867697835             115          31
   22.9294472      0.752017319             115          38
   25.5176373      0.798956633             120          33
   23.9647236      0.910330117              12          36
   22.9294472      0.924513221              18          38
   26.5529137      0.982129514              59          31
   27.5881901      0.954958916              67          29
   26.5529137      0.952011883             115          31
   25.5176373      0.859794796             120          33
   22.9294472      0.885399222              18          38
   26.5529137      0.831033468              59          31
   22.9294472      0.694719434              61          38
   21.3765335      0.985134363              67          41
   25.5176373      0.666709602               7          33
   20.3412571      0.557286084              13          43
   26.5529137      0.769844115              15          31
   20.8588943      0.775726438              27          42
   22.9294472      0.568502069              61          38
   21.3765335      0.760420978              67          41
   25.0000000      0.723272204             115          34
   25.5176373      0.829514623               7          33
   20.3412571      0.685721457              13          43
   26.5529137       1.00000000              15          31
   20.8588943      0.971767604              27          42
   21.3765335      0.872079015              49          41
   24.4823627      0.669671297              51          35
   22.9294472      0.882007122              69          38
   25.0000000      0.902041554             115          34
   26.5529137      0.932853401             118          31
   21.3765335      0.921306968              49          41
   24.4823627      0.714311004              51          35
   22.9294472      0.890219629              69          38
   26.5529137       1.00000000             118          31
   26.5529137      0.790042162              58          31
   20.8588943      0.863637626              64          42
   22.4118099      0.803891599              91          39
   28.6234665      0.712800324              32          27
   26.5529137      0.746674955              58          31
   20.8588943      0.695563674              64          42
   22.4118099      0.567970872              91          39
   23.4470863      0.499884784              92          37
   28.6234665      0.862490237              32          27
   23.4470863      0.778738737              92          37
   22.9294472      0.859601021              22          38
   21.8941708      0.957007706              44          40
   21.8941708      0.645471036              57          40
   22.9294472      0.835023165              22          38
   27.0705528      0.885525048              25          30
   24.4823627      0.791783392              33          35
   21.8941708      0.973699689              44          40
   21.8941708      0.641764522              57          40
   23.9647236      0.807059348              98          36
   23.9647236      0.908408701              20          36
   27.0705528      0.873977542              25          30
   24.4823627      0.860881865              33          35
   23.9647236      0.769086599              98          36
   29.1411057      0.893002689             105          26
   20.3412571      0.798902154             109          43
   23.9647236      0.919255197              20          36
   25.0000000      0.936469138              35          34
   21.3765335      0.943463683              41          41
   29.1411057      0.852911711             105          26
   20.3412571      0.993104637             109          43
   26.0352764      0.980296731              14          32
   25.0000000      0.780093372              19          34
   25.0000000      0.879681826              35          34
   21.3765335      0.633005440              41          41
   20.8588943      0.976920068              50          42
   20.8588943      0.750777781              75          42
   26.0352764      0.907739520              14          32
   25.0000000      0.804326236              19          34
   28.6234665      0.770077944              29          27
   25.0000000      0.815639555              40          34
   20.8588943      0.847873151              50          42
   20.8588943      0.756779373              75          42
   28.6234665      0.824842870              29          27
   21.3765335      0.633075893              32          41
   25.0000000      0.803137004              40          34
   21.3765335      0.869344294              32          41
   26.0352764      0.800772130              47          32
   22.4118099      0.786813080              78          39
   21.8941708      0.859957337              87          40
   21.8941708      0.902031481             118          40
   27.5881901      0.782733619              44          29
   26.0352764      0.814884782              47          32
   22.4118099      0.845745146              78          39
   21.8941708      0.786014199              87          40
   20.8588943      0.844913363             110          42
   22.9294472      0.858584404             113          38
   21.8941708      0.796388388             118          40
   25.0000000      0.758957565              30          34
   27.5881901      0.731517792              44          29
   29.6587429      0.731216848              86          25
   23.4470863      0.669513822              91          37
   27.0705528      0.739765525              97          30
   20.8588943      0.884772241             110          42
   22.9294472      0.797225773             113          38
   25.0000000      0.907310128              30          34
   29.6587429      0.730429649              86          25
   23.4470863      0.827528179              91          37
   27.0705528      0.703558922              97          30
   20.8588943      0.894209921             106          42
   25.5176373      0.862250984              22          33
   29.1411057      0.859634757              37          26
   20.8588943      0.883781552             106          42
   26.5529137      0.797088027             111          31
   29.6587429      0.835898638             113          25
   25.5176373      0.635969043              22          33
   29.1411057       1.00000000              37          26
   29.1411057      0.934412479              38          26
   28.6234665      0.956277549              38          27
   25.0000000      0.612299323              89          34
   26.5529137      0.591903090             111          31
   29.6587429      0.575446427             113          25
   27.0705528      0.728569806              10          30
   29.1411057      0.527117133              38          26
   28.6234665      0.514923394              38          27
   25.0000000      0.734599710              62          34
   22.9294472      0.962007403              88          38
   25.0000000      0.916087329              89          34
   25.0000000      0.914958715              92          34
   27.0705528      0.828214884              10          30
   29.6587429      0.839365602              28          25
   28.6234665      0.884054244              32          27
   25.0000000      0.805387855              62          34
   29.1411057      0.898739994              85          26
   22.9294472      0.952168167              88          38
   25.0000000      0.852367640              92          34
   20.3412571      0.747138083             103          43
   25.5176373      0.840549767             120          33
   29.6587429      0.571450353              28          25
   28.6234665       1.00000000              31          27
   28.6234665      0.998310387              32          27
   22.4118099      0.436692268              53          39
   24.4823627      0.438750863              84          35
   29.1411057      0.485737085              85          26
   20.3412571      0.539392531             103          43
   25.5176373      0.589962542             120          33
   28.6234665       1.00000000              31          27
   29.6587429      0.954739809              36          25
   22.4118099      0.705030143              53          39
   24.4823627      0.815994024              84          35
   20.8588943      0.834830225              88          42
   23.9647236      0.923136771              11          36
   29.6587429      0.958294332              36          25
   20.8588943      0.838700473              88          42
   29.1411057      0.938464344             118          26
   27.5881901      0.821772993               9          29
   23.9647236      0.996779263              11          36
   27.5881901      0.791549683              15          29
   21.8941708      0.778396428              17          40
   21.3765335      0.843691707              38          41
   23.4470863      0.783094227              81          37
   29.1411057      0.862771273             118          26
   27.5881901      0.778213501               9          29
   27.5881901      0.840348780              15          29
   21.8941708      0.800848544              17          40
   21.3765335      0.847302973              38          41
   23.4470863      0.785890222              81          37
   23.4470863      0.678900599              56          37
   26.0352764      0.735880494              83          32
   27.0705528      0.767366350              26          30
   23.4470863      0.733021080              56          37
   26.0352764      0.900541544              83          32
   23.4470863      0.784202039              84          37
   27.0705528      0.891776204              26          30
   23.4470863      0.911801100              84          37
   23.4470863      0.911765218              34          37
   22.4118099      0.837044001              67          39
   20.3412571      0.904205203             116          43
   23.4470863      0.989966750              34          37
   22.9294472      0.946283221              42          38
   22.4118099      0.774394691              67          39
   27.0705528      0.995529711              89          30
   20.3412571      0.947001934             116          43
   29.6587429      0.918297827               4          25
   22.9294472      0.801198959              42          38
   27.0705528      0.768181384              72          30
   27.0705528      0.792860866              89          30
   21.8941708      0.864708185             111          40
   29.6587429      0.802505314               4          25
   28.1058292      0.887829304              18          28
   25.5176373      0.747604728              63          33
   27.0705528      0.792454958              72          30
   21.8941708      0.812386215              93          40
   21.8941708      0.778867126             111          40
   28.1058292      0.843437850              18          28
   29.1411057      0.776091576              56          26
   25.5176373      0.840336323              63          33
   26.5529137      0.751602173              77          31
   22.4118099       1.00000000              88          39
   21.8941708      0.903439581              93          40
   27.0705528      0.897075295              94          30
   27.0705528      0.754378438             103          30
   29.1411057      0.917194843              56          26
   25.0000000      0.822475970              74          34
   26.5529137      0.739330113              77          31
   22.4118099      0.995976508              88          39
   27.0705528      0.934401512              94          30
   27.0705528      0.844312549             103          30
   23.9647236      0.748749137             119          36
   29.6587429      0.851944506              42          25
   25.0000000      0.711818457              74          34
   27.5881901      0.991659999              88          29
   27.0705528      0.851076663             116          30
   23.9647236      0.759402990             119          36
   26.5529137      0.716615140              27          31
   29.1411057      0.613042176              30          26
   29.6587429      0.841134787              42          25
   27.5881901      0.904669821              88          29
   29.6587429      0.762578547             107          25
   27.0705528      0.922964633             116          30
   26.5529137      0.712676525              27          31
   29.1411057      0.660717487              30          26
   29.1411057      0.853879154              38          26
   28.1058292      0.969922543              50          28
   29.6587429       1.00000000              89          25
   26.5529137      0.975787222              99          31
   26.0352764      0.920951605             102          32
   29.6587429      0.823139489             107          25
   29.1411057      0.672929168              38          26
   28.1058292      0.788637638              50          28
   29.6587429      0.742885172              89          25
   20.8588943      0.645104051              94          42
   26.5529137      0.691652358              99          31
   26.0352764      0.563130796             102          32
   25.0000000      0.518291771             103          34
   28.1058292      0.935221255              15          28
   23.9647236      0.857671797              23          36
   25.0000000      0.799554765              30          34
   26.5529137       1.00000000              45          31
   24.4823627      0.868151486              48          35
   20.8588943      0.807527542              94          42
   25.0000000      0.824651897             103          34
   28.1058292      0.852048695              15          28
   25.0000000      0.773098290              17          34
   23.9647236      0.874728024              23          36
   25.0000000      0.972948790              30          34
   26.5529137       1.00000000              45          31
   24.4823627      0.967770100              48          35
   26.5529137      0.929103374              98          31
   20.8588943      0.895548820             120          42
   25.0000000      0.812414944              17          34
   23.4470863      0.774951577              46          37
   20.8588943      0.901713848              67          42
   28.6234665      0.840727806              76          27
   26.5529137      0.975107253              98          31
   20.8588943      0.733138204             120          42
   27.0705528      0.838393390              40          30
   23.4470863      0.752038717              46          37
   20.8588943      0.935029089              67          42
   28.6234665       1.00000000              76          27
   27.5881901      0.875995576              83          29
   27.0705528      0.832122862              40          30
   27.5881901      0.842397630              83          29
   26.0352764      0.980102241             120          32
   26.5529137      0.692412615              37          31
   22.4118099      0.550903976              76          39
   20.8588943      0.913019538             117          42
   26.0352764      0.737703562             120          32
   26.5529137      0.556609929              37          31
   24.4823627      0.573607862              65          35
   23.4470863       1.00000000              68          37
   22.9294472      0.977727294              68          38
   22.4118099      0.367404908              76          39
   22.9294472      0.460779279              82          38
   20.8588943      0.668497741             101          42
   20.8588943      0.557351708             117          42
   28.1058292      0.475058138              23          28
   20.3412571      0.554060161              40          43
   28.6234665      0.504519999              61          27
   24.4823627      0.542270660              65          35
   23.4470863       1.00000000              68          37
   22.9294472      0.986675858              68          38
   22.9294472      0.518155277              82          38
   20.8588943      0.482269734             101          42
   20.8588943      0.865639865               6          42
   28.1058292      0.804904222              23          28
   20.3412571       1.00000000              40          43
   21.8941708      0.865069449              60          40
   28.6234665      0.926088989              61          27
   29.1411057      0.823734105               3          26
   20.8588943      0.855871081               6          42
   21.8941708      0.821018636              60          40
   23.4470863      0.864004016              74          37
   23.9647236      0.939373732             121          36
   29.1411057      0.789283872               3          26
   21.8941708      0.945439219              32          40
   20.8588943      0.955227613              33          42
   23.4470863      0.762793362              74          37
   20.8588943      0.546233475             108          42
   23.9647236      0.848934591             121          36
   23.9647236      0.850983500               2          36
   21.8941708       1.00000000              32          40
   20.8588943      0.901108146              33          42
   24.4823627      0.772407889              44          35
   20.3412571      0.899608612              83          43
   20.8588943      0.784357965             108          42
   23.9647236      0.852106631               2          36
   24.4823627      0.816211641              44          35
   22.9294472      0.869835973              47          38
   24.4823627      0.758969843              65          35
   20.8588943      0.803731382              67          42
   20.3412571      0.740030587              83          43
   24.4823627      0.810695648              22          35
   20.3412571      0.672191203              44          43
   22.9294472      0.869545341              47          38
   24.4823627      0.787371457              65          35
   20.8588943      0.892509222              67          42
   28.1058292      0.723287463              75          28
   25.5176373      0.913037300              87          33
   26.0352764      0.959070265             100          32
   24.4823627      0.791658461              22          35
   20.3412571      0.652487099              44          43
   28.1058292      0.699384928              75          28
   26.5529137      0.944639146              79          31
   25.0000000      0.666183472              80          34
   25.5176373      0.834208548              87          33
   26.0352764      0.775321364             100          32
   21.8941708      0.784389973             117          40
   23.9647236      0.683901846              24          36
   26.5529137      0.673458278              79          31
   25.0000000      0.595686436              80          34
   21.8941708      0.674897552             117          40
   23.4470863      0.664014041             120          37
   29.6587429      0.891234219              13          25
   23.9647236      0.819880068              24          36
   22.4118099      0.776300967              45          39
   23.9647236      0.764309466              52          36
   25.5176373      0.806617260              56          33
   23.4470863      0.375080824             119          37
   23.4470863      0.267592162             120          37
   29.6587429      0.929039478              13          25
   24.4823627      0.863050282              25          35
   22.4118099      0.776133180              45          39
   23.9647236      0.771033227              52          36
   25.5176373       1.00000000              56          33
   23.4470863      0.845035791             119          37
   24.4823627      0.891171098              25          35
   29.6587429       1.00000000              32          25
   23.9647236      0.937644839               6          36
   29.6587429      0.821443141              32          25
   25.0000000      0.955886304              80          34
   23.9647236      0.736544013               6          36
   27.5881901      0.687947571              40          29
   25.0000000      0.750977099              80          34
   29.6587429      0.630528688              89          25
   28.6234665      0.794662476               8          27
   27.5881901      0.839016676              40          29
   21.8941708       1.00000000              42          40
   29.6587429      0.781357706              89          25
   27.5881901      0.867108524             100          29
   28.6234665      0.845186651               8          27
   21.8941708      0.975936651              42          40
   20.8588943      0.776256204              50          42
   25.0000000      0.950777411              56          34
   27.5881901      0.827774584             100          29
   20.8588943      0.724026918              50          42
   25.0000000      0.821399391              56          34
   22.9294472      0.836907983              78          38
   22.9294472      0.797994256             120          38
   26.5529137      0.957124233               4          31
   23.4470863      0.907546341              71          37
   22.9294472      0.943828106              78          38
   22.9294472      0.872069001             120          38
   26.5529137      0.772606313               4          31
   23.4470863      0.680907547              71          37
   23.4470863      0.689460933             105          37
   22.4118099      0.681576729             120          39
   26.0352764      0.703141034              10          32
   23.4470863      0.739263415              30          37
   23.4470863      0.864165962             105          37
   22.4118099      0.887675822             120          39
   26.0352764      0.663232267              10          32
   25.0000000      0.840828776              23          34
   23.4470863      0.778961837              30          37
   20.8588943      0.860811710             106          42
   28.6234665      0.787896395              20          27
   25.0000000      0.942463517              23          34
   25.0000000      0.838309765              67          34
   27.0705528      0.909058213              93          30
   20.8588943      0.901066601             106          42
   28.6234665      0.859330118              20          27
   25.0000000      0.853900254              67          34
   28.6234665      0.922733665              84          27
   27.0705528      0.725330114              93          30
   26.0352764      0.628525317               8          32
   22.4118099      0.821030259              69          39
   28.6234665      0.826457500              84          27
   29.1411057      0.812443137              97          26
   26.0352764      0.901501238               8          32
   23.9647236      0.777907014              66          36
   22.4118099      0.912393332              69          39
   29.6587429      0.945098162              79          25
   29.1411057      0.957345843              97          26
   26.0352764      0.857087553             109          32
   26.5529137      0.831529200               2          31
   29.1411057      0.923586249              27          26
   23.9647236      0.822989285              66          36
   29.6587429       1.00000000              79          25
   26.0352764      0.961533368             109          32
   20.8588943      0.854520440             118          42
   22.9294472      0.820171893               1          38
   26.5529137      0.908471644               2          31
   23.9647236      0.481824040               2          36
   29.1411057      0.863472402              27          26
   25.0000000      0.926011622              52          34
   26.0352764      0.877975762              54          32
   20.3412571      0.771324992             103          43
   20.8588943      0.766493738             118          42
   22.9294472      0.693617880               1          38
   23.9647236      0.551771522               2          36
   26.0352764      0.898420691              49          32
   25.0000000      0.860192299              52          34
   26.0352764      0.796705961              54          32
   27.5881901       1.00000000             101          29
   20.3412571      0.949813545             103          43
   26.0352764      0.260159045              49          32
   25.5176373      0.407942861              50          33
   27.5881901      0.890317321             101          29
   25.5176373      0.887774646              50          33
   23.9647236      0.863024652              67          36
   22.9294472      0.856686473              87          38
   27.0705528      0.739308298              18          30
   26.5529137      0.688469231              26          31
   20.3412571      0.733545125              27          43
   23.9647236      0.788815498              67          36
   29.1411057      0.986746550              74          26
   22.9294472       1.00000000              87          38
   27.0705528      0.762515247              18          30
   26.5529137      0.796453238              26          31
   20.3412571      0.675787568              27          43
   29.1411057      0.839396834              74          26
   22.9294472      0.781045139              11          38
   25.5176373      0.806491375              21          33
   25.0000000      0.720925748               1          34
   22.9294472      0.789587379              11          38
   25.5176373      0.784529805              21          33
   21.8941708      0.844205618              26          40
   25.0000000      0.877493799              85          34
   25.0000000      0.960011005               1          34
   21.3765335      0.823181272              14          41
   21.8941708      0.912266493              26          40
   26.0352764      0.945005655              34          32
   26.0352764      0.970277309              41          32
   25.0000000      0.950922310              85          34
   28.6234665      0.902361691             117          27
   21.3765335      0.846824229              14          41
   25.0000000      0.861452997              20          34
   26.0352764      0.746043444              34          32
   26.0352764      0.922383666              41          32
   27.0705528      0.799834013             113          30
   28.6234665       1.00000000             117          27
   28.1058292      0.969429076             119          28
   25.0000000      0.780708253              20          34
   21.3765335      0.913647652              78          41
   27.5881901      0.785133898              85          29
   25.0000000      0.905288160              91          34
   29.6587429      0.834455132             107          25
   27.0705528      0.737935364             113          30
   28.1058292      0.749731839             119          28
   25.0000000      0.844418526               1          34
   28.1058292      0.823788762              22          28
   21.3765335      0.964348912              78          41
   22.4118099      0.785121739              81          39
   27.5881901      0.713266432              85          29
   25.0000000      0.864849269              91          34
   29.6587429      0.803591728             107          25
   25.0000000      0.988558352               1          34
   20.8588943      0.722080946              21          42
   28.1058292      0.940184534              22          28
   21.3765335      0.864651501              27          41
   22.4118099      0.921710491              81          39
   23.4470863      0.794322908             116          37
   20.3412571       1.00000000              13          43
   20.8588943      0.708113432              21          42
   21.3765335      0.915350020              27          41
   27.5881901      0.904921114              41          29
   27.5881901      0.876869798              90          29
   25.5176373      0.846747994             114          33
   23.4470863      0.713680923             116          37
   20.3412571      0.892856956              13          43
   28.6234665      0.814793289              16          27
   27.5881901      0.926655889              41          29
   27.5881901      0.931680620              90          29
   25.5176373      0.897986650             114          33
   28.6234665      0.868741274              16          27
   29.1411057       1.00000000              23          26
   24.4823627      0.817130327              77          35
   20.8588943      0.708434224               5          42
   25.0000000      0.915540338              15          34
   20.3412571      0.965836287              18          43
   29.1411057      0.884193718              23          26
   24.4823627      0.745478451              77          35
   20.8588943      0.826876462               5          42
   25.0000000      0.879226148              15          34
   20.3412571      0.951258600              18          43
   23.4470863      0.739582896              36          37
   28.6234665      0.886686981              61          27
   27.5881901      0.721835434              87          29
   28.6234665      0.965680778              25          27
   23.4470863      0.762858808              36          37
   23.4470863      0.847186446              45          37
   25.5176373      0.829651594              53          33
   28.6234665       1.00000000              61          27
   27.5881901      0.867100179              87          29
   27.0705528      0.838529944              11          30
   28.6234665      0.734075367              13          27
   28.6234665      0.778247654              25          27
   23.4470863      0.770171762              45          37
   25.5176373      0.855033517              53          33
