   33.7998466      0.631881773               2          17
   35.8703995      0.641845644              27          13
   33.2822113      0.691139221              42          18
   32.7645721      0.691187680             121          19
   35.8703995      0.643823922              27          13
   33.7998466      0.678164303             104          17
   34.8351250      0.837191880              19          15
   31.2116566      0.888271809              87          22
   33.7998466      0.848788321             104          17
   30.6940193      0.787178338             121          23
   34.8351250      0.793710589              19          15
   38.4585915      0.787576020              80           8
   31.2116566      0.820677102              87          22
   38.9762268      0.746702433             112           7
   32.2469330      0.840157568             118          20
   30.6940193      0.779962540             121          23
   35.3527603      0.835537732              15          14
   30.6940193      0.787802160              46          23
   30.1763802      0.729559600              52          24
   38.4585915      0.741217315              80           8
   34.8351250      0.692954242              93          15
   38.9762268      0.695701540             112           7
   32.2469330      0.840125084             118          20
   35.3527603      0.851133943              15          14
   30.6940193      0.799432576              46          23
   30.1763802      0.811220169              52          24
   36.3880386      0.878660202              89          12
   34.8351250      0.839215398              93          15
   32.7645721      0.791873276             115          19
   35.3527603      0.917231619              68          14
   36.3880386      0.928255677              89          12
   35.8703995      0.841303825             107          13
   32.7645721       1.00000000             115          19
   34.8351250      0.844400465              10          15
   35.3527603      0.790262759              46          14
   35.3527603      0.862402320              68          14
   35.8703995      0.799158335             107          13
   34.8351250      0.768530667              10          15
   32.2469330      0.789997220              39          20
   35.3527603      0.684140921              46          14
   30.1763802      0.758493960              76          24
   39.4938660      0.809304714              31           6
   32.2469330      0.948737860              39          20
   32.7645721      0.685380697              54          19
   30.1763802      0.816229105              76          24
   34.3174858      0.903564990               2          16
   39.4938660      0.812815964              31           6
   32.7645721      0.767743766              54          19
   30.1763802      0.901025712             101          24
   33.2822113      0.832871079             102          18
   34.3174858      0.883987486               2          16
   39.4938660      0.904653609              57           6
   30.1763802      0.832397640             101          24
   35.8703995      0.848712981             102          13
   33.2822113      0.836168885             102          18
   39.4938660      0.765959084              57           6
   35.8703995      0.831743538             102          13
   30.6940193      0.780047834             104          23
   31.7292957      0.838165700              37          21
   33.2822113      0.832806587              42          18
   35.3527603      0.823493659              82          14
   30.6940193      0.837204874             104          23
   39.4938660      0.845436156             111           6
   34.8351250      0.879489422             120          15
   33.7998466      0.765326560              22          17
   31.7292957      0.699259877              37          21
   33.2822113      0.755480409              42          18
   36.3880386      0.730468094              46          12
   34.8351250      0.750324368              67          15
   35.3527603      0.758167326              82          14
   39.4938660      0.727648854             111           6
   34.8351250      0.786905169             120          15
   33.7998466      0.790995240              22          17
   36.3880386      0.748523176              46          12
   34.8351250      0.683815420              67          15
   38.4585915      0.765815914             119           8
   38.4585915      0.802706957              15           8
   32.7645721      0.905259788              30          19
   31.2116566      0.906956673              81          22
   38.4585915      0.830017209             119           8
   38.4585915      0.816357791              15           8
   35.3527603      0.746481597              20          14
   32.7645721      0.944167316              30          19
   36.3880386      0.809206069              33          12
   38.4585915      0.732738495              67           8
   31.2116566      0.879120886              81          22
   33.7998466       1.00000000              17          17
   35.3527603      0.858002245              20          14
   36.3880386      0.784779251              33          12
   38.4585915      0.827514291              67           8
   36.3880386      0.527036428             113          12
   36.9056778      0.515077829             114          11
   33.7998466      0.793714821              17          17
   33.7998466      0.772278070              89          17
   34.8351250      0.791762054             100          15
   36.3880386      0.480664581             113          12
   36.9056778      0.468481094             114          11
   36.9056778      0.815367818              60          11
   38.4585915      0.864765227              76           8
   33.7998466      0.913273752              89          17
   34.8351250      0.822402179             100          15
   36.9056778      0.877676666              60          11
   38.4585915      0.916183829              76           8
   36.3880386      0.712956429              36          12
   35.3527603      0.781153142             116          14
   36.3880386      0.708530366               5          12
   36.3880386      0.765016615              36          12
   36.9056778      0.779433072              64          11
   35.3527603      0.755854189             116          14
   36.3880386      0.872817576               5          12
   35.8703995       1.00000000              22          13
   37.4233131      0.973002911              28          10
   36.9056778      0.828634143              64          11
   30.1763802      0.758126020              71          24
   35.8703995      0.872291923              79          13
   37.4233131      0.902004123              86          10
   36.3880386      0.853656411             101          12
   34.8351250      0.812989354             116          15
   37.4233131      0.809345067               8          10
   35.8703995      0.933847427              22          13
   37.4233131      0.899704874              28          10
   35.3527603      0.740418196              61          14
   30.1763802      0.913576007              71          24
   35.8703995      0.822729290              79          13
   39.4938660      0.902775228              84           6
   37.4233131      0.943774462              86          10
   30.1763802      0.896572292              92          24
   36.3880386      0.987493038             101          12
   34.8351250      0.872719526             116          15
   38.9762268      0.803601265               7           7
   37.4233131      0.649395645               8          10
   39.4938660      0.715632021              48           6
   35.3527603      0.629292250              61          14
   39.4938660      0.608886600              84           6
   30.1763802      0.703151882              92          24
   30.1763802      0.691306353              95          24
   38.9762268      0.868671179               7           7
   34.3174858      0.730433166              36          16
   36.3880386      0.739289105              37          12
   39.4938660      0.846267879              48           6
   30.1763802      0.756881714              95          24
   36.3880386      0.762761593             118          12
   32.7645721      0.940434396              31          19
   34.3174858      0.901771426              36          16
   36.3880386      0.443291694              37          12
   36.9056778      0.531615317              38          11
   33.7998466      0.828985929              75          17
   36.3880386      0.706329405             118          12
   32.7645721      0.562265337              31          19
   36.9056778      0.505017102              38          11
   30.1763802      0.520642161              54          24
   32.2469330      0.464968622              68          20
   33.7998466      0.527482271              75          17
   39.4938660      0.817197382              18           6
   33.7998466      0.986180425              20          17
   30.1763802      0.877225876              48          24
   30.1763802      0.860755682              54          24
   32.2469330      0.849969447              68          20
   39.4938660      0.838191867              18           6
   33.7998466      0.937559307              20          17
   33.7998466      0.839696169              27          17
   38.4585915      0.885495424              28           8
   30.6940193      0.973813176              31          23
   30.1763802      0.851688802              48          24
   33.7998466      0.911211312              27          17
   38.4585915      0.844888151              28           8
   30.6940193      0.925159156              31          23
   38.9762268      0.827557445              52           7
   34.8351250      0.845704436              75          15
   38.9762268      0.757463872              52           7
   34.8351250      0.750666440              75          15
   35.3527603      0.745532334              21          14
   37.9409523      0.848822474              56           9
   34.8351250      0.712087572              84          15
   35.3527603      0.789669037              21          14
   33.7998466      0.806625783              24          17
   37.9409523      0.904711306              51           9
   37.9409523      0.877582729              56           9
   34.8351250      0.761868834              70          15
   34.8351250      0.764847040              84          15
   37.4233131      0.804582000              94          10
   33.7998466      0.882377625              24          17
   37.9409523      0.863808513              51           9
   37.9409523      0.906491756              66           9
   34.8351250       1.00000000              70          15
   31.7292957      0.789418638              78          21
   36.9056778      0.636076212              93          11
   37.4233131      0.603138208              94          10
   33.2822113      0.898507774             106          18
   35.3527603      0.796872854              62          14
   31.2116566      0.931900084              62          22
   37.9409523      0.869226336              66           9
   31.7292957      0.867192209              78          21
   36.9056778      0.923786402              93          11
   33.2822113      0.886607528             106          18
   32.2469330      0.787672818              11          20
   31.2116566      0.855212808              49          22
   35.3527603      0.855192900              62          14
   31.2116566      0.923933446              62          22
   34.3174858      0.922872245              75          16
   31.7292957      0.955596268              78          21
   32.2469330      0.864238679              11          20
   31.2116566      0.761061788              49          22
   34.3174858      0.810363233              75          16
   31.7292957      0.901544869              78          21
   30.1763802      0.751959145              42          24
   35.8703995      0.728174686              65          13
   37.4233131      0.834636271             114          10
   30.1763802      0.767633557              42          24
   30.6940193      0.699922264              54          23
   35.8703995      0.780211806              65          13
   37.4233131      0.819214880             114          10
   30.1763802       1.00000000               4          24
   34.8351250      0.932087541              25          15
   31.7292957      0.921004117              36          21
   30.6940193      0.995580912              54          23
   34.3174858      0.802592158             115          16
   30.1763802      0.897301674               4          24
   34.8351250      0.808134735              25          15
   31.7292957      0.806891561              36          21
   36.3880386      0.750541568              40          12
   38.4585915      0.848653972              88           8
   33.7998466      0.912082016             112          17
   34.3174858      0.821094036             115          16
   36.3880386      0.804208398              40          12
   30.6940193      0.833678007              68          23
   38.4585915      0.746729016              88           8
   32.2469330      0.686038196              91          20
   33.7998466      0.795892417             112          17
   35.3527603      0.717361331               7          14
   31.2116566      0.999701738              52          22
   32.7645721      0.975482106              53          19
   30.6940193      0.953814566              68          23
   32.2469330      0.823692739              91          20
   35.3527603      0.593226433               7          14
   32.2469330      0.778298676               8          20
   30.6940193      0.709054768              26          23
   31.2116566      0.974192262              52          22
   32.7645721      0.947827518              53          19
   32.2469330      0.998347342              53          20
   34.3174858      0.835912049              54          16
   31.7292957      0.668498635              85          21
   30.1763802      0.712721646             111          24
   32.2469330      0.910490274               8          20
   30.6940193      0.711382091              26          23
   35.3527603      0.912543297              31          14
   32.2469330      0.937087774              53          20
   34.3174858      0.944604397              54          16
   35.3527603      0.846818030              80          14
   31.7292957      0.719291210              85          21
   36.3880386      0.821905494             106          12
   30.1763802      0.946975052             111          24
   36.3880386      0.745238304             121          12
   37.4233131      0.678959846              30          10
   35.3527603      0.850921988              31          14
   31.7292957      0.740070283              51          21
   34.8351250      0.827537298              77          15
   35.3527603      0.873535991              80          14
   33.2822113      0.918406069              93          18
   36.3880386      0.902554512             106          12
   39.4938660      0.902335405             117           6
   36.3880386      0.907818198             121          12
   37.4233131      0.750253201              30          10
   31.7292957      0.760167420              51          21
   37.4233131      0.936947703              67          10
   34.8351250      0.750508726              77          15
   33.2822113      0.928750455              93          18
   39.4938660      0.792298853             117           6
   36.3880386      0.752815545              29          12
   32.7645721      0.804072738              55          19
   37.4233131      0.868607700              67          10
   35.8703995      0.828291893              81          13
   33.7998466      0.890036523             112          17
   36.3880386      0.896018088              29          12
   32.7645721      0.840254903              55          19
   35.8703995      0.841661751              81          13
   33.7998466      0.945155919             112          17
   33.2822113      0.936106265             118          18
   33.7998466      0.645337880              38          17
   32.7645721      0.676438153              45          19
   37.9409523      0.691766322              46           9
   34.3174858      0.663969100              91          16
   33.2822113      0.648087204             100          18
   33.2822113      0.671339154             118          18
   33.7998466      0.523670673              38          17
   32.7645721      0.553022861              45          19
   37.9409523      0.512589276              46           9
   34.3174858      0.487930000              91          16
   33.2822113      0.544817209             100          18
   31.7292957      0.542606890              26          21
   33.7998466      0.499223351              28          17
   33.7998466      0.489983797              97          17
   31.7292957      0.913165927              26          21
   33.7998466      0.919520974              28          17
   31.7292957      0.865549624              51          21
   31.2116566      0.799942017              72          22
   33.7998466      0.885712981              97          17
   36.3880386      0.846871078             110          12
   35.8703995      0.802917123               7          13
   31.7292957      0.874893367              51          21
   35.3527603      0.717259705              72          14
   31.2116566      0.807398319              72          22
   33.2822113      0.790845633             108          18
   38.4585915      0.830277264             109           8
   36.3880386      0.914556742             110          12
   35.8703995      0.666167617               7          13
   31.7292957      0.725037813              25          21
   34.8351250      0.810850978              63          15
   35.3527603      0.752409339              72          14
   33.2822113      0.574186862             108          18
   38.4585915      0.682220042             109           8
   33.7998466      0.733613491              23          17
   31.7292957      0.748916984              25          21
   34.8351250      0.876870573              63          15
   34.3174858      0.809304059             119          16
   37.4233131      0.839153647              18          10
   33.7998466      0.697543919              23          17
   31.2116566      0.837714732              45          22
   38.4585915      0.730568290              65           8
   35.3527603      0.714108825              85          14
   34.3174858      0.723451853             119          16
   31.2116566      0.767067075               7          22
   37.4233131      0.903851032              18          10
   31.2116566      0.984116614              45          22
   38.4585915      0.925203204              65           8
   31.7292957      0.855383635              80          21
   35.3527603      0.934151232              85          14
   31.7292957      0.973269522              92          21
   35.8703995      0.865521371             110          13
   39.4938660      0.669209898               4           6
   31.2116566      0.750480235               7          22
   36.9056778      0.787183702              47          11
   35.8703995      0.717145681              67          13
   31.7292957      0.788350463              80          21
   31.7292957      0.797275662              92          21
   35.8703995      0.814138651             110          13
   39.4938660      0.607908130               4           6
   38.4585915      0.711370647              30           8
   36.9056778      0.642652154              47          11
   35.8703995      0.739132881              67          13
   38.4585915      0.883586764              30           8
   39.4938660      0.867237031              50           6
   30.6940193      0.848921716              86          23
   35.3527603      0.792317390              10          14
   35.8703995      0.910798848              30          13
   30.6940193      0.712547243              35          23
   39.4938660      0.935252428              50           6
   31.7292957      0.857208014              60          21
   30.6940193      0.883221030              86          23
   30.6940193      0.832467318             102          23
   35.3527603      0.725966156              10          14
   35.8703995      0.888208926              30          13
   30.6940193      0.988951921              35          23
   31.7292957      0.911602497              60          21
   30.6940193      0.945095778             102          23
   35.3527603      0.856534958             112          14
   35.3527603      0.832697928             119          14
   32.2469330      0.825752079               9          20
   37.9409523      0.735889494              19           9
   30.6940193      0.861327589              24          23
   31.2116566      0.931583166              43          22
   30.1763802      0.919983089              93          24
   34.3174858      0.813781559              98          16
   35.3527603      0.838506639             112          14
   35.3527603      0.781307936             119          14
   35.8703995      0.628780425               6          13
   32.2469330      0.645851374               9          20
   37.9409523      0.606764078              19           9
   30.6940193      0.749450147              24          23
   31.2116566      0.749175668              43          22
   34.8351250      0.656665623              58          15
   30.1763802      0.692851901              93          24
   34.3174858      0.659224987              98          16
   35.8703995      0.657989979               6          13
   34.3174858      0.829491496              37          16
   30.1763802      0.785427928              41          24
   34.8351250      0.792882681              58          15
   31.7292957      0.847237647             111          21
   34.3174858      0.803297520              37          16
   37.4233131      0.823912680              38          10
   30.1763802       1.00000000              41          24
   37.9409523      0.782552361              48           9
   32.7645721      0.849400163              75          19
   32.2469330      0.730407298              79          20
   36.9056778      0.815009415             100          11
   31.7292957      0.912245452             111          21
   37.4233131      0.835377455              38          10
   37.9409523      0.642265022              48           9
   32.7645721      0.804766357              75          19
   32.2469330      0.727978408              79          20
   34.3174858      0.748689890              87          16
   36.9056778      0.788927853             100          11
   33.7998466      0.968783081               5          17
   30.1763802      0.943559587              33          24
   32.2469330      0.938649654              56          20
   34.3174858      0.855020642              87          16
   33.7998466      0.770446837               5          17
   30.1763802      0.715940833              33          24
   32.2469330      0.672695756              56          20
   31.2116566      0.652758121              92          22
   33.2822113      0.707871437              49          18
   37.4233131      0.722381890              68          10
   31.2116566      0.715304911              92          22
   35.8703995      0.633335292              93          13
   39.4938660      0.713931084              95           6
   32.2469330      0.757268250             101          20
   37.9409523      0.712986648             110           9
   36.3880386      0.768601656               3          12
   33.2822113      0.751356900              49          18
   38.9762268      0.866222441              59           7
   37.4233131      0.728440583              68          10
   35.8703995      0.705154955              93          13
   39.4938660      0.729465008              95           6
   32.2469330      0.778370976             101          20
   37.9409523      0.712285876             110           9
   36.3880386      0.798740506               3          12
   32.2469330      0.918850839               6          20
   37.4233131       1.00000000              57          10
   38.9762268      0.946699500              59           7
   32.2469330      0.887151957               6          20
   34.8351250      0.794247508              18          15
   34.3174858      0.875024796              47          16
   37.4233131      0.953918636              57          10
   30.6940193      0.766854823              70          23
   32.2469330      0.840180337             115          20
   33.7998466      0.707928836               6          17
   34.8351250      0.720355809              18          15
   35.3527603      0.775577068              42          14
   34.3174858      0.896154761              47          16
   30.6940193      0.715543091              70          23
   38.4585915      0.729864657             106           8
   32.2469330      0.767803848             115          20
   33.7998466      0.805018961               6          17
   35.8703995      0.979308188              30          13
   35.3527603       1.00000000              42          14
   32.7645721      0.877048314              94          19
   38.4585915      0.783576310             106           8
   31.2116566      0.941717446               8          22
   35.8703995      0.829319596              30          13
   31.2116566      0.875600815              37          22
   34.3174858      0.953238904              73          16
   38.4585915      0.840233982              82           8
   32.7645721      0.903968453              94          19
   35.3527603      0.897244036             106          14
   31.2116566      0.732587874               8          22
   31.2116566      0.790514767              37          22
   31.7292957      0.829014182              44          21
   34.3174858      0.843030334              73          16
   30.6940193      0.914235115              81          23
   38.4585915      0.855627716              82           8
   30.6940193       1.00000000              91          23
   35.3527603      0.879240394             106          14
   34.3174858      0.668336153              28          16
   31.7292957      0.751137197              44          21
   36.9056778      0.774329662              55          11
   30.1763802      0.700199366              77          24
   30.6940193      0.745037794              81          23
   30.6940193      0.835428238              91          23
   37.4233131      0.786003232              92          10
   35.3527603      0.843625605              17          14
   34.8351250      0.855936706              19          15
   31.2116566      0.745612919              22          22
   35.3527603      0.792698979              28          14
   34.3174858      0.860022068              28          16
   38.9762268      0.778468072              31           7
   36.9056778      0.874961615              55          11
   30.1763802      0.775649607              77          24
   37.4233131      0.815252483              92          10
   32.2469330      0.771993995              96          20
   30.6940193      0.710093260              13          23
   35.3527603      0.843622386              17          14
   34.8351250      0.701807916              19          15
   31.2116566      0.750744283              22          22
   35.3527603      0.740235269              28          14
   38.9762268      0.718272924              31           7
   39.4938660      0.777941585              36           6
   31.2116566      0.644383669              73          22
   32.7645721      0.745041370              74          19
   34.3174858      0.810232878              94          16
   32.2469330      0.724310160              96          20
   30.6940193      0.777551711              13          23
   39.4938660      0.795003474              36           6
   36.3880386      0.761310756              64          12
   31.2116566      0.814306557              73          22
   32.7645721      0.745042920              74          19
   32.2469330      0.779761434              79          20
   34.3174858      0.755386233              94          16
   31.7292957      0.769410908             102          21
   31.2116566      0.733311772             117          22
   39.4938660      0.925835490              23           6
   36.3880386      0.791524112              64          12
   38.9762268      0.759240270              66           7
   32.2469330      0.801833332              79          20
   31.7292957      0.780800700             102          21
   31.7292957      0.806485713             107          21
   31.2116566      0.795290232             117          22
   39.4938660      0.811365664              23           6
   38.9762268      0.782136977              66           7
   37.9409523      0.825900495              92           9
   31.7292957      0.794277489             107          21
   33.7998466      0.810376406              28          17
   32.7645721      0.740882993              31          19
   30.6940193      0.827479780              60          23
   37.9409523      0.706301570              92           9
   33.7998466      0.939193070              28          17
   32.7645721      0.975737274              31          19
   30.6940193      0.903469324              60          23
   30.6940193      0.954210043              84          23
   38.9762268      0.917670548              94           7
   34.8351250      0.967011929             100          15
   37.4233131      0.943980634             118          10
   36.9056778      0.867440701              29          11
   30.6940193      0.752177000              84          23
   38.9762268      0.876936197              94           7
   34.8351250      0.857318223             100          15
   37.4233131      0.928083181             118          10
   36.9056778      0.825391173              29          11
   35.3527603      0.823589385              65          14
   33.7998466      0.811633348              81          17
   32.7645721      0.843581617              89          19
   31.7292957      0.791383088              28          21
   35.3527603      0.818685710              65          14
   34.3174858      0.643291473              71          16
   33.7998466      0.695538938              81          17
   32.7645721      0.846583724              89          19
   33.7998466      0.935138047              91          17
   33.7998466      0.888783157              23          17
   31.7292957      0.882295191              28          21
   35.8703995      0.701887608              29          13
   34.3174858      0.832721293              71          16
   33.7998466      0.923324645              91          17
   36.9056778      0.807962656             106          11
   33.7998466      0.933136761               9          17
   33.7998466      0.937139809              23          17
   35.8703995      0.764658391              29          13
   36.9056778      0.819715559             106          11
   33.7998466      0.978026509               9          17
   36.3880386      0.966474295              50          12
   31.2116566      0.854190707              72          22
   34.3174858      0.867818117              83          16
   33.7998466      0.829245925              30          17
   36.3880386      0.791699946              50          12
   31.2116566      0.921788692              72          22
   37.9409523      0.868088186              75           9
   34.3174858      0.923506796              83          16
   34.8351250      0.833444893              16          15
   33.7998466      0.712661445              30          17
   35.8703995      0.759983957              35          13
   37.9409523      0.714930356              75           9
   30.1763802      0.804647148              87          24
   38.4585915      0.714571536              99           8
   36.9056778      0.731069207             119          11
   34.8351250      0.879031599              16          15
   30.6940193      0.794114232              29          23
   35.8703995       1.00000000              35          13
   35.3527603      0.975594938              42          14
   30.6940193      0.760332048              74          23
   30.1763802      0.811082661              87          24
   37.9409523      0.805816829              94           9
   38.4585915      0.732922375              99           8
   36.9056778      0.738887548             119          11
   30.6940193      0.925606012              29          23
   35.3527603      0.803303123              42          14
   30.6940193      0.805414498              74          23
   36.9056778      0.881397486              84          11
   37.9409523      0.906979740              94           9
   36.9056778      0.770889759              84          11
