          18           2  -31.9139996      -71.1019974      0.820904434    
          18           6  -31.9109993      -71.1839981      0.817197382    
          20          17  -31.8670006      -71.4059982      0.986180425    
          31          27  -31.6609993      -71.5999985       1.00000000    
          36          25  -31.5720005      -71.5540009      0.954739809    
          38          61  -31.5060005      -72.2839966      0.997426927    
          41          68  -31.4449997      -72.4219971      0.675105333    
          48          24  -31.3570004      -71.5220032      0.877225876    
          53          39  -31.2539997      -71.8219986      0.705030143    
          54          24  -31.2490005      -71.5169983      0.860755682    
          56           5  -31.2269993      -71.1299973      0.858113885    
          59           2  -31.1749992      -71.0670013      0.702255368    
          65          48  -31.0310001      -71.9909973      0.923657119    
          68          20  -30.9990005      -71.4229965      0.849969447    
          70          62  -30.9279995      -72.2689972      0.701829255    
          84          35  -30.6989994      -71.7099991      0.815994024    
          88          42  -30.6210003      -71.8470001      0.834830225    
          88          61  -30.6049995      -72.2289963      0.811537385    
          98          52  -30.4330006      -72.0380020      0.812777758    
         109          70  -30.2180004      -72.3870010      0.836113036    
