           2          16  -32.1920013      -71.4029999      0.883987486    
           7          52  -32.0719986      -72.1340027      0.728552222    
          15          44  -31.9349995      -71.9619980      0.680602968    
          17          62  -31.8829994      -72.3270035       1.00000000    
          44          55  -31.4029999      -72.1549988      0.907028675    
          50          47  -31.3020000      -71.9869995      0.738463461    
          57           6  -31.2080002      -71.1490021      0.904653609    
          58          31  -31.1709995      -71.6549988      0.790042162    
          64          42  -31.0540009      -71.8710022      0.863637626    
          71          55  -30.9160004      -72.1259995      0.788308203    
          81          49  -30.7420006      -71.9950027      0.920409024    
          82          70  -30.7049999      -72.4169998      0.819487989    
          89           4  -30.6329994      -71.0810013      0.883095860    
          89          58  -30.5890007      -72.1679993      0.742151797    
          89          61  -30.5869999      -72.2279968      0.588950813    
          91          39  -30.5699997      -71.7839966      0.803891599    
         101          24  -30.4020004      -71.4729996      0.832397640    
         102           3  -30.3990002      -71.0500031      0.696225703    
         102          13  -30.3920002      -71.2509995      0.848712981    
         102          18  -30.3880005      -71.3509979      0.836168885    
