           1          49  -32.1829987      -72.0790024       1.00000000    
          16          45  -31.9160004      -71.9810028      0.686435580    
          18          30  -31.8929996      -71.6729965      0.762515247    
          23           6  -31.8209991      -71.1790009      0.925835490    
          26          31  -31.7479992      -71.6859970      0.796453238    
          27          43  -31.7199993      -71.9290009      0.675787568    
          30          64  -31.6469994      -72.3529968      0.947895944    
          39          50  -31.4969997      -72.0589981      0.757540405    
          49          58  -31.3099995      -72.2109985      0.813172102    
          64          12  -31.0779991      -71.2649994      0.791524112    
          64          54  -31.0429993      -72.1139984      0.781863272    
          66           7  -31.0450001      -71.1620026      0.759240270    
          74          26  -30.8869991      -71.5380020      0.839396834    
          79          20  -30.8010006      -71.4120026      0.801833332    
          86          66  -30.6359997      -72.3320007      0.811323881    
         102          21  -30.3859997      -71.4110031      0.780800700    
         105           3  -30.3449993      -71.0469971      0.835725188    
         107          21  -30.2959995      -71.4069977      0.806485713    
         117          22  -30.1149998      -71.4179993      0.795290232    
         121          65  -30.0070000      -72.2740021      0.814541221    
