           4          67  -32.1119995      -72.4440002      0.721873462    
          14          32  -31.9629993      -71.7180023      0.907739520    
          17          17  -31.9209995      -71.4089966      0.793714821    
          19          34  -31.8710003      -71.7539978      0.804326236    
          20          44  -31.8449993      -71.9570007      0.898527861    
          29          27  -31.6970005      -71.6009979      0.770077944    
          38           2  -31.5529995      -71.0849991      0.774742246    
          40          34  -31.4930000      -71.7330017      0.815639555    
          46          48  -31.3729992      -72.0110016      0.991999805    
          46          60  -31.3619995      -72.2539978      0.827536464    
          50          42  -31.3059998      -71.8850021      0.847873151    
          71          60  -30.9120007      -72.2269974      0.807453334    
          75          42  -30.8560009      -71.8600006      0.756779373    
          87          70  -30.6149998      -72.4110031      0.705829382    
          89          17  -30.6229992      -71.3430023      0.772278070    
         100          15  -30.4260006      -71.2929993      0.791762054    
         109          45  -30.2399998      -71.8860016      0.723802149    
         113          12  -30.1940002      -71.2210007      0.480664581    
         114          11  -30.1770000      -71.1999969      0.468481094    
         115           2  -30.1660004      -71.0189972      0.797731578    
