           4          25  -32.1489983      -71.5849991      0.802505314    
          10          59  -32.0120010      -72.2740021       1.00000000    
          18          28  -31.8939991      -71.6330032      0.887829304    
          26          45  -31.7360001      -71.9710007      0.758170962    
          29          47  -31.6800003      -72.0090027      0.748053730    
          29          60  -31.6690006      -72.2730026      0.773923934    
          36          63  -31.5400009      -72.3259964      0.918162107    
          39          53  -31.4950008      -72.1200027      0.797180474    
          40          48  -31.4810009      -72.0169983      0.605745852    
          42          24  -31.4650002      -71.5279999      0.751959145    
          55          46  -31.2129993      -71.9609985      0.923995435    
          63          33  -31.0790005      -71.6900024      0.747604728    
          65          13  -31.0590000      -71.2839966      0.728174686    
          72          30  -30.9190006      -71.6210022      0.792454958    
          86          46  -30.6539993      -71.9290009      0.824131250    
          88          51  -30.6140003      -72.0279999      0.829219520    
          93          40  -30.5330009      -71.8020020      0.812386215    
         108           4  -30.2900009      -71.0650024      0.796205342    
         111          40  -30.2089996      -71.7839966      0.778867126    
         114          10  -30.1779995      -71.1800003      0.834636271    
