          27           2  -31.7520008      -71.0940018      0.775920093    
          32          27  -31.6429996      -71.5989990      0.712800324    
          44          55  -31.4029999      -72.1549988      0.821215987    
          50          47  -31.3020000      -71.9869995      0.754691839    
          56          69  -31.1739998      -72.4260025       1.00000000    
          57           6  -31.2080002      -71.1490021      0.765959084    
          58          31  -31.1709995      -71.6549988      0.746674955    
          64          42  -31.0540009      -71.8710022      0.695563674    
          81          49  -30.7420006      -71.9950027      0.822410882    
          84          63  -30.6749992      -72.2740021      0.763801098    
          85          67  -30.6529999      -72.3529968      0.825219989    
          89           4  -30.6329994      -71.0810013      0.722168982    
          89          58  -30.5890007      -72.1679993      0.637708604    
          91          39  -30.5699997      -71.7839966      0.567970872    
          92          37  -30.5529995      -71.7419968      0.499884784    
          98          64  -30.4220009      -72.2789993      0.773226321    
         102          13  -30.3920002      -71.2509995      0.831743538    
         104          23  -30.3479996      -71.4499969      0.780047834    
         110          46  -30.2220001      -71.9049988      0.575131416    
         114          51  -30.1450005      -72.0009995      0.783436239    
