           7           7  -32.1080017      -71.2139969      0.868671179    
          10          30  -32.0369987      -71.6809998      0.728569806    
          12          49  -31.9850006      -72.0670013      0.657374144    
          36          16  -31.5790005      -71.3710022      0.730433166    
          37          12  -31.5639992      -71.2890015      0.739289105    
          38          26  -31.5349998      -71.5719986      0.527117133    
          38          27  -31.5349998      -71.5930023      0.514923394    
          48           6  -31.3700008      -71.1569977      0.846267879    
          54          59  -31.2189999      -72.2259979      0.788338900    
          62          34  -31.0960007      -71.7109985      0.734599710    
          64          58  -31.0400009      -72.1949997       1.00000000    
          72          53  -30.8999996      -72.0849991      0.905467331    
          83          70  -30.6870003      -72.4160004      0.638507247    
          84          55  -30.6819992      -72.1129990      0.671641588    
          88          38  -30.6250000      -71.7659988      0.962007403    
          89          34  -30.6100006      -71.6849976      0.916087329    
          91          45  -30.5650005      -71.9039993      0.743014157    
          92          34  -30.5559998      -71.6819992      0.914958715    
          95          24  -30.5100002      -71.4779968      0.756881714    
         118          12  -30.1040001      -71.2170029      0.762761593    
