2 17 -32.1910019 -71.4229965 0.631881773 1
3 37 -32.1570015 -71.8310013 0.589196503 1
10 36 -32.0320015 -71.8040009 0.574487865 1
17 2 -31.9319992 -71.1029968 0.656864822 1
27 13 -31.7439995 -71.3180008 0.641845644 1
40 46 -31.4829998 -71.9769974 0.768818855 1
42 18 -31.4699993 -71.4059982 0.691139221 1
43 44 -31.4300003 -71.9329987 0.820974708 1
45 66 -31.3750000 -72.3769989 0.536402941 1
47 51 -31.3519993 -72.0709991 0.751384139 1
54 53 -31.2240009 -72.1039963 0.779821038 1
59 61 -31.1270008 -72.2610016 0.586789727 1
69 56 -30.9519997 -72.1490021 0.653046548 1
79 35 -30.7889996 -71.7149963 0.633002639 1
79 64 -30.7639999 -72.2990036 0.908990502 1
80 62 -30.7479992 -72.2580032 0.940601408 1
91 48 -30.5620003 -71.9649963 0.727167845 1
109 5 -30.2719994 -71.0839996 0.648413777 1
117 25 -30.1119995 -71.4779968 0.675994456 1
121 19 -30.0450001 -71.3539963 0.691187680 1
3 37 -32.1570015 -71.8310013 0.647624195 2
13 48 -31.9669991 -72.0459976 0.798255146 2
17 2 -31.9319992 -71.1029968 0.665769100 2
26 53 -31.7290001 -72.1340027 0.779058397 2
27 13 -31.7439995 -71.3180008 0.643823922 2
40 46 -31.4829998 -71.9769974 0.708237410 2
41 51 -31.4599991 -72.0770035 0.758477390 2
47 51 -31.3519993 -72.0709991 0.792148232 2
49 54 -31.3139992 -72.1299973 0.930603027 2
54 53 -31.2240009 -72.1039963 0.820500374 2
56 69 -31.1739998 -72.4260025 0.855184376 2
73 28 -30.9029999 -71.5800018 0.739344060 2
79 35 -30.7889996 -71.7149963 0.790579736 2
79 64 -30.7639999 -72.2990036 0.926915467 2
80 62 -30.7479992 -72.2580032 0.880256355 2
82 31 -30.7380009 -71.6309967 0.628620327 2
92 35 -30.5550003 -71.7020035 0.744829953 2
104 17 -30.3530006 -71.3290024 0.678164303 2
109 5 -30.2719994 -71.0839996 0.670944691 2
117 69 -30.0750008 -72.3580017 0.632504821 2
13 48 -31.9669991 -72.0459976 0.971071601 3
19 15 -31.8859997 -71.3659973 0.837191880 3
26 53 -31.7290001 -72.1340027 0.959159791 3
32 35 -31.6359997 -71.7610016 0.874739945 3
41 51 -31.4599991 -72.0770035 0.914197683 3
49 54 -31.3139992 -72.1299973 0.912620544 3
56 69 -31.1739998 -72.4260025 1.00000000 3
67 64 -30.9799995 -72.3119965 0.840805948 3
73 28 -30.9029999 -71.5800018 0.951226532 3
74 33 -30.8810005 -71.6790009 0.927380264 3
74 49 -30.8680000 -72.0019989 0.688390255 3
80 30 -30.7749996 -71.6129990 0.997784972 3
82 31 -30.7380009 -71.6309967 0.964320123 3
87 22 -30.6550007 -71.4449997 0.888271809 3
92 35 -30.5550003 -71.7020035 0.761974514 3
104 17 -30.3530006 -71.3290024 0.848788321 3
109 31 -30.2520008 -71.6060028 0.820553303 3
117 69 -30.0750008 -72.3580017 0.795074165 3
118 44 -30.0790005 -71.8570023 0.925541162 3
121 23 -30.0419998 -71.4339981 0.787178338 3
19 15 -31.8859997 -71.3659973 0.793710589 4
19 69 -31.8400002 -72.4670029 0.798602641 4
32 35 -31.6359997 -71.7610016 0.779700637 4
49 43 -31.3230000 -71.9069977 0.733199358 4
67 45 -30.9969997 -71.9290009 0.699535608 4
67 64 -30.9799995 -72.3119965 0.787740946 4
74 33 -30.8810005 -71.6790009 0.784769356 4
74 49 -30.8680000 -72.0019989 0.669694841 4
80 8 -30.7919998 -71.1699982 0.787576020 4
80 30 -30.7749996 -71.6129990 0.873870611 4
80 33 -30.7730007 -71.6740036 0.811743438 4
82 58 -30.7159996 -72.1750031 0.740006328 4
87 22 -30.6550007 -71.4449997 0.820677102 4
88 70 -30.5970001 -72.4100037 0.803858638 4
109 3 -30.2730007 -71.0439987 0.736256242 4
109 31 -30.2520008 -71.6060028 0.709912419 4
112 7 -30.2159996 -71.1220016 0.746702433 4
118 20 -30.0979996 -71.3769989 0.840157568 4
118 44 -30.0790005 -71.8570023 0.779713213 4
121 23 -30.0419998 -71.4339981 0.779962540 4
15 14 -31.9589996 -71.3499985 0.835537732 5
19 69 -31.8400002 -72.4670029 0.808770001 5
42 48 -31.4449997 -72.0149994 0.997996271 5
46 23 -31.3939991 -71.5039978 0.787802160 5
49 43 -31.3230000 -71.9069977 0.938932776 5
52 24 -31.2849998 -71.5189972 0.729559600 5
61 49 -31.1019993 -72.0159988 0.757902861 5
67 45 -30.9969997 -71.9290009 0.887564063 5
75 41 -30.8560009 -71.8399963 0.671424210 5
80 8 -30.7919998 -71.1699982 0.741217315 5
80 33 -30.7730007 -71.6740036 0.734988987 5
82 58 -30.7159996 -72.1750031 0.732017338 5
88 70 -30.5970001 -72.4100037 0.767995358 5
89 2 -30.6340008 -71.0410004 0.797562838 5
93 15 -30.5529995 -71.2990036 0.692954242 5
99 34 -30.4300003 -71.6750031 0.798691511 5
109 3 -30.2730007 -71.0439987 0.851746619 5
112 7 -30.2159996 -71.1220016 0.695701540 5
115 38 -30.1380005 -71.7399979 1.00000000 5
118 20 -30.0979996 -71.3769989 0.840125084 5
12 36 -31.9960003 -71.8020020 0.828604519 6
15 14 -31.9589996 -71.3499985 0.851133943 6
42 48 -31.4449997 -72.0149994 0.903750122 6
46 23 -31.3939991 -71.5039978 0.799432576 6
52 24 -31.2849998 -71.5189972 0.811220169 6
61 49 -31.1019993 -72.0159988 0.740612984 6
67 29 -31.0100002 -71.6050034 0.877216041 6
75 41 -30.8560009 -71.8399963 0.853754163 6
86 53 -30.6480007 -72.0699997 0.845369279 6
89 2 -30.6340008 -71.0410004 0.839630783 6
89 12 -30.6270008 -71.2419968 0.878660202 6
91 45 -30.5650005 -71.9039993 0.859369874 6
91 65 -30.5470009 -72.3059998 1.00000000 6
93 15 -30.5529995 -71.2990036 0.839215398 6
99 34 -30.4300003 -71.6750031 0.924839497 6
115 19 -30.1529999 -71.3590012 0.791873276 6
115 31 -30.1439991 -71.5999985 0.867697835 6
115 38 -30.1380005 -71.7399979 0.752017319 6
120 33 -30.0520000 -71.6350021 0.798956633 6
121 49 -30.0209999 -71.9540024 0.650207341 6
8 56 -32.0499992 -72.2139969 0.975624800 7
12 36 -31.9960003 -71.8020020 0.910330117 7
18 38 -31.8859997 -71.8369980 0.924513221 7
37 53 -31.5310001 -72.1220016 0.889372468 7
59 31 -31.1529999 -71.6539993 0.982129514 7
63 51 -31.0639992 -72.0540009 0.851649404 7
67 29 -31.0100002 -71.6050034 0.954958916 7
68 14 -31.0039997 -71.3010025 0.917231619 7
71 57 -30.9150009 -72.1669998 0.801241755 7
73 47 -30.8869991 -71.9629974 0.843113542 7
86 53 -30.6480007 -72.0699997 0.863611281 7
89 12 -30.6270008 -71.2419968 0.928255677 7
91 45 -30.5650005 -71.9039993 0.906174719 7
91 65 -30.5470009 -72.3059998 0.902862787 7
99 65 -30.4029999 -72.2979965 0.967676342 7
107 13 -30.3020000 -71.2460022 0.841303825 7
115 19 -30.1529999 -71.3590012 1.00000000 7
115 31 -30.1439991 -71.5999985 0.952011883 7
120 33 -30.0520000 -71.6350021 0.859794796 7
121 49 -30.0209999 -71.9540024 0.774820566 7
3 4 -32.1829987 -71.1559982 0.717366815 8
8 56 -32.0499992 -72.2139969 1.00000000 8
10 15 -32.0480003 -71.3750000 0.844400465 8
13 47 -31.9680004 -72.0250015 0.790078163 8
18 38 -31.8859997 -71.8369980 0.885399222 8
32 46 -31.6270008 -71.9850006 0.828704238 8
37 53 -31.5310001 -72.1220016 0.692722797 8
46 14 -31.3999996 -71.3209991 0.790262759 8
59 31 -31.1529999 -71.6539993 0.831033468 8
61 38 -31.1110001 -71.7929993 0.694719434 8
63 51 -31.0639992 -72.0540009 0.676149905 8
67 41 -31.0009995 -71.8479996 0.985134363 8
68 14 -31.0039997 -71.3010025 0.862402320 8
71 57 -30.9150009 -72.1669998 0.712797642 8
73 47 -30.8869991 -71.9629974 0.620187640 8
81 66 -30.7259998 -72.3369980 0.605525792 8
81 68 -30.7250004 -72.3779984 0.535351753 8
96 51 -30.4699993 -72.0199966 0.768048763 8
99 65 -30.4029999 -72.2979965 0.839949191 8
107 13 -30.3020000 -71.2460022 0.799158335 8
3 4 -32.1829987 -71.1559982 0.714432776 9
7 33 -32.0880013 -71.7450027 0.666709602 9
10 15 -32.0480003 -71.3750000 0.768530667 9
13 43 -31.9720001 -71.9440002 0.557286084 9
13 47 -31.9680004 -72.0250015 0.891099095 9
15 31 -31.9459991 -71.6969986 0.769844115 9
15 49 -31.9309998 -72.0640030 0.979536116 9
27 42 -31.7199993 -71.9089966 0.775726438 9
32 46 -31.6270008 -71.9850006 0.557093799 9
39 20 -31.5219994 -71.4499969 0.789997220 9
46 14 -31.3999996 -71.3209991 0.684140921 9
61 38 -31.1110001 -71.7929993 0.568502069 9
67 41 -31.0009995 -71.8479996 0.760420978 9
73 68 -30.8689995 -72.3870010 0.599271417 9
76 24 -30.8519993 -71.4960022 0.758493960 9
81 66 -30.7259998 -72.3369980 0.540749788 9
81 68 -30.7250004 -72.3779984 0.425770909 9
94 70 -30.4890003 -72.4039993 0.716815710 9
96 51 -30.4699993 -72.0199966 0.710960388 9
115 34 -30.1410007 -71.6600037 0.723272204 9
4 67 -32.1119995 -72.4440002 0.861522973 10
7 33 -32.0880013 -71.7450027 0.829514623 10
10 67 -32.0040016 -72.4369965 0.675411522 10
13 43 -31.9720001 -71.9440002 0.685721457 10
15 31 -31.9459991 -71.6969986 1.00000000 10
15 49 -31.9309998 -72.0640030 0.934532762 10
26 63 -31.7199993 -72.3369980 0.929605126 10
27 42 -31.7199993 -71.9089966 0.971767604 10
31 6 -31.6770000 -71.1719971 0.809304714 10
39 20 -31.5219994 -71.4499969 0.948737860 10
49 41 -31.3250008 -71.8659973 0.872079015 10
51 35 -31.2940006 -71.7419968 0.669671297 10
54 19 -31.2520008 -71.4150009 0.685380697 10
69 38 -30.9669991 -71.7850037 0.882007122 10
73 68 -30.8689995 -72.3870010 0.749130666 10
76 24 -30.8519993 -71.4960022 0.816229105 10
84 70 -30.6690006 -72.4150009 0.802603781 10
94 70 -30.4890003 -72.4039993 0.927530587 10
115 34 -30.1410007 -71.6600037 0.902041554 10
118 31 -30.0900002 -71.5970001 0.932853401 10
2 16 -32.1920013 -71.4029999 0.903564990 11
4 67 -32.1119995 -72.4440002 0.941968739 11
7 52 -32.0719986 -72.1340027 0.929651678 11
10 67 -32.0040016 -72.4369965 0.730133653 11
15 44 -31.9349995 -71.9619980 0.992809296 11
17 62 -31.8829994 -72.3270035 0.932138979 11
26 63 -31.7199993 -72.3369980 0.938958287 11
31 6 -31.6770000 -71.1719971 0.812815964 11
49 41 -31.3250008 -71.8659973 0.921306968 11
51 35 -31.2940006 -71.7419968 0.714311004 11
54 19 -31.2520008 -71.4150009 0.767743766 11
69 38 -30.9669991 -71.7850037 0.890219629 11
71 55 -30.9160004 -72.1259995 0.908957601 11
82 70 -30.7049999 -72.4169998 0.913421690 11
84 70 -30.6690006 -72.4150009 0.906579375 11
89 61 -30.5869999 -72.2279968 0.793279469 11
101 24 -30.4020004 -71.4729996 0.901025712 11
102 3 -30.3990002 -71.0500031 0.818271220 11
102 18 -30.3880005 -71.3509979 0.832871079 11
118 31 -30.0900002 -71.5970001 1.00000000 11
2 16 -32.1920013 -71.4029999 0.883987486 12
7 52 -32.0719986 -72.1340027 0.728552222 12
15 44 -31.9349995 -71.9619980 0.680602968 12
17 62 -31.8829994 -72.3270035 1.00000000 12
44 55 -31.4029999 -72.1549988 0.907028675 12
50 47 -31.3020000 -71.9869995 0.738463461 12
57 6 -31.2080002 -71.1490021 0.904653609 12
58 31 -31.1709995 -71.6549988 0.790042162 12
64 42 -31.0540009 -71.8710022 0.863637626 12
71 55 -30.9160004 -72.1259995 0.788308203 12
81 49 -30.7420006 -71.9950027 0.920409024 12
82 70 -30.7049999 -72.4169998 0.819487989 12
89 4 -30.6329994 -71.0810013 0.883095860 12
89 58 -30.5890007 -72.1679993 0.742151797 12
89 61 -30.5869999 -72.2279968 0.588950813 12
91 39 -30.5699997 -71.7839966 0.803891599 12
101 24 -30.4020004 -71.4729996 0.832397640 12
102 3 -30.3990002 -71.0500031 0.696225703 12
102 13 -30.3920002 -71.2509995 0.848712981 12
102 18 -30.3880005 -71.3509979 0.836168885 12
27 2 -31.7520008 -71.0940018 0.775920093 13
32 27 -31.6429996 -71.5989990 0.712800324 13
44 55 -31.4029999 -72.1549988 0.821215987 13
50 47 -31.3020000 -71.9869995 0.754691839 13
56 69 -31.1739998 -72.4260025 1.00000000 13
57 6 -31.2080002 -71.1490021 0.765959084 13
58 31 -31.1709995 -71.6549988 0.746674955 13
64 42 -31.0540009 -71.8710022 0.695563674 13
81 49 -30.7420006 -71.9950027 0.822410882 13
84 63 -30.6749992 -72.2740021 0.763801098 13
85 67 -30.6529999 -72.3529968 0.825219989 13
89 4 -30.6329994 -71.0810013 0.722168982 13
89 58 -30.5890007 -72.1679993 0.637708604 13
91 39 -30.5699997 -71.7839966 0.567970872 13
92 37 -30.5529995 -71.7419968 0.499884784 13
98 64 -30.4220009 -72.2789993 0.773226321 13
102 13 -30.3920002 -71.2509995 0.831743538 13
104 23 -30.3479996 -71.4499969 0.780047834 13
110 46 -30.2220001 -71.9049988 0.575131416 13
114 51 -30.1450005 -72.0009995 0.783436239 13
27 2 -31.7520008 -71.0940018 0.877218962 14
32 27 -31.6429996 -71.5989990 0.862490237 14
37 21 -31.5569992 -71.4720001 0.838165700 14
42 18 -31.4699993 -71.4059982 0.832806587 14
42 44 -31.4480000 -71.9339981 0.845167458 14
56 69 -31.1739998 -72.4260025 1.00000000 14
75 54 -30.8449993 -72.1019974 0.848511279 14
82 14 -30.7520008 -71.2890015 0.823493659 14
84 63 -30.6749992 -72.2740021 0.734734952 14
85 67 -30.6529999 -72.3529968 0.813522935 14
90 53 -30.5760002 -72.0660019 0.579732835 14
92 37 -30.5529995 -71.7419968 0.778738737 14
98 64 -30.4220009 -72.2789993 0.856743932 14
104 23 -30.3479996 -71.4499969 0.837204874 14
110 46 -30.2220001 -71.9049988 0.685055494 14
111 6 -30.2350006 -71.1019974 0.845436156 14
113 49 -30.1650009 -71.9619980 0.765549242 14
114 51 -30.1450005 -72.0009995 0.782845259 14
117 1 -30.1299992 -70.9970016 0.801279306 14
120 15 -30.0660000 -71.2750015 0.879489422 14
22 17 -31.8309994 -71.4039993 0.765326560 15
22 38 -31.8139992 -71.8320007 0.859601021 15
37 21 -31.5569992 -71.4720001 0.699259877 15
39 60 -31.4880009 -72.2620010 0.824246645 15
42 18 -31.4699993 -71.4059982 0.755480409 15
42 44 -31.4480000 -71.9339981 0.994882345 15
44 40 -31.4160004 -71.8509979 0.957007706 15
46 12 -31.4020004 -71.2809982 0.730468094 15
57 40 -31.1819992 -71.8379974 0.645471036 15
57 48 -31.1749992 -72.0000000 0.723935127 15
67 15 -31.0209999 -71.3229980 0.750324368 15
75 3 -30.8859997 -71.0729980 0.791122437 15
75 54 -30.8449993 -72.1019974 0.838586450 15
81 1 -30.7789993 -71.0279999 0.737843931 15
82 14 -30.7520008 -71.2890015 0.758167326 15
90 53 -30.5760002 -72.0660019 0.771612823 15
111 6 -30.2350006 -71.1019974 0.727648854 15
113 49 -30.1650009 -71.9619980 0.804258943 15
117 1 -30.1299992 -70.9970016 0.754203200 15
120 15 -30.0660000 -71.2750015 0.786905169 15
17 56 -31.8880005 -72.2050018 0.553887248 16
22 17 -31.8309994 -71.4039993 0.790995240 16
22 38 -31.8139992 -71.8320007 0.835023165 16
25 30 -31.7660007 -71.6660004 0.885525048 16
33 35 -31.6180000 -71.7600021 0.791783392 16
39 60 -31.4880009 -72.2620010 0.681218624 16
44 40 -31.4160004 -71.8509979 0.973699689 16
46 12 -31.4020004 -71.2809982 0.748523176 16
51 46 -31.2849998 -71.9649963 0.631721020 16
57 40 -31.1819992 -71.8379974 0.641764522 16
57 48 -31.1749992 -72.0000000 0.707424343 16
64 65 -31.0340004 -72.3359985 0.801702380 16
66 50 -31.0109997 -72.0309982 0.835539818 16
67 15 -31.0209999 -71.3229980 0.683815420 16
75 3 -30.8859997 -71.0729980 0.735440493 16
81 1 -30.7789993 -71.0279999 0.774126410 16
86 55 -30.6459999 -72.1110001 0.613523245 16
98 36 -30.4459991 -71.7160034 0.807059348 16
102 55 -30.3579998 -72.0940018 0.720629513 16
119 8 -30.0890007 -71.1360016 0.765815914 16
4 66 -32.1129990 -72.4229965 0.731757641 17
15 8 -31.9640007 -71.2269974 0.802706957 17
17 56 -31.8880005 -72.2050018 0.891834319 17
20 36 -31.8519993 -71.7939987 0.908408701 17
24 68 -31.7509995 -72.4410019 1.00000000 17
25 30 -31.7660007 -71.6660004 0.873977542 17
30 19 -31.6849995 -71.4380035 0.905259788 17
33 35 -31.6180000 -71.7600021 0.860881865 17
51 46 -31.2849998 -71.9649963 0.946185827 17
64 65 -31.0340004 -72.3359985 0.941446960 17
66 50 -31.0109997 -72.0309982 0.815874934 17
77 49 -30.8139992 -71.9990005 0.780988157 17
81 22 -30.7639999 -71.4509964 0.906956673 17
86 55 -30.6459999 -72.1110001 0.768414855 17
98 36 -30.4459991 -71.7160034 0.769086599 17
102 55 -30.3579998 -72.0940018 0.818551123 17
105 26 -30.3279991 -71.5090027 0.893002689 17
109 43 -30.2420006 -71.8460007 0.798902154 17
114 2 -30.1840000 -71.0199966 0.811033726 17
119 8 -30.0890007 -71.1360016 0.830017209 17
4 66 -32.1129990 -72.4229965 0.742102146 18
15 8 -31.9640007 -71.2269974 0.816357791 18
20 14 -31.8689995 -71.3450012 0.746481597 18
20 36 -31.8519993 -71.7939987 0.919255197 18
24 68 -31.7509995 -72.4410019 0.777472734 18
30 19 -31.6849995 -71.4380035 0.944167316 18
33 12 -31.6359997 -71.2919998 0.809206069 18
35 34 -31.5830002 -71.7379990 0.936469138 18
38 54 -31.5119991 -72.1409988 0.862851679 18
41 41 -31.4689999 -71.8740005 0.943463683 18
66 3 -31.0480003 -71.0810013 0.749453187 18
67 8 -31.0259991 -71.1809998 0.732738495 18
70 64 -30.9260006 -72.3089981 0.788087368 18
77 49 -30.8139992 -71.9990005 0.679303527 18
81 22 -30.7639999 -71.4509964 0.879120886 18
98 5 -30.4699993 -71.0940018 0.942309678 18
100 59 -30.3899994 -72.1760025 1.00000000 18
105 26 -30.3279991 -71.5090027 0.852911711 18
109 43 -30.2420006 -71.8460007 0.993104637 18
114 2 -30.1840000 -71.0199966 0.863933742 18
4 67 -32.1119995 -72.4440002 0.960892498 19
14 32 -31.9629993 -71.7180023 0.980296731 19
17 17 -31.9209995 -71.4089966 1.00000000 19
19 34 -31.8710003 -71.7539978 0.780093372 19
20 14 -31.8689995 -71.3450012 0.858002245 19
20 44 -31.8449993 -71.9570007 0.829297900 19
33 12 -31.6359997 -71.2919998 0.784779251 19
35 34 -31.5830002 -71.7379990 0.879681826 19
38 54 -31.5119991 -72.1409988 0.608053684 19
41 41 -31.4689999 -71.8740005 0.633005440 19
50 42 -31.3059998 -71.8850021 0.976920068 19
66 3 -31.0480003 -71.0810013 0.802264392 19
67 8 -31.0259991 -71.1809998 0.827514291 19
70 64 -30.9260006 -72.3089981 0.748486221 19
75 42 -30.8560009 -71.8600006 0.750777781 19
98 5 -30.4699993 -71.0940018 0.940032125 19
100 59 -30.3899994 -72.1760025 0.928606272 19
109 45 -30.2399998 -71.8860016 0.898583114 19
113 12 -30.1940002 -71.2210007 0.527036428 19
114 11 -30.1770000 -71.1999969 0.515077829 19
4 67 -32.1119995 -72.4440002 0.721873462 20
14 32 -31.9629993 -71.7180023 0.907739520 20
17 17 -31.9209995 -71.4089966 0.793714821 20
19 34 -31.8710003 -71.7539978 0.804326236 20
20 44 -31.8449993 -71.9570007 0.898527861 20
29 27 -31.6970005 -71.6009979 0.770077944 20
38 2 -31.5529995 -71.0849991 0.774742246 20
40 34 -31.4930000 -71.7330017 0.815639555 20
46 48 -31.3729992 -72.0110016 0.991999805 20
46 60 -31.3619995 -72.2539978 0.827536464 20
50 42 -31.3059998 -71.8850021 0.847873151 20
71 60 -30.9120007 -72.2269974 0.807453334 20
75 42 -30.8560009 -71.8600006 0.756779373 20
87 70 -30.6149998 -72.4110031 0.705829382 20
89 17 -30.6229992 -71.3430023 0.772278070 20
100 15 -30.4260006 -71.2929993 0.791762054 20
109 45 -30.2399998 -71.8860016 0.723802149 20
113 12 -30.1940002 -71.2210007 0.480664581 20
114 11 -30.1770000 -71.1999969 0.468481094 20
115 2 -30.1660004 -71.0189972 0.797731578 20
29 2 -31.7159996 -71.0920029 0.768420398 21
29 27 -31.6970005 -71.6009979 0.824842870 21
32 41 -31.6310005 -71.8830032 0.633075893 21
35 58 -31.5620003 -72.2259979 0.945717514 21
38 2 -31.5529995 -71.0849991 0.615162790 21
40 34 -31.4930000 -71.7330017 0.803137004 21
46 48 -31.3729992 -72.0110016 1.00000000 21
46 60 -31.3619995 -72.2539978 0.934947073 21
60 11 -31.1499996 -71.2480011 0.815367818 21
66 56 -31.0060005 -72.1520004 0.760159314 21
71 60 -30.9120007 -72.2269974 0.987353861 21
74 59 -30.8589993 -72.2040024 0.925485730 21
76 8 -30.8640003 -71.1729965 0.864765227 21
79 48 -30.7779999 -71.9769974 0.810523272 21
87 70 -30.6149998 -72.4110031 0.837567687 21
89 17 -30.6229992 -71.3430023 0.913273752 21
100 15 -30.4260006 -71.2929993 0.822402179 21
102 47 -30.3649998 -71.9329987 0.687431693 21
102 65 -30.3490009 -72.2949982 0.859001935 21
115 2 -30.1660004 -71.0189972 0.863042235 21
16 58 -31.9050007 -72.2470016 0.855219603 22
29 2 -31.7159996 -71.0920029 0.882752180 22
32 41 -31.6310005 -71.8830032 0.869344294 22
32 55 -31.6189995 -72.1679993 0.755032480 22
35 58 -31.5620003 -72.2259979 0.968877375 22
44 49 -31.4080009 -72.0329971 0.812604129 22
47 32 -31.3680000 -71.6859970 0.800772130 22
49 64 -31.3050003 -72.3320007 0.574078679 22
60 11 -31.1499996 -71.2480011 0.877676666 22
66 56 -31.0060005 -72.1520004 0.843827784 22
68 48 -30.9769993 -71.9879990 1.00000000 22
74 59 -30.8589993 -72.2040024 0.861183345 22
76 8 -30.8640003 -71.1729965 0.916183829 22
78 39 -30.8040009 -71.7959976 0.786813080 22
79 48 -30.7779999 -71.9769974 0.855171621 22
87 40 -30.6410007 -71.8079987 0.859957337 22
102 47 -30.3649998 -71.9329987 0.817411065 22
102 65 -30.3490009 -72.2949982 0.868965089 22
103 1 -30.3829994 -71.0090027 0.839318037 22
118 40 -30.0820007 -71.7770004 0.902031481 22
16 58 -31.9050007 -72.2470016 0.718583643 23
22 48 -31.8050003 -72.0360031 0.852605999 23
32 55 -31.6189995 -72.1679993 0.621794701 23
36 12 -31.5820007 -71.2900009 0.712956429 23
44 29 -31.4249992 -71.6279984 0.782733619 23
44 49 -31.4080009 -72.0329971 0.684310913 23
47 32 -31.3680000 -71.6859970 0.814884782 23
49 64 -31.3050003 -72.3320007 0.665973842 23
66 71 -30.9920006 -72.4550018 0.786941826 23
68 48 -30.9769993 -71.9879990 0.749532282 23
75 48 -30.8500004 -71.9810028 1.00000000 23
77 49 -30.8139992 -71.9990005 0.969601274 23
78 39 -30.8040009 -71.7959976 0.845745146 23
87 40 -30.6410007 -71.8079987 0.786014199 23
102 67 -30.3470001 -72.3349991 0.646601915 23
103 1 -30.3829994 -71.0090027 0.774597883 23
110 42 -30.2250004 -71.8249969 0.844913363 23
113 38 -30.1739998 -71.7419968 0.858584404 23
116 14 -30.1389999 -71.2580032 0.781153142 23
118 40 -30.0820007 -71.7770004 0.796388388 23
5 12 -32.1409988 -71.3180008 0.708530366 24
14 47 -31.9500008 -72.0240021 0.776595354 24
22 48 -31.8050003 -72.0360031 0.628923893 24
30 34 -31.6730003 -71.7429962 0.758957565 24
36 12 -31.5820007 -71.2900009 0.765016615 24
44 29 -31.4249992 -71.6279984 0.731517792 24
48 48 -31.3369999 -72.0090027 0.643483400 24
64 11 -31.0779991 -71.2440033 0.779433072 24
66 71 -30.9920006 -72.4550018 0.592541039 24
75 48 -30.8500004 -71.9810028 1.00000000 24
77 49 -30.8139992 -71.9990005 0.840717375 24
85 62 -30.6580009 -72.2529984 0.770049632 24
86 25 -30.6709995 -71.5070038 0.731216848 24
91 37 -30.5709991 -71.7429962 0.669513822 24
91 64 -30.5480003 -72.2860031 0.656082809 24
97 30 -30.4689999 -71.5970001 0.739765525 24
102 67 -30.3470001 -72.3349991 0.750387251 24
110 42 -30.2250004 -71.8249969 0.884772241 24
113 38 -30.1739998 -71.7419968 0.797225773 24
116 14 -30.1389999 -71.2580032 0.755854189 24
5 12 -32.1409988 -71.3180008 0.872817576 25
14 47 -31.9500008 -72.0240021 0.980378091 25
22 13 -31.8339996 -71.3229980 1.00000000 25
28 10 -31.7280006 -71.2559967 0.973002911 25
30 34 -31.6730003 -71.7429962 0.907310128 25
48 48 -31.3369999 -72.0090027 0.926592410 25
64 11 -31.0779991 -71.2440033 0.828634143 25
71 24 -30.9419994 -71.5009995 0.758126020 25
79 13 -30.8059998 -71.2710037 0.872291923 25
85 62 -30.6580009 -72.2529984 0.810924470 25
86 10 -30.6830006 -71.2050018 0.902004123 25
86 25 -30.6709995 -71.5070038 0.730429649 25
91 37 -30.5709991 -71.7429962 0.827528179 25
91 64 -30.5480003 -72.2860031 0.848496675 25
97 30 -30.4689999 -71.5970001 0.703558922 25
101 12 -30.4109993 -71.2320023 0.853656411 25
102 62 -30.3519993 -72.2340012 0.983538985 25
106 42 -30.2970009 -71.8290024 0.894209921 25
116 15 -30.1380005 -71.2779999 0.812989354 25
120 4 -30.0739994 -71.0550003 0.841293395 25
4 5 -32.1640015 -71.1760025 0.897216558 26
8 10 -32.0880013 -71.2740021 0.809345067 26
8 63 -32.0439987 -72.3570023 0.703293502 26
22 13 -31.8339996 -71.3229980 0.933847427 26
22 33 -31.8180008 -71.7310028 0.862250984 26
28 10 -31.7280006 -71.2559967 0.899704874 26
37 26 -31.5529995 -71.5729980 0.859634757 26
61 14 -31.1299992 -71.3079987 0.740418196 26
71 24 -30.9419994 -71.5009995 0.913576007 26
79 13 -30.8059998 -71.2710037 0.822729290 26
84 6 -30.7220001 -71.1259995 0.902775228 26
86 10 -30.6830006 -71.2050018 0.943774462 26
92 24 -30.5639992 -71.4810028 0.896572292 26
101 12 -30.4109993 -71.2320023 0.987493038 26
102 62 -30.3519993 -72.2340012 1.00000000 26
106 42 -30.2970009 -71.8290024 0.883781552 26
111 31 -30.2159996 -71.6039963 0.797088027 26
113 25 -30.1849995 -71.4820023 0.835898638 26
116 15 -30.1380005 -71.2779999 0.872719526 26
120 4 -30.0739994 -71.0550003 0.867092252 26
4 5 -32.1640015 -71.1760025 0.673015475 27
7 7 -32.1080017 -71.2139969 0.803601265 27
8 10 -32.0880013 -71.2740021 0.649395645 27
8 63 -32.0439987 -72.3570023 0.667302370 27
12 49 -31.9850006 -72.0670013 0.801685154 27
22 33 -31.8180008 -71.7310028 0.635969043 27
37 26 -31.5529995 -71.5729980 1.00000000 27
38 26 -31.5349998 -71.5719986 0.934412479 27
38 27 -31.5349998 -71.5930023 0.956277549 27
48 6 -31.3700008 -71.1569977 0.715632021 27
61 14 -31.1299992 -71.3079987 0.629292250 27
83 70 -30.6870003 -72.4160004 0.534404516 27
84 6 -30.7220001 -71.1259995 0.608886600 27
84 55 -30.6819992 -72.1129990 0.587401509 27
89 34 -30.6100006 -71.6849976 0.612299323 27
91 45 -30.5650005 -71.9039993 0.516644597 27
92 24 -30.5639992 -71.4810028 0.703151882 27
95 24 -30.5100002 -71.4779968 0.691306353 27
111 31 -30.2159996 -71.6039963 0.591903090 27
113 25 -30.1849995 -71.4820023 0.575446427 27
7 7 -32.1080017 -71.2139969 0.868671179 28
10 30 -32.0369987 -71.6809998 0.728569806 28
12 49 -31.9850006 -72.0670013 0.657374144 28
36 16 -31.5790005 -71.3710022 0.730433166 28
37 12 -31.5639992 -71.2890015 0.739289105 28
38 26 -31.5349998 -71.5719986 0.527117133 28
38 27 -31.5349998 -71.5930023 0.514923394 28
48 6 -31.3700008 -71.1569977 0.846267879 28
54 59 -31.2189999 -72.2259979 0.788338900 28
62 34 -31.0960007 -71.7109985 0.734599710 28
64 58 -31.0400009 -72.1949997 1.00000000 28
72 53 -30.8999996 -72.0849991 0.905467331 28
83 70 -30.6870003 -72.4160004 0.638507247 28
84 55 -30.6819992 -72.1129990 0.671641588 28
88 38 -30.6250000 -71.7659988 0.962007403 28
89 34 -30.6100006 -71.6849976 0.916087329 28
91 45 -30.5650005 -71.9039993 0.743014157 28
92 34 -30.5559998 -71.6819992 0.914958715 28
95 24 -30.5100002 -71.4779968 0.756881714 28
118 12 -30.1040001 -71.2170029 0.762761593 28
10 30 -32.0369987 -71.6809998 0.828214884 29
28 25 -31.7159996 -71.5619965 0.839365602 29
31 19 -31.6669998 -71.4369965 0.940434396 29
32 27 -31.6429996 -71.5989990 0.884054244 29
36 16 -31.5790005 -71.3710022 0.901771426 29
37 12 -31.5639992 -71.2890015 0.443291694 29
38 11 -31.5470009 -71.2679977 0.531615317 29
54 59 -31.2189999 -72.2259979 1.00000000 29
62 34 -31.0960007 -71.7109985 0.805387855 29
64 58 -31.0400009 -72.1949997 0.931843758 29
72 53 -30.8999996 -72.0849991 0.930726111 29
75 17 -30.8759995 -71.3560028 0.828985929 29
85 26 -30.6879997 -71.5279999 0.898739994 29
88 38 -30.6250000 -71.7659988 0.952168167 29
92 34 -30.5559998 -71.6819992 0.852367640 29
103 43 -30.3500004 -71.8519974 0.747138083 29
114 2 -30.1840000 -71.0199966 0.761072218 29
115 55 -30.1240005 -72.0800018 0.804864705 29
118 12 -30.1040001 -71.2170029 0.706329405 29
120 33 -30.0520000 -71.6350021 0.840549767 29
18 2 -31.9139996 -71.1019974 0.537874877 30
28 25 -31.7159996 -71.5619965 0.571450353 30
31 19 -31.6669998 -71.4369965 0.562265337 30
31 27 -31.6609993 -71.5999985 1.00000000 30
32 27 -31.6429996 -71.5989990 0.998310387 30
38 11 -31.5470009 -71.2679977 0.505017102 30
38 61 -31.5060005 -72.2839966 0.435202211 30
53 39 -31.2539997 -71.8219986 0.436692268 30
54 24 -31.2490005 -71.5169983 0.520642161 30
56 5 -31.2269993 -71.1299973 0.516299844 30
59 2 -31.1749992 -71.0670013 0.481083632 30
68 20 -30.9990005 -71.4229965 0.464968622 30
75 17 -30.8759995 -71.3560028 0.527482271 30
84 35 -30.6989994 -71.7099991 0.438750863 30
85 26 -30.6879997 -71.5279999 0.485737085 30
103 43 -30.3500004 -71.8519974 0.539392531 30
109 70 -30.2180004 -72.3870010 0.491853535 30
114 2 -30.1840000 -71.0199966 0.539096057 30
115 55 -30.1240005 -72.0800018 0.510197341 30
120 33 -30.0520000 -71.6350021 0.589962542 30
18 2 -31.9139996 -71.1019974 0.820904434 31
18 6 -31.9109993 -71.1839981 0.817197382 31
20 17 -31.8670006 -71.4059982 0.986180425 31
31 27 -31.6609993 -71.5999985 1.00000000 31
36 25 -31.5720005 -71.5540009 0.954739809 31
38 61 -31.5060005 -72.2839966 0.997426927 31
41 68 -31.4449997 -72.4219971 0.675105333 31
48 24 -31.3570004 -71.5220032 0.877225876 31
53 39 -31.2539997 -71.8219986 0.705030143 31
54 24 -31.2490005 -71.5169983 0.860755682 31
56 5 -31.2269993 -71.1299973 0.858113885 31
59 2 -31.1749992 -71.0670013 0.702255368 31
65 48 -31.0310001 -71.9909973 0.923657119 31
68 20 -30.9990005 -71.4229965 0.849969447 31
70 62 -30.9279995 -72.2689972 0.701829255 31
84 35 -30.6989994 -71.7099991 0.815994024 31
88 42 -30.6210003 -71.8470001 0.834830225 31
88 61 -30.6049995 -72.2289963 0.811537385 31
98 52 -30.4330006 -72.0380020 0.812777758 31
109 70 -30.2180004 -72.3870010 0.836113036 31
6 61 -32.0820007 -72.3190002 0.781546891 32
11 36 -32.0139999 -71.8030014 0.923136771 32
18 6 -31.9109993 -71.1839981 0.838191867 32
20 17 -31.8670006 -71.4059982 0.937559307 32
24 63 -31.7560005 -72.3399963 0.962833822 32
25 46 -31.7530003 -71.9919968 0.905777097 32
27 17 -31.7409992 -71.4000015 0.839696169 32
28 8 -31.7290001 -71.2160034 0.885495424 32
31 23 -31.6639996 -71.5179977 0.973813176 32
36 25 -31.5720005 -71.5540009 0.958294332 32
41 68 -31.4449997 -72.4219971 0.739244282 32
48 24 -31.3570004 -71.5220032 0.851688802 32
65 48 -31.0310001 -71.9909973 0.805123031 32
70 62 -30.9279995 -72.2689972 0.828562021 32
88 42 -30.6210003 -71.8470001 0.838700473 32
88 61 -30.6049995 -72.2289963 0.809266269 32
98 52 -30.4330006 -72.0380020 0.895998836 32
103 62 -30.3339996 -72.2330017 0.840907693 32
118 26 -30.0939999 -71.4970016 0.938464344 32
120 63 -30.0259991 -72.2350006 1.00000000 32
6 61 -32.0820007 -72.3190002 0.669225395 33
9 29 -32.0550003 -71.6620026 0.821772993 33
11 36 -32.0139999 -71.8030014 0.996779263 33
15 29 -31.9470005 -71.6559982 0.791549683 33
17 40 -31.9020004 -71.8779984 0.778396428 33
24 63 -31.7560005 -72.3399963 0.765102744 33
25 46 -31.7530003 -71.9919968 0.918318570 33
27 17 -31.7409992 -71.4000015 0.911211312 33
28 8 -31.7290001 -71.2160034 0.844888151 33
31 23 -31.6639996 -71.5179977 0.925159156 33
38 41 -31.5230007 -71.8769989 0.843691707 33
52 7 -31.2980003 -71.1740036 0.827557445 33
75 15 -30.8770008 -71.3150024 0.845704436 33
81 37 -30.7520008 -71.7529984 0.783094227 33
91 63 -30.5489998 -72.2659988 0.886006474 33
103 62 -30.3339996 -72.2330017 0.617564023 33
105 56 -30.3029995 -72.1110001 0.662234128 33
109 47 -30.2390003 -71.9260025 0.947432041 33
118 26 -30.0939999 -71.4970016 0.862771273 33
120 63 -30.0259991 -72.2350006 1.00000000 33
9 29 -32.0550003 -71.6620026 0.778213501 34
15 29 -31.9470005 -71.6559982 0.840348780 34
17 40 -31.9020004 -71.8779984 0.800848544 34
28 68 -31.6790009 -72.4369965 0.793751001 34
38 41 -31.5230007 -71.8769989 0.847302973 34
42 63 -31.4319992 -72.3199997 0.928567946 34
46 56 -31.3659992 -72.1729965 0.781017363 34
52 7 -31.2980003 -71.1740036 0.757463872 34
59 46 -31.1399994 -71.9570007 0.924526811 34
68 71 -30.9559994 -72.4530029 0.970759809 34
69 52 -30.9549999 -72.0680008 0.686960757 34
75 15 -30.8770008 -71.3150024 0.750666440 34
75 45 -30.8530006 -71.9209976 0.754566610 34
77 51 -30.8120003 -72.0390015 0.821469247 34
81 37 -30.7520008 -71.7529984 0.785890222 34
90 67 -30.5629997 -72.3479996 0.964091122 34
91 63 -30.5489998 -72.2659988 1.00000000 34
105 56 -30.3029995 -72.1110001 0.956352830 34
109 47 -30.2390003 -71.9260025 0.941791713 34
120 4 -30.0739994 -71.0550003 0.857165992 34
21 14 -31.8509998 -71.3440018 0.745532334 35
28 68 -31.6790009 -72.4369965 0.888210535 35
34 70 -31.5690002 -72.4710007 1.00000000 35
37 61 -31.5240002 -72.2850037 0.855082393 35
42 63 -31.4319992 -72.3199997 0.773338139 35
46 56 -31.3659992 -72.1729965 0.747058749 35
48 44 -31.3400002 -71.9280014 0.768609464 35
54 68 -31.2110004 -72.4079971 0.800036073 35
56 9 -31.2240009 -71.2109985 0.848822474 35
56 37 -31.2019997 -71.7779999 0.678900599 35
59 46 -31.1399994 -71.9570007 0.796346605 35
68 71 -30.9559994 -72.4530029 0.788389266 35
69 52 -30.9549999 -72.0680008 0.696885943 35
75 45 -30.8530006 -71.9209976 0.699174702 35
77 51 -30.8120003 -72.0390015 0.718582332 35
79 68 -30.7609997 -72.3799973 0.715879261 35
83 32 -30.7199993 -71.6510010 0.735880494 35
84 15 -30.7150002 -71.3069992 0.712087572 35
90 67 -30.5629997 -72.3479996 0.801102817 35
120 4 -30.0739994 -71.0550003 0.719875216 35
18 50 -31.8759995 -72.0810013 0.681078613 36
18 52 -31.8740005 -72.1220016 0.614085138 36
21 14 -31.8509998 -71.3440018 0.789669037 36
24 17 -31.7950001 -71.4029999 0.806625783 36
26 30 -31.7479992 -71.6660004 0.767366350 36
34 70 -31.5690002 -72.4710007 0.833876729 36
37 61 -31.5240002 -72.2850037 1.00000000 36
48 44 -31.3400002 -71.9280014 0.943409026 36
51 9 -31.3139992 -71.2149963 0.904711306 36
54 68 -31.2110004 -72.4079971 0.880565703 36
56 9 -31.2240009 -71.2109985 0.877582729 36
56 37 -31.2019997 -71.7779999 0.733021080 36
70 15 -30.9669991 -71.3199997 0.761868834 36
79 68 -30.7609997 -72.3799973 0.669786692 36
80 50 -30.7590008 -72.0159988 0.910703361 36
83 32 -30.7199993 -71.6510010 0.900541544 36
84 15 -30.7150002 -71.3069992 0.764847040 36
84 37 -30.6980000 -71.7500000 0.784202039 36
94 10 -30.5380001 -71.1979980 0.804582000 36
94 48 -30.5079994 -71.9619980 0.802733719 36
13 64 -31.9529991 -72.3720016 0.801475942 37
17 53 -31.8910007 -72.1429977 0.846578956 37
18 50 -31.8759995 -72.0810013 0.856140912 37
18 52 -31.8740005 -72.1220016 0.620413125 37
24 17 -31.7950001 -71.4029999 0.882377625 37
26 30 -31.7479992 -71.6660004 0.891776204 37
33 57 -31.5990009 -72.2080002 0.949680865 37
41 47 -31.4640007 -71.9960022 0.859150290 37
51 9 -31.3139992 -71.2149963 0.863808513 37
56 45 -31.1949997 -71.9400024 0.810983539 37
66 9 -31.0440006 -71.2020035 0.906491756 37
70 15 -30.9669991 -71.3199997 1.00000000 37
78 21 -30.8180008 -71.4339981 0.789418638 37
80 50 -30.7590008 -72.0159988 0.845607698 37
84 37 -30.6980000 -71.7500000 0.911801100 37
93 11 -30.5559998 -71.2190018 0.636076212 37
94 10 -30.5380001 -71.1979980 0.603138208 37
94 48 -30.5079994 -71.9619980 0.905297935 37
98 59 -30.4260006 -72.1780014 0.709477901 37
106 18 -30.3160000 -71.3479996 0.898507774 37
13 64 -31.9529991 -72.3720016 0.818117380 38
17 53 -31.8910007 -72.1429977 0.973065376 38
24 1 -31.8059998 -71.0759964 0.847979844 38
25 57 -31.7430000 -72.2160034 0.933549821 38
31 2 -31.6800003 -71.0910034 0.962508202 38
33 57 -31.5990009 -72.2080002 0.751952827 38
34 37 -31.5979996 -71.8000031 0.911765218 38
41 47 -31.4640007 -71.9960022 0.853658080 38
56 45 -31.1949997 -71.9400024 0.838807821 38
62 14 -31.1119995 -71.3069992 0.796872854 38
62 22 -31.1060009 -71.4690018 0.931900084 38
66 9 -31.0440006 -71.2020035 0.869226336 38
67 39 -31.0020008 -71.8069992 0.837044001 38
78 21 -30.8180008 -71.4339981 0.867192209 38
93 11 -30.5559998 -71.2190018 0.923786402 38
94 53 -30.5039997 -72.0619965 0.885028660 38
98 59 -30.4260006 -72.1780014 1.00000000 38
106 18 -30.3160000 -71.3479996 0.886607528 38
116 43 -30.1159992 -71.8389969 0.904205203 38
117 62 -30.0809994 -72.2180023 0.881314814 38
11 20 -32.0270004 -71.4759979 0.787672818 39
11 52 -32.0000000 -72.1299973 0.873179436 39
24 1 -31.8059998 -71.0759964 0.904859483 39
25 57 -31.7430000 -72.2160034 1.00000000 39
31 2 -31.6800003 -71.0910034 0.878325462 39
34 37 -31.5979996 -71.8000031 0.989966750 39
42 38 -31.4540005 -71.8119965 0.946283221 39
49 22 -31.3400002 -71.4810028 0.855212808 39
61 65 -31.0879993 -72.3389969 0.925152302 39
62 14 -31.1119995 -71.3069992 0.855192900 39
62 22 -31.1060009 -71.4690018 0.923933446 39
67 39 -31.0020008 -71.8069992 0.774394691 39
75 16 -30.8759995 -71.3349991 0.922872245 39
78 21 -30.8180008 -71.4339981 0.955596268 39
84 47 -30.6889992 -71.9520035 0.966591418 39
89 30 -30.6130009 -71.6050034 0.995529711 39
94 53 -30.5039997 -72.0619965 0.851414680 39
105 60 -30.2989998 -72.1910019 0.944130957 39
116 43 -30.1159992 -71.8389969 0.947001934 39
117 62 -30.0809994 -72.2180023 0.855907798 39
4 25 -32.1489983 -71.5849991 0.918297827 40
10 59 -32.0120010 -72.2740021 0.717902780 40
11 20 -32.0270004 -71.4759979 0.864238679 40
11 52 -32.0000000 -72.1299973 0.751602769 40
26 45 -31.7360001 -71.9710007 0.763858914 40
29 47 -31.6800003 -72.0090027 0.875165522 40
40 48 -31.4810009 -72.0169983 0.713224113 40
42 38 -31.4540005 -71.8119965 0.801198959 40
49 22 -31.3400002 -71.4810028 0.761061788 40
55 46 -31.2129993 -71.9609985 1.00000000 40
61 65 -31.0879993 -72.3389969 0.923906147 40
72 30 -30.9190006 -71.6210022 0.768181384 40
75 16 -30.8759995 -71.3349991 0.810363233 40
78 21 -30.8180008 -71.4339981 0.901544869 40
84 47 -30.6889992 -71.9520035 0.918029785 40
86 46 -30.6539993 -71.9290009 0.978495181 40
88 51 -30.6140003 -72.0279999 0.858632207 40
89 30 -30.6130009 -71.6050034 0.792860866 40
105 60 -30.2989998 -72.1910019 0.853603601 40
111 40 -30.2089996 -71.7839966 0.864708185 40
4 25 -32.1489983 -71.5849991 0.802505314 41
10 59 -32.0120010 -72.2740021 1.00000000 41
18 28 -31.8939991 -71.6330032 0.887829304 41
26 45 -31.7360001 -71.9710007 0.758170962 41
29 47 -31.6800003 -72.0090027 0.748053730 41
29 60 -31.6690006 -72.2730026 0.773923934 41
36 63 -31.5400009 -72.3259964 0.918162107 41
39 53 -31.4950008 -72.1200027 0.797180474 41
40 48 -31.4810009 -72.0169983 0.605745852 41
42 24 -31.4650002 -71.5279999 0.751959145 41
55 46 -31.2129993 -71.9609985 0.923995435 41
63 33 -31.0790005 -71.6900024 0.747604728 41
65 13 -31.0590000 -71.2839966 0.728174686 41
72 30 -30.9190006 -71.6210022 0.792454958 41
86 46 -30.6539993 -71.9290009 0.824131250 41
88 51 -30.6140003 -72.0279999 0.829219520 41
93 40 -30.5330009 -71.8020020 0.812386215 41
108 4 -30.2900009 -71.0650024 0.796205342 41
111 40 -30.2089996 -71.7839966 0.778867126 41
114 10 -30.1779995 -71.1800003 0.834636271 41
18 28 -31.8939991 -71.6330032 0.843437850 42
19 57 -31.8509998 -72.2229996 0.960587680 42
29 60 -31.6690006 -72.2730026 0.861262619 42
36 63 -31.5400009 -72.3259964 0.756081820 42
39 53 -31.4950008 -72.1200027 0.843904376 42
42 24 -31.4650002 -71.5279999 0.767633557 42
54 23 -31.2490005 -71.4960022 0.699922264 42
56 26 -31.2110004 -71.5550003 0.776091576 42
63 33 -31.0790005 -71.6900024 0.840336323 42
65 13 -31.0590000 -71.2839966 0.780211806 42
77 31 -30.8290005 -71.6360016 0.751602173 42
88 39 -30.6240005 -71.7870026 1.00000000 42
88 45 -30.6189995 -71.9069977 0.856703997 42
93 40 -30.5330009 -71.8020020 0.903439581 42
94 30 -30.5230007 -71.5999985 0.897075295 42
103 30 -30.3610001 -71.5910034 0.754378438 42
105 65 -30.2950001 -72.2910004 0.882995605 42
108 4 -30.2900009 -71.0650024 0.818766832 42
114 10 -30.1779995 -71.1800003 0.819214880 42
118 4 -30.1100006 -71.0559998 0.838328004 42
2 62 -32.1529999 -72.3440018 0.908914506 43
4 24 -32.1500015 -71.5640030 1.00000000 43
19 57 -31.8509998 -72.2229996 0.779581189 43
25 15 -31.7779999 -71.3610001 0.932087541 43
36 21 -31.5750008 -71.4729996 0.921004117 43
54 23 -31.2490005 -71.4960022 0.995580912 43
55 56 -31.2040005 -72.1640015 0.775124848 43
56 26 -31.2110004 -71.5550003 0.917194843 43
65 3 -31.0660000 -71.0820007 0.834356070 43
74 34 -30.8799992 -71.6999969 0.822475970 43
77 31 -30.8290005 -71.6360016 0.739330113 43
88 39 -30.6240005 -71.7870026 0.995976508 43
88 45 -30.6189995 -71.9069977 0.952420294 43
94 30 -30.5230007 -71.5999985 0.934401512 43
103 30 -30.3610001 -71.5910034 0.844312549 43
105 65 -30.2950001 -72.2910004 0.992407322 43
115 16 -30.1550007 -71.2990036 0.802592158 43
117 44 -30.0970001 -71.8580017 0.794487894 43
118 4 -30.1100006 -71.0559998 0.868875384 43
119 36 -30.0680008 -71.6959991 0.748749137 43
2 62 -32.1529999 -72.3440018 0.917402267 44
4 24 -32.1500015 -71.5640030 0.897301674 44
25 15 -31.7779999 -71.3610001 0.808134735 44
36 21 -31.5750008 -71.4729996 0.806891561 44
40 12 -31.5100002 -71.2860031 0.750541568 44
42 25 -31.4640007 -71.5479965 0.851944506 44
47 70 -31.3349991 -72.4560013 0.977913976 44
54 67 -31.2119999 -72.3880005 0.515813768 44
55 56 -31.2040005 -72.1640015 1.00000000 44
65 3 -31.0660000 -71.0820007 0.815958142 44
74 34 -30.8799992 -71.6999969 0.711818457 44
86 50 -30.6509991 -72.0100021 0.846209884 44
88 8 -30.6480007 -71.1630020 0.848653972 44
88 29 -30.6320000 -71.5849991 0.991659999 44
96 56 -30.4650002 -72.1200027 0.817845106 44
112 17 -30.2089996 -71.3219986 0.912082016 44
115 16 -30.1550007 -71.2990036 0.821094036 44
116 30 -30.1270008 -71.5790024 0.851076663 44
117 44 -30.0970001 -71.8580017 0.657310009 44
119 36 -30.0680008 -71.6959991 0.759402990 44
27 31 -31.7299995 -71.6849976 0.716615140 45
30 26 -31.6800003 -71.5800018 0.613042176 45
39 3 -31.5349998 -71.1039963 0.785243571 45
40 12 -31.5100002 -71.2860031 0.804208398 45
42 25 -31.4640007 -71.5479965 0.841134787 45
47 3 -31.3910007 -71.0970001 0.767310381 45
47 70 -31.3349991 -72.4560013 1.00000000 45
52 1 -31.3020000 -71.0520020 0.748317063 45
54 67 -31.2119999 -72.3880005 0.745936334 45
68 23 -30.9969997 -71.4830017 0.833678007 45
86 50 -30.6509991 -72.0100021 0.962591171 45
88 8 -30.6480007 -71.1630020 0.746729016 45
88 29 -30.6320000 -71.5849991 0.904669821 45
89 53 -30.5939999 -72.0670013 0.848155499 45
91 20 -30.5849991 -71.4010010 0.686038196 45
96 56 -30.4650002 -72.1200027 0.822434425 45
97 52 -30.4510002 -72.0390015 0.827104509 45
107 25 -30.2929993 -71.4869995 0.762578547 45
112 17 -30.2089996 -71.3219986 0.795892417 45
116 30 -30.1270008 -71.5790024 0.922964633 45
7 14 -32.1030006 -71.3570023 0.717361331 46
27 31 -31.7299995 -71.6849976 0.712676525 46
30 26 -31.6800003 -71.5800018 0.660717487 46
38 26 -31.5349998 -71.5719986 0.853879154 46
39 3 -31.5349998 -71.1039963 0.831802487 46
47 3 -31.3910007 -71.0970001 0.767809391 46
50 28 -31.3180008 -71.6019974 0.969922543 46
52 1 -31.3020000 -71.0520020 0.689802170 46
52 22 -31.2859993 -71.4779968 0.999701738 46
53 19 -31.2709999 -71.4160004 0.975482106 46
68 23 -30.9969997 -71.4830017 0.953814566 46
89 25 -30.6170006 -71.5039978 1.00000000 46
89 53 -30.5939999 -72.0670013 0.873355806 46
91 20 -30.5849991 -71.4010010 0.823692739 46
97 52 -30.4510002 -72.0390015 0.782609642 46
99 31 -30.4319992 -71.6149979 0.975787222 46
102 32 -30.3770008 -71.6320038 0.920951605 46
105 64 -30.2959995 -72.2710037 0.873794854 46
106 56 -30.2849998 -72.1100006 0.849718273 46
107 25 -30.2929993 -71.4869995 0.823139489 46
7 14 -32.1030006 -71.3570023 0.593226433 47
8 20 -32.0810013 -71.4789963 0.778298676 47
26 23 -31.7539997 -71.5230026 0.709054768 47
38 26 -31.5349998 -71.5719986 0.672929168 47
50 28 -31.3180008 -71.6019974 0.788637638 47
52 22 -31.2859993 -71.4779968 0.974192262 47
53 19 -31.2709999 -71.4160004 0.947827518 47
53 20 -31.2700005 -71.4369965 0.998347342 47
54 16 -31.2549992 -71.3550034 0.835912049 47
60 48 -31.1210003 -71.9970016 0.688136399 47
62 53 -31.0799999 -72.0960007 0.740750134 47
85 21 -30.6919994 -71.4270020 0.668498635 47
89 25 -30.6170006 -71.5039978 0.742885172 47
94 42 -30.5130005 -71.8410034 0.645104051 47
99 31 -30.4319992 -71.6149979 0.691652358 47
102 32 -30.3770008 -71.6320038 0.563130796 47
103 34 -30.3579998 -71.6709976 0.518291771 47
105 64 -30.2959995 -72.2710037 0.724461019 47
106 56 -30.2849998 -72.1100006 0.722092152 47
111 24 -30.2210007 -71.4629974 0.712721646 47
8 20 -32.0810013 -71.4789963 0.910490274 48
15 28 -31.9480000 -71.6350021 0.935221255 48
23 36 -31.7980003 -71.7910004 0.857671797 48
26 23 -31.7539997 -71.5230026 0.711382091 48
30 34 -31.6730003 -71.7429962 0.799554765 48
31 14 -31.6709995 -71.3349991 0.912543297 48
45 31 -31.4050007 -71.6669998 1.00000000 48
48 35 -31.3479996 -71.7450027 0.868151486 48
53 20 -31.2700005 -71.4369965 0.937087774 48
54 16 -31.2549992 -71.3550034 0.944604397 48
60 48 -31.1210003 -71.9970016 0.882645905 48
62 53 -31.0799999 -72.0960007 0.802721977 48
80 14 -30.7880001 -71.2910004 0.846818030 48
85 21 -30.6919994 -71.4270020 0.719291210 48
94 42 -30.5130005 -71.8410034 0.807527542 48
99 49 -30.4169998 -71.9769974 0.827264547 48
103 34 -30.3579998 -71.6709976 0.824651897 48
106 12 -30.3209991 -71.2269974 0.821905494 48
111 24 -30.2210007 -71.4629974 0.946975052 48
121 12 -30.0499992 -71.2139969 0.745238304 48
15 28 -31.9480000 -71.6350021 0.852048695 49
17 34 -31.9069996 -71.7559967 0.773098290 49
23 36 -31.7980003 -71.7910004 0.874728024 49
30 10 -31.6919994 -71.2539978 0.678959846 49
30 34 -31.6730003 -71.7429962 0.972948790 49
31 14 -31.6709995 -71.3349991 0.850921988 49
45 31 -31.4050007 -71.6669998 1.00000000 49
46 44 -31.3759995 -71.9300003 0.944337547 49
48 35 -31.3479996 -71.7450027 0.967770100 49
51 21 -31.3050003 -71.4589996 0.740070283 49
65 4 -31.0650005 -71.1019974 0.845582485 49
77 15 -30.8409996 -71.3130035 0.827537298 49
80 14 -30.7880001 -71.2910004 0.873535991 49
93 18 -30.5499992 -71.3590012 0.918406069 49
98 31 -30.4500008 -71.6159973 0.929103374 49
99 49 -30.4169998 -71.9769974 0.805678010 49
106 12 -30.3209991 -71.2269974 0.902554512 49
117 6 -30.1270008 -71.0970001 0.902335405 49
120 42 -30.0450001 -71.8150024 0.895548820 49
121 12 -30.0499992 -71.2139969 0.907818198 49
13 46 -31.9689999 -72.0049973 0.795581877 50
17 34 -31.9069996 -71.7559967 0.812414944 50
26 3 -31.7689991 -71.1149979 0.927508950 50
30 10 -31.6919994 -71.2539978 0.750253201 50
45 58 -31.3820000 -72.2149963 0.828672230 50
46 37 -31.3820000 -71.7880020 0.774951577 50
46 44 -31.3759995 -71.9300003 0.856858969 50
51 21 -31.3050003 -71.4589996 0.760167420 50
65 4 -31.0650005 -71.1019974 0.825396061 50
67 10 -31.0249996 -71.2210007 0.936947703 50
67 42 -31.0000000 -71.8679962 0.901713848 50
76 27 -30.8500004 -71.5559998 0.840727806 50
77 15 -30.8409996 -71.3130035 0.750508726 50
93 18 -30.5499992 -71.3590012 0.928750455 50
98 31 -30.4500008 -71.6159973 0.975107253 50
100 48 -30.3999996 -71.9550018 1.00000000 50
101 3 -30.4169998 -71.0510025 0.855241835 50
105 66 -30.2940006 -72.3109970 0.801564455 50
117 6 -30.1270008 -71.0970001 0.792298853 50
120 42 -30.0450001 -71.8150024 0.733138204 50
13 46 -31.9689999 -72.0049973 0.955251992 51
26 3 -31.7689991 -71.1149979 0.782079339 51
29 12 -31.7080002 -71.2959976 0.752815545 51
40 30 -31.4960003 -71.6520004 0.838393390 51
45 58 -31.3820000 -72.2149963 0.619491756 51
46 37 -31.3820000 -71.7880020 0.752038717 51
52 47 -31.2660007 -71.9850006 0.864864945 51
55 19 -31.2339993 -71.4140015 0.804072738 51
55 51 -31.2080002 -72.0619965 0.626185775 51
67 10 -31.0249996 -71.2210007 0.868607700 51
67 42 -31.0000000 -71.8679962 0.935029089 51
76 27 -30.8500004 -71.5559998 1.00000000 51
81 13 -30.7700005 -71.2699966 0.828291893 51
83 29 -30.7220001 -71.5899963 0.875995576 51
95 66 -30.4740009 -72.3219986 0.888319194 51
96 45 -30.4750004 -71.8990021 0.692240536 51
100 48 -30.3999996 -71.9550018 0.896448195 51
101 3 -30.4169998 -71.0510025 0.856736720 51
105 66 -30.2940006 -72.3109970 0.835442603 51
112 17 -30.2089996 -71.3219986 0.890036523 51
3 68 -32.1300011 -72.4649963 0.925147772 52
25 46 -31.7530003 -71.9919968 0.859845817 52
29 12 -31.7080002 -71.2959976 0.896018088 52
32 63 -31.6119995 -72.3310013 0.997326970 52
40 30 -31.4960003 -71.6520004 0.832122862 52
46 45 -31.3759995 -71.9499969 0.866901040 52
49 51 -31.3160000 -72.0690002 0.765380144 52
52 47 -31.2660007 -71.9850006 0.926646471 52
55 19 -31.2339993 -71.4140015 0.840254903 52
55 51 -31.2080002 -72.0619965 0.737391531 52
81 13 -30.7700005 -71.2699966 0.841661751 52
82 58 -30.7159996 -72.1750031 0.776367605 52
83 29 -30.7220001 -71.5899963 0.842397630 52
95 66 -30.4740009 -72.3219986 1.00000000 52
96 45 -30.4750004 -71.8990021 0.645897031 52
109 52 -30.2339993 -72.0260010 0.823531508 52
112 17 -30.2089996 -71.3219986 0.945155919 52
117 44 -30.0970001 -71.8580017 0.895782173 52
118 18 -30.1000004 -71.3369980 0.936106265 52
120 32 -30.0529995 -71.6149979 0.980102241 52
3 68 -32.1300011 -72.4649963 0.634761691 53
13 68 -31.9489994 -72.4540024 0.622611225 53
25 46 -31.7530003 -71.9919968 0.727519572 53
32 63 -31.6119995 -72.3310013 0.653708518 53
37 31 -31.5489998 -71.6750031 0.692412615 53
38 17 -31.5419998 -71.3899994 0.645337880 53
45 19 -31.4150009 -71.4240036 0.676438153 53
46 9 -31.4039993 -71.2200012 0.691766322 53
46 45 -31.3759995 -71.9499969 0.714233816 53
49 51 -31.3160000 -72.0690002 0.506328702 53
76 39 -30.8400002 -71.7979965 0.550903976 53
82 58 -30.7159996 -72.1750031 0.701269269 53
88 47 -30.6170006 -71.9479980 0.641514301 53
91 16 -30.5879993 -71.3209991 0.663969100 53
100 18 -30.4239998 -71.3529968 0.648087204 53
109 52 -30.2339993 -72.0260010 0.612452388 53
117 42 -30.0990009 -71.8180008 0.913019538 53
117 44 -30.0970001 -71.8580017 0.917474151 53
118 18 -30.1000004 -71.3369980 0.671339154 53
120 32 -30.0529995 -71.6149979 0.737703562 53
13 68 -31.9489994 -72.4540024 0.495170742 54
20 63 -31.8279991 -72.3440018 0.718765438 54
27 64 -31.7010002 -72.3570023 0.572164416 54
37 31 -31.5489998 -71.6750031 0.556609929 54
38 17 -31.5419998 -71.3899994 0.523670673 54
40 54 -31.4759998 -72.1389999 0.490233868 54
45 19 -31.4150009 -71.4240036 0.553022861 54
46 9 -31.4039993 -71.2200012 0.512589276 54
65 35 -31.0419998 -71.7289963 0.573607862 54
68 37 -30.9860001 -71.7659988 1.00000000 54
68 38 -30.9850006 -71.7860031 0.977727294 54
76 39 -30.8400002 -71.7979965 0.367404908 54
82 38 -30.7329998 -71.7720032 0.460779279 54
88 47 -30.6170006 -71.9479980 0.484536678 54
89 53 -30.5939999 -72.0670013 0.469003409 54
91 16 -30.5879993 -71.3209991 0.487930000 54
95 45 -30.4930000 -71.9000015 0.571241796 54
100 18 -30.4239998 -71.3529968 0.544817209 54
101 42 -30.3869991 -71.8339996 0.668497741 54
117 42 -30.0990009 -71.8180008 0.557351708 54
20 63 -31.8279991 -72.3440018 0.661471963 55
23 28 -31.8040009 -71.6279984 0.475058138 55
24 57 -31.7609997 -72.2170029 0.553786576 55
26 21 -31.7560005 -71.4820023 0.542606890 55
27 64 -31.7010002 -72.3570023 0.607656956 55
28 17 -31.7229996 -71.3990021 0.499223351 55
40 43 -31.4850006 -71.9160004 0.554060161 55
40 54 -31.4759998 -72.1389999 0.603721380 55
57 46 -31.1770000 -71.9589996 0.597289979 55
61 27 -31.1200008 -71.5709991 0.504519999 55
65 35 -31.0419998 -71.7289963 0.542270660 55
68 37 -30.9860001 -71.7659988 1.00000000 55
68 38 -30.9850006 -71.7860031 0.986675858 55
82 38 -30.7329998 -71.7720032 0.518155277 55
89 47 -30.5990009 -71.9469986 0.461920172 55
89 53 -30.5939999 -72.0670013 0.471299887 55
95 45 -30.4930000 -71.9000015 0.505062222 55
97 17 -30.4790001 -71.3359985 0.489983797 55
101 42 -30.3869991 -71.8339996 0.482269734 55
110 47 -30.2210007 -71.9250031 0.495679259 55
6 42 -32.0989990 -71.9300003 0.865639865 56
23 28 -31.8040009 -71.6279984 0.804904222 56
24 57 -31.7609997 -72.2170029 0.719919741 56
26 21 -31.7560005 -71.4820023 0.913165927 56
27 48 -31.7150002 -72.0309982 0.973093569 56
28 17 -31.7229996 -71.3990021 0.919520974 56
40 43 -31.4850006 -71.9160004 1.00000000 56
51 21 -31.3050003 -71.4589996 0.865549624 56
57 46 -31.1770000 -71.9589996 0.932275832 56
60 40 -31.1280003 -71.8349991 0.865069449 56
61 27 -31.1200008 -71.5709991 0.926088989 56
72 22 -30.9260006 -71.4589996 0.799942017 56
89 47 -30.5990009 -71.9469986 0.717603326 56
92 57 -30.5359993 -72.1449966 0.800983429 56
97 17 -30.4790001 -71.3359985 0.885712981 56
98 5 -30.4699993 -71.0940018 0.814438999 56
105 63 -30.2970009 -72.2509995 0.884214818 56
110 12 -30.2479992 -71.2239990 0.846871078 56
110 47 -30.2210007 -71.9250031 0.811653793 56
120 59 -30.0300007 -72.1549988 0.891849995 56
3 26 -32.1660004 -71.6060028 0.823734105 57
6 42 -32.0989990 -71.9300003 0.855871081 57
7 13 -32.1040001 -71.3369980 0.802917123 57
27 48 -31.7150002 -72.0309982 0.875376523 57
51 21 -31.3050003 -71.4589996 0.874893367 57
60 40 -31.1280003 -71.8349991 0.821018636 57
72 14 -30.9319992 -71.2979965 0.717259705 57
72 22 -30.9260006 -71.4589996 0.807398319 57
74 37 -30.8780003 -71.7600021 0.864004016 57
92 57 -30.5359993 -72.1449966 0.851779521 57
98 5 -30.4699993 -71.0940018 0.829205930 57
105 63 -30.2970009 -72.2509995 0.997788548 57
108 18 -30.2800007 -71.3460007 0.790845633 57
109 8 -30.2689991 -71.1439972 0.830277264 57
110 12 -30.2479992 -71.2239990 0.914556742 57
114 51 -30.1450005 -72.0009995 1.00000000 57
116 63 -30.0990009 -72.2389984 0.675416708 57
119 4 -30.0919991 -71.0559998 0.880181968 57
120 59 -30.0300007 -72.1549988 0.893442988 57
121 36 -30.0319996 -71.6940002 0.939373732 57
3 26 -32.1660004 -71.6060028 0.789283872 58
3 57 -32.1399994 -72.2399979 0.784528315 58
7 13 -32.1040001 -71.3369980 0.666167617 58
25 21 -31.7740002 -71.4830017 0.725037813 58
32 40 -31.6320000 -71.8629990 0.945439219 58
33 42 -31.6119995 -71.9029999 0.955227613 58
45 62 -31.3789997 -72.2959976 0.810639262 58
63 15 -31.0930004 -71.3259964 0.810850978 58
72 14 -30.9319992 -71.2979965 0.752409339 58
74 37 -30.8780003 -71.7600021 0.762793362 58
106 59 -30.2819996 -72.1699982 0.867289186 58
108 4 -30.2900009 -71.0650024 0.797158182 58
108 18 -30.2800007 -71.3460007 0.574186862 58
108 42 -30.2609997 -71.8270035 0.546233475 58
109 8 -30.2689991 -71.1439972 0.682220042 58
114 51 -30.1450005 -72.0009995 1.00000000 58
116 63 -30.0990009 -72.2389984 0.855222821 58
119 4 -30.0919991 -71.0559998 0.809360862 58
119 68 -30.0400009 -72.3359985 0.842832208 58
121 36 -30.0319996 -71.6940002 0.848934591 58
2 36 -32.1759987 -71.8119965 0.850983500 59
3 57 -32.1399994 -72.2399979 0.898820519 59
23 17 -31.8129997 -71.4029999 0.733613491 59
23 59 -31.7779999 -72.2590027 0.709631979 59
25 21 -31.7740002 -71.4830017 0.748916984 59
25 59 -31.7420006 -72.2570038 0.680587530 59
32 40 -31.6320000 -71.8629990 1.00000000 59
33 42 -31.6119995 -71.9029999 0.901108146 59
44 35 -31.4200001 -71.7490005 0.772407889 59
45 62 -31.3789997 -72.2959976 0.910720170 59
60 66 -31.1049995 -72.3610001 0.867112219 59
63 15 -31.0930004 -71.3259964 0.876870573 59
83 43 -30.7110004 -71.8720016 0.899608612 59
106 59 -30.2819996 -72.1699982 0.790498316 59
108 4 -30.2900009 -71.0650024 0.835192502 59
108 42 -30.2609997 -71.8270035 0.784357965 59
114 61 -30.1359997 -72.2009964 0.857718408 59
119 16 -30.0830002 -71.2959976 0.809304059 59
119 68 -30.0400009 -72.3359985 0.896396279 59
120 51 -30.0370007 -71.9950027 0.776996791 59
2 36 -32.1759987 -71.8119965 0.852106631 60
17 57 -31.8869991 -72.2249985 1.00000000 60
18 10 -31.9080009 -71.2649994 0.839153647 60
23 17 -31.8129997 -71.4029999 0.697543919 60
23 59 -31.7779999 -72.2590027 0.675473511 60
25 59 -31.7420006 -72.2570038 0.604937255 60
44 35 -31.4200001 -71.7490005 0.816211641 60
45 22 -31.4120007 -71.4850006 0.837714732 60
47 38 -31.3630009 -71.8069992 0.869835973 60
60 66 -31.1049995 -72.3610001 0.698214948 60
65 8 -31.0629997 -71.1829987 0.730568290 60
65 35 -31.0419998 -71.7289963 0.758969843 60
67 42 -31.0000000 -71.8679962 0.803731382 60
75 56 -30.8439999 -72.1419983 0.818865001 60
83 43 -30.7110004 -71.8720016 0.740030587 60
85 14 -30.6980000 -71.2860031 0.714108825 60
100 66 -30.3840008 -72.3170013 0.791053772 60
114 61 -30.1359997 -72.2009964 0.833854020 60
119 16 -30.0830002 -71.2959976 0.723451853 60
120 51 -30.0370007 -71.9950027 0.719388247 60
7 22 -32.0970001 -71.5210037 0.767067075 61
17 57 -31.8869991 -72.2249985 0.834695101 61
18 10 -31.9080009 -71.2649994 0.903851032 61
22 35 -31.8160000 -71.7710037 0.810695648 61
44 43 -31.4130001 -71.9120026 0.672191203 61
45 22 -31.4120007 -71.4850006 0.984116614 61
47 38 -31.3630009 -71.8069992 0.869545341 61
65 8 -31.0629997 -71.1829987 0.925203204 61
65 35 -31.0419998 -71.7289963 0.787371457 61
67 42 -31.0000000 -71.8679962 0.892509222 61
75 28 -30.8670006 -71.5780029 0.723287463 61
75 56 -30.8439999 -72.1419983 0.938097715 61
80 21 -30.7819996 -71.4319992 0.855383635 61
85 14 -30.6980000 -71.2860031 0.934151232 61
87 33 -30.6469994 -71.6669998 0.913037300 61
90 61 -30.5690002 -72.2269974 1.00000000 61
92 21 -30.5660000 -71.4209976 0.973269522 61
100 32 -30.4130001 -71.6340027 0.959070265 61
100 66 -30.3840008 -72.3170013 0.995977104 61
110 13 -30.2479992 -71.2440033 0.865521371 61
4 6 -32.1629982 -71.1959991 0.669209898 62
7 22 -32.0970001 -71.5210037 0.750480235 62
15 2 -31.9680004 -71.1050034 0.727704763 62
22 35 -31.8160000 -71.7710037 0.791658461 62
24 49 -31.7679996 -72.0550003 0.780818820 62
30 51 -31.6590004 -72.0889969 0.630324304 62
44 43 -31.4130001 -71.9120026 0.652487099 62
47 11 -31.3850002 -71.2600021 0.787183702 62
67 13 -31.0230007 -71.2819977 0.717145681 62
75 28 -30.8670006 -71.5780029 0.699384928 62
79 31 -30.7929993 -71.6340027 0.944639146 62
80 21 -30.7819996 -71.4319992 0.788350463 62
80 34 -30.7719994 -71.6940002 0.666183472 62
87 33 -30.6469994 -71.6669998 0.834208548 62
90 61 -30.5690002 -72.2269974 0.896814287 62
92 21 -30.5660000 -71.4209976 0.797275662 62
99 66 -30.4020004 -72.3180008 0.662203193 62
100 32 -30.4130001 -71.6340027 0.775321364 62
110 13 -30.2479992 -71.2440033 0.814138651 62
117 40 -30.1000004 -71.7779999 0.784389973 62
4 6 -32.1629982 -71.1959991 0.607908130 63
15 2 -31.9680004 -71.1050034 0.540421128 63
24 36 -31.7789993 -71.7900009 0.683901846 63
24 49 -31.7679996 -72.0550003 0.720577180 63
30 8 -31.6930008 -71.2139969 0.711370647 63
30 51 -31.6590004 -72.0889969 0.550766349 63
35 66 -31.5550003 -72.3880005 0.833905280 63
47 11 -31.3850002 -71.2600021 0.642652154 63
51 63 -31.2700005 -72.3099976 1.00000000 63
59 4 -31.1739998 -71.1070023 0.727032363 63
67 13 -31.0230007 -71.2819977 0.739132881 63
78 62 -30.7840004 -72.2600021 0.754643798 63
79 31 -30.7929993 -71.6340027 0.673458278 63
80 34 -30.7719994 -71.6940002 0.595686436 63
89 50 -30.5970001 -72.0070038 0.655089498 63
99 66 -30.4020004 -72.3180008 0.630225122 63
115 48 -30.1299992 -71.9400024 0.567482948 63
117 40 -30.1000004 -71.7779999 0.674897552 63
118 51 -30.0730000 -71.9970016 0.688768804 63
120 37 -30.0489998 -71.7149963 0.664014041 63
13 25 -31.9869995 -71.5759964 0.891234219 64
18 50 -31.8759995 -72.0810013 0.984940886 64
24 36 -31.7789993 -71.7900009 0.819880068 64
25 52 -31.7479992 -72.1149979 0.817541003 64
30 8 -31.6930008 -71.2139969 0.883586764 64
35 66 -31.5550003 -72.3880005 1.00000000 64
45 39 -31.3990002 -71.8300018 0.776300967 64
50 6 -31.3339996 -71.1549988 0.867237031 64
51 63 -31.2700005 -72.3099976 0.855077863 64
52 36 -31.2749996 -71.7620010 0.764309466 64
56 33 -31.2049999 -71.6969986 0.806617260 64
59 4 -31.1739998 -71.1070023 0.895100653 64
77 48 -30.8139992 -71.9789963 0.894920826 64
78 62 -30.7840004 -72.2600021 0.781601131 64
86 23 -30.6730003 -71.4660034 0.848921716 64
89 50 -30.5970001 -72.0070038 0.854776740 64
115 48 -30.1299992 -71.9400024 0.856250882 64
118 51 -30.0730000 -71.9970016 0.852909505 64
119 37 -30.0669994 -71.7160034 0.375080824 64
120 37 -30.0489998 -71.7149963 0.267592162 64
3 69 -32.1290016 -72.4860001 0.672753036 65
10 14 -32.0489998 -71.3539963 0.792317390 65
13 25 -31.9869995 -71.5759964 0.929039478 65
18 50 -31.8759995 -72.0810013 0.910777748 65
25 35 -31.7619991 -71.7679977 0.863050282 65
25 52 -31.7479992 -72.1149979 0.766962290 65
30 13 -31.6900005 -71.3160019 0.910798848 65
35 23 -31.5919991 -71.5139999 0.712547243 65
41 70 -31.4430008 -72.4629974 0.721188068 65
45 39 -31.3990002 -71.8300018 0.776133180 65
50 6 -31.3339996 -71.1549988 0.935252428 65
52 36 -31.2749996 -71.7620010 0.771033227 65
56 33 -31.2049999 -71.6969986 1.00000000 65
60 21 -31.1429996 -71.4499969 0.857208014 65
77 48 -30.8139992 -71.9789963 0.938963056 65
86 23 -30.6730003 -71.4660034 0.883221030 65
86 56 -30.6450005 -72.1309967 0.784515977 65
86 56 -30.6450005 -72.1309967 0.784515977 65
102 23 -30.3840008 -71.4520035 0.832467318 65
119 37 -30.0669994 -71.7160034 0.845035791 65
3 69 -32.1290016 -72.4860001 0.827308118 66
10 14 -32.0489998 -71.3539963 0.725966156 66
16 70 -31.8939991 -72.4909973 0.845784307 66
25 35 -31.7619991 -71.7679977 0.891171098 66
30 13 -31.6900005 -71.3160019 0.888208926 66
32 25 -31.6439991 -71.5579987 1.00000000 66
35 23 -31.5919991 -71.5139999 0.988951921 66
35 54 -31.5660000 -72.1449966 0.963028371 66
35 68 -31.5529995 -72.4290009 0.860187054 66
41 70 -31.4430008 -72.4629974 0.753967941 66
60 21 -31.1429996 -71.4499969 0.911602497 66
76 54 -30.8269997 -72.1009979 0.958497047 66
86 56 -30.6450005 -72.1309967 0.782537222 66
86 56 -30.6450005 -72.1309967 0.782537222 66
90 44 -30.5839996 -71.8850021 0.968337595 66
100 68 -30.3820000 -72.3570023 0.909661055 66
102 23 -30.3840008 -71.4520035 0.945095778 66
106 45 -30.2940006 -71.8889999 0.939381003 66
112 14 -30.2110004 -71.2620010 0.856534958 66
119 14 -30.0849991 -71.2559967 0.832697928 66
6 36 -32.1040001 -71.8079987 0.937644839 67
9 20 -32.0629997 -71.4779968 0.825752079 67
16 70 -31.8939991 -72.4909973 0.930442929 67
19 9 -31.8910007 -71.2440033 0.735889494 67
24 23 -31.7900009 -71.5250015 0.861327589 67
30 71 -31.6399994 -72.4960022 0.859713852 67
32 25 -31.6439991 -71.5579987 0.821443141 67
35 54 -31.5660000 -72.1449966 1.00000000 67
35 68 -31.5529995 -72.4290009 0.884873092 67
43 22 -31.4480000 -71.4860001 0.931583166 67
76 54 -30.8269997 -72.1009979 0.874384642 67
80 34 -30.7719994 -71.6940002 0.955886304 67
90 44 -30.5839996 -71.8850021 0.799877882 67
93 24 -30.5459995 -71.4800034 0.919983089 67
96 64 -30.4580002 -72.2809982 0.833169997 67
98 16 -30.4619999 -71.3150024 0.813781559 67
100 68 -30.3820000 -72.3570023 0.838570654 67
106 45 -30.2940006 -71.8889999 0.819852829 67
112 14 -30.2110004 -71.2620010 0.838506639 67
119 14 -30.0849991 -71.2559967 0.781307936 67
3 46 -32.1489983 -72.0149994 0.637668014 68
6 13 -32.1220016 -71.3379974 0.628780425 68
6 36 -32.1040001 -71.8079987 0.736544013 68
9 20 -32.0629997 -71.4779968 0.645851374 68
19 9 -31.8910007 -71.2440033 0.606764078 68
24 23 -31.7900009 -71.5250015 0.749450147 68
30 71 -31.6399994 -72.4960022 0.675706923 68
36 51 -31.5510006 -72.0830002 0.695217788 68
40 29 -31.4969997 -71.6320038 0.687947571 68
43 22 -31.4480000 -71.4860001 0.749175668 68
58 15 -31.1830006 -71.3310013 0.656665623 68
60 50 -31.1189995 -72.0370026 0.574903011 68
75 70 -30.8309994 -72.4250031 0.690534532 68
80 34 -30.7719994 -71.6940002 0.750977099 68
89 25 -30.6170006 -71.5039978 0.630528688 68
93 24 -30.5459995 -71.4800034 0.692851901 68
94 63 -30.4950008 -72.2630005 0.993634760 68
96 64 -30.4580002 -72.2809982 0.812979519 68
98 16 -30.4619999 -71.3150024 0.659224987 68
119 4 -30.0919991 -71.0559998 0.660010815 68
3 46 -32.1489983 -72.0149994 0.820762694 69
3 55 -32.1409988 -72.1989975 0.810555518 69
6 13 -32.1220016 -71.3379974 0.657989979 69
8 27 -32.0750008 -71.6220016 0.794662476 69
12 69 -31.9669991 -72.4749985 0.735506296 69
36 51 -31.5510006 -72.0830002 0.658193707 69
37 16 -31.5610008 -71.3700027 0.829491496 69
40 29 -31.4969997 -71.6320038 0.839016676 69
41 24 -31.4829998 -71.5289993 0.785427928 69
42 40 -31.4519997 -71.8529968 1.00000000 69
56 53 -31.1879997 -72.1019974 0.523487091 69
58 15 -31.1830006 -71.3310013 0.792882681 69
60 50 -31.1189995 -72.0370026 0.837060928 69
75 70 -30.8309994 -72.4250031 0.760992169 69
89 25 -30.6170006 -71.5039978 0.781357706 69
94 63 -30.4950008 -72.2630005 0.902113438 69
100 29 -30.4160004 -71.5739975 0.867108524 69
110 51 -30.2169991 -72.0049973 0.898260653 69
111 21 -30.2240009 -71.4029999 0.847237647 69
119 4 -30.0919991 -71.0559998 0.828871846 69
3 55 -32.1409988 -72.1989975 0.831303954 70
8 27 -32.0750008 -71.6220016 0.845186651 70
12 69 -31.9669991 -72.4749985 0.799879491 70
37 16 -31.5610008 -71.3700027 0.803297520 70
38 10 -31.5480003 -71.2470016 0.823912680 70
41 24 -31.4829998 -71.5289993 1.00000000 70
42 40 -31.4519997 -71.8529968 0.975936651 70
42 60 -31.4340000 -72.2590027 0.978602052 70
44 46 -31.4109993 -71.9729996 0.853622794 70
47 62 -31.3430004 -72.2939987 0.850666642 70
48 9 -31.3680000 -71.2180023 0.782552361 70
50 42 -31.3059998 -71.8850021 0.776256204 70
56 34 -31.2049999 -71.7170029 0.950777411 70
56 53 -31.1879997 -72.1019974 0.953478634 70
75 19 -30.8740005 -71.3960037 0.849400163 70
79 20 -30.8010006 -71.4120026 0.730407298 70
100 11 -30.4290009 -71.2119980 0.815009415 70
100 29 -30.4160004 -71.5739975 0.827774584 70
110 51 -30.2169991 -72.0049973 0.945204258 70
111 21 -30.2240009 -71.4029999 0.912245452 70
21 48 -31.8230000 -72.0370026 0.817191482 71
30 63 -31.6480007 -72.3330002 0.580079079 71
35 69 -31.5520000 -72.4489975 0.975158453 71
38 10 -31.5480003 -71.2470016 0.835377455 71
42 60 -31.4340000 -72.2590027 0.847909570 71
44 46 -31.4109993 -71.9729996 0.789090693 71
47 62 -31.3430004 -72.2939987 1.00000000 71
48 9 -31.3680000 -71.2180023 0.642265022 71
50 42 -31.3059998 -71.8850021 0.724026918 71
56 34 -31.2049999 -71.7170029 0.821399391 71
62 3 -31.1200008 -71.0839996 0.728482425 71
75 19 -30.8740005 -71.3960037 0.804766357 71
78 38 -30.8050003 -71.7760010 0.836907983 71
79 20 -30.8010006 -71.4120026 0.727978408 71
87 16 -30.6599998 -71.3249969 0.748689890 71
89 50 -30.5970001 -72.0070038 0.638721883 71
92 46 -30.5459995 -71.9229965 0.722662568 71
100 11 -30.4290009 -71.2119980 0.788927853 71
104 69 -30.3090000 -72.3730011 0.833182395 71
120 38 -30.0480003 -71.7350006 0.797994256 71
4 31 -32.1440010 -71.7080002 0.957124233 72
5 17 -32.1370010 -71.4199982 0.968783081 72
12 64 -31.9710007 -72.3730011 0.974667490 72
21 48 -31.8230000 -72.0370026 0.996385574 72
30 63 -31.6480007 -72.3330002 0.791009247 72
33 24 -31.6270008 -71.5370026 0.943559587 72
35 69 -31.5520000 -72.4489975 0.880215108 72
44 50 -31.4069996 -72.0540009 0.939938068 72
56 20 -31.2159996 -71.4339981 0.938649654 72
62 3 -31.1200008 -71.0839996 0.782115757 72
71 37 -30.9319992 -71.7630005 0.907546341 72
78 38 -30.8050003 -71.7760010 0.943828106 72
82 70 -30.7049999 -72.4169998 0.929886520 72
86 44 -30.6560001 -71.8889999 0.913453102 72
87 16 -30.6599998 -71.3249969 0.855020642 72
88 57 -30.6079998 -72.1490021 1.00000000 72
89 50 -30.5970001 -72.0070038 0.844261229 72
92 46 -30.5459995 -71.9229965 0.747450352 72
104 69 -30.3090000 -72.3730011 0.835667431 72
120 38 -30.0480003 -71.7350006 0.872069001 72
4 31 -32.1440010 -71.7080002 0.772606313 73
5 17 -32.1370010 -71.4199982 0.770446837 73
12 52 -31.9820004 -72.1279984 0.616921902 73
12 64 -31.9710007 -72.3730011 0.821218550 73
14 52 -31.9459991 -72.1259995 0.676384330 73
24 62 -31.7570000 -72.3190002 0.384725600 73
25 61 -31.7399998 -72.2979965 0.412102491 73
33 24 -31.6270008 -71.5370026 0.715940833 73
44 50 -31.4069996 -72.0540009 0.661554873 73
56 20 -31.2159996 -71.4339981 0.672695756 73
64 71 -31.0279999 -72.4570007 0.690118134 73
71 37 -30.9319992 -71.7630005 0.680907547 73
82 70 -30.7049999 -72.4169998 0.632686496 73
84 62 -30.6760006 -72.2539978 0.978950918 73
86 44 -30.6560001 -71.8889999 0.733741939 73
88 57 -30.6079998 -72.1490021 0.791421056 73
88 60 -30.6060009 -72.2089996 0.667576730 73
92 22 -30.5650005 -71.4410019 0.652758121 73
105 37 -30.3190002 -71.7300034 0.689460933 73
120 39 -30.0470009 -71.7549973 0.681576729 73
10 32 -32.0349998 -71.7220001 0.703141034 74
12 52 -31.9820004 -72.1279984 0.718816817 74
14 52 -31.9459991 -72.1259995 0.788743854 74
24 62 -31.7570000 -72.3190002 0.493401736 74
25 61 -31.7399998 -72.2979965 0.452349186 74
30 37 -31.6709995 -71.8040009 0.739263415 74
49 18 -31.3430004 -71.4000015 0.707871437 74
64 71 -31.0279999 -72.4570007 0.698485672 74
68 10 -31.0070000 -71.2210007 0.722381890 74
84 62 -30.6760006 -72.2539978 0.706868231 74
88 60 -30.6060009 -72.2089996 0.835813880 74
92 22 -30.5650005 -71.4410019 0.715304911 74
93 13 -30.5540009 -71.2590027 0.633335292 74
95 6 -30.5230007 -71.1159973 0.713931084 74
101 20 -30.4050007 -71.3919983 0.757268250 74
105 37 -30.3190002 -71.7300034 0.864165962 74
106 2 -30.3279991 -71.0260010 0.630715072 74
110 9 -30.2509995 -71.1630020 0.712986648 74
120 39 -30.0470009 -71.7549973 0.887675822 74
121 54 -30.0160007 -72.0540009 1.00000000 74
3 12 -32.1769981 -71.3199997 0.768601656 75
10 32 -32.0349998 -71.7220001 0.663232267 75
23 34 -31.7989998 -71.7500000 0.840828776 75
30 37 -31.6709995 -71.8040009 0.778961837 75
35 47 -31.5720005 -72.0019989 0.836967826 75
49 18 -31.3430004 -71.4000015 0.751356900 75
59 7 -31.1709995 -71.1679993 0.866222441 75
67 63 -30.9810009 -72.2919998 0.869297385 75
68 10 -31.0070000 -71.2210007 0.728440583 75
68 49 -30.9759998 -72.0080032 0.921916962 75
84 69 -30.6700001 -72.3949966 0.751554072 75
91 59 -30.5529995 -72.1859970 0.828867614 75
93 13 -30.5540009 -71.2590027 0.705154955 75
95 6 -30.5230007 -71.1159973 0.729465008 75
98 59 -30.4260006 -72.1780014 0.921879113 75
101 20 -30.4050007 -71.3919983 0.778370976 75
106 2 -30.3279991 -71.0260010 0.713882148 75
106 42 -30.2970009 -71.8290024 0.860811710 75
110 9 -30.2509995 -71.1630020 0.712285876 75
121 54 -30.0160007 -72.0540009 1.00000000 75
3 12 -32.1769981 -71.3199997 0.798740506 76
6 20 -32.1170006 -71.4810028 0.918850839 76
18 5 -31.9120007 -71.1630020 0.822184086 76
20 27 -31.8589993 -71.6100006 0.787896395 76
21 53 -31.8190002 -72.1389999 0.781843126 76
23 34 -31.7989998 -71.7500000 0.942463517 76
35 47 -31.5720005 -72.0019989 0.839575052 76
38 57 -31.5090008 -72.2020035 0.879581392 76
57 10 -31.2049999 -71.2300034 1.00000000 76
59 7 -31.1709995 -71.1679993 0.946699500 76
65 1 -31.0680008 -71.0410004 0.846429229 76
67 34 -31.0060005 -71.7060013 0.838309765 76
67 63 -30.9810009 -72.2919998 0.938969433 76
68 49 -30.9759998 -72.0080032 0.843920827 76
84 69 -30.6700001 -72.3949966 0.871076107 76
91 59 -30.5529995 -72.1859970 0.894762754 76
93 30 -30.5410004 -71.6009979 0.909058213 76
95 54 -30.4850006 -72.0810013 0.822783887 76
98 59 -30.4260006 -72.1780014 0.835966825 76
106 42 -30.2970009 -71.8290024 0.901066601 76
6 20 -32.1170006 -71.4810028 0.887151957 77
17 48 -31.8950005 -72.0419998 0.696610391 77
18 5 -31.9120007 -71.1630020 0.810849309 77
18 15 -31.9039993 -71.3669968 0.794247508 77
20 27 -31.8589993 -71.6100006 0.859330118 77
20 71 -31.8209991 -72.5070038 0.867373586 77
21 53 -31.8190002 -72.1389999 0.784727693 77
24 50 -31.7679996 -72.0749969 1.00000000 77
38 57 -31.5090008 -72.2020035 0.786739886 77
47 16 -31.3810005 -71.3610001 0.875024796 77
49 45 -31.3209991 -71.9469986 0.968607366 77
57 10 -31.2049999 -71.2300034 0.953918636 77
65 1 -31.0680008 -71.0410004 0.826566935 77
67 34 -31.0060005 -71.7060013 0.853900254 77
70 23 -30.9610004 -71.4810028 0.766854823 77
84 27 -30.7059994 -71.5490036 0.922733665 77
86 49 -30.6509991 -71.9899979 0.997882426 77
93 30 -30.5410004 -71.6009979 0.725330114 77
95 54 -30.4850006 -72.0810013 0.879761517 77
115 20 -30.1520004 -71.3789978 0.840180337 77
1 54 -32.1780014 -72.1809998 0.760429978 78
6 17 -32.1189995 -71.4189987 0.707928836 78
8 32 -32.0709991 -71.7239990 0.628525317 78
17 48 -31.8950005 -72.0419998 0.715477645 78
18 15 -31.9039993 -71.3669968 0.720355809 78
18 45 -31.8799992 -71.9789963 0.722554982 78
20 71 -31.8209991 -72.5070038 0.993513942 78
24 50 -31.7679996 -72.0749969 0.801375389 78
42 14 -31.4729996 -71.3249969 0.775577068 78
47 16 -31.3810005 -71.3610001 0.896154761 78
49 45 -31.3209991 -71.9469986 0.722606957 78
51 48 -31.2830009 -72.0059967 0.623932838 78
69 39 -30.9659996 -71.8050003 0.821030259 78
70 23 -30.9610004 -71.4810028 0.715543091 78
84 27 -30.7059994 -71.5490036 0.826457500 78
86 49 -30.6509991 -71.9899979 0.757172585 78
97 26 -30.4720001 -71.5169983 0.812443137 78
106 8 -30.3239994 -71.1470032 0.729864657 78
106 56 -30.2849998 -72.1100006 0.614240348 78
115 20 -30.1520004 -71.3789978 0.767803848 78
1 54 -32.1780014 -72.1809998 0.719480515 79
6 17 -32.1189995 -71.4189987 0.805018961 79
8 32 -32.0709991 -71.7239990 0.901501238 79
18 45 -31.8799992 -71.9789963 0.825067043 79
30 13 -31.6900005 -71.3160019 0.979308188 79
35 4 -31.6060009 -71.1279984 0.805356145 79
42 14 -31.4729996 -71.3249969 1.00000000 79
51 48 -31.2830009 -72.0059967 0.681310296 79
60 44 -31.1240005 -71.9160004 0.745248258 79
66 36 -31.0230007 -71.7480011 0.777907014 79
67 44 -30.9979992 -71.9079971 0.946147501 79
69 39 -30.9659996 -71.8050003 0.912393332 79
79 25 -30.7970009 -71.5130005 0.945098162 79
87 58 -30.6259995 -72.1699982 0.820690691 79
92 53 -30.5400009 -72.0640030 0.722688198 79
94 19 -30.5319996 -71.3789978 0.877048314 79
97 26 -30.4720001 -71.5169983 0.957345843 79
106 8 -30.3239994 -71.1470032 0.783576310 79
106 56 -30.2849998 -72.1100006 0.826394141 79
109 32 -30.2509995 -71.6259995 0.857087553 79
2 31 -32.1800003 -71.7099991 0.831529200 80
8 22 -32.0789986 -71.5199966 0.941717446 80
27 26 -31.7339993 -71.5830002 0.923586249 80
30 13 -31.6900005 -71.3160019 0.829319596 80
35 4 -31.6060009 -71.1279984 0.954665899 80
37 22 -31.5569992 -71.4919968 0.875600815 80
54 56 -31.2220001 -72.1650009 0.788462818 80
60 44 -31.1240005 -71.9160004 0.745375693 80
66 36 -31.0230007 -71.7480011 0.822989285 80
67 44 -30.9979992 -71.9079971 0.902380407 80
73 16 -30.9120007 -71.3369980 0.953238904 80
79 25 -30.7970009 -71.5130005 1.00000000 80
82 8 -30.7560005 -71.1679993 0.840233982 80
87 58 -30.6259995 -72.1699982 0.994891226 80
92 53 -30.5400009 -72.0640030 0.812833190 80
94 19 -30.5319996 -71.3789978 0.903968453 80
106 14 -30.3190002 -71.2669983 0.897244036 80
109 32 -30.2509995 -71.6259995 0.961533368 80
116 67 -30.0949993 -72.3190002 0.904284656 80
118 42 -30.0809994 -71.8170013 0.854520440 80
1 38 -32.1920013 -71.8539963 0.820171893 81
2 31 -32.1800003 -71.7099991 0.908471644 81
2 36 -32.1759987 -71.8119965 0.481824040 81
8 22 -32.0789986 -71.5199966 0.732587874 81
27 26 -31.7339993 -71.5830002 0.863472402 81
37 22 -31.5569992 -71.4919968 0.790514767 81
44 21 -31.4309998 -71.4649963 0.829014182 81
52 34 -31.2770004 -71.7210007 0.926011622 81
54 32 -31.2420006 -71.6790009 0.877975762 81
54 56 -31.2220001 -72.1650009 0.816738546 81
65 56 -31.0240002 -72.1529999 0.774857521 81
73 16 -30.9120007 -71.3369980 0.843030334 81
75 4 -30.8850002 -71.0930023 0.853676915 81
81 23 -30.7630005 -71.4710007 0.914235115 81
82 8 -30.7560005 -71.1679993 0.855627716 81
91 23 -30.5830002 -71.4619980 1.00000000 81
103 43 -30.3500004 -71.8519974 0.771324992 81
106 14 -30.3190002 -71.2669983 0.879240394 81
116 67 -30.0949993 -72.3190002 0.819058120 81
118 42 -30.0809994 -71.8170013 0.766493738 81
1 38 -32.1920013 -71.8539963 0.693617880 82
2 36 -32.1759987 -71.8119965 0.551771522 82
18 52 -31.8740005 -72.1220016 0.953592896 82
28 16 -31.7229996 -71.3779984 0.668336153 82
44 21 -31.4309998 -71.4649963 0.751137197 82
49 32 -31.3320007 -71.6839981 0.898420691 82
52 34 -31.2770004 -71.7210007 0.860192299 82
54 32 -31.2420006 -71.6790009 0.796705961 82
55 11 -31.2409992 -71.2519989 0.774329662 82
65 56 -31.0240002 -72.1529999 0.904630303 82
75 4 -30.8850002 -71.0930023 0.755722642 82
77 24 -30.8339996 -71.4950027 0.700199366 82
81 23 -30.7630005 -71.4710007 0.745037794 82
84 5 -30.7220001 -71.1060028 0.864288449 82
87 67 -30.6170006 -72.3509979 0.872125268 82
91 23 -30.5830002 -71.4619980 0.835428238 82
92 10 -30.5739994 -71.1989975 0.786003232 82
101 29 -30.3980007 -71.5729980 1.00000000 82
103 43 -30.3500004 -71.8519974 0.949813545 82
114 58 -30.1389999 -72.1409988 0.837373614 82
17 14 -31.9230003 -71.3479996 0.843625605 83
18 52 -31.8740005 -72.1220016 1.00000000 83
19 15 -31.8859997 -71.3659973 0.855936706 83
22 22 -31.8269997 -71.5059967 0.745612919 83
28 14 -31.7250004 -71.3379974 0.792698979 83
28 16 -31.7229996 -71.3779984 0.860022068 83
31 7 -31.6760006 -71.1930008 0.778468072 83
49 32 -31.3320007 -71.6839981 0.260159045 83
50 33 -31.3129997 -71.7030029 0.407942861 83
55 11 -31.2409992 -71.2519989 0.874961615 83
64 5 -31.0830002 -71.1230011 0.818487704 83
77 24 -30.8339996 -71.4950027 0.775649607 83
84 5 -30.7220001 -71.1060028 0.798580766 83
87 67 -30.6170006 -72.3509979 0.861912072 83
92 10 -30.5739994 -71.1989975 0.815252483 83
96 20 -30.4950008 -71.3970032 0.771993995 83
98 51 -30.4330006 -72.0179977 0.656393409 83
101 29 -30.3980007 -71.5729980 0.890317321 83
114 58 -30.1389999 -72.1409988 0.962812901 83
116 59 -30.1019993 -72.1589966 0.997127533 83
13 23 -31.9880009 -71.5350037 0.710093260 84
17 14 -31.9230003 -71.3479996 0.843622386 84
19 15 -31.8859997 -71.3659973 0.701807916 84
22 22 -31.8269997 -71.5059967 0.750744283 84
28 14 -31.7250004 -71.3379974 0.740235269 84
31 7 -31.6760006 -71.1930008 0.718272924 84
36 6 -31.5869999 -71.1679993 0.777941585 84
50 33 -31.3129997 -71.7030029 0.887774646 84
64 5 -31.0830002 -71.1230011 1.00000000 84
66 3 -31.0480003 -71.0810013 0.832053185 84
67 36 -31.0049992 -71.7470016 0.863024652 84
73 22 -30.9080009 -71.4580002 0.644383669 84
74 19 -30.8920002 -71.3970032 0.745041370 84
84 65 -30.6730003 -72.3140030 0.932016015 84
87 38 -30.6429996 -71.7669983 0.856686473 84
94 16 -30.5340004 -71.3180008 0.810232878 84
96 20 -30.4950008 -71.3970032 0.724310160 84
98 51 -30.4330006 -72.0179977 0.788186431 84
101 63 -30.3689995 -72.2549973 0.898030341 84
116 59 -30.1019993 -72.1589966 0.784297466 84
13 23 -31.9880009 -71.5350037 0.777551711 85
16 45 -31.9160004 -71.9810028 0.729949534 85
18 30 -31.8929996 -71.6729965 0.739308298 85
26 31 -31.7479992 -71.6859970 0.688469231 85
27 43 -31.7199993 -71.9290009 0.733545125 85
36 6 -31.5869999 -71.1679993 0.795003474 85
49 58 -31.3099995 -72.2109985 0.638879836 85
64 12 -31.0779991 -71.2649994 0.761310756 85
66 3 -31.0480003 -71.0810013 0.754173338 85
67 36 -31.0049992 -71.7470016 0.788815498 85
73 22 -30.9080009 -71.4580002 0.814306557 85
74 19 -30.8920002 -71.3970032 0.745042920 85
74 26 -30.8869991 -71.5380020 0.986746550 85
79 20 -30.8010006 -71.4120026 0.779761434 85
84 65 -30.6730003 -72.3140030 0.837902546 85
87 38 -30.6429996 -71.7669983 1.00000000 85
94 16 -30.5340004 -71.3180008 0.755386233 85
101 63 -30.3689995 -72.2549973 0.750448883 85
102 21 -30.3859997 -71.4110031 0.769410908 85
117 22 -30.1149998 -71.4179993 0.733311772 85
1 49 -32.1829987 -72.0790024 1.00000000 86
16 45 -31.9160004 -71.9810028 0.686435580 86
18 30 -31.8929996 -71.6729965 0.762515247 86
23 6 -31.8209991 -71.1790009 0.925835490 86
26 31 -31.7479992 -71.6859970 0.796453238 86
27 43 -31.7199993 -71.9290009 0.675787568 86
30 64 -31.6469994 -72.3529968 0.947895944 86
39 50 -31.4969997 -72.0589981 0.757540405 86
49 58 -31.3099995 -72.2109985 0.813172102 86
64 12 -31.0779991 -71.2649994 0.791524112 86
64 54 -31.0429993 -72.1139984 0.781863272 86
66 7 -31.0450001 -71.1620026 0.759240270 86
74 26 -30.8869991 -71.5380020 0.839396834 86
79 20 -30.8010006 -71.4120026 0.801833332 86
86 66 -30.6359997 -72.3320007 0.811323881 86
102 21 -30.3859997 -71.4110031 0.780800700 86
105 3 -30.3449993 -71.0469971 0.835725188 86
107 21 -30.2959995 -71.4069977 0.806485713 86
117 22 -30.1149998 -71.4179993 0.795290232 86
121 65 -30.0070000 -72.2740021 0.814541221 86
1 49 -32.1829987 -72.0790024 1.00000000 87
11 38 -32.0120010 -71.8440018 0.781045139 87
19 56 -31.8519993 -72.2020035 0.787222087 87
21 33 -31.8360004 -71.7320023 0.806491375 87
23 6 -31.8209991 -71.1790009 0.811365664 87
30 64 -31.6469994 -72.3529968 0.845121861 87
39 50 -31.4969997 -72.0589981 0.791916609 87
52 63 -31.2520008 -72.3089981 0.846811175 87
55 53 -31.2059994 -72.1029968 0.900814116 87
64 54 -31.0429993 -72.1139984 0.814003527 87
66 7 -31.0450001 -71.1620026 0.782136977 87
72 68 -30.8869991 -72.3880005 0.740544379 87
83 64 -30.6919994 -72.2949982 0.769728661 87
86 66 -30.6359997 -72.3320007 0.783653557 87
92 9 -30.5750008 -71.1790009 0.825900495 87
105 3 -30.3449993 -71.0469971 0.774275243 87
107 21 -30.2959995 -71.4069977 0.794277489 87
114 60 -30.1369991 -72.1809998 0.695576251 87
118 60 -30.0650005 -72.1770020 0.668300688 87
121 65 -30.0070000 -72.2740021 0.623125672 87
1 34 -32.1959991 -71.7720032 0.720925748 88
11 38 -32.0120010 -71.8440018 0.789587379 88
17 59 -31.8859997 -72.2659988 0.655747056 88
19 56 -31.8519993 -72.2020035 0.895802200 88
21 33 -31.8360004 -71.7320023 0.784529805 88
26 40 -31.7399998 -71.8690033 0.844205618 88
28 17 -31.7229996 -71.3990021 0.810376406 88
31 19 -31.6669998 -71.4369965 0.740882993 88
52 63 -31.2520008 -72.3089981 0.741492987 88
55 53 -31.2059994 -72.1029968 0.749918520 88
60 23 -31.1410007 -71.4909973 0.827479780 88
72 68 -30.8869991 -72.3880005 0.780478597 88
83 64 -30.6919994 -72.2949982 1.00000000 88
85 34 -30.6819992 -71.6890030 0.877493799 88
92 9 -30.5750008 -71.1790009 0.706301570 88
109 3 -30.2730007 -71.0439987 0.730960071 88
110 69 -30.2010002 -72.3659973 0.770242155 88
114 60 -30.1369991 -72.1809998 0.764980257 88
118 53 -30.0709991 -72.0370026 0.771874785 88
118 60 -30.0650005 -72.1770020 0.713552415 88
1 34 -32.1959991 -71.7720032 0.960011005 89
14 41 -31.9549999 -71.9020004 0.823181272 89
14 49 -31.9489994 -72.0650024 0.908140182 89
17 59 -31.8859997 -72.2659988 0.930549562 89
26 40 -31.7399998 -71.8690033 0.912266493 89
28 17 -31.7229996 -71.3990021 0.939193070 89
31 19 -31.6669998 -71.4369965 0.975737274 89
34 32 -31.6030006 -71.6979980 0.945005655 89
41 32 -31.4759998 -71.6910019 0.970277309 89
60 23 -31.1410007 -71.4909973 0.903469324 89
75 46 -30.8519993 -71.9410019 0.886485696 89
84 23 -30.7089996 -71.4680023 0.954210043 89
85 34 -30.6819992 -71.6890030 0.950922310 89
94 7 -30.5410004 -71.1370010 0.917670548 89
100 15 -30.4260006 -71.2929993 0.967011929 89
109 3 -30.2730007 -71.0439987 0.857330263 89
110 69 -30.2010002 -72.3659973 1.00000000 89
117 27 -30.1110001 -71.5179977 0.902361691 89
118 10 -30.1060009 -71.1770020 0.943980634 89
118 53 -30.0709991 -72.0370026 0.703667462 89
14 41 -31.9549999 -71.9020004 0.846824229 90
14 49 -31.9489994 -72.0650024 0.915576935 90
16 3 -31.9489994 -71.1240005 0.901148379 90
16 58 -31.9050007 -72.2470016 0.948573411 90
20 34 -31.8530006 -71.7529984 0.861452997 90
29 11 -31.7089996 -71.2760010 0.867440701 90
34 32 -31.6030006 -71.6979980 0.746043444 90
41 32 -31.4759998 -71.6910019 0.922383666 90
45 47 -31.3920002 -71.9919968 0.789821744 90
45 70 -31.3710003 -72.4580002 0.742079914 90
75 46 -30.8519993 -71.9410019 0.838693738 90
84 23 -30.7089996 -71.4680023 0.752177000 90
94 7 -30.5410004 -71.1370010 0.876936197 90
100 15 -30.4260006 -71.2929993 0.857318223 90
102 68 -30.3460007 -72.3550034 0.717322886 90
113 30 -30.1809998 -71.5820007 0.799834013 90
117 27 -30.1110001 -71.5179977 1.00000000 90
118 10 -30.1060009 -71.1770020 0.928083181 90
119 28 -30.0739994 -71.5360031 0.969429076 90
120 59 -30.0300007 -72.1549988 0.830274165 90
16 3 -31.9489994 -71.1240005 0.836055696 91
16 58 -31.9050007 -72.2470016 1.00000000 91
20 34 -31.8530006 -71.7529984 0.780708253 91
29 11 -31.7089996 -71.2760010 0.825391173 91
45 47 -31.3920002 -71.9919968 0.697990954 91
45 70 -31.3710003 -72.4580002 0.965869665 91
59 66 -31.1229992 -72.3619995 0.688395023 91
65 14 -31.0580006 -71.3040009 0.823589385 91
78 41 -30.8020000 -71.8369980 0.913647652 91
81 17 -30.7670002 -71.3499985 0.811633348 91
85 29 -30.6860008 -71.5879974 0.785133898 91
89 19 -30.6219997 -71.3830032 0.843581617 91
91 34 -30.5739994 -71.6829987 0.905288160 91
102 68 -30.3460007 -72.3550034 0.734914005 91
107 25 -30.2929993 -71.4869995 0.834455132 91
113 30 -30.1809998 -71.5820007 0.737935364 91
116 3 -30.1469994 -71.0380020 0.844014466 91
116 53 -30.1070004 -72.0390015 0.805079877 91
119 28 -30.0739994 -71.5360031 0.749731839 91
120 59 -30.0300007 -72.1549988 0.716153800 91
1 34 -32.1959991 -71.7720032 0.844418526 92
7 54 -32.0699997 -72.1750031 1.00000000 92
22 28 -31.8220005 -71.6289978 0.823788762 92
28 21 -31.7189999 -71.4800034 0.791383088 92
51 2 -31.3190002 -71.0729980 0.819764733 92
59 66 -31.1229992 -72.3619995 0.660936177 92
65 14 -31.0580006 -71.3040009 0.818685710 92
71 16 -30.9480000 -71.3389969 0.643291473 92
76 5 -30.8659992 -71.1129990 0.749584973 92
78 41 -30.8020000 -71.8369980 0.964348912 92
81 17 -30.7670002 -71.3499985 0.695538938 92
81 39 -30.7500000 -71.7939987 0.785121739 92
85 29 -30.6860008 -71.5879974 0.713266432 92
89 19 -30.6219997 -71.3830032 0.846583724 92
91 17 -30.5869999 -71.3410034 0.935138047 92
91 34 -30.5739994 -71.6829987 0.864849269 92
100 59 -30.3899994 -72.1760025 0.729044199 92
107 25 -30.2929993 -71.4869995 0.803591728 92
116 3 -30.1469994 -71.0380020 0.738639235 92
116 53 -30.1070004 -72.0390015 0.802365720 92
1 34 -32.1959991 -71.7720032 0.988558352 93
7 54 -32.0699997 -72.1750031 1.00000000 93
8 4 -32.0929985 -71.1520004 0.791658640 93
21 42 -31.8290005 -71.9150009 0.722080946 93
22 28 -31.8220005 -71.6289978 0.940184534 93
23 17 -31.8129997 -71.4029999 0.888783157 93
27 41 -31.7210007 -71.8880005 0.864651501 93
28 21 -31.7189999 -71.4800034 0.882295191 93
29 13 -31.7080002 -71.3160019 0.701887608 93
35 3 -31.6070004 -71.1080017 0.830799282 93
35 52 -31.5680008 -72.1039963 0.761464179 93
51 2 -31.3190002 -71.0729980 0.877228439 93
71 16 -30.9480000 -71.3389969 0.832721293 93
76 5 -30.8659992 -71.1129990 0.843121707 93
81 39 -30.7500000 -71.7939987 0.921710491 93
82 5 -30.7579994 -71.1070023 0.871914446 93
91 17 -30.5869999 -71.3410034 0.923324645 93
100 59 -30.3899994 -72.1760025 0.787682414 93
106 11 -30.3209991 -71.2070007 0.807962656 93
116 37 -30.1210003 -71.7190018 0.794322908 93
8 4 -32.0929985 -71.1520004 0.900176108 94
9 17 -32.0649986 -71.4169998 0.933136761 94
13 43 -31.9720001 -71.9440002 1.00000000 94
17 60 -31.8850002 -72.2860031 0.877268493 94
21 42 -31.8290005 -71.9150009 0.708113432 94
23 17 -31.8129997 -71.4029999 0.937139809 94
27 41 -31.7210007 -71.8880005 0.915350020 94
29 13 -31.7080002 -71.3160019 0.764658391 94
29 68 -31.6609993 -72.4359970 0.791880786 94
35 3 -31.6070004 -71.1080017 0.841333687 94
35 52 -31.5680008 -72.1039963 0.741079748 94
41 29 -31.4790001 -71.6309967 0.904921114 94
52 65 -31.2500000 -72.3489990 0.683902979 94
60 55 -31.1149998 -72.1380005 0.829856098 94
82 5 -30.7579994 -71.1070023 0.934362650 94
85 56 -30.6630001 -72.1320038 0.743577302 94
90 29 -30.5960007 -71.5830002 0.876869798 94
106 11 -30.3209991 -71.2070007 0.819715559 94
114 33 -30.1599998 -71.6409988 0.846747994 94
116 37 -30.1210003 -71.7190018 0.713680923 94
9 17 -32.0649986 -71.4169998 0.978026509 95
13 43 -31.9720001 -71.9440002 0.892856956 95
16 27 -31.9309998 -71.6139984 0.814793289 95
17 60 -31.8850002 -72.2860031 1.00000000 95
29 68 -31.6609993 -72.4359970 0.699179530 95
41 29 -31.4790001 -71.6309967 0.926655889 95
50 12 -31.3299999 -71.2770004 0.966474295 95
52 65 -31.2500000 -72.3489990 0.647234440 95
55 64 -31.1970005 -72.3259964 0.826398790 95
60 55 -31.1149998 -72.1380005 0.748994768 95
66 47 -31.0130005 -71.9700012 0.825343668 95
72 22 -30.9260006 -71.4589996 0.854190707 95
83 16 -30.7320004 -71.3280029 0.867818117 95
85 56 -30.6630001 -72.1320038 0.919007421 95
90 29 -30.5960007 -71.5830002 0.931680620 95
93 68 -30.5079994 -72.3649979 0.828106046 95
101 48 -30.3820000 -71.9540024 0.900918484 95
113 69 -30.1469994 -72.3629990 0.825308919 95
114 33 -30.1599998 -71.6409988 0.897986650 95
121 56 -30.0149994 -72.0940018 0.862823784 95
15 3 -31.9669991 -71.1250000 0.875954330 96
16 27 -31.9309998 -71.6139984 0.868741274 96
17 60 -31.8850002 -72.2860031 0.793701589 96
20 66 -31.8250008 -72.4049988 0.836407185 96
23 26 -31.8059998 -71.5869980 1.00000000 96
30 17 -31.6870003 -71.3970032 0.829245925 96
44 46 -31.4109993 -71.9729996 0.871332526 96
50 12 -31.3299999 -71.2770004 0.791699946 96
50 55 -31.2950001 -72.1490021 0.755306900 96
55 64 -31.1970005 -72.3259964 0.871133745 96
66 47 -31.0130005 -71.9700012 0.776721656 96
72 22 -30.9260006 -71.4589996 0.921788692 96
75 9 -30.8820000 -71.1940002 0.868088186 96
77 35 -30.8250008 -71.7170029 0.817130327 96
83 2 -30.7420006 -71.0459976 0.942138076 96
83 16 -30.7320004 -71.3280029 0.923506796 96
93 68 -30.5079994 -72.3649979 0.852598131 96
101 48 -30.3820000 -71.9540024 0.924446583 96
113 69 -30.1469994 -72.3629990 0.827505171 96
121 56 -30.0149994 -72.0940018 0.850534260 96
5 42 -32.1170006 -71.9319992 0.708434224 97
15 3 -31.9669991 -71.1250000 0.800771177 97
15 34 -31.9430008 -71.7580032 0.915540338 97
16 15 -31.9400005 -71.3690033 0.833444893 97
17 60 -31.8850002 -72.2860031 0.890400946 97
18 43 -31.8820000 -71.9380035 0.965836287 97
20 66 -31.8250008 -72.4049988 0.702090561 97
23 26 -31.8059998 -71.5869980 0.884193718 97
30 17 -31.6870003 -71.3970032 0.712661445 97
30 58 -31.6520004 -72.2310028 0.546310127 97
35 13 -31.5990009 -71.3109970 0.759983957 97
44 46 -31.4109993 -71.9729996 0.790147364 97
50 55 -31.2950001 -72.1490021 0.786074162 97
60 67 -31.1040001 -72.3809967 1.00000000 97
75 9 -30.8820000 -71.1940002 0.714930356 97
77 35 -30.8250008 -71.7170029 0.745478451 97
83 2 -30.7420006 -71.0459976 0.756350935 97
87 24 -30.6539993 -71.4860001 0.804647148 97
99 8 -30.4500008 -71.1529999 0.714571536 97
119 11 -30.0869999 -71.1959991 0.731069207 97
5 42 -32.1170006 -71.9319992 0.826876462 98
15 34 -31.9430008 -71.7580032 0.879226148 98
16 15 -31.9400005 -71.3690033 0.879031599 98
18 43 -31.8820000 -71.9380035 0.951258600 98
29 23 -31.7000008 -71.5199966 0.794114232 98
30 58 -31.6520004 -72.2310028 0.943617880 98
35 13 -31.5990009 -71.3109970 1.00000000 98
36 37 -31.5620003 -71.7979965 0.739582896 98
42 14 -31.4729996 -71.3249969 0.975594938 98
53 67 -31.2299995 -72.3889999 0.694670618 98
55 57 -31.2029991 -72.1839981 0.862393796 98
60 67 -31.1040001 -72.3809967 0.719870210 98
61 27 -31.1200008 -71.5709991 0.886686981 98
68 54 -30.9710007 -72.1090012 0.710590303 98
74 23 -30.8889999 -71.4779968 0.760332048 98
87 24 -30.6539993 -71.4860001 0.811082661 98
87 29 -30.6499996 -71.5859985 0.721835434 98
94 9 -30.5389996 -71.1770020 0.805816829 98
99 8 -30.4500008 -71.1529999 0.732922375 98
119 11 -30.0869999 -71.1959991 0.738887548 98
8 4 -32.0929985 -71.1520004 0.970490277 99
23 63 -31.7740002 -72.3410034 0.754700422 99
25 27 -31.7689991 -71.6050034 0.965680778 99
29 23 -31.7000008 -71.5199966 0.925606012 99
36 37 -31.5620003 -71.7979965 0.762858808 99
42 14 -31.4729996 -71.3249969 0.803303123 99
45 37 -31.3999996 -71.7890015 0.847186446 99
48 4 -31.3719997 -71.1169968 0.868597090 99
53 33 -31.2590008 -71.6999969 0.829651594 99
53 58 -31.2380009 -72.2060013 0.778772235 99
53 67 -31.2299995 -72.3889999 0.778203130 99
54 59 -31.2189999 -72.2259979 0.714518487 99
55 57 -31.2029991 -72.1839981 0.609473884 99
55 59 -31.2010002 -72.2239990 0.627652645 99
61 27 -31.1200008 -71.5709991 1.00000000 99
68 54 -30.9710007 -72.1090012 0.855212331 99
74 23 -30.8889999 -71.4779968 0.805414498 99
84 11 -30.7180004 -71.2269974 0.881397486 99
87 29 -30.6499996 -71.5859985 0.867100179 99
94 9 -30.5389996 -71.1770020 0.906979740 99
7 71 -32.0550003 -72.5220032 0.698439300 100
8 4 -32.0929985 -71.1520004 0.737828255 100
8 44 -32.0610008 -71.9690018 0.859707952 100
11 30 -32.0190010 -71.6800003 0.838529944 100
13 27 -31.9850006 -71.6169968 0.734075367 100
23 63 -31.7740002 -72.3410034 0.723584533 100
25 27 -31.7689991 -71.6050034 0.778247654 100
30 58 -31.6520004 -72.2310028 0.773447812 100
31 59 -31.6329994 -72.2509995 0.453032315 100
45 37 -31.3999996 -71.7890015 0.770171762 100
48 4 -31.3719997 -71.1169968 0.793567359 100
49 62 -31.3069992 -72.2919998 0.944400370 100
53 33 -31.2590008 -71.6999969 0.855033517 100
53 58 -31.2380009 -72.2060013 0.900769532 100
54 59 -31.2189999 -72.2259979 0.822051287 100
55 59 -31.2010002 -72.2239990 0.752234817 100
63 62 -31.0540009 -72.2760010 0.801631212 100
78 53 -30.7919998 -72.0790024 0.770834446 100
84 11 -30.7180004 -71.2269974 0.770889759 100
110 52 -30.2159996 -72.0250015 0.793326676 100
