           3           4  -32.1829987      -71.1559982      0.717366815    
           8          56  -32.0499992      -72.2139969       1.00000000    
          10          15  -32.0480003      -71.3750000      0.844400465    
          13          47  -31.9680004      -72.0250015      0.790078163    
          18          38  -31.8859997      -71.8369980      0.885399222    
          32          46  -31.6270008      -71.9850006      0.828704238    
          37          53  -31.5310001      -72.1220016      0.692722797    
          46          14  -31.3999996      -71.3209991      0.790262759    
          59          31  -31.1529999      -71.6539993      0.831033468    
          61          38  -31.1110001      -71.7929993      0.694719434    
          63          51  -31.0639992      -72.0540009      0.676149905    
          67          41  -31.0009995      -71.8479996      0.985134363    
          68          14  -31.0039997      -71.3010025      0.862402320    
          71          57  -30.9150009      -72.1669998      0.712797642    
          73          47  -30.8869991      -71.9629974      0.620187640    
          81          66  -30.7259998      -72.3369980      0.605525792    
          81          68  -30.7250004      -72.3779984      0.535351753    
          96          51  -30.4699993      -72.0199966      0.768048763    
          99          65  -30.4029999      -72.2979965      0.839949191    
         107          13  -30.3020000      -71.2460022      0.799158335    
