          13          23  -31.9880009      -71.5350037      0.710093260    
          17          14  -31.9230003      -71.3479996      0.843622386    
          19          15  -31.8859997      -71.3659973      0.701807916    
          22          22  -31.8269997      -71.5059967      0.750744283    
          28          14  -31.7250004      -71.3379974      0.740235269    
          31           7  -31.6760006      -71.1930008      0.718272924    
          36           6  -31.5869999      -71.1679993      0.777941585    
          50          33  -31.3129997      -71.7030029      0.887774646    
          64           5  -31.0830002      -71.1230011       1.00000000    
          66           3  -31.0480003      -71.0810013      0.832053185    
          67          36  -31.0049992      -71.7470016      0.863024652    
          73          22  -30.9080009      -71.4580002      0.644383669    
          74          19  -30.8920002      -71.3970032      0.745041370    
          84          65  -30.6730003      -72.3140030      0.932016015    
          87          38  -30.6429996      -71.7669983      0.856686473    
          94          16  -30.5340004      -71.3180008      0.810232878    
          96          20  -30.4950008      -71.3970032      0.724310160    
          98          51  -30.4330006      -72.0179977      0.788186431    
         101          63  -30.3689995      -72.2549973      0.898030341    
         116          59  -30.1019993      -72.1589966      0.784297466    
