          14          41  -31.9549999      -71.9020004      0.846824229    
          14          49  -31.9489994      -72.0650024      0.915576935    
          16           3  -31.9489994      -71.1240005      0.901148379    
          16          58  -31.9050007      -72.2470016      0.948573411    
          20          34  -31.8530006      -71.7529984      0.861452997    
          29          11  -31.7089996      -71.2760010      0.867440701    
          34          32  -31.6030006      -71.6979980      0.746043444    
          41          32  -31.4759998      -71.6910019      0.922383666    
          45          47  -31.3920002      -71.9919968      0.789821744    
          45          70  -31.3710003      -72.4580002      0.742079914    
          75          46  -30.8519993      -71.9410019      0.838693738    
          84          23  -30.7089996      -71.4680023      0.752177000    
          94           7  -30.5410004      -71.1370010      0.876936197    
         100          15  -30.4260006      -71.2929993      0.857318223    
         102          68  -30.3460007      -72.3550034      0.717322886    
         113          30  -30.1809998      -71.5820007      0.799834013    
         117          27  -30.1110001      -71.5179977       1.00000000    
         118          10  -30.1060009      -71.1770020      0.928083181    
         119          28  -30.0739994      -71.5360031      0.969429076    
         120          59  -30.0300007      -72.1549988      0.830274165    
