           3          68  -32.1300011      -72.4649963      0.925147772    
          25          46  -31.7530003      -71.9919968      0.859845817    
          29          12  -31.7080002      -71.2959976      0.896018088    
          32          63  -31.6119995      -72.3310013      0.997326970    
          40          30  -31.4960003      -71.6520004      0.832122862    
          46          45  -31.3759995      -71.9499969      0.866901040    
          49          51  -31.3160000      -72.0690002      0.765380144    
          52          47  -31.2660007      -71.9850006      0.926646471    
          55          19  -31.2339993      -71.4140015      0.840254903    
          55          51  -31.2080002      -72.0619965      0.737391531    
          81          13  -30.7700005      -71.2699966      0.841661751    
          82          58  -30.7159996      -72.1750031      0.776367605    
          83          29  -30.7220001      -71.5899963      0.842397630    
          95          66  -30.4740009      -72.3219986       1.00000000    
          96          45  -30.4750004      -71.8990021      0.645897031    
         109          52  -30.2339993      -72.0260010      0.823531508    
         112          17  -30.2089996      -71.3219986      0.945155919    
         117          44  -30.0970001      -71.8580017      0.895782173    
         118          18  -30.1000004      -71.3369980      0.936106265    
         120          32  -30.0529995      -71.6149979      0.980102241    
