           2          17  -32.1910019      -71.4229965      0.631881773    
           3          37  -32.1570015      -71.8310013      0.589196503    
          10          36  -32.0320015      -71.8040009      0.574487865    
          17           2  -31.9319992      -71.1029968      0.656864822    
          27          13  -31.7439995      -71.3180008      0.641845644    
          40          46  -31.4829998      -71.9769974      0.768818855    
          42          18  -31.4699993      -71.4059982      0.691139221    
          43          44  -31.4300003      -71.9329987      0.820974708    
          45          66  -31.3750000      -72.3769989      0.536402941    
          47          51  -31.3519993      -72.0709991      0.751384139    
          54          53  -31.2240009      -72.1039963      0.779821038    
          59          61  -31.1270008      -72.2610016      0.586789727    
          69          56  -30.9519997      -72.1490021      0.653046548    
          79          35  -30.7889996      -71.7149963      0.633002639    
          79          64  -30.7639999      -72.2990036      0.908990502    
          80          62  -30.7479992      -72.2580032      0.940601408    
          91          48  -30.5620003      -71.9649963      0.727167845    
         109           5  -30.2719994      -71.0839996      0.648413777    
         117          25  -30.1119995      -71.4779968      0.675994456    
         121          19  -30.0450001      -71.3539963      0.691187680    
