           2          36  -32.1759987      -71.8119965      0.850983500    
           3          57  -32.1399994      -72.2399979      0.898820519    
          23          17  -31.8129997      -71.4029999      0.733613491    
          23          59  -31.7779999      -72.2590027      0.709631979    
          25          21  -31.7740002      -71.4830017      0.748916984    
          25          59  -31.7420006      -72.2570038      0.680587530    
          32          40  -31.6320000      -71.8629990       1.00000000    
          33          42  -31.6119995      -71.9029999      0.901108146    
          44          35  -31.4200001      -71.7490005      0.772407889    
          45          62  -31.3789997      -72.2959976      0.910720170    
          60          66  -31.1049995      -72.3610001      0.867112219    
          63          15  -31.0930004      -71.3259964      0.876870573    
          83          43  -30.7110004      -71.8720016      0.899608612    
         106          59  -30.2819996      -72.1699982      0.790498316    
         108           4  -30.2900009      -71.0650024      0.835192502    
         108          42  -30.2609997      -71.8270035      0.784357965    
         114          61  -30.1359997      -72.2009964      0.857718408    
         119          16  -30.0830002      -71.2959976      0.809304059    
         119          68  -30.0400009      -72.3359985      0.896396279    
         120          51  -30.0370007      -71.9950027      0.776996791    
