          10          30  -32.0369987      -71.6809998      0.828214884    
          28          25  -31.7159996      -71.5619965      0.839365602    
          31          19  -31.6669998      -71.4369965      0.940434396    
          32          27  -31.6429996      -71.5989990      0.884054244    
          36          16  -31.5790005      -71.3710022      0.901771426    
          37          12  -31.5639992      -71.2890015      0.443291694    
          38          11  -31.5470009      -71.2679977      0.531615317    
          54          59  -31.2189999      -72.2259979       1.00000000    
          62          34  -31.0960007      -71.7109985      0.805387855    
          64          58  -31.0400009      -72.1949997      0.931843758    
          72          53  -30.8999996      -72.0849991      0.930726111    
          75          17  -30.8759995      -71.3560028      0.828985929    
          85          26  -30.6879997      -71.5279999      0.898739994    
          88          38  -30.6250000      -71.7659988      0.952168167    
          92          34  -30.5559998      -71.6819992      0.852367640    
         103          43  -30.3500004      -71.8519974      0.747138083    
         114           2  -30.1840000      -71.0199966      0.761072218    
         115          55  -30.1240005      -72.0800018      0.804864705    
         118          12  -30.1040001      -71.2170029      0.706329405    
         120          33  -30.0520000      -71.6350021      0.840549767    
