          11          20  -32.0270004      -71.4759979      0.787672818    
          11          52  -32.0000000      -72.1299973      0.873179436    
          24           1  -31.8059998      -71.0759964      0.904859483    
          25          57  -31.7430000      -72.2160034       1.00000000    
          31           2  -31.6800003      -71.0910034      0.878325462    
          34          37  -31.5979996      -71.8000031      0.989966750    
          42          38  -31.4540005      -71.8119965      0.946283221    
          49          22  -31.3400002      -71.4810028      0.855212808    
          61          65  -31.0879993      -72.3389969      0.925152302    
          62          14  -31.1119995      -71.3069992      0.855192900    
          62          22  -31.1060009      -71.4690018      0.923933446    
          67          39  -31.0020008      -71.8069992      0.774394691    
          75          16  -30.8759995      -71.3349991      0.922872245    
          78          21  -30.8180008      -71.4339981      0.955596268    
          84          47  -30.6889992      -71.9520035      0.966591418    
          89          30  -30.6130009      -71.6050034      0.995529711    
          94          53  -30.5039997      -72.0619965      0.851414680    
         105          60  -30.2989998      -72.1910019      0.944130957    
         116          43  -30.1159992      -71.8389969      0.947001934    
         117          62  -30.0809994      -72.2180023      0.855907798    
