          13          68  -31.9489994      -72.4540024      0.495170742    
          20          63  -31.8279991      -72.3440018      0.718765438    
          27          64  -31.7010002      -72.3570023      0.572164416    
          37          31  -31.5489998      -71.6750031      0.556609929    
          38          17  -31.5419998      -71.3899994      0.523670673    
          40          54  -31.4759998      -72.1389999      0.490233868    
          45          19  -31.4150009      -71.4240036      0.553022861    
          46           9  -31.4039993      -71.2200012      0.512589276    
          65          35  -31.0419998      -71.7289963      0.573607862    
          68          37  -30.9860001      -71.7659988       1.00000000    
          68          38  -30.9850006      -71.7860031      0.977727294    
          76          39  -30.8400002      -71.7979965      0.367404908    
          82          38  -30.7329998      -71.7720032      0.460779279    
          88          47  -30.6170006      -71.9479980      0.484536678    
          89          53  -30.5939999      -72.0670013      0.469003409    
          91          16  -30.5879993      -71.3209991      0.487930000    
          95          45  -30.4930000      -71.9000015      0.571241796    
         100          18  -30.4239998      -71.3529968      0.544817209    
         101          42  -30.3869991      -71.8339996      0.668497741    
         117          42  -30.0990009      -71.8180008      0.557351708    
