          18          50  -31.8759995      -72.0810013      0.681078613    
          18          52  -31.8740005      -72.1220016      0.614085138    
          21          14  -31.8509998      -71.3440018      0.789669037    
          24          17  -31.7950001      -71.4029999      0.806625783    
          26          30  -31.7479992      -71.6660004      0.767366350    
          34          70  -31.5690002      -72.4710007      0.833876729    
          37          61  -31.5240002      -72.2850037       1.00000000    
          48          44  -31.3400002      -71.9280014      0.943409026    
          51           9  -31.3139992      -71.2149963      0.904711306    
          54          68  -31.2110004      -72.4079971      0.880565703    
          56           9  -31.2240009      -71.2109985      0.877582729    
          56          37  -31.2019997      -71.7779999      0.733021080    
          70          15  -30.9669991      -71.3199997      0.761868834    
          79          68  -30.7609997      -72.3799973      0.669786692    
          80          50  -30.7590008      -72.0159988      0.910703361    
          83          32  -30.7199993      -71.6510010      0.900541544    
          84          15  -30.7150002      -71.3069992      0.764847040    
          84          37  -30.6980000      -71.7500000      0.784202039    
          94          10  -30.5380001      -71.1979980      0.804582000    
          94          48  -30.5079994      -71.9619980      0.802733719    
