           4          25  -32.1489983      -71.5849991      0.918297827    
          10          59  -32.0120010      -72.2740021      0.717902780    
          11          20  -32.0270004      -71.4759979      0.864238679    
          11          52  -32.0000000      -72.1299973      0.751602769    
          26          45  -31.7360001      -71.9710007      0.763858914    
          29          47  -31.6800003      -72.0090027      0.875165522    
          40          48  -31.4810009      -72.0169983      0.713224113    
          42          38  -31.4540005      -71.8119965      0.801198959    
          49          22  -31.3400002      -71.4810028      0.761061788    
          55          46  -31.2129993      -71.9609985       1.00000000    
          61          65  -31.0879993      -72.3389969      0.923906147    
          72          30  -30.9190006      -71.6210022      0.768181384    
          75          16  -30.8759995      -71.3349991      0.810363233    
          78          21  -30.8180008      -71.4339981      0.901544869    
          84          47  -30.6889992      -71.9520035      0.918029785    
          86          46  -30.6539993      -71.9290009      0.978495181    
          88          51  -30.6140003      -72.0279999      0.858632207    
          89          30  -30.6130009      -71.6050034      0.792860866    
         105          60  -30.2989998      -72.1910019      0.853603601    
         111          40  -30.2089996      -71.7839966      0.864708185    
