           4          31  -32.1440010      -71.7080002      0.772606313    
           5          17  -32.1370010      -71.4199982      0.770446837    
          12          52  -31.9820004      -72.1279984      0.616921902    
          12          64  -31.9710007      -72.3730011      0.821218550    
          14          52  -31.9459991      -72.1259995      0.676384330    
          24          62  -31.7570000      -72.3190002      0.384725600    
          25          61  -31.7399998      -72.2979965      0.412102491    
          33          24  -31.6270008      -71.5370026      0.715940833    
          44          50  -31.4069996      -72.0540009      0.661554873    
          56          20  -31.2159996      -71.4339981      0.672695756    
          64          71  -31.0279999      -72.4570007      0.690118134    
          71          37  -30.9319992      -71.7630005      0.680907547    
          82          70  -30.7049999      -72.4169998      0.632686496    
          84          62  -30.6760006      -72.2539978      0.978950918    
          86          44  -30.6560001      -71.8889999      0.733741939    
          88          57  -30.6079998      -72.1490021      0.791421056    
          88          60  -30.6060009      -72.2089996      0.667576730    
          92          22  -30.5650005      -71.4410019      0.652758121    
         105          37  -30.3190002      -71.7300034      0.689460933    
         120          39  -30.0470009      -71.7549973      0.681576729    
