          16          58  -31.9050007      -72.2470016      0.718583643    
          22          48  -31.8050003      -72.0360031      0.852605999    
          32          55  -31.6189995      -72.1679993      0.621794701    
          36          12  -31.5820007      -71.2900009      0.712956429    
          44          29  -31.4249992      -71.6279984      0.782733619    
          44          49  -31.4080009      -72.0329971      0.684310913    
          47          32  -31.3680000      -71.6859970      0.814884782    
          49          64  -31.3050003      -72.3320007      0.665973842    
          66          71  -30.9920006      -72.4550018      0.786941826    
          68          48  -30.9769993      -71.9879990      0.749532282    
          75          48  -30.8500004      -71.9810028       1.00000000    
          77          49  -30.8139992      -71.9990005      0.969601274    
          78          39  -30.8040009      -71.7959976      0.845745146    
          87          40  -30.6410007      -71.8079987      0.786014199    
         102          67  -30.3470001      -72.3349991      0.646601915    
         103           1  -30.3829994      -71.0090027      0.774597883    
         110          42  -30.2250004      -71.8249969      0.844913363    
         113          38  -30.1739998      -71.7419968      0.858584404    
         116          14  -30.1389999      -71.2580032      0.781153142    
         118          40  -30.0820007      -71.7770004      0.796388388    
