           1          54  -32.1780014      -72.1809998      0.719480515    
           6          17  -32.1189995      -71.4189987      0.805018961    
           8          32  -32.0709991      -71.7239990      0.901501238    
          18          45  -31.8799992      -71.9789963      0.825067043    
          30          13  -31.6900005      -71.3160019      0.979308188    
          35           4  -31.6060009      -71.1279984      0.805356145    
          42          14  -31.4729996      -71.3249969       1.00000000    
          51          48  -31.2830009      -72.0059967      0.681310296    
          60          44  -31.1240005      -71.9160004      0.745248258    
          66          36  -31.0230007      -71.7480011      0.777907014    
          67          44  -30.9979992      -71.9079971      0.946147501    
          69          39  -30.9659996      -71.8050003      0.912393332    
          79          25  -30.7970009      -71.5130005      0.945098162    
          87          58  -30.6259995      -72.1699982      0.820690691    
          92          53  -30.5400009      -72.0640030      0.722688198    
          94          19  -30.5319996      -71.3789978      0.877048314    
          97          26  -30.4720001      -71.5169983      0.957345843    
         106           8  -30.3239994      -71.1470032      0.783576310    
         106          56  -30.2849998      -72.1100006      0.826394141    
         109          32  -30.2509995      -71.6259995      0.857087553    
