          16          58  -31.9050007      -72.2470016      0.855219603    
          29           2  -31.7159996      -71.0920029      0.882752180    
          32          41  -31.6310005      -71.8830032      0.869344294    
          32          55  -31.6189995      -72.1679993      0.755032480    
          35          58  -31.5620003      -72.2259979      0.968877375    
          44          49  -31.4080009      -72.0329971      0.812604129    
          47          32  -31.3680000      -71.6859970      0.800772130    
          49          64  -31.3050003      -72.3320007      0.574078679    
          60          11  -31.1499996      -71.2480011      0.877676666    
          66          56  -31.0060005      -72.1520004      0.843827784    
          68          48  -30.9769993      -71.9879990       1.00000000    
          74          59  -30.8589993      -72.2040024      0.861183345    
          76           8  -30.8640003      -71.1729965      0.916183829    
          78          39  -30.8040009      -71.7959976      0.786813080    
          79          48  -30.7779999      -71.9769974      0.855171621    
          87          40  -30.6410007      -71.8079987      0.859957337    
         102          47  -30.3649998      -71.9329987      0.817411065    
         102          65  -30.3490009      -72.2949982      0.868965089    
         103           1  -30.3829994      -71.0090027      0.839318037    
         118          40  -30.0820007      -71.7770004      0.902031481    
