           1          49  -32.1829987      -72.0790024       1.00000000    
          11          38  -32.0120010      -71.8440018      0.781045139    
          19          56  -31.8519993      -72.2020035      0.787222087    
          21          33  -31.8360004      -71.7320023      0.806491375    
          23           6  -31.8209991      -71.1790009      0.811365664    
          30          64  -31.6469994      -72.3529968      0.845121861    
          39          50  -31.4969997      -72.0589981      0.791916609    
          52          63  -31.2520008      -72.3089981      0.846811175    
          55          53  -31.2059994      -72.1029968      0.900814116    
          64          54  -31.0429993      -72.1139984      0.814003527    
          66           7  -31.0450001      -71.1620026      0.782136977    
          72          68  -30.8869991      -72.3880005      0.740544379    
          83          64  -30.6919994      -72.2949982      0.769728661    
          86          66  -30.6359997      -72.3320007      0.783653557    
          92           9  -30.5750008      -71.1790009      0.825900495    
         105           3  -30.3449993      -71.0469971      0.774275243    
         107          21  -30.2959995      -71.4069977      0.794277489    
         114          60  -30.1369991      -72.1809998      0.695576251    
         118          60  -30.0650005      -72.1770020      0.668300688    
         121          65  -30.0070000      -72.2740021      0.623125672    
