           1          38  -32.1920013      -71.8539963      0.693617880    
           2          36  -32.1759987      -71.8119965      0.551771522    
          18          52  -31.8740005      -72.1220016      0.953592896    
          28          16  -31.7229996      -71.3779984      0.668336153    
          44          21  -31.4309998      -71.4649963      0.751137197    
          49          32  -31.3320007      -71.6839981      0.898420691    
          52          34  -31.2770004      -71.7210007      0.860192299    
          54          32  -31.2420006      -71.6790009      0.796705961    
          55          11  -31.2409992      -71.2519989      0.774329662    
          65          56  -31.0240002      -72.1529999      0.904630303    
          75           4  -30.8850002      -71.0930023      0.755722642    
          77          24  -30.8339996      -71.4950027      0.700199366    
          81          23  -30.7630005      -71.4710007      0.745037794    
          84           5  -30.7220001      -71.1060028      0.864288449    
          87          67  -30.6170006      -72.3509979      0.872125268    
          91          23  -30.5830002      -71.4619980      0.835428238    
          92          10  -30.5739994      -71.1989975      0.786003232    
         101          29  -30.3980007      -71.5729980       1.00000000    
         103          43  -30.3500004      -71.8519974      0.949813545    
         114          58  -30.1389999      -72.1409988      0.837373614    
