           4           6  -32.1629982      -71.1959991      0.669209898    
           7          22  -32.0970001      -71.5210037      0.750480235    
          15           2  -31.9680004      -71.1050034      0.727704763    
          22          35  -31.8160000      -71.7710037      0.791658461    
          24          49  -31.7679996      -72.0550003      0.780818820    
          30          51  -31.6590004      -72.0889969      0.630324304    
          44          43  -31.4130001      -71.9120026      0.652487099    
          47          11  -31.3850002      -71.2600021      0.787183702    
          67          13  -31.0230007      -71.2819977      0.717145681    
          75          28  -30.8670006      -71.5780029      0.699384928    
          79          31  -30.7929993      -71.6340027      0.944639146    
          80          21  -30.7819996      -71.4319992      0.788350463    
          80          34  -30.7719994      -71.6940002      0.666183472    
          87          33  -30.6469994      -71.6669998      0.834208548    
          90          61  -30.5690002      -72.2269974      0.896814287    
          92          21  -30.5660000      -71.4209976      0.797275662    
          99          66  -30.4020004      -72.3180008      0.662203193    
         100          32  -30.4130001      -71.6340027      0.775321364    
         110          13  -30.2479992      -71.2440033      0.814138651    
         117          40  -30.1000004      -71.7779999      0.784389973    
