   9.98849583       3.90774794E-02           1          63
   9.47085762       3.89239341E-02           1          64
   8.95321846      0.116250120               1          65
   8.43558121       7.93860853E-02           1          66
   7.91794395       3.46217975E-02           1          67
   7.40030479       2.74308547E-02           1          68
   6.88266754       3.96989621E-02           1          69
   6.36502838       4.94480468E-02           1          70
   5.84739113       3.86807062E-02           1          71
   9.98849583       4.31012698E-02           2          63
   9.47085762       2.74862684E-02           2          64
   8.95321846       6.11841045E-02           2          65
   8.43558121       4.32239473E-02           2          66
   7.91794395       5.00968024E-02           2          67
   7.40030479       2.79821735E-02           2          68
   6.88266754       2.89887805E-02           2          69
   6.36502838       4.34517860E-02           2          70
   5.84739113       1.71957500E-02           2          71
   9.98849583       3.28452513E-02           3          63
   9.47085762       1.83783136E-02           3          64
   8.95321846       5.28757572E-02           3          65
   8.43558121       2.65055019E-02           3          66
   7.91794395       8.97899568E-02           3          67
   7.40030479       8.82218182E-02           3          68
   6.88266754       2.36213002E-02           3          69
   6.36502838       2.48699654E-02           3          70
   5.84739113       5.60190976E-02           3          71
   9.98849583       1.66790951E-02           4          63
   9.47085762       1.64618045E-02           4          64
   8.95321846       2.43203714E-02           4          65
   8.43558121       4.84436192E-02           4          66
   7.91794395       9.52118188E-02           4          67
   7.40030479       9.46471766E-02           4          68
   6.88266754       3.45741585E-02           4          69
   6.36502838       3.04897707E-02           4          70
   5.84739113       6.94154426E-02           4          71
   9.98849583       1.84331145E-02           5          63
   9.47085762       3.36668082E-02           5          64
   8.95321846       5.33441231E-02           5          65
   8.43558121       4.72441725E-02           5          66
   7.91794395      0.106873624               5          67
   7.40030479       7.88646191E-02           5          68
   6.88266754       7.73719773E-02           5          69
   6.36502838       4.89529930E-02           5          70
   5.84739113       7.31445178E-02           5          71
   9.98849583       3.08665689E-02           6          63
   9.47085762       3.65342982E-02           6          64
   8.95321846       4.90956418E-02           6          65
   8.43558121       6.58683330E-02           6          66
   7.91794395      0.102810971               6          67
   7.40030479      0.143822089               6          68
   6.88266754       9.30553898E-02           6          69
   6.36502838       7.12553561E-02           6          70
   5.84739113       4.55165096E-02           6          71
   9.98849583       4.25607897E-02           7          63
   9.47085762       3.70519273E-02           7          64
   8.95321846       4.78981808E-02           7          65
   8.43558121       5.79386204E-02           7          66
   7.91794395       5.81495240E-02           7          67
   7.40030479      0.157540098               7          68
   6.88266754      0.111953303               7          69
   6.36502838       7.58344084E-02           7          70
   5.84739113       3.98128293E-02           7          71
   9.98849583       4.46963198E-02           8          63
   9.47085762       3.17098238E-02           8          64
   8.95321846       4.06718813E-02           8          65
   8.43558121       2.04564836E-02           8          66
   7.91794395       3.95087637E-02           8          67
   7.40030479       8.90242159E-02           8          68
   6.88266754       8.19876119E-02           8          69
   6.36502838       9.43489969E-02           8          70
   5.84739113       5.45081235E-02           8          71
   9.98849583      0.109400332               9          63
   9.47085762       5.35943061E-02           9          64
   8.95321846       2.16571800E-02           9          65
   8.43558121       1.84684359E-02           9          66
   7.91794395       3.50323357E-02           9          67
   7.40030479       5.66584505E-02           9          68
   6.88266754       4.44949456E-02           9          69
   6.36502838       4.94617000E-02           9          70
   5.84739113       3.70612927E-02           9          71
   9.98849583       9.25192609E-02          10          63
   9.47085762       6.99227825E-02          10          64
   8.95321846       3.48180309E-02          10          65
   8.43558121       2.82954536E-02          10          66
   7.91794395       3.44514698E-02          10          67
   7.40030479       5.29121943E-02          10          68
   6.88266754       2.78621912E-02          10          69
   6.36502838       2.79184654E-02          10          70
   5.84739113       1.92009881E-02          10          71
   9.98849583       5.85991107E-02          11          63
   9.47085762       8.11235830E-02          11          64
   8.95321846       7.89270848E-02          11          65
   8.43558121       4.07773592E-02          11          66
   7.91794395       3.52169499E-02          11          67
   7.40030479       5.45986928E-02          11          68
   6.88266754       2.76404116E-02          11          69
   6.36502838       1.98260322E-02          11          70
   5.84739113       2.34945472E-02          11          71
   9.98849583       6.30125925E-02          12          63
   9.47085762       7.88042173E-02          12          64
   8.95321846       6.02111816E-02          12          65
   8.43558121       4.33751233E-02          12          66
   7.91794395       2.26066466E-02          12          67
   7.40030479       3.65192294E-02          12          68
   6.88266754       5.48746772E-02          12          69
   6.36502838       6.18612431E-02          12          70
   5.84739113       3.36632133E-02          12          71
   9.98849583      0.132503211              13          63
   9.47085762       7.18630776E-02          13          64
   8.95321846       7.34486803E-02          13          65
   8.43558121       6.77622855E-02          13          66
   7.91794395       3.06683071E-02          13          67
   7.40030479       2.82195415E-02          13          68
   6.88266754       4.67953980E-02          13          69
   6.36502838       5.36381826E-02          13          70
   5.84739113       3.69388834E-02          13          71
   9.98849583      0.164128751              14          63
   9.47085762       9.88429487E-02          14          64
   8.95321846       7.19427764E-02          14          65
   8.43558121       7.93901086E-02          14          66
   7.91794395       2.97700576E-02          14          67
   7.40030479       8.75781402E-02          14          68
   6.88266754       6.57686144E-02          14          69
   6.36502838       7.59019256E-02          14          70
   5.84739113       2.84212213E-02          14          71
   9.98849583      0.189482138              15          63
   9.47085762      0.179107621              15          64
   8.95321846      0.102476418              15          65
   8.43558121       4.49290536E-02          15          66
   7.91794395       4.29846421E-02          15          67
   7.40030479      0.140192688              15          68
   6.88266754       8.77966657E-02          15          69
   6.36502838       5.33064269E-02          15          70
   5.84739113       2.67012045E-02          15          71
   9.98849583      0.129769698              16          63
   9.47085762      0.165204793              16          64
   8.95321846      0.160512313              16          65
   8.43558121       5.89568727E-02          16          66
   7.91794395       7.00390115E-02          16          67
   7.40030479      0.140334114              16          68
   6.88266754       6.81753531E-02          16          69
   6.36502838       2.98017804E-02          16          70
   5.84739113       4.48726788E-02          16          71
   9.98849583       7.11463168E-02          17          63
   9.47085762      0.104369916              17          64
   8.95321846       7.71934763E-02          17          65
   8.43558121       4.24820520E-02          17          66
   7.91794395       7.59873092E-02          17          67
   7.40030479      0.125684321              17          68
   6.88266754       5.82273453E-02          17          69
   6.36502838       3.63294557E-02          17          70
   5.84739113       5.46160676E-02          17          71
   9.98849583       5.06576449E-02          18          63
   9.47085762       5.62382117E-02          18          64
   8.95321846       3.42711136E-02          18          65
   8.43558121       3.34803015E-02          18          66
   7.91794395      0.112854056              18          67
   7.40030479      0.106377706              18          68
   6.88266754       8.67608115E-02          18          69
   6.36502838       4.13716175E-02          18          70
   5.84739113       9.76498723E-02          18          71
   9.98849583       6.29349127E-02          19          63
   9.47085762       4.52366993E-02          19          64
   8.95321846       3.36336866E-02          19          65
   8.43558121       3.50698084E-02          19          66
   7.91794395      0.124063797              19          67
   7.40030479      0.116932280              19          68
   6.88266754       6.49457648E-02          19          69
   6.36502838       5.20485453E-02          19          70
   5.84739113       5.99646680E-02          19          71
   9.98849583       6.41054064E-02          20          63
   9.47085762       2.07731873E-02          20          64
   8.95321846       4.15620245E-02          20          65
   8.43558121       5.69791943E-02          20          66
   7.91794395       8.77782777E-02          20          67
   7.40030479       9.73068327E-02          20          68
   6.88266754       4.11915630E-02          20          69
   6.36502838       5.67619503E-02          20          70
   5.84739113       5.73665202E-02          20          71
   9.98849583       6.29604310E-02          21          63
   9.47085762       3.14455666E-02          21          64
   8.95321846       5.41524254E-02          21          65
   8.43558121       7.51815587E-02          21          66
   7.91794395       4.34742607E-02          21          67
   7.40030479       4.61571440E-02          21          68
   6.88266754       3.39875594E-02          21          69
   6.36502838       5.51425777E-02          21          70
   5.84739113       4.60629985E-02          21          71
   9.98849583       3.90254743E-02          22          63
   9.47085762       2.75134742E-02          22          64
   8.95321846       3.17036137E-02          22          65
   8.43558121       4.69962209E-02          22          66
   7.91794395       5.21437563E-02          22          67
   7.40030479       5.42410687E-02          22          68
   6.88266754       2.19788142E-02          22          69
   6.36502838       8.73878375E-02          22          70
   5.84739113       5.83230481E-02          22          71
   9.98849583       2.23191902E-02          23          63
   9.47085762       4.67318520E-02          23          64
   8.95321846       2.85578575E-02          23          65
   8.43558121       6.12815022E-02          23          66
   7.91794395       5.09589314E-02          23          67
   7.40030479       6.78240359E-02          23          68
   6.88266754       4.36547697E-02          23          69
   6.36502838       7.39892423E-02          23          70
   5.84739113       5.70490211E-02          23          71
   9.98849583       4.12720740E-02          24          63
   9.47085762       4.72127087E-02          24          64
   8.95321846       3.40627283E-02          24          65
   8.43558121       5.26690744E-02          24          66
   7.91794395       4.99825925E-02          24          67
   7.40030479       8.23944137E-02          24          68
   6.88266754       7.32673854E-02          24          69
   6.36502838       9.36596096E-02          24          70
   5.84739113       6.21184967E-02          24          71
   9.98849583       3.50847319E-02          25          63
   9.47085762       5.78926280E-02          25          64
   8.95321846       3.29264328E-02          25          65
   8.43558121       5.33435047E-02          25          66
   7.91794395       6.75083622E-02          25          67
   7.40030479       4.29924913E-02          25          68
   6.88266754       7.78073743E-02          25          69
   6.36502838      0.108056076              25          70
   5.84739113       8.20074901E-02          25          71
   9.98849583       4.75745872E-02          26          63
   9.47085762       4.00409289E-02          26          64
   8.95321846       5.22844642E-02          26          65
   8.43558121       7.00898319E-02          26          66
   7.91794395       7.17689320E-02          26          67
   7.40030479       6.13103546E-02          26          68
   6.88266754      0.129751399              26          69
   6.36502838       9.83364433E-02          26          70
   5.84739113      0.101691455              26          71
   9.98849583       4.07607146E-02          27          63
   9.47085762       3.84246521E-02          27          64
   8.95321846       5.15103936E-02          27          65
   8.43558121       7.38697574E-02          27          66
   7.91794395       6.18745424E-02          27          67
   7.40030479       5.84202334E-02          27          68
   6.88266754      0.106683590              27          69
   6.36502838       7.41415992E-02          27          70
   5.84739113       5.76716252E-02          27          71
   9.98849583       4.89379205E-02          28          63
   9.47085762       2.51585953E-02          28          64
   8.95321846       5.49175516E-02          28          65
   8.43558121       5.76484427E-02          28          66
   7.91794395       6.94137365E-02          28          67
   7.40030479       7.62344673E-02          28          68
   6.88266754       9.89959016E-02          28          69
   6.36502838       5.48657849E-02          28          70
   5.84739113       5.07529005E-02          28          71
   9.98849583       2.66893301E-02          29          63
   9.47085762       1.88611541E-02          29          64
   8.95321846       3.12108919E-02          29          65
   8.43558121       7.07037225E-02          29          66
   7.91794395       5.71508817E-02          29          67
   7.40030479       7.04078227E-02          29          68
   6.88266754       8.21292624E-02          29          69
   6.36502838       5.52662201E-02          29          70
   5.84739113       6.31690770E-02          29          71
   9.98849583       3.33337635E-02          30          63
   9.47085762       2.66340543E-02          30          64
   8.95321846       4.04414646E-02          30          65
   8.43558121       4.55775931E-02          30          66
   7.91794395       3.27961333E-02          30          67
   7.40030479       4.53432873E-02          30          68
   6.88266754       4.03216258E-02          30          69
   6.36502838       3.34776603E-02          30          70
   5.84739113       5.85140884E-02          30          71
   9.98849583       4.40834835E-02          31          63
   9.47085762       3.23550776E-02          31          64
   8.95321846       3.66886966E-02          31          65
   8.43558121       5.50239049E-02          31          66
   7.91794395       4.09119353E-02          31          67
   7.40030479       3.85377631E-02          31          68
   6.88266754       3.96139361E-02          31          69
   6.36502838       5.26391976E-02          31          70
   5.84739113       3.42556462E-02          31          71
   9.98849583       5.00694364E-02          32          63
   9.47085762       4.16352935E-02          32          64
   8.95321846       2.40664631E-02          32          65
   8.43558121       6.39926493E-02          32          66
   7.91794395       6.30181432E-02          32          67
   7.40030479       4.21227962E-02          32          68
   6.88266754       3.34117785E-02          32          69
   6.36502838       2.68983785E-02          32          70
   5.84739113       4.73387130E-02          32          71
   9.98849583       3.59234102E-02          33          63
   9.47085762       4.37687822E-02          33          64
   8.95321846       3.19349840E-02          33          65
   8.43558121      0.109635606              33          66
   7.91794395       8.02906677E-02          33          67
   7.40030479       5.81231266E-02          33          68
   6.88266754       4.60045673E-02          33          69
   6.36502838       5.15820719E-02          33          70
   5.84739113       4.86645289E-02          33          71
   9.98849583       4.57988158E-02          34          63
   9.47085762       3.65832336E-02          34          64
   8.95321846       3.68772522E-02          34          65
   8.43558121       5.43452166E-02          34          66
   7.91794395       3.52280438E-02          34          67
   7.40030479       6.87487870E-02          34          68
   6.88266754       5.62748909E-02          34          69
   6.36502838       5.03892824E-02          34          70
   5.84739113       5.19781038E-02          34          71
   9.98849583       5.33991382E-02          35          63
   9.47085762       5.96136972E-02          35          64
   8.95321846       7.97373131E-02          35          65
   8.43558121       4.04121131E-02          35          66
   7.91794395       4.38304916E-02          35          67
   7.40030479       7.33239800E-02          35          68
   6.88266754       5.47843762E-02          35          69
   6.36502838       4.14826758E-02          35          70
   5.84739113       4.81354743E-02          35          71
   9.98849583       8.57842341E-02          36          63
   9.47085762       9.07644853E-02          36          64
   8.95321846      0.101433091              36          65
   8.43558121       7.65543208E-02          36          66
   7.91794395       4.54472154E-02          36          67
   7.40030479       5.22749573E-02          36          68
   6.88266754       5.25379777E-02          36          69
   6.36502838       3.12009286E-02          36          70
   5.84739113       4.13790718E-02          36          71
   9.98849583      0.117716141              37          63
   9.47085762       7.26168305E-02          37          64
   8.95321846       9.58703682E-02          37          65
   8.43558121       8.61844718E-02          37          66
   7.91794395       4.79153991E-02          37          67
   7.40030479       5.18979058E-02          37          68
   6.88266754       3.64946723E-02          37          69
   6.36502838       2.98675336E-02          37          70
   5.84739113       6.26252592E-02          37          71
   9.98849583       9.21289325E-02          38          63
   9.47085762       6.48703277E-02          38          64
   8.95321846       6.29919842E-02          38          65
   8.43558121       5.87028787E-02          38          66
   7.91794395       7.09816962E-02          38          67
   7.40030479       7.55447149E-02          38          68
   6.88266754       3.36490460E-02          38          69
   6.36502838       5.72029352E-02          38          70
   5.84739113       8.97792503E-02          38          71
   9.98849583       7.78908804E-02          39          63
   9.47085762       5.76896556E-02          39          64
   8.95321846       6.40788600E-02          39          65
   8.43558121       7.54380748E-02          39          66
   7.91794395       8.18877667E-02          39          67
   7.40030479       7.33453110E-02          39          68
   6.88266754       4.38834652E-02          39          69
   6.36502838       5.38605042E-02          39          70
   5.84739113       7.62348995E-02          39          71
   9.98849583       3.83740813E-02          40          63
   9.47085762       3.55416499E-02          40          64
   8.95321846       4.55785878E-02          40          65
   8.43558121       8.35136473E-02          40          66
   7.91794395       7.70382956E-02          40          67
   7.40030479       4.29523736E-02          40          68
   6.88266754       4.26551849E-02          40          69
   6.36502838       4.71724942E-02          40          70
   5.84739113       4.16981429E-02          40          71
   9.98849583       3.26688439E-02          41          63
   9.47085762       3.39678936E-02          41          64
   8.95321846       3.16977166E-02          41          65
   8.43558121       6.09130375E-02          41          66
   7.91794395       7.81701282E-02          41          67
   7.40030479       7.67532289E-02          41          68
   6.88266754       8.09051543E-02          41          69
   6.36502838       6.94768205E-02          41          70
   5.84739113       4.26340960E-02          41          71
   9.98849583       4.31327000E-02          42          63
   9.47085762       5.17798103E-02          42          64
   8.95321846       4.38357815E-02          42          65
   8.43558121       5.35517894E-02          42          66
   7.91794395       6.10538498E-02          42          67
   7.40030479       6.97675794E-02          42          68
   6.88266754      0.113320507              42          69
   6.36502838       7.07300529E-02          42          70
   5.84739113       5.73796444E-02          42          71
   9.98849583       4.17686366E-02          43          63
   9.47085762       5.25435880E-02          43          64
   8.95321846       3.51739489E-02          43          65
   8.43558121       2.44472362E-02          43          66
   7.91794395       6.61614984E-02          43          67
   7.40030479       6.07004836E-02          43          68
   6.88266754      0.103717923              43          69
   6.36502838       5.48143312E-02          43          70
   5.84739113       5.01762815E-02          43          71
   9.98849583       8.17221031E-02          44          63
   9.47085762       7.71646276E-02          44          64
   8.95321846       3.43074314E-02          44          65
   8.43558121       3.25514823E-02          44          66
   7.91794395       6.41083196E-02          44          67
   7.40030479       6.19868115E-02          44          68
   6.88266754       6.55629560E-02          44          69
   6.36502838       5.61102368E-02          44          70
   5.84739113       7.62393400E-02          44          71
   9.98849583      0.163560823              45          63
   9.47085762       7.97758624E-02          45          64
   8.95321846       3.89966182E-02          45          65
   8.43558121       4.91970070E-02          45          66
   7.91794395       5.53826801E-02          45          67
   7.40030479       6.77880794E-02          45          68
   6.88266754       6.21988289E-02          45          69
   6.36502838       9.05916616E-02          45          70
   5.84739113       5.88551573E-02          45          71
   9.98849583      0.181522533              46          63
   9.47085762      0.144103870              46          64
   8.95321846       8.09224397E-02          46          65
   8.43558121       8.98244008E-02          46          66
   7.91794395       8.41995850E-02          46          67
   7.40030479       8.30329135E-02          46          68
   6.88266754       6.73992708E-02          46          69
   6.36502838       6.74201399E-02          46          70
   5.84739113       3.94739807E-02          46          71
   9.98849583      0.256721646              47          63
   9.47085762      0.277585208              47          64
   8.95321846      0.191413894              47          65
   8.43558121      0.117145218              47          66
   7.91794395      0.108736388              47          67
   7.40030479      0.112709291              47          68
   6.88266754       6.71983063E-02          47          69
   6.36502838       3.74677330E-02          47          70
   5.84739113       2.79549453E-02          47          71
   9.98849583      0.247714803              48          63
   9.47085762      0.310634792              48          64
   8.95321846      0.276120126              48          65
   8.43558121      0.159071952              48          66
   7.91794395      0.139201730              48          67
   7.40030479      0.104868770              48          68
   6.88266754       6.40397146E-02          48          69
   6.36502838       4.38517071E-02          48          70
   5.84739113       6.57323971E-02          48          71
   9.98849583      0.248277023              49          63
   9.47085762      0.248781249              49          64
   8.95321846      0.164229825              49          65
   8.43558121      0.155169681              49          66
   7.91794395      0.102209374              49          67
   7.40030479       9.32334363E-02          49          68
   6.88266754       7.19813034E-02          49          69
   6.36502838       4.19708006E-02          49          70
   5.84739113      0.112746738              49          71
   9.98849583      0.210226029              50          63
   9.47085762      0.178646937              50          64
   8.95321846      0.123958379              50          65
   8.43558121      0.106025279              50          66
   7.91794395      0.106979042              50          67
   7.40030479       6.73642755E-02          50          68
   6.88266754       9.67896357E-02          50          69
   6.36502838       5.30101694E-02          50          70
   5.84739113      0.109628491              50          71
   9.98849583      0.105483942              51          63
   9.47085762      0.108387552              51          64
   8.95321846      0.109460004              51          65
   8.43558121       7.22756162E-02          51          66
   7.91794395       7.55953640E-02          51          67
   7.40030479      0.100290127              51          68
   6.88266754       9.48359594E-02          51          69
   6.36502838       6.05864003E-02          51          70
   5.84739113       8.07763264E-02          51          71
   9.98849583       8.16121399E-02          52          63
   9.47085762       6.35886267E-02          52          64
   8.95321846       5.98093085E-02          52          65
   8.43558121       6.95620477E-02          52          66
   7.91794395       6.89674839E-02          52          67
   7.40030479       7.88480490E-02          52          68
   6.88266754       5.72429784E-02          52          69
   6.36502838       4.96576205E-02          52          70
   5.84739113       4.85238694E-02          52          71
   9.98849583       7.17056692E-02          53          63
   9.47085762       4.32760045E-02          53          64
   8.95321846       5.71477860E-02          53          65
   8.43558121       6.24000318E-02          53          66
   7.91794395       5.35520017E-02          53          67
   7.40030479       4.82856818E-02          53          68
   6.88266754       5.53121977E-02          53          69
   6.36502838       5.61476685E-02          53          70
   5.84739113       9.11508277E-02          53          71
   9.98849583       4.40332294E-02          54          63
   9.47085762       5.49023449E-02          54          64
   8.95321846       5.61111532E-02          54          65
   8.43558121       6.05993643E-02          54          66
   7.91794395       5.50921224E-02          54          67
   7.40030479       7.12885857E-02          54          68
   6.88266754       5.41044101E-02          54          69
   6.36502838       3.59335057E-02          54          70
   5.84739113       4.04621586E-02          54          71
   9.98849583       4.36306708E-02          55          63
   9.47085762       6.78633526E-02          55          64
   8.95321846       3.11924107E-02          55          65
   8.43558121       3.89937870E-02          55          66
   7.91794395       3.42370532E-02          55          67
   7.40030479       4.62446623E-02          55          68
   6.88266754       5.77855892E-02          55          69
   6.36502838       4.20397781E-02          55          70
   5.84739113       3.57968956E-02          55          71
   9.98849583       4.49873917E-02          56          63
   9.47085762       7.45249093E-02          56          64
   8.95321846       3.23820412E-02          56          65
   8.43558121       7.94262886E-02          56          66
   7.91794395       4.95455228E-02          56          67
   7.40030479       3.34500372E-02          56          68
   6.88266754       6.71062842E-02          56          69
   6.36502838       5.32475151E-02          56          70
   5.84739113       3.36613320E-02          56          71
   9.98849583       5.81914596E-02          57          63
   9.47085762       6.96658641E-02          57          64
   8.95321846       6.08210266E-02          57          65
   8.43558121       7.49725327E-02          57          66
   7.91794395       4.04212140E-02          57          67
   7.40030479       5.67128137E-02          57          68
   6.88266754       8.05767104E-02          57          69
   6.36502838       6.17148317E-02          57          70
   5.84739113       4.33794297E-02          57          71
   9.98849583       7.72497952E-02          58          63
   9.47085762       9.93527025E-02          58          64
   8.95321846      0.127896637              58          65
   8.43558121       3.85440886E-02          58          66
   7.91794395       3.57916243E-02          58          67
   7.40030479       5.00097200E-02          58          68
   6.88266754      0.102019794              58          69
   6.36502838       6.78857341E-02          58          70
   5.84739113       3.98292504E-02          58          71
   9.98849583       8.00262019E-02          59          63
   9.47085762       9.76627916E-02          59          64
   8.95321846       9.00217667E-02          59          65
   8.43558121       4.61868718E-02          59          66
   7.91794395       3.75588275E-02          59          67
   7.40030479       5.52248284E-02          59          68
   6.88266754       7.29584768E-02          59          69
   6.36502838       7.72240385E-02          59          70
   5.84739113       4.48402837E-02          59          71
   9.98849583       5.16983606E-02          60          63
   9.47085762       6.27232715E-02          60          64
   8.95321846       8.52689967E-02          60          65
   8.43558121       5.81585951E-02          60          66
   7.91794395       3.89990211E-02          60          67
   7.40030479       6.89197704E-02          60          68
   6.88266754       7.73662627E-02          60          69
   6.36502838       6.25058264E-02          60          70
   5.84739113       5.95304705E-02          60          71
   9.98849583       7.29223713E-02          61          63
   9.47085762       3.07740159E-02          61          64
   8.95321846       7.46504962E-02          61          65
   8.43558121       7.96662718E-02          61          66
   7.91794395       7.32811838E-02          61          67
   7.40030479       6.48967102E-02          61          68
   6.88266754       7.79503286E-02          61          69
   6.36502838       4.45097424E-02          61          70
   5.84739113       4.22161967E-02          61          71
   9.98849583       5.06276004E-02          62          63
   9.47085762       5.20297438E-02          62          64
   8.95321846       6.26434982E-02          62          65
   8.43558121       7.50658587E-02          62          66
   7.91794395      0.111166254              62          67
   7.40030479       5.44517338E-02          62          68
   6.88266754       7.71278441E-02          62          69
   6.36502838       6.16712831E-02          62          70
   5.84739113       4.64074053E-02          62          71
   9.98849583       6.45063892E-02          63          63
   9.47085762       9.93599147E-02          63          64
   8.95321846       6.30603954E-02          63          65
   8.43558121       8.86803269E-02          63          66
   7.91794395      0.133829430              63          67
   7.40030479       7.26962090E-02          63          68
   6.88266754       8.24139118E-02          63          69
   6.36502838       5.75441979E-02          63          70
   5.84739113       5.75250089E-02          63          71
   9.98849583       5.26913255E-02          64          63
   9.47085762       6.30577058E-02          64          64
   8.95321846       7.96352178E-02          64          65
   8.43558121       8.07259977E-02          64          66
   7.91794395      0.206764489              64          67
   7.40030479      0.101740025              64          68
   6.88266754      0.105646901              64          69
   6.36502838       4.04200405E-02          64          70
   5.84739113       6.11855909E-02          64          71
   9.98849583       5.19077666E-02          65          63
   9.47085762       6.22866452E-02          65          64
   8.95321846       7.56156519E-02          65          65
   8.43558121      0.107197464              65          66
   7.91794395      0.188950419              65          67
   7.40030479      0.120047651              65          68
   6.88266754      0.100697935              65          69
   6.36502838       5.09664826E-02          65          70
   5.84739113       3.52589041E-02          65          71
   9.98849583       6.17329702E-02          66          63
   9.47085762       6.66784644E-02          66          64
   8.95321846       6.01829700E-02          66          65
   8.43558121      0.115962967              66          66
   7.91794395      0.158514276              66          67
   7.40030479      0.129787177              66          68
   6.88266754       8.29620436E-02          66          69
   6.36502838       9.37461108E-02          66          70
   5.84739113       2.45896149E-02          66          71
   9.98849583      0.103277691              67          63
   9.47085762       7.51959532E-02          67          64
   8.95321846       5.59219532E-02          67          65
   8.43558121       6.55526593E-02          67          66
   7.91794395      0.139020190              67          67
   7.40030479      0.126345634              67          68
   6.88266754       7.11675882E-02          67          69
   6.36502838       6.94501400E-02          67          70
   5.84739113       4.05973047E-02          67          71
   9.98849583      0.111870661              68          63
   9.47085762       9.31048468E-02          68          64
   8.95321846       9.31455567E-02          68          65
   8.43558121       8.59366059E-02          68          66
   7.91794395       9.34446603E-02          68          67
   7.40030479       8.57336819E-02          68          68
   6.88266754       6.94154054E-02          68          69
   6.36502838       6.58356771E-02          68          70
   5.84739113       3.70263085E-02          68          71
   9.98849583      0.103513934              69          63
   9.47085762      0.101106666              69          64
   8.95321846      0.221015856              69          65
   8.43558121      0.159734294              69          66
   7.91794395       6.43089414E-02          69          67
   7.40030479       5.45527898E-02          69          68
   6.88266754      0.143345848              69          69
   6.36502838      0.102409907              69          70
   5.84739113       4.06489968E-02          69          71
   9.98849583       5.81800938E-02          70          63
   9.47085762      0.140932292              70          64
   8.95321846      0.326496959              70          65
   8.43558121      0.204554364              70          66
   7.91794395       7.15421587E-02          70          67
   7.40030479       5.89320473E-02          70          68
   6.88266754      0.149675056              70          69
   6.36502838      0.109278932              70          70
   5.84739113       3.98374014E-02          70          71
   9.98849583       6.38473704E-02          71          63
   9.47085762      0.154878363              71          64
   8.95321846      0.355752736              71          65
   8.43558121      0.304982305              71          66
   7.91794395       9.17346254E-02          71          67
   7.40030479       6.17480576E-02          71          68
   6.88266754      0.156547397              71          69
   6.36502838       9.88954976E-02          71          70
   5.84739113       6.05637878E-02          71          71
   9.98849583       7.45277628E-02          72          63
   9.47085762      0.136494458              72          64
   8.95321846      0.310186714              72          65
   8.43558121      0.286691576              72          66
   7.91794395      0.125996158              72          67
   7.40030479       4.50932533E-02          72          68
   6.88266754      0.190291032              72          69
   6.36502838      0.107048020              72          70
   5.84739113       6.30720183E-02          72          71
   9.98849583       6.61254004E-02          73          63
   9.47085762       9.18135867E-02          73          64
   8.95321846      0.173486799              73          65
   8.43558121      0.214326471              73          66
   7.91794395      0.100028984              73          67
   7.40030479       6.68868199E-02          73          68
   6.88266754      0.167436510              73          69
   6.36502838      0.104049481              73          70
   5.84739113       6.52441606E-02          73          71
   9.98849583       9.18194279E-02          74          63
   9.47085762      0.194865823              74          64
   8.95321846      0.131207824              74          65
   8.43558121      0.152065992              74          66
   7.91794395       6.93446323E-02          74          67
   7.40030479       5.86423352E-02          74          68
   6.88266754       9.35976058E-02          74          69
   6.36502838       8.01621601E-02          74          70
   5.84739113       7.27847517E-02          74          71
   9.98849583       8.17016438E-02          75          63
   9.47085762      0.141626358              75          64
   8.95321846       9.25031975E-02          75          65
   8.43558121       7.71974474E-02          75          66
   7.91794395       4.22867425E-02          75          67
   7.40030479       6.45322204E-02          75          68
   6.88266754       4.58640158E-02          75          69
   6.36502838       6.45738542E-02          75          70
   5.84739113       7.09957108E-02          75          71
   9.98849583       3.45663503E-02          76          63
   9.47085762       7.93200880E-02          76          64
   8.95321846       5.01835868E-02          76          65
   8.43558121       3.37368697E-02          76          66
   7.91794395       4.36867066E-02          76          67
   7.40030479       6.11528940E-02          76          68
   6.88266754       4.37978730E-02          76          69
   6.36502838       5.95346689E-02          76          70
   5.84739113       3.36787142E-02          76          71
   9.98849583       3.17380950E-02          77          63
   9.47085762       5.21772094E-02          77          64
   8.95321846       3.10406610E-02          77          65
   8.43558121       2.36486346E-02          77          66
   7.91794395       4.42712866E-02          77          67
   7.40030479       3.59175131E-02          77          68
   6.88266754       4.14273329E-02          77          69
   6.36502838       2.33031176E-02          77          70
   5.84739113       2.56980415E-02          77          71
   9.98849583       4.20380384E-02          78          63
   9.47085762       3.04097235E-02          78          64
   8.95321846       5.05025312E-02          78          65
   8.43558121       3.04779597E-02          78          66
   7.91794395       2.93735266E-02          78          67
   7.40030479       3.20882127E-02          78          68
   6.88266754       3.31112370E-02          78          69
   6.36502838       1.89438164E-02          78          70
   5.84739113       2.51302999E-02          78          71
   9.98849583       5.18526211E-02          79          63
   9.47085762       2.57650651E-02          79          64
   8.95321846       3.79235968E-02          79          65
   8.43558121       9.59572494E-02          79          66
   7.91794395       4.28034030E-02          79          67
   7.40030479       4.24193591E-02          79          68
   6.88266754       3.46617214E-02          79          69
   6.36502838       3.00263055E-02          79          70
   5.84739113       3.12551819E-02          79          71
   9.98849583       5.73545434E-02          80          63
   9.47085762       2.59870589E-02          80          64
   8.95321846       4.12072502E-02          80          65
   8.43558121      0.145008564              80          66
   7.91794395      0.171236858              80          67
   7.40030479       6.02416135E-02          80          68
   6.88266754       3.94453332E-02          80          69
   6.36502838       4.00400199E-02          80          70
   5.84739113       4.34071682E-02          80          71
   9.98849583      0.103569955              81          63
   9.47085762       3.93108912E-02          81          64
   8.95321846       5.80806658E-02          81          65
   8.43558121      0.141553015              81          66
   7.91794395      0.141525894              81          67
   7.40030479       6.77809566E-02          81          68
   6.88266754       7.32095614E-02          81          69
   6.36502838       3.98795791E-02          81          70
   5.84739113       5.00292592E-02          81          71
   9.98849583      0.112811774              82          63
   9.47085762       4.57448252E-02          82          64
   8.95321846       5.79247326E-02          82          65
   8.43558121       7.78594986E-02          82          66
   7.91794395      0.125603527              82          67
   7.40030479       8.71211216E-02          82          68
   6.88266754       5.87720759E-02          82          69
   6.36502838       4.65767868E-02          82          70
   5.84739113       6.16056100E-02          82          71
   9.98849583       7.89119899E-02          83          63
   9.47085762       6.27693087E-02          83          64
   8.95321846       5.76737188E-02          83          65
   8.43558121       6.43075332E-02          83          66
   7.91794395      0.110282175              83          67
   7.40030479       9.13071856E-02          83          68
   6.88266754       6.29671887E-02          83          69
   6.36502838       3.73479016E-02          83          70
   5.84739113       3.58667970E-02          83          71
   9.98849583       5.09587005E-02          84          63
   9.47085762       5.48984632E-02          84          64
   8.95321846       3.71407829E-02          84          65
   8.43558121       4.99800108E-02          84          66
   7.91794395       6.91503286E-02          84          67
   7.40030479       6.94272369E-02          84          68
   6.88266754       6.35656491E-02          84          69
   6.36502838       3.34639736E-02          84          70
   5.84739113       4.64144535E-02          84          71
   9.98849583       7.09241405E-02          85          63
   9.47085762       6.71883896E-02          85          64
   8.95321846       4.46580462E-02          85          65
   8.43558121       5.64948916E-02          85          66
   7.91794395       5.77452444E-02          85          67
   7.40030479       6.23838082E-02          85          68
   6.88266754       6.51499778E-02          85          69
   6.36502838       2.21110918E-02          85          70
   5.84739113       2.14278027E-02          85          71
   9.98849583      0.112782978              86          63
   9.47085762       7.25791678E-02          86          64
   8.95321846       4.43947092E-02          86          65
   8.43558121       3.13284397E-02          86          66
   7.91794395       3.95352878E-02          86          67
   7.40030479       6.46639690E-02          86          68
   6.88266754       6.74154684E-02          86          69
   6.36502838       3.07880156E-02          86          70
   5.84739113       3.15629356E-02          86          71
   9.98849583       9.66673568E-02          87          63
   9.47085762       7.06416592E-02          87          64
   8.95321846       4.05855104E-02          87          65
   8.43558121       3.98566537E-02          87          66
   7.91794395       3.07917222E-02          87          67
   7.40030479       5.73370904E-02          87          68
   6.88266754       6.19774237E-02          87          69
   6.36502838       2.42303181E-02          87          70
   5.84739113       2.92345453E-02          87          71
   9.98849583       7.30939284E-02          88          63
   9.47085762       8.14033225E-02          88          64
   8.95321846       4.95008752E-02          88          65
   8.43558121       5.47267459E-02          88          66
   7.91794395       3.69524322E-02          88          67
   7.40030479       6.40349537E-02          88          68
   6.88266754       6.05300479E-02          88          69
   6.36502838       2.22137403E-02          88          70
   5.84739113       2.62754522E-02          88          71
   9.98849583       5.91396168E-02          89          63
   9.47085762       5.81624880E-02          89          64
   8.95321846       5.56879975E-02          89          65
   8.43558121       4.87043075E-02          89          66
   7.91794395       4.47879247E-02          89          67
   7.40030479       7.49870390E-02          89          68
   6.88266754       8.14906806E-02          89          69
   6.36502838       2.51886863E-02          89          70
   5.84739113       2.48668734E-02          89          71
   9.98849583       5.67291602E-02          90          63
   9.47085762       3.93606648E-02          90          64
   8.95321846       4.24855985E-02          90          65
   8.43558121       4.48801331E-02          90          66
   7.91794395       3.44854258E-02          90          67
   7.40030479       4.18086909E-02          90          68
   6.88266754       4.25970480E-02          90          69
   6.36502838       3.31900343E-02          90          70
   5.84739113       2.78501231E-02          90          71
   9.98849583       5.56711853E-02          91          63
   9.47085762       3.77681628E-02          91          64
   8.95321846       3.83544602E-02          91          65
   8.43558121       3.31329703E-02          91          66
   7.91794395       3.18646878E-02          91          67
   7.40030479       2.06823479E-02          91          68
   6.88266754       2.74850708E-02          91          69
   6.36502838       4.11868095E-02          91          70
   5.84739113       4.27995175E-02          91          71
   9.98849583       6.59826398E-02          92          63
   9.47085762       8.31219926E-02          92          64
   8.95321846       6.01694882E-02          92          65
   8.43558121       4.17358875E-02          92          66
   7.91794395       3.90256308E-02          92          67
   7.40030479       2.85563711E-02          92          68
   6.88266754       3.89156155E-02          92          69
   6.36502838       4.96946648E-02          92          70
   5.84739113       4.73171547E-02          92          71
   9.98849583       7.51508102E-02          93          63
   9.47085762       8.56678784E-02          93          64
   8.95321846       7.87111297E-02          93          65
   8.43558121       6.78475872E-02          93          66
   7.91794395       5.79401590E-02          93          67
   7.40030479       3.96159962E-02          93          68
   6.88266754       3.46726850E-02          93          69
   6.36502838       6.30107597E-02          93          70
   5.84739113       5.65682799E-02          93          71
   9.98849583       8.13612416E-02          94          63
   9.47085762       6.97604269E-02          94          64
   8.95321846       8.28216001E-02          94          65
   8.43558121       8.14470351E-02          94          66
   7.91794395       6.95587620E-02          94          67
   7.40030479       2.85334736E-02          94          68
   6.88266754       4.39617820E-02          94          69
   6.36502838       3.55392098E-02          94          70
   5.84739113       5.37850149E-02          94          71
   9.98849583       5.60366847E-02          95          63
   9.47085762       6.07604794E-02          95          64
   8.95321846       9.46192667E-02          95          65
   8.43558121       8.56332183E-02          95          66
   7.91794395       6.57310858E-02          95          67
   7.40030479       3.45832780E-02          95          68
   6.88266754       6.15881644E-02          95          69
   6.36502838       6.43044710E-02          95          70
   5.84739113       3.80301885E-02          95          71
   9.98849583       5.24474159E-02          96          63
   9.47085762       5.15968315E-02          96          64
   8.95321846       6.83744848E-02          96          65
   8.43558121       7.57173896E-02          96          66
   7.91794395       5.61772101E-02          96          67
   7.40030479       5.39805517E-02          96          68
   6.88266754       7.16584697E-02          96          69
   6.36502838       6.84622452E-02          96          70
   5.84739113       4.16687615E-02          96          71
   9.98849583       3.68085206E-02          97          63
   9.47085762       4.65302803E-02          97          64
   8.95321846       7.55124763E-02          97          65
   8.43558121       7.57853016E-02          97          66
   7.91794395       4.35703136E-02          97          67
   7.40030479       4.00796682E-02          97          68
   6.88266754       6.28123805E-02          97          69
   6.36502838       7.73274302E-02          97          70
   5.84739113       2.02219635E-02          97          71
   9.98849583       3.00065763E-02          98          63
   9.47085762       4.26676609E-02          98          64
   8.95321846       6.12664334E-02          98          65
   8.43558121       7.64397606E-02          98          66
   7.91794395       4.54411209E-02          98          67
   7.40030479       5.35669588E-02          98          68
   6.88266754       7.07611367E-02          98          69
   6.36502838       5.26710004E-02          98          70
   5.84739113       3.35430615E-02          98          71
   9.98849583       3.44487131E-02          99          63
   9.47085762       6.15490898E-02          99          64
   8.95321846       5.76637760E-02          99          65
   8.43558121       6.23972714E-02          99          66
   7.91794395       4.10092771E-02          99          67
   7.40030479       7.08756670E-02          99          68
   6.88266754       8.16459581E-02          99          69
   6.36502838       5.47047034E-02          99          70
   5.84739113       7.33771548E-02          99          71
   9.98849583       4.21527624E-02         100          63
   9.47085762       6.59042820E-02         100          64
   8.95321846       6.40702173E-02         100          65
   8.43558121       3.30614224E-02         100          66
   7.91794395       5.90299554E-02         100          67
   7.40030479       3.61464582E-02         100          68
   6.88266754       9.25115272E-02         100          69
   6.36502838       9.64894220E-02         100          70
   5.84739113       8.25977549E-02         100          71
   9.98849583       2.62473188E-02         101          63
   9.47085762       6.03592359E-02         101          64
   8.95321846       6.46339729E-02         101          65
   8.43558121       8.58235732E-02         101          66
   7.91794395       5.03354482E-02         101          67
   7.40030479       4.98894826E-02         101          68
   6.88266754      0.123985827             101          69
   6.36502838      0.111118011             101          70
   5.84739113      0.116766937             101          71
   9.98849583       2.22826898E-02         102          63
   9.47085762       4.07556333E-02         102          64
   8.95321846       5.42096421E-02         102          65
   8.43558121       3.71976011E-02         102          66
   7.91794395       6.43329993E-02         102          67
   7.40030479       3.39784101E-02         102          68
   6.88266754      0.104934521             102          69
   6.36502838      0.140139490             102          70
   5.84739113      0.101216488             102          71
   9.98849583       2.51926556E-02         103          63
   9.47085762       2.37384830E-02         103          64
   8.95321846       4.32803519E-02         103          65
   8.43558121       4.41501513E-02         103          66
   7.91794395      0.100667395             103          67
   7.40030479       4.79578599E-02         103          68
   6.88266754       9.27089155E-02         103          69
   6.36502838       9.47631449E-02         103          70
   5.84739113       6.13115616E-02         103          71
   9.98849583       4.89601195E-02         104          63
   9.47085762       1.87639594E-02         104          64
   8.95321846       2.86188014E-02         104          65
   8.43558121       8.24955404E-02         104          66
   7.91794395       9.73059759E-02         104          67
   7.40030479       5.04936352E-02         104          68
   6.88266754       5.75216487E-02         104          69
   6.36502838       5.52915446E-02         104          70
   5.84739113       3.51342745E-02         104          71
   9.98849583      0.106668591             105          63
   9.47085762       4.83740419E-02         105          64
   8.95321846       3.70162129E-02         105          65
   8.43558121      0.115689695             105          66
   7.91794395       9.78912264E-02         105          67
   7.40030479       4.18873578E-02         105          68
   6.88266754       6.14424832E-02         105          69
   6.36502838       5.38293011E-02         105          70
   5.84739113       4.71533053E-02         105          71
   9.98849583       9.98591855E-02         106          63
   9.47085762       6.85228333E-02         106          64
   8.95321846       4.50209528E-02         106          65
   8.43558121       5.18356934E-02         106          66
   7.91794395       9.93359312E-02         106          67
   7.40030479       6.35687187E-02         106          68
   6.88266754       6.07361086E-02         106          69
   6.36502838       6.01097830E-02         106          70
   5.84739113       8.01736340E-02         106          71
   9.98849583       9.16647762E-02         107          63
   9.47085762       7.73343071E-02         107          64
   8.95321846       4.72595543E-02         107          65
   8.43558121       2.45419480E-02         107          66
   7.91794395       6.44149855E-02         107          67
   7.40030479       8.27857107E-02         107          68
   6.88266754       5.77790961E-02         107          69
   6.36502838       8.09607208E-02         107          70
   5.84739113       4.79008034E-02         107          71
   9.98849583       9.74221379E-02         108          63
   9.47085762       6.31772652E-02         108          64
   8.95321846       5.07454164E-02         108          65
   8.43558121       4.50872518E-02         108          66
   7.91794395       4.90828902E-02         108          67
   7.40030479       8.60297233E-02         108          68
   6.88266754       7.58606866E-02         108          69
   6.36502838       7.00844750E-02         108          70
   5.84739113       2.31284816E-02         108          71
   9.98849583      0.126148388             109          63
   9.47085762       9.78792757E-02         109          64
   8.95321846       7.73778707E-02         109          65
   8.43558121       5.62878810E-02         109          66
   7.91794395       2.80317906E-02         109          67
   7.40030479       3.79001088E-02         109          68
   6.88266754       4.16014083E-02         109          69
   6.36502838       4.58768755E-02         109          70
   5.84739113       4.00533378E-02         109          71
   9.98849583       8.86442363E-02         110          63
   9.47085762       6.07693456E-02         110          64
   8.95321846       5.46355657E-02         110          65
   8.43558121       7.39977285E-02         110          66
   7.91794395       3.32311243E-02         110          67
   7.40030479       3.44678685E-02         110          68
   6.88266754       7.59201124E-02         110          69
   6.36502838       7.74974823E-02         110          70
   5.84739113       4.35746647E-02         110          71
   9.98849583       6.46780580E-02         111          63
   9.47085762       3.23163830E-02         111          64
   8.95321846       4.39108163E-02         111          65
   8.43558121       5.59782796E-02         111          66
   7.91794395       4.92603593E-02         111          67
   7.40030479       4.37524058E-02         111          68
   6.88266754       8.50861818E-02         111          69
   6.36502838       8.86332318E-02         111          70
   5.84739113      0.111568198             111          71
   9.98849583       2.23484468E-02         112          63
   9.47085762       3.45180072E-02         112          64
   8.95321846       3.21525745E-02         112          65
   8.43558121       6.89041093E-02         112          66
   7.91794395       7.23062083E-02         112          67
   7.40030479       6.13818541E-02         112          68
   6.88266754       5.38377762E-02         112          69
   6.36502838       7.95551091E-02         112          70
   5.84739113      0.107925028             112          71
   9.98849583       3.40527333E-02         113          63
   9.47085762       4.78733554E-02         113          64
   8.95321846       2.06055827E-02         113          65
   8.43558121       7.12050796E-02         113          66
   7.91794395       5.49002253E-02         113          67
   7.40030479      0.129163876             113          68
   6.88266754       7.00624362E-02         113          69
   6.36502838       8.80116969E-02         113          70
   5.84739113       5.34735620E-02         113          71
   9.98849583       3.83481719E-02         114          63
   9.47085762       5.49275875E-02         114          64
   8.95321846       3.46640013E-02         114          65
   8.43558121       9.66377854E-02         114          66
   7.91794395       9.90707502E-02         114          67
   7.40030479      0.112963274             114          68
   6.88266754      0.103335731             114          69
   6.36502838       5.56348674E-02         114          70
   5.84739113       6.43426403E-02         114          71
   9.98849583       3.73686291E-02         115          63
   9.47085762       4.59169075E-02         115          64
   8.95321846       3.85598652E-02         115          65
   8.43558121       9.96166095E-02         115          66
   7.91794395      0.120790869             115          67
   7.40030479      0.123833694             115          68
   6.88266754       7.01532364E-02         115          69
   6.36502838       6.24833629E-02         115          70
   5.84739113       9.89802107E-02         115          71
   9.98849583       6.53277263E-02         116          63
   9.47085762       3.70429903E-02         116          64
   8.95321846       3.59378196E-02         116          65
   8.43558121      0.135910287             116          66
   7.91794395      0.103622042             116          67
   7.40030479      0.124820851             116          68
   6.88266754       6.08027391E-02         116          69
   6.36502838       9.70475450E-02         116          70
   5.84739113      0.117222428             116          71
   9.98849583      0.101038262             117          63
   9.47085762       4.03400324E-02         117          64
   8.95321846       5.19602895E-02         117          65
   8.43558121       6.04222268E-02         117          66
   7.91794395       5.00595719E-02         117          67
   7.40030479       6.66725114E-02         117          68
   6.88266754       6.33909181E-02         117          69
   6.36502838      0.111163840             117          70
   5.84739113       7.61111006E-02         117          71
   9.98849583       6.17497526E-02         118          63
   9.47085762       4.84198295E-02         118          64
   8.95321846       3.20057273E-02         118          65
   8.43558121       5.46484701E-02         118          66
   7.91794395       9.95063186E-02         118          67
   7.40030479       6.43340200E-02         118          68
   6.88266754       5.81322089E-02         118          69
   6.36502838       5.22796921E-02         118          70
   5.84739113       6.20115735E-02         118          71
   9.98849583       4.53158095E-02         119          63
   9.47085762       2.97723841E-02         119          64
   8.95321846       4.42828797E-02         119          65
   8.43558121       3.36079448E-02         119          66
   7.91794395       7.47613236E-02         119          67
   7.40030479       8.28129947E-02         119          68
   6.88266754       5.98978400E-02         119          69
   6.36502838       5.11984713E-02         119          70
   5.84739113       6.05487116E-02         119          71
   9.98849583       3.83893773E-02         120          63
   9.47085762       4.50549498E-02         120          64
   8.95321846       3.82942632E-02         120          65
   8.43558121       2.96993703E-02         120          66
   7.91794395       4.65154238E-02         120          67
   7.40030479       4.15234342E-02         120          68
   6.88266754       4.91369888E-02         120          69
   6.36502838       4.93259616E-02         120          70
   5.84739113       4.22420874E-02         120          71
   9.98849583       4.07462642E-02         121          63
   9.47085762       4.58293892E-02         121          64
   8.95321846       3.27182710E-02         121          65
   8.43558121       2.76043396E-02         121          66
   7.91794395       5.45646250E-02         121          67
   7.40030479       5.25756665E-02         121          68
   6.88266754       5.07866368E-02         121          69
   6.36502838       5.39851747E-02         121          70
   5.84739113       6.11711629E-02         121          71
