          22          17  -31.8309994      -71.4039993      0.871608198    
          22          38  -31.8139992      -71.8320007      0.660218239    
          37          21  -31.5569992      -71.4720001      0.707153678    
          39          60  -31.4880009      -72.2620010      0.759363115    
          42          18  -31.4699993      -71.4059982      0.779888034    
          42          44  -31.4480000      -71.9339981      0.582524002    
          44          40  -31.4160004      -71.8509979      0.670425594    
          46          12  -31.4020004      -71.2809982      0.721515298    
          57          40  -31.1819992      -71.8379974      0.731190324    
          57          48  -31.1749992      -72.0000000      0.525759280    
          67          15  -31.0209999      -71.3229980       1.00000000    
          75           3  -30.8859997      -71.0729980      0.897491753    
          75          54  -30.8449993      -72.1019974      0.718727231    
          81           1  -30.7789993      -71.0279999      0.824411929    
          82          14  -30.7520008      -71.2890015      0.737604558    
          90          53  -30.5760002      -72.0660019      0.483588845    
         111           6  -30.2350006      -71.1019974      0.817303717    
         113          49  -30.1650009      -71.9619980      0.534609556    
         117           1  -30.1299992      -70.9970016      0.782550693    
         120          15  -30.0660000      -71.2750015      0.688958466    
