          16          58  -31.9050007      -72.2470016      0.483911425    
          29           2  -31.7159996      -71.0920029      0.848108768    
          32          41  -31.6310005      -71.8830032      0.693286002    
          32          55  -31.6189995      -72.1679993      0.600638092    
          35          58  -31.5620003      -72.2259979      0.636699140    
          44          49  -31.4080009      -72.0329971      0.655672848    
          47          32  -31.3680000      -71.6859970      0.745798349    
          49          64  -31.3050003      -72.3320007      0.531781733    
          60          11  -31.1499996      -71.2480011      0.930433750    
          66          56  -31.0060005      -72.1520004      0.792008340    
          68          48  -30.9769993      -71.9879990      0.591415524    
          74          59  -30.8589993      -72.2040024      0.475941539    
          76           8  -30.8640003      -71.1729965      0.701288879    
          78          39  -30.8040009      -71.7959976      0.670913339    
          79          48  -30.7779999      -71.9769974      0.680269957    
          87          40  -30.6410007      -71.8079987      0.629107296    
         102          47  -30.3649998      -71.9329987      0.686362267    
         102          65  -30.3490009      -72.2949982      0.592527092    
         103           1  -30.3829994      -71.0090027       1.00000000    
         118          40  -30.0820007      -71.7770004      0.779189706    
