           5          12  -32.1409988      -71.3180008      0.813432395    
          14          47  -31.9500008      -72.0240021      0.541261733    
          22          48  -31.8050003      -72.0360031      0.628437102    
          30          34  -31.6730003      -71.7429962      0.783191085    
          36          12  -31.5820007      -71.2900009      0.946372032    
          44          29  -31.4249992      -71.6279984      0.785618484    
          48          48  -31.3369999      -72.0090027      0.588805974    
          64          11  -31.0779991      -71.2440033      0.965708852    
          66          71  -30.9920006      -72.4550018      0.727987409    
          75          48  -30.8500004      -71.9810028      0.600480258    
          77          49  -30.8139992      -71.9990005      0.695492566    
          85          62  -30.6580009      -72.2529984      0.713908732    
          86          25  -30.6709995      -71.5070038      0.914847434    
          91          37  -30.5709991      -71.7429962      0.454353720    
          91          64  -30.5480003      -72.2860031      0.733087957    
          97          30  -30.4689999      -71.5970001      0.804119706    
         102          67  -30.3470001      -72.3349991      0.757538021    
         110          42  -30.2250004      -71.8249969      0.460727394    
         113          38  -30.1739998      -71.7419968      0.998465061    
         116          14  -30.1389999      -71.2580032      0.879652381    
