           4          66  -32.1129990      -72.4229965      0.869440615    
          15           8  -31.9640007      -71.2269974      0.975253582    
          17          56  -31.8880005      -72.2050018      0.663139641    
          20          36  -31.8519993      -71.7939987      0.780809760    
          24          68  -31.7509995      -72.4410019      0.500652015    
          25          30  -31.7660007      -71.6660004      0.828913271    
          30          19  -31.6849995      -71.4380035      0.939469337    
          33          35  -31.6180000      -71.7600021      0.827077627    
          51          46  -31.2849998      -71.9649963      0.510245442    
          64          65  -31.0340004      -72.3359985      0.864516437    
          66          50  -31.0109997      -72.0309982      0.519974351    
          77          49  -30.8139992      -71.9990005      0.952701807    
          81          22  -30.7639999      -71.4509964       1.00000000    
          86          55  -30.6459999      -72.1110001      0.588818431    
          98          36  -30.4459991      -71.7160034      0.686073482    
         102          55  -30.3579998      -72.0940018      0.693520129    
         105          26  -30.3279991      -71.5090027      0.931744695    
         109          43  -30.2420006      -71.8460007      0.740335882    
         114           2  -30.1840000      -71.0199966      0.971446931    
         119           8  -30.0890007      -71.1360016      0.943178117    
