2 17 -32.1910019 -71.4229965 1.00000000 1
3 37 -32.1570015 -71.8310013 0.766225696 1
10 36 -32.0320015 -71.8040009 0.724756300 1
17 2 -31.9319992 -71.1029968 0.827368498 1
27 13 -31.7439995 -71.3180008 0.820455790 1
40 46 -31.4829998 -71.9769974 0.950212121 1
42 18 -31.4699993 -71.4059982 0.763792813 1
43 44 -31.4300003 -71.9329987 0.936995864 1
45 66 -31.3750000 -72.3769989 0.565017521 1
47 51 -31.3519993 -72.0709991 0.652523160 1
54 53 -31.2240009 -72.1039963 0.511025310 1
59 61 -31.1270008 -72.2610016 0.730996788 1
69 56 -30.9519997 -72.1490021 0.704781592 1
79 35 -30.7889996 -71.7149963 0.724241972 1
79 64 -30.7639999 -72.2990036 0.768635571 1
80 62 -30.7479992 -72.2580032 0.550949931 1
91 48 -30.5620003 -71.9649963 0.607498288 1
109 5 -30.2719994 -71.0839996 0.996941686 1
117 25 -30.1119995 -71.4779968 0.861156046 1
121 19 -30.0450001 -71.3539963 0.866518259 1
3 37 -32.1570015 -71.8310013 0.555462480 2
13 48 -31.9669991 -72.0459976 0.695482612 2
17 2 -31.9319992 -71.1029968 0.809438407 2
26 53 -31.7290001 -72.1340027 0.814461946 2
27 13 -31.7439995 -71.3180008 0.822506487 2
40 46 -31.4829998 -71.9769974 0.647936404 2
41 51 -31.4599991 -72.0770035 0.692856312 2
47 51 -31.3519993 -72.0709991 0.835363090 2
49 54 -31.3139992 -72.1299973 0.762876272 2
54 53 -31.2240009 -72.1039963 0.522447586 2
56 69 -31.1739998 -72.4260025 0.635037363 2
73 28 -30.9029999 -71.5800018 0.847175777 2
79 35 -30.7889996 -71.7149963 0.910503030 2
79 64 -30.7639999 -72.2990036 0.756141961 2
80 62 -30.7479992 -72.2580032 0.564564407 2
82 31 -30.7380009 -71.6309967 0.908072948 2
92 35 -30.5550003 -71.7020035 0.752954662 2
104 17 -30.3530006 -71.3290024 0.705756426 2
109 5 -30.2719994 -71.0839996 1.00000000 2
117 69 -30.0750008 -72.3580017 0.653211296 2
13 48 -31.9669991 -72.0459976 0.869132817 3
19 15 -31.8859997 -71.3659973 0.858446181 3
26 53 -31.7290001 -72.1340027 0.720318079 3
32 35 -31.6359997 -71.7610016 0.843534172 3
41 51 -31.4599991 -72.0770035 0.896388233 3
49 54 -31.3139992 -72.1299973 0.740421355 3
56 69 -31.1739998 -72.4260025 0.840811551 3
67 64 -30.9799995 -72.3119965 0.781111479 3
73 28 -30.9029999 -71.5800018 0.764212966 3
74 33 -30.8810005 -71.6790009 0.667987466 3
74 49 -30.8680000 -72.0019989 0.758289635 3
80 30 -30.7749996 -71.6129990 0.892168581 3
82 31 -30.7380009 -71.6309967 1.00000000 3
87 22 -30.6550007 -71.4449997 0.861294985 3
92 35 -30.5550003 -71.7020035 0.944888353 3
104 17 -30.3530006 -71.3290024 0.955412388 3
109 31 -30.2520008 -71.6060028 0.881040454 3
117 69 -30.0750008 -72.3580017 0.652486920 3
118 44 -30.0790005 -71.8570023 0.715992808 3
121 23 -30.0419998 -71.4339981 0.876250505 3
19 15 -31.8859997 -71.3659973 0.683858812 4
19 69 -31.8400002 -72.4670029 0.502467275 4
32 35 -31.6359997 -71.7610016 0.606449246 4
49 43 -31.3230000 -71.9069977 0.585299253 4
67 45 -30.9969997 -71.9290009 0.426648587 4
67 64 -30.9799995 -72.3119965 0.652606547 4
74 33 -30.8810005 -71.6790009 0.611216307 4
74 49 -30.8680000 -72.0019989 0.526309669 4
80 8 -30.7919998 -71.1699982 0.745758414 4
80 30 -30.7749996 -71.6129990 0.911288559 4
80 33 -30.7730007 -71.6740036 0.865788758 4
82 58 -30.7159996 -72.1750031 0.609618127 4
87 22 -30.6550007 -71.4449997 0.631023705 4
88 70 -30.5970001 -72.4100037 0.677461147 4
109 3 -30.2730007 -71.0439987 0.738145232 4
109 31 -30.2520008 -71.6060028 0.722060680 4
112 7 -30.2159996 -71.1220016 0.787398577 4
118 20 -30.0979996 -71.3769989 0.787915468 4
118 44 -30.0790005 -71.8570023 0.537697077 4
121 23 -30.0419998 -71.4339981 0.658095360 4
15 14 -31.9589996 -71.3499985 0.927048206 5
19 69 -31.8400002 -72.4670029 0.780254483 5
42 48 -31.4449997 -72.0149994 0.815724194 5
46 23 -31.3939991 -71.5039978 0.834535360 5
49 43 -31.3230000 -71.9069977 0.859936237 5
52 24 -31.2849998 -71.5189972 0.799395740 5
61 49 -31.1019993 -72.0159988 0.641704082 5
67 45 -30.9969997 -71.9290009 0.684840441 5
75 41 -30.8560009 -71.8399963 0.665068507 5
80 8 -30.7919998 -71.1699982 0.949286938 5
80 33 -30.7730007 -71.6740036 0.923781216 5
82 58 -30.7159996 -72.1750031 0.701321721 5
88 70 -30.5970001 -72.4100037 0.909098864 5
89 2 -30.6340008 -71.0410004 0.836282670 5
93 15 -30.5529995 -71.2990036 0.793839097 5
99 34 -30.4300003 -71.6750031 0.841689467 5
109 3 -30.2730007 -71.0439987 0.913564503 5
112 7 -30.2159996 -71.1220016 0.925747752 5
115 38 -30.1380005 -71.7399979 0.753493786 5
118 20 -30.0979996 -71.3769989 1.00000000 5
12 36 -31.9960003 -71.8020020 0.715622246 6
15 14 -31.9589996 -71.3499985 0.869986773 6
42 48 -31.4449997 -72.0149994 0.696889877 6
46 23 -31.3939991 -71.5039978 0.883950293 6
52 24 -31.2849998 -71.5189972 0.864365160 6
61 49 -31.1019993 -72.0159988 0.556751788 6
67 29 -31.0100002 -71.6050034 0.808211386 6
75 41 -30.8560009 -71.8399963 0.819391549 6
86 53 -30.6480007 -72.0699997 0.573597312 6
89 2 -30.6340008 -71.0410004 0.900425076 6
89 12 -30.6270008 -71.2419968 1.00000000 6
91 45 -30.5650005 -71.9039993 0.763481915 6
91 65 -30.5470009 -72.3059998 0.774332225 6
93 15 -30.5529995 -71.2990036 0.920746684 6
99 34 -30.4300003 -71.6750031 0.917342842 6
115 19 -30.1529999 -71.3590012 0.925520062 6
115 31 -30.1439991 -71.5999985 0.894375741 6
115 38 -30.1380005 -71.7399979 0.495449603 6
120 33 -30.0520000 -71.6350021 0.824462056 6
121 49 -30.0209999 -71.9540024 0.681506097 6
8 56 -32.0499992 -72.2139969 0.617940366 7
12 36 -31.9960003 -71.8020020 0.793709874 7
18 38 -31.8859997 -71.8369980 0.730743527 7
37 53 -31.5310001 -72.1220016 0.738029957 7
59 31 -31.1529999 -71.6539993 0.911470413 7
63 51 -31.0639992 -72.0540009 0.558254182 7
67 29 -31.0100002 -71.6050034 0.636045814 7
68 14 -31.0039997 -71.3010025 1.00000000 7
71 57 -30.9150009 -72.1669998 0.514364779 7
73 47 -30.8869991 -71.9629974 0.687416613 7
86 53 -30.6480007 -72.0699997 0.649245381 7
89 12 -30.6270008 -71.2419968 0.894364357 7
91 45 -30.5650005 -71.9039993 0.648571193 7
91 65 -30.5470009 -72.3059998 0.655020297 7
99 65 -30.4029999 -72.2979965 0.869533062 7
107 13 -30.3020000 -71.2460022 0.741551459 7
115 19 -30.1529999 -71.3590012 0.937828422 7
115 31 -30.1439991 -71.5999985 0.993927479 7
120 33 -30.0520000 -71.6350021 0.770752251 7
121 49 -30.0209999 -71.9540024 0.669411361 7
3 4 -32.1829987 -71.1559982 0.682388067 8
8 56 -32.0499992 -72.2139969 0.583352625 8
10 15 -32.0480003 -71.3750000 0.596886575 8
13 47 -31.9680004 -72.0250015 0.536203027 8
18 38 -31.8859997 -71.8369980 0.706900597 8
32 46 -31.6270008 -71.9850006 0.662026823 8
37 53 -31.5310001 -72.1220016 0.495411128 8
46 14 -31.3999996 -71.3209991 0.706645191 8
59 31 -31.1529999 -71.6539993 0.752422810 8
61 38 -31.1110001 -71.7929993 0.540120482 8
63 51 -31.0639992 -72.0540009 0.544024348 8
67 41 -31.0009995 -71.8479996 0.795090199 8
68 14 -31.0039997 -71.3010025 1.00000000 8
71 57 -30.9150009 -72.1669998 0.394544870 8
73 47 -30.8869991 -71.9629974 0.488119811 8
81 66 -30.7259998 -72.3369980 0.526731849 8
81 68 -30.7250004 -72.3779984 0.460416228 8
96 51 -30.4699993 -72.0199966 0.465004504 8
99 65 -30.4029999 -72.2979965 0.702540934 8
107 13 -30.3020000 -71.2460022 0.577497900 8
3 4 -32.1829987 -71.1559982 0.975044787 9
7 33 -32.0880013 -71.7450027 0.701521873 9
10 15 -32.0480003 -71.3750000 0.924892902 9
13 43 -31.9720001 -71.9440002 0.733051479 9
13 47 -31.9680004 -72.0250015 0.899140775 9
15 31 -31.9459991 -71.6969986 0.669957578 9
15 49 -31.9309998 -72.0640030 0.864546716 9
27 42 -31.7199993 -71.9089966 0.671732247 9
32 46 -31.6270008 -71.9850006 0.555933714 9
39 20 -31.5219994 -71.4499969 0.777281642 9
46 14 -31.3999996 -71.3209991 0.662587285 9
61 38 -31.1110001 -71.7929993 0.586914897 9
67 41 -31.0009995 -71.8479996 0.655126572 9
73 68 -30.8689995 -72.3870010 0.653091490 9
76 24 -30.8519993 -71.4960022 0.876296163 9
81 66 -30.7259998 -72.3369980 0.619852424 9
81 68 -30.7250004 -72.3779984 0.610588968 9
94 70 -30.4890003 -72.4039993 0.660058558 9
96 51 -30.4699993 -72.0199966 0.657834411 9
115 34 -30.1410007 -71.6600037 0.727921307 9
4 67 -32.1119995 -72.4440002 0.665273905 10
7 33 -32.0880013 -71.7450027 0.897773802 10
10 67 -32.0040016 -72.4369965 0.572254360 10
13 43 -31.9720001 -71.9440002 0.641264260 10
15 31 -31.9459991 -71.6969986 0.969085395 10
15 49 -31.9309998 -72.0640030 0.809409797 10
26 63 -31.7199993 -72.3369980 0.914532900 10
27 42 -31.7199993 -71.9089966 0.775706768 10
31 6 -31.6770000 -71.1719971 0.867505670 10
39 20 -31.5219994 -71.4499969 0.946098506 10
49 41 -31.3250008 -71.8659973 0.920381427 10
51 35 -31.2940006 -71.7419968 0.612126768 10
54 19 -31.2520008 -71.4150009 0.897788942 10
69 38 -30.9669991 -71.7850037 0.742302775 10
73 68 -30.8689995 -72.3870010 0.652750194 10
76 24 -30.8519993 -71.4960022 0.911764801 10
84 70 -30.6690006 -72.4150009 0.707756341 10
94 70 -30.4890003 -72.4039993 0.800937116 10
115 34 -30.1410007 -71.6600037 0.944794714 10
118 31 -30.0900002 -71.5970001 1.00000000 10
2 16 -32.1920013 -71.4029999 0.959367394 11
4 67 -32.1119995 -72.4440002 0.794423819 11
7 52 -32.0719986 -72.1340027 0.819166303 11
10 67 -32.0040016 -72.4369965 0.705631554 11
15 44 -31.9349995 -71.9619980 0.805702209 11
17 62 -31.8829994 -72.3270035 1.00000000 11
26 63 -31.7199993 -72.3369980 0.980179131 11
31 6 -31.6770000 -71.1719971 0.884323418 11
49 41 -31.3250008 -71.8659973 0.840160131 11
51 35 -31.2940006 -71.7419968 0.796153367 11
54 19 -31.2520008 -71.4150009 0.869075894 11
69 38 -30.9669991 -71.7850037 0.774215221 11
71 55 -30.9160004 -72.1259995 0.824420035 11
82 70 -30.7049999 -72.4169998 0.751481771 11
84 70 -30.6690006 -72.4150009 0.721353590 11
89 61 -30.5869999 -72.2279968 0.542518735 11
101 24 -30.4020004 -71.4729996 0.767868519 11
102 3 -30.3990002 -71.0500031 0.879719853 11
102 18 -30.3880005 -71.3509979 0.760884583 11
118 31 -30.0900002 -71.5970001 0.834297776 11
2 16 -32.1920013 -71.4029999 0.918369710 12
7 52 -32.0719986 -72.1340027 0.587197065 12
15 44 -31.9349995 -71.9619980 0.540760994 12
17 62 -31.8829994 -72.3270035 0.843258321 12
44 55 -31.4029999 -72.1549988 0.685415745 12
50 47 -31.3020000 -71.9869995 0.575050950 12
57 6 -31.2080002 -71.1490021 1.00000000 12
58 31 -31.1709995 -71.6549988 0.773557127 12
64 42 -31.0540009 -71.8710022 0.634434760 12
71 55 -30.9160004 -72.1259995 0.612401247 12
81 49 -30.7420006 -71.9950027 0.546221554 12
82 70 -30.7049999 -72.4169998 0.664127588 12
89 4 -30.6329994 -71.0810013 0.764809251 12
89 58 -30.5890007 -72.1679993 0.635171354 12
89 61 -30.5869999 -72.2279968 0.519697785 12
91 39 -30.5699997 -71.7839966 0.653000057 12
101 24 -30.4020004 -71.4729996 0.869172812 12
102 3 -30.3990002 -71.0500031 0.714284062 12
102 13 -30.3920002 -71.2509995 0.996187747 12
102 18 -30.3880005 -71.3509979 0.640557885 12
27 2 -31.7520008 -71.0940018 0.969788551 13
32 27 -31.6429996 -71.5989990 0.853243768 13
44 55 -31.4029999 -72.1549988 0.762918651 13
50 47 -31.3020000 -71.9869995 0.726095915 13
56 69 -31.1739998 -72.4260025 0.709857345 13
57 6 -31.2080002 -71.1490021 1.00000000 13
58 31 -31.1709995 -71.6549988 0.763646483 13
64 42 -31.0540009 -71.8710022 0.724797964 13
81 49 -30.7420006 -71.9950027 0.766287446 13
84 63 -30.6749992 -72.2740021 0.590808511 13
85 67 -30.6529999 -72.3529968 0.664969504 13
89 4 -30.6329994 -71.0810013 0.957054734 13
89 58 -30.5890007 -72.1679993 0.453330636 13
91 39 -30.5699997 -71.7839966 0.897251785 13
92 37 -30.5529995 -71.7419968 0.866957009 13
98 64 -30.4220009 -72.2789993 0.678882182 13
102 13 -30.3920002 -71.2509995 0.904341817 13
104 23 -30.3479996 -71.4499969 0.717778146 13
110 46 -30.2220001 -71.9049988 0.892706275 13
114 51 -30.1450005 -72.0009995 0.701680958 13
27 2 -31.7520008 -71.0940018 1.00000000 14
32 27 -31.6429996 -71.5989990 0.844018698 14
37 21 -31.5569992 -71.4720001 0.838237286 14
42 18 -31.4699993 -71.4059982 0.834239960 14
42 44 -31.4480000 -71.9339981 0.705156744 14
56 69 -31.1739998 -72.4260025 0.801645458 14
75 54 -30.8449993 -72.1019974 0.728816688 14
82 14 -30.7520008 -71.2890015 0.787232101 14
84 63 -30.6749992 -72.2740021 0.596531868 14
85 67 -30.6529999 -72.3529968 0.700666308 14
90 53 -30.5760002 -72.0660019 0.629451156 14
92 37 -30.5529995 -71.7419968 0.749418557 14
98 64 -30.4220009 -72.2789993 0.750148833 14
104 23 -30.3479996 -71.4499969 0.744902194 14
110 46 -30.2220001 -71.9049988 0.715379894 14
111 6 -30.2350006 -71.1019974 0.888622820 14
113 49 -30.1650009 -71.9619980 0.889167130 14
114 51 -30.1450005 -72.0009995 0.720802844 14
117 1 -30.1299992 -70.9970016 0.765554070 14
120 15 -30.0660000 -71.2750015 0.868607581 14
22 17 -31.8309994 -71.4039993 0.871608198 15
22 38 -31.8139992 -71.8320007 0.660218239 15
37 21 -31.5569992 -71.4720001 0.707153678 15
39 60 -31.4880009 -72.2620010 0.759363115 15
42 18 -31.4699993 -71.4059982 0.779888034 15
42 44 -31.4480000 -71.9339981 0.582524002 15
44 40 -31.4160004 -71.8509979 0.670425594 15
46 12 -31.4020004 -71.2809982 0.721515298 15
57 40 -31.1819992 -71.8379974 0.731190324 15
57 48 -31.1749992 -72.0000000 0.525759280 15
67 15 -31.0209999 -71.3229980 1.00000000 15
75 3 -30.8859997 -71.0729980 0.897491753 15
75 54 -30.8449993 -72.1019974 0.718727231 15
81 1 -30.7789993 -71.0279999 0.824411929 15
82 14 -30.7520008 -71.2890015 0.737604558 15
90 53 -30.5760002 -72.0660019 0.483588845 15
111 6 -30.2350006 -71.1019974 0.817303717 15
113 49 -30.1650009 -71.9619980 0.534609556 15
117 1 -30.1299992 -70.9970016 0.782550693 15
120 15 -30.0660000 -71.2750015 0.688958466 15
17 56 -31.8880005 -72.2050018 0.527100623 16
22 17 -31.8309994 -71.4039993 0.894348443 16
22 38 -31.8139992 -71.8320007 0.674369276 16
25 30 -31.7660007 -71.6660004 0.724209487 16
33 35 -31.6180000 -71.7600021 0.717987180 16
39 60 -31.4880009 -72.2620010 0.721370101 16
44 40 -31.4160004 -71.8509979 0.758460283 16
46 12 -31.4020004 -71.2809982 0.739810586 16
51 46 -31.2849998 -71.9649963 0.504156768 16
57 40 -31.1819992 -71.8379974 0.758664787 16
57 48 -31.1749992 -72.0000000 0.652148306 16
64 65 -31.0340004 -72.3359985 0.760640204 16
66 50 -31.0109997 -72.0309982 0.487796843 16
67 15 -31.0209999 -71.3229980 1.00000000 16
75 3 -30.8859997 -71.0729980 0.906000555 16
81 1 -30.7789993 -71.0279999 0.905836880 16
86 55 -30.6459999 -72.1110001 0.631658614 16
98 36 -30.4459991 -71.7160034 0.719928682 16
102 55 -30.3579998 -72.0940018 0.740094185 16
119 8 -30.0890007 -71.1360016 0.796724379 16
4 66 -32.1129990 -72.4229965 0.869440615 17
15 8 -31.9640007 -71.2269974 0.975253582 17
17 56 -31.8880005 -72.2050018 0.663139641 17
20 36 -31.8519993 -71.7939987 0.780809760 17
24 68 -31.7509995 -72.4410019 0.500652015 17
25 30 -31.7660007 -71.6660004 0.828913271 17
30 19 -31.6849995 -71.4380035 0.939469337 17
33 35 -31.6180000 -71.7600021 0.827077627 17
51 46 -31.2849998 -71.9649963 0.510245442 17
64 65 -31.0340004 -72.3359985 0.864516437 17
66 50 -31.0109997 -72.0309982 0.519974351 17
77 49 -30.8139992 -71.9990005 0.952701807 17
81 22 -30.7639999 -71.4509964 1.00000000 17
86 55 -30.6459999 -72.1110001 0.588818431 17
98 36 -30.4459991 -71.7160034 0.686073482 17
102 55 -30.3579998 -72.0940018 0.693520129 17
105 26 -30.3279991 -71.5090027 0.931744695 17
109 43 -30.2420006 -71.8460007 0.740335882 17
114 2 -30.1840000 -71.0199966 0.971446931 17
119 8 -30.0890007 -71.1360016 0.943178117 17
4 66 -32.1129990 -72.4229965 0.893515468 18
15 8 -31.9640007 -71.2269974 1.00000000 18
20 14 -31.8689995 -71.3450012 0.883286893 18
20 36 -31.8519993 -71.7939987 0.746699333 18
24 68 -31.7509995 -72.4410019 0.666549325 18
30 19 -31.6849995 -71.4380035 0.865410328 18
33 12 -31.6359997 -71.2919998 0.883513629 18
35 34 -31.5830002 -71.7379990 0.812807441 18
38 54 -31.5119991 -72.1409988 0.670410573 18
41 41 -31.4689999 -71.8740005 0.712368429 18
66 3 -31.0480003 -71.0810013 0.796857953 18
67 8 -31.0259991 -71.1809998 0.914088845 18
70 64 -30.9260006 -72.3089981 0.754424572 18
77 49 -30.8139992 -71.9990005 0.644781053 18
81 22 -30.7639999 -71.4509964 0.847126544 18
98 5 -30.4699993 -71.0940018 0.861146867 18
100 59 -30.3899994 -72.1760025 0.874509394 18
105 26 -30.3279991 -71.5090027 0.889840424 18
109 43 -30.2420006 -71.8460007 0.689052939 18
114 2 -30.1840000 -71.0199966 0.973367810 18
4 67 -32.1119995 -72.4440002 0.561759889 19
14 32 -31.9629993 -71.7180023 0.769495845 19
17 17 -31.9209995 -71.4089966 1.00000000 19
19 34 -31.8710003 -71.7539978 0.554084003 19
20 14 -31.8689995 -71.3450012 0.936294079 19
20 44 -31.8449993 -71.9570007 0.590872526 19
33 12 -31.6359997 -71.2919998 0.604547083 19
35 34 -31.5830002 -71.7379990 0.619913220 19
38 54 -31.5119991 -72.1409988 0.579256952 19
41 41 -31.4689999 -71.8740005 0.504811287 19
50 42 -31.3059998 -71.8850021 0.749328971 19
66 3 -31.0480003 -71.0810013 0.663670003 19
67 8 -31.0259991 -71.1809998 0.469652861 19
70 64 -30.9260006 -72.3089981 0.604434788 19
75 42 -30.8560009 -71.8600006 0.556567192 19
98 5 -30.4699993 -71.0940018 0.869712293 19
100 59 -30.3899994 -72.1760025 0.514192581 19
109 45 -30.2399998 -71.8860016 0.593574643 19
113 12 -30.1940002 -71.2210007 0.449506342 19
114 11 -30.1770000 -71.1999969 0.441342950 19
4 67 -32.1119995 -72.4440002 0.856832802 20
14 32 -31.9629993 -71.7180023 0.932125866 20
17 17 -31.9209995 -71.4089966 0.907489657 20
19 34 -31.8710003 -71.7539978 0.782763481 20
20 44 -31.8449993 -71.9570007 0.830663264 20
29 27 -31.6970005 -71.6009979 0.774620712 20
38 2 -31.5529995 -71.0849991 0.972072065 20
40 34 -31.4930000 -71.7330017 0.708517253 20
46 48 -31.3729992 -72.0110016 0.719119966 20
46 60 -31.3619995 -72.2539978 0.743515670 20
50 42 -31.3059998 -71.8850021 0.919494569 20
71 60 -30.9120007 -72.2269974 0.707234740 20
75 42 -30.8560009 -71.8600006 0.705130994 20
87 70 -30.6149998 -72.4110031 0.578679562 20
89 17 -30.6229992 -71.3430023 0.750824094 20
100 15 -30.4260006 -71.2929993 0.865140855 20
109 45 -30.2399998 -71.8860016 0.773973882 20
113 12 -30.1940002 -71.2210007 0.620534956 20
114 11 -30.1770000 -71.1999969 0.559763849 20
115 2 -30.1660004 -71.0189972 0.742073536 20
29 2 -31.7159996 -71.0920029 0.872303724 21
29 27 -31.6970005 -71.6009979 0.826660454 21
32 41 -31.6310005 -71.8830032 0.730296254 21
35 58 -31.5620003 -72.2259979 0.777780056 21
38 2 -31.5529995 -71.0849991 0.752296805 21
40 34 -31.4930000 -71.7330017 0.669405937 21
46 48 -31.3729992 -72.0110016 0.898973167 21
46 60 -31.3619995 -72.2539978 0.741885602 21
60 11 -31.1499996 -71.2480011 0.877920091 21
66 56 -31.0060005 -72.1520004 0.814580858 21
71 60 -30.9120007 -72.2269974 0.646022916 21
74 59 -30.8589993 -72.2040024 0.573271453 21
76 8 -30.8640003 -71.1729965 0.985110939 21
79 48 -30.7779999 -71.9769974 0.792015314 21
87 70 -30.6149998 -72.4110031 0.649415791 21
89 17 -30.6229992 -71.3430023 0.988138020 21
100 15 -30.4260006 -71.2929993 0.837123156 21
102 47 -30.3649998 -71.9329987 0.533135176 21
102 65 -30.3490009 -72.2949982 0.701523066 21
115 2 -30.1660004 -71.0189972 0.866087317 21
16 58 -31.9050007 -72.2470016 0.483911425 22
29 2 -31.7159996 -71.0920029 0.848108768 22
32 41 -31.6310005 -71.8830032 0.693286002 22
32 55 -31.6189995 -72.1679993 0.600638092 22
35 58 -31.5620003 -72.2259979 0.636699140 22
44 49 -31.4080009 -72.0329971 0.655672848 22
47 32 -31.3680000 -71.6859970 0.745798349 22
49 64 -31.3050003 -72.3320007 0.531781733 22
60 11 -31.1499996 -71.2480011 0.930433750 22
66 56 -31.0060005 -72.1520004 0.792008340 22
68 48 -30.9769993 -71.9879990 0.591415524 22
74 59 -30.8589993 -72.2040024 0.475941539 22
76 8 -30.8640003 -71.1729965 0.701288879 22
78 39 -30.8040009 -71.7959976 0.670913339 22
79 48 -30.7779999 -71.9769974 0.680269957 22
87 40 -30.6410007 -71.8079987 0.629107296 22
102 47 -30.3649998 -71.9329987 0.686362267 22
102 65 -30.3490009 -72.2949982 0.592527092 22
103 1 -30.3829994 -71.0090027 1.00000000 22
118 40 -30.0820007 -71.7770004 0.779189706 22
16 58 -31.9050007 -72.2470016 0.600268424 23
22 48 -31.8050003 -72.0360031 0.687140763 23
32 55 -31.6189995 -72.1679993 0.647042930 23
36 12 -31.5820007 -71.2900009 0.855019450 23
44 29 -31.4249992 -71.6279984 0.768152654 23
44 49 -31.4080009 -72.0329971 0.710669696 23
47 32 -31.3680000 -71.6859970 0.809852660 23
49 64 -31.3050003 -72.3320007 0.392189413 23
66 71 -30.9920006 -72.4550018 0.664390862 23
68 48 -30.9769993 -71.9879990 0.384596914 23
75 48 -30.8500004 -71.9810028 0.578547180 23
77 49 -30.8139992 -71.9990005 0.643055022 23
78 39 -30.8040009 -71.7959976 0.784115016 23
87 40 -30.6410007 -71.8079987 0.810429037 23
102 67 -30.3470001 -72.3349991 0.613588512 23
103 1 -30.3829994 -71.0090027 1.00000000 23
110 42 -30.2250004 -71.8249969 0.695001483 23
113 38 -30.1739998 -71.7419968 0.773426950 23
116 14 -30.1389999 -71.2580032 0.782590091 23
118 40 -30.0820007 -71.7770004 0.671883821 23
5 12 -32.1409988 -71.3180008 0.813432395 24
14 47 -31.9500008 -72.0240021 0.541261733 24
22 48 -31.8050003 -72.0360031 0.628437102 24
30 34 -31.6730003 -71.7429962 0.783191085 24
36 12 -31.5820007 -71.2900009 0.946372032 24
44 29 -31.4249992 -71.6279984 0.785618484 24
48 48 -31.3369999 -72.0090027 0.588805974 24
64 11 -31.0779991 -71.2440033 0.965708852 24
66 71 -30.9920006 -72.4550018 0.727987409 24
75 48 -30.8500004 -71.9810028 0.600480258 24
77 49 -30.8139992 -71.9990005 0.695492566 24
85 62 -30.6580009 -72.2529984 0.713908732 24
86 25 -30.6709995 -71.5070038 0.914847434 24
91 37 -30.5709991 -71.7429962 0.454353720 24
91 64 -30.5480003 -72.2860031 0.733087957 24
97 30 -30.4689999 -71.5970001 0.804119706 24
102 67 -30.3470001 -72.3349991 0.757538021 24
110 42 -30.2250004 -71.8249969 0.460727394 24
113 38 -30.1739998 -71.7419968 0.998465061 24
116 14 -30.1389999 -71.2580032 0.879652381 24
5 12 -32.1409988 -71.3180008 0.726455331 25
14 47 -31.9500008 -72.0240021 0.489252836 25
22 13 -31.8339996 -71.3229980 0.997224212 25
28 10 -31.7280006 -71.2559967 0.996247709 25
30 34 -31.6730003 -71.7429962 0.639675200 25
48 48 -31.3369999 -72.0090027 0.525167048 25
64 11 -31.0779991 -71.2440033 0.669758499 25
71 24 -30.9419994 -71.5009995 0.668021679 25
79 13 -30.8059998 -71.2710037 0.752202094 25
85 62 -30.6580009 -72.2529984 0.577805042 25
86 10 -30.6830006 -71.2050018 0.879572511 25
86 25 -30.6709995 -71.5070038 0.732285380 25
91 37 -30.5709991 -71.7429962 0.544060886 25
91 64 -30.5480003 -72.2860031 0.540915489 25
97 30 -30.4689999 -71.5970001 0.635029256 25
101 12 -30.4109993 -71.2320023 0.443048328 25
102 62 -30.3519993 -72.2340012 0.540093899 25
106 42 -30.2970009 -71.8290024 0.622741163 25
116 15 -30.1380005 -71.2779999 0.825963914 25
120 4 -30.0739994 -71.0550003 0.884159803 25
4 5 -32.1640015 -71.1760025 0.791693628 26
8 10 -32.0880013 -71.2740021 0.841198146 26
8 63 -32.0439987 -72.3570023 0.481255889 26
22 13 -31.8339996 -71.3229980 1.00000000 26
22 33 -31.8180008 -71.7310028 0.604352534 26
28 10 -31.7280006 -71.2559967 0.927273571 26
37 26 -31.5529995 -71.5729980 0.645264268 26
61 14 -31.1299992 -71.3079987 0.726810932 26
71 24 -30.9419994 -71.5009995 0.690119684 26
79 13 -30.8059998 -71.2710037 0.730821490 26
84 6 -30.7220001 -71.1259995 0.738352120 26
86 10 -30.6830006 -71.2050018 0.762614727 26
92 24 -30.5639992 -71.4810028 0.718192637 26
101 12 -30.4109993 -71.2320023 0.736601591 26
102 62 -30.3519993 -72.2340012 0.597563267 26
106 42 -30.2970009 -71.8290024 0.610069633 26
111 31 -30.2159996 -71.6039963 0.584217548 26
113 25 -30.1849995 -71.4820023 0.667278886 26
116 15 -30.1380005 -71.2779999 0.842406988 26
120 4 -30.0739994 -71.0550003 0.845810473 26
4 5 -32.1640015 -71.1760025 0.716793299 27
7 7 -32.1080017 -71.2139969 0.885048032 27
8 10 -32.0880013 -71.2740021 0.842996120 27
8 63 -32.0439987 -72.3570023 0.485427558 27
12 49 -31.9850006 -72.0670013 0.642551184 27
22 33 -31.8180008 -71.7310028 0.506267309 27
37 26 -31.5529995 -71.5729980 0.996222377 27
38 26 -31.5349998 -71.5719986 0.929589331 27
38 27 -31.5349998 -71.5930023 0.914882421 27
48 6 -31.3700008 -71.1569977 0.669967175 27
61 14 -31.1299992 -71.3079987 0.769926012 27
83 70 -30.6870003 -72.4160004 0.448121935 27
84 6 -30.7220001 -71.1259995 0.568878651 27
84 55 -30.6819992 -72.1129990 0.444002420 27
89 34 -30.6100006 -71.6849976 0.565818071 27
91 45 -30.5650005 -71.9039993 0.532089055 27
92 24 -30.5639992 -71.4810028 0.583107352 27
95 24 -30.5100002 -71.4779968 0.493089348 27
111 31 -30.2159996 -71.6039963 0.519552410 27
113 25 -30.1849995 -71.4820023 0.683285773 27
7 7 -32.1080017 -71.2139969 0.808564484 28
10 30 -32.0369987 -71.6809998 0.619223535 28
12 49 -31.9850006 -72.0670013 0.654125571 28
36 16 -31.5790005 -71.3710022 0.757566750 28
37 12 -31.5639992 -71.2890015 0.806149304 28
38 26 -31.5349998 -71.5719986 0.628951013 28
38 27 -31.5349998 -71.5930023 0.607638419 28
48 6 -31.3700008 -71.1569977 0.601699948 28
54 59 -31.2189999 -72.2259979 0.665565908 28
62 34 -31.0960007 -71.7109985 0.559653640 28
64 58 -31.0400009 -72.1949997 0.833044887 28
72 53 -30.8999996 -72.0849991 0.477476627 28
83 70 -30.6870003 -72.4160004 0.487409532 28
84 55 -30.6819992 -72.1129990 0.547026217 28
88 38 -30.6250000 -71.7659988 0.858222306 28
89 34 -30.6100006 -71.6849976 0.953882396 28
91 45 -30.5650005 -71.9039993 0.520738780 28
92 34 -30.5559998 -71.6819992 0.628998280 28
95 24 -30.5100002 -71.4779968 0.568283558 28
118 12 -30.1040001 -71.2170029 0.827582717 28
10 30 -32.0369987 -71.6809998 0.743045628 29
28 25 -31.7159996 -71.5619965 0.811312616 29
31 19 -31.6669998 -71.4369965 0.848987997 29
32 27 -31.6429996 -71.5989990 0.804172993 29
36 16 -31.5790005 -71.3710022 0.893690109 29
37 12 -31.5639992 -71.2890015 0.530097961 29
38 11 -31.5470009 -71.2679977 0.412857771 29
54 59 -31.2189999 -72.2259979 0.736735404 29
62 34 -31.0960007 -71.7109985 0.801344037 29
64 58 -31.0400009 -72.1949997 0.979246676 29
72 53 -30.8999996 -72.0849991 0.669691384 29
75 17 -30.8759995 -71.3560028 0.870536804 29
85 26 -30.6879997 -71.5279999 0.911688387 29
88 38 -30.6250000 -71.7659988 0.783524156 29
92 34 -30.5559998 -71.6819992 0.750646651 29
103 43 -30.3500004 -71.8519974 0.705836296 29
114 2 -30.1840000 -71.0199966 1.00000000 29
115 55 -30.1240005 -72.0800018 0.579232097 29
118 12 -30.1040001 -71.2170029 0.794584632 29
120 33 -30.0520000 -71.6350021 0.709198058 29
18 2 -31.9139996 -71.1019974 0.577504456 30
28 25 -31.7159996 -71.5619965 0.587974250 30
31 19 -31.6669998 -71.4369965 0.541445315 30
31 27 -31.6609993 -71.5999985 1.00000000 30
32 27 -31.6429996 -71.5989990 0.966593981 30
38 11 -31.5470009 -71.2679977 0.570540607 30
38 61 -31.5060005 -72.2839966 0.437885255 30
53 39 -31.2539997 -71.8219986 0.464714706 30
54 24 -31.2490005 -71.5169983 0.369900823 30
56 5 -31.2269993 -71.1299973 0.626625299 30
59 2 -31.1749992 -71.0670013 0.606925070 30
68 20 -30.9990005 -71.4229965 0.552659094 30
75 17 -30.8759995 -71.3560028 0.575942755 30
84 35 -30.6989994 -71.7099991 0.482903928 30
85 26 -30.6879997 -71.5279999 0.466718435 30
103 43 -30.3500004 -71.8519974 0.376102269 30
109 70 -30.2180004 -72.3870010 0.450603694 30
114 2 -30.1840000 -71.0199966 0.637391806 30
115 55 -30.1240005 -72.0800018 0.417249382 30
120 33 -30.0520000 -71.6350021 0.522680283 30
