           5          12  -32.1409988      -71.3180008      0.726455331    
          14          47  -31.9500008      -72.0240021      0.489252836    
          22          13  -31.8339996      -71.3229980      0.997224212    
          28          10  -31.7280006      -71.2559967      0.996247709    
          30          34  -31.6730003      -71.7429962      0.639675200    
          48          48  -31.3369999      -72.0090027      0.525167048    
          64          11  -31.0779991      -71.2440033      0.669758499    
          71          24  -30.9419994      -71.5009995      0.668021679    
          79          13  -30.8059998      -71.2710037      0.752202094    
          85          62  -30.6580009      -72.2529984      0.577805042    
          86          10  -30.6830006      -71.2050018      0.879572511    
          86          25  -30.6709995      -71.5070038      0.732285380    
          91          37  -30.5709991      -71.7429962      0.544060886    
          91          64  -30.5480003      -72.2860031      0.540915489    
          97          30  -30.4689999      -71.5970001      0.635029256    
         101          12  -30.4109993      -71.2320023      0.443048328    
         102          62  -30.3519993      -72.2340012      0.540093899    
         106          42  -30.2970009      -71.8290024      0.622741163    
         116          15  -30.1380005      -71.2779999      0.825963914    
         120           4  -30.0739994      -71.0550003      0.884159803    
