           1           1  -31.7269993      -71.7409973       6.5008697168877916E-004
           1           2  -31.7269993      -71.7409973       6.5322951599000589E-004
           1           3  -31.7269993      -71.7409973       2.3623720335308462E-004
           1           4  -31.7269993      -71.7409973       3.7469184826477431E-004
           1           5  -31.7269993      -71.7409973       0.0000000000000000     
           1           6  -31.7269993      -71.7409973       3.6163107870379463E-004
           1           7  -31.7269993      -71.7409973       8.4219036216381937E-004
           1           8  -31.7269993      -71.7409973       8.4219036216381937E-004
           1           9  -31.7269993      -71.7409973       7.8946529538370669E-004
           1          10  -31.7269993      -71.7409973       7.8556549124186859E-004
           1          11  -31.7269993      -71.7409973       3.9122539601521567E-004
           2           1  -31.7089996      -71.7409973       5.6467363538104109E-004
           2           2  -31.7089996      -71.7409973       4.0167891074815998E-004
           2           3  -31.7089996      -71.7409973       4.1027349379874067E-004
           2           4  -31.7089996      -71.7409973       3.5386041508900234E-004
           2           5  -31.7089996      -71.7409973       1.2506694474723190E-004
           2           6  -31.7089996      -71.7409973       9.6235911007624964E-004
           2           7  -31.7089996      -71.7409973       1.0029976183432154E-003
           2           8  -31.7089996      -71.7409973       1.0029976183432154E-003
           2           9  -31.7089996      -71.7409973       1.0013832434196956E-003
           2          10  -31.7089996      -71.7409973       1.0085859830724075E-003
           2          11  -31.7089996      -71.7409973       0.0000000000000000     
           3           1  -31.6910000      -71.7409973       4.9342346392222680E-004
           3           2  -31.6910000      -71.7409973       3.6838696905761026E-004
           3           3  -31.6910000      -71.7409973       4.4958148646401241E-004
           3           4  -31.6910000      -71.7409973       3.8493155352625763E-004
           3           5  -31.6910000      -71.7409973       2.7560525631997734E-004
           3           6  -31.6910000      -71.7409973       1.2988895578018855E-003
           3           7  -31.6910000      -71.7409973       1.4328174183901865E-003
           3           8  -31.6910000      -71.7409973       1.4054009479878005E-003
           3           9  -31.6910000      -71.7409973       1.4054009479878005E-003
           3          10  -31.6910000      -71.7409973       8.7944247934501618E-004
           3          11  -31.6910000      -71.7409973       0.0000000000000000     
           4           1  -31.6730003      -71.7409973       3.9847589960118057E-004
           4           2  -31.6730003      -71.7409973       3.9733706944389269E-004
           4           3  -31.6730003      -71.7409973       3.9542676313431002E-004
           4           4  -31.6730003      -71.7409973       4.0561421656093444E-004
           4           5  -31.6730003      -71.7409973       6.6938228337676264E-004
           4           6  -31.6730003      -71.7409973       1.6483893923577853E-003
           4           7  -31.6730003      -71.7409973       1.6458917380077764E-003
           4           8  -31.6730003      -71.7409973       1.6458917380077764E-003
           4           9  -31.6730003      -71.7409973       1.7313818825641647E-003
           4          10  -31.6730003      -71.7409973       7.4568147465470247E-004
           4          11  -31.6730003      -71.7409973       1.8155273937736638E-004
           5           1  -31.6550007      -71.7409973       3.8980082263151417E-004
           5           2  -31.6550007      -71.7409973       3.9179994564619847E-004
           5           3  -31.6550007      -71.7409973       3.8925604258110980E-004
           5           4  -31.6550007      -71.7409973       3.9590042888448806E-004
           5           5  -31.6550007      -71.7409973       1.0864926880458370E-003
           5           6  -31.6550007      -71.7409973       1.8536729039624333E-003
           5           7  -31.6550007      -71.7409973       1.8503268074709922E-003
           5           8  -31.6550007      -71.7409973       1.8058398854918778E-003
           5           9  -31.6550007      -71.7409973       1.7765985976438969E-003
           5          10  -31.6550007      -71.7409973       6.3876957210595720E-004
           5          11  -31.6550007      -71.7409973       3.5906665652873926E-004
           6           1  -31.6369991      -71.7409973       3.9714749800623395E-004
           6           2  -31.6369991      -71.7409973       4.1671911458251998E-004
           6           3  -31.6369991      -71.7409973       4.1677868284750730E-004
           6           4  -31.6369991      -71.7409973       4.2666821536840871E-004
           6           5  -31.6369991      -71.7409973       1.2360926484689116E-003
           6           6  -31.6369991      -71.7409973       1.8393234640825540E-003
           6           7  -31.6369991      -71.7409973       1.8409930926281959E-003
           6           8  -31.6369991      -71.7409973       1.8381323607172817E-003
           6           9  -31.6369991      -71.7409973       1.7633210809435695E-003
           6          10  -31.6369991      -71.7409973       3.7561406861641444E-004
           6          11  -31.6369991      -71.7409973       5.0055022984452080E-004
           7           1  -31.6189995      -71.7409973       3.8929701622691937E-004
           7           2  -31.6189995      -71.7409973       3.6209660538588651E-004
           7           3  -31.6189995      -71.7409973       3.7855638584005646E-004
           7           4  -31.6189995      -71.7409973       3.8520077214343473E-004
           7           5  -31.6189995      -71.7409973       1.4535340960719623E-003
           7           6  -31.6189995      -71.7409973       1.8148655362892896E-003
           7           7  -31.6189995      -71.7409973       1.7558370309416205E-003
           7           8  -31.6189995      -71.7409973       1.7558370309416205E-003
           7           9  -31.6189995      -71.7409973       1.4948185271350667E-003
           7          10  -31.6189995      -71.7409973       2.9569500088655332E-004
           7          11  -31.6189995      -71.7409973       5.6217029487015679E-004
           8           1  -31.6009998      -71.7409973       2.8973137341381516E-004
           8           2  -31.6009998      -71.7409973       2.8643621590163093E-004
           8           3  -31.6009998      -71.7409973       2.8214306439622305E-004
           8           4  -31.6009998      -71.7409973       2.9705642918997910E-004
           8           5  -31.6009998      -71.7409973       1.4326422115118476E-003
           8           6  -31.6009998      -71.7409973       1.4142337095108815E-003
           8           7  -31.6009998      -71.7409973       1.5837777955312049E-003
           8           8  -31.6009998      -71.7409973       1.5837777955312049E-003
           8           9  -31.6009998      -71.7409973       1.4449477894231677E-003
           8          10  -31.6009998      -71.7409973       1.6515023162355646E-004
           8          11  -31.6009998      -71.7409973       7.8121081605786458E-004
           9           1  -31.5830002      -71.7409973       2.4465394744765945E-004
           9           2  -31.5830002      -71.7409973       2.9344128051889129E-004
           9           3  -31.5830002      -71.7409973       2.4465394744765945E-004
           9           4  -31.5830002      -71.7409973       2.4266629952762742E-004
           9           5  -31.5830002      -71.7409973       1.1523287830641493E-003
           9           6  -31.5830002      -71.7409973       1.2473835340642836E-003
           9           7  -31.5830002      -71.7409973       1.2574725569720613E-003
           9           8  -31.5830002      -71.7409973       1.3275486089696642E-003
           9           9  -31.5830002      -71.7409973       1.1124596348963678E-003
           9          10  -31.5830002      -71.7409973       0.0000000000000000     
           9          11  -31.5830002      -71.7409973       9.4613482451677555E-004
          10           1  -31.5650005      -71.7409973       3.9668877525400603E-004
          10           2  -31.5650005      -71.7409973       2.0129567337789922E-004
          10           3  -31.5650005      -71.7409973       1.7969855389310396E-004
          10           4  -31.5650005      -71.7409973       2.3329562100116163E-004
          10           5  -31.5650005      -71.7409973       7.6257962791714817E-004
          10           6  -31.5650005      -71.7409973       1.0975743753078859E-003
          10           7  -31.5650005      -71.7409973       9.5571177553210873E-004
          10           8  -31.5650005      -71.7409973       9.5571177553210873E-004
          10           9  -31.5650005      -71.7409973       7.1149953851090686E-004
          10          10  -31.5650005      -71.7409973       0.0000000000000000     
          10          11  -31.5650005      -71.7409973       1.0592402759357356E-003
          11           1  -31.5470009      -71.7409973       5.6072073584800819E-004
          11           2  -31.5470009      -71.7409973       2.5402624305570498E-004
          11           3  -31.5470009      -71.7409973       5.1639523007906973E-005
          11           4  -31.5470009      -71.7409973       3.4917366338049760E-004
          11           5  -31.5470009      -71.7409973       4.6370071504497901E-004
          11           6  -31.5470009      -71.7409973       5.1251580953248776E-004
          11           7  -31.5470009      -71.7409973       5.7951428220803791E-004
          11           8  -31.5470009      -71.7409973       5.7951428220803791E-004
          11           9  -31.5470009      -71.7409973       5.0853718312282581E-004
          11          10  -31.5470009      -71.7409973       0.0000000000000000     
          11          11  -31.5470009      -71.7409973       8.2446815213188529E-004
