           1           1  -31.7269993      -71.7409973       4.4263513846090063E-003
           1           2  -31.7269993      -71.7409973       4.6149868867360055E-003
           1           3  -31.7269993      -71.7409973       0.0000000000000000     
           1           4  -31.7269993      -71.7409973       0.0000000000000000     
           1           5  -31.7269993      -71.7409973       1.6643635579384863E-002
           1           6  -31.7269993      -71.7409973       2.6922326360363513E-002
           1           7  -31.7269993      -71.7409973       3.1290849728975445E-002
           1           8  -31.7269993      -71.7409973       3.1290849728975445E-002
           1           9  -31.7269993      -71.7409973       2.2921624942682683E-002
           1          10  -31.7269993      -71.7409973       0.0000000000000000     
           1          11  -31.7269993      -71.7409973       8.9370739879086614E-003
           2           1  -31.7089996      -71.7409973       4.3428247736301273E-003
           2           2  -31.7089996      -71.7409973       4.2409695161040872E-003
           2           3  -31.7089996      -71.7409973       1.1863043037010357E-003
           2           4  -31.7089996      -71.7409973       0.0000000000000000     
           2           5  -31.7089996      -71.7409973       1.2230635566083947E-002
           2           6  -31.7089996      -71.7409973       2.5798388174735010E-002
           2           7  -31.7089996      -71.7409973       2.7196006500162184E-002
           2           8  -31.7089996      -71.7409973       2.7196006500162184E-002
           2           9  -31.7089996      -71.7409973       2.3755750618875027E-002
           2          10  -31.7089996      -71.7409973       6.1469031497836113E-003
           2          11  -31.7089996      -71.7409973       3.8903107284568250E-002
           3           1  -31.6910000      -71.7409973       3.3640791225479916E-003
           3           2  -31.6910000      -71.7409973       3.0808312294539064E-003
           3           3  -31.6910000      -71.7409973       3.3640791225479916E-003
           3           4  -31.6910000      -71.7409973       4.7876441385596991E-003
           3           5  -31.6910000      -71.7409973       1.3361331890337169E-002
           3           6  -31.6910000      -71.7409973       2.5029536889633164E-002
           3           7  -31.6910000      -71.7409973       3.6891417112201452E-002
           3           8  -31.6910000      -71.7409973       3.2666002109181136E-002
           3           9  -31.6910000      -71.7409973       3.2666002109181136E-002
           3          10  -31.6910000      -71.7409973       2.8483281959779561E-002
           3          11  -31.6910000      -71.7409973       4.9420497729443014E-002
           4           1  -31.6730003      -71.7409973       6.0423831600928679E-003
           4           2  -31.6730003      -71.7409973       5.4155172692844644E-003
           4           3  -31.6730003      -71.7409973       5.8100457681575790E-003
           4           4  -31.6730003      -71.7409973       9.5038539438974112E-003
           4           5  -31.6730003      -71.7409973       1.2754505150951445E-002
           4           6  -31.6730003      -71.7409973       2.5044612586498260E-002
           4           7  -31.6730003      -71.7409973       3.6217587534338236E-002
           4           8  -31.6730003      -71.7409973       3.6217587534338236E-002
           4           9  -31.6730003      -71.7409973       3.8296897429972887E-002
           4          10  -31.6730003      -71.7409973       4.7657432267442346E-002
           4          11  -31.6730003      -71.7409973       6.4571748487651348E-002
           5           1  -31.6550007      -71.7409973       8.8477234530728310E-003
           5           2  -31.6550007      -71.7409973       8.3407381025608629E-003
           5           3  -31.6550007      -71.7409973       8.5725945828016847E-003
           5           4  -31.6550007      -71.7409973       1.2557340858620591E-002
           5           5  -31.6550007      -71.7409973       1.4740183192770928E-002
           5           6  -31.6550007      -71.7409973       2.5590095669031143E-002
           5           7  -31.6550007      -71.7409973       4.1521122679114342E-002
           5           8  -31.6550007      -71.7409973       3.8963213097304106E-002
           5           9  -31.6550007      -71.7409973       3.8111841771751642E-002
           5          10  -31.6550007      -71.7409973       6.2755846418440342E-002
           5          11  -31.6550007      -71.7409973       6.7705130670219660E-002
           6           1  -31.6369991      -71.7409973       9.5910588279366493E-003
           6           2  -31.6369991      -71.7409973       9.3500936636701226E-003
           6           3  -31.6369991      -71.7409973       9.4563229940831661E-003
           6           4  -31.6369991      -71.7409973       1.4074103826715145E-002
           6           5  -31.6369991      -71.7409973       1.5425067525939085E-002
           6           6  -31.6369991      -71.7409973       3.1016527209430933E-002
           6           7  -31.6369991      -71.7409973       3.9120431058108807E-002
           6           8  -31.6369991      -71.7409973       3.9050038438290358E-002
           6           9  -31.6369991      -71.7409973       3.8623646367341280E-002
           6          10  -31.6369991      -71.7409973       6.7559760995209217E-002
           6          11  -31.6369991      -71.7409973       6.9032344967126846E-002
           7           1  -31.6189995      -71.7409973       8.6035356798674911E-003
           7           2  -31.6189995      -71.7409973       7.9109948710538447E-003
           7           3  -31.6189995      -71.7409973       8.0322761496063322E-003
           7           4  -31.6189995      -71.7409973       1.3185732619604096E-002
           7           5  -31.6189995      -71.7409973       1.7364316940074787E-002
           7           6  -31.6189995      -71.7409973       3.3562429016456008E-002
           7           7  -31.6189995      -71.7409973       3.6196609027683735E-002
           7           8  -31.6189995      -71.7409973       3.6196609027683735E-002
           7           9  -31.6189995      -71.7409973       3.3887929515913129E-002
           7          10  -31.6189995      -71.7409973       6.2250033486634493E-002
           7          11  -31.6189995      -71.7409973       6.3412788324058056E-002
           8           1  -31.6009998      -71.7409973       6.2357758288271725E-003
           8           2  -31.6009998      -71.7409973       6.0646079682555865E-003
           8           3  -31.6009998      -71.7409973       5.8412473299540579E-003
           8           4  -31.6009998      -71.7409973       1.2434606993338093E-002
           8           5  -31.6009998      -71.7409973       2.2305790196696762E-002
           8           6  -31.6009998      -71.7409973       3.1246207421645522E-002
           8           7  -31.6009998      -71.7409973       3.2998439390212297E-002
           8           8  -31.6009998      -71.7409973       3.2998439390212297E-002
           8           9  -31.6009998      -71.7409973       3.3966688904911280E-002
           8          10  -31.6009998      -71.7409973       4.9033702001906931E-002
           8          11  -31.6009998      -71.7409973       5.1864166744053364E-002
           9           1  -31.5830002      -71.7409973       4.2027998160847346E-003
           9           2  -31.5830002      -71.7409973       3.2461064402014017E-003
           9           3  -31.5830002      -71.7409973       4.2027998160847346E-003
           9           4  -31.5830002      -71.7409973       9.8684214754030108E-003
           9           5  -31.5830002      -71.7409973       2.6837709629035089E-002
           9           6  -31.5830002      -71.7409973       3.0084936810453655E-002
           9           7  -31.5830002      -71.7409973       2.9295657193870284E-002
           9           8  -31.5830002      -71.7409973       2.9930082710052375E-002
           9           9  -31.5830002      -71.7409973       2.2667245253614965E-002
           9          10  -31.5830002      -71.7409973       4.4748275191523135E-002
           9          11  -31.5830002      -71.7409973       4.9221892375499010E-002
          10           1  -31.5650005      -71.7409973       2.4313982576131821E-003
          10           2  -31.5650005      -71.7409973       2.4253263545688242E-003
          10           3  -31.5650005      -71.7409973       0.0000000000000000     
          10           4  -31.5650005      -71.7409973       7.5686414929805323E-003
          10           5  -31.5650005      -71.7409973       2.6312510715797544E-002
          10           6  -31.5650005      -71.7409973       2.6901863369857892E-002
          10           7  -31.5650005      -71.7409973       2.8981823008507490E-002
          10           8  -31.5650005      -71.7409973       2.8981823008507490E-002
          10           9  -31.5650005      -71.7409973       9.7621780078043230E-003
          10          10  -31.5650005      -71.7409973       3.1028356403112411E-002
          10          11  -31.5650005      -71.7409973       3.0734294763533399E-002
          11           1  -31.5470009      -71.7409973       2.7545125340111554E-003
          11           2  -31.5470009      -71.7409973       2.9704741900786757E-003
          11           3  -31.5470009      -71.7409973       3.0091276858001947E-004
          11           4  -31.5470009      -71.7409973       9.3609235482290387E-003
          11           5  -31.5470009      -71.7409973       2.4635333073092625E-002
          11           6  -31.5470009      -71.7409973       2.3024800815619528E-002
          11           7  -31.5470009      -71.7409973       2.2276501840678975E-002
          11           8  -31.5470009      -71.7409973       2.2276501840678975E-002
          11           9  -31.5470009      -71.7409973       4.0245321579277515E-003
          11          10  -31.5470009      -71.7409973       1.1020240293873940E-002
          11          11  -31.5470009      -71.7409973       2.0073116756975651E-002
