           1           1  -31.7269993      -71.7409973       1.3972622691653669E-003
           1           2  -31.7269993      -71.7409973       1.4573045427823672E-003
           1           3  -31.7269993      -71.7409973       1.4527817911584862E-003
           1           4  -31.7269993      -71.7409973       1.3165869677322917E-003
           1           5  -31.7269993      -71.7409973       1.2225980899529532E-003
           1           6  -31.7269993      -71.7409973       0.0000000000000000     
           1           7  -31.7269993      -71.7409973       6.5114841072499985E-004
           1           8  -31.7269993      -71.7409973       2.1085842163302004E-003
           1           9  -31.7269993      -71.7409973       1.6282368451356888E-003
           1          10  -31.7269993      -71.7409973       1.6282368451356888E-003
           1          11  -31.7269993      -71.7409973       1.1955824302276596E-003
           2           1  -31.7089996      -71.7409973       1.5061997969496588E-003
           2           2  -31.7089996      -71.7409973       1.8232212532893755E-003
           2           3  -31.7089996      -71.7409973       1.5014776777206862E-003
           2           4  -31.7089996      -71.7409973       1.0621711335261352E-003
           2           5  -31.7089996      -71.7409973       9.9482385303417686E-004
           2           6  -31.7089996      -71.7409973       0.0000000000000000     
           2           7  -31.7089996      -71.7409973       4.3218985410931055E-005
           2           8  -31.7089996      -71.7409973       2.4240237953563337E-003
           2           9  -31.7089996      -71.7409973       2.3088655743777053E-003
           2          10  -31.7089996      -71.7409973       3.3115744445240125E-003
           2          11  -31.7089996      -71.7409973       2.8998059860896319E-003
           3           1  -31.6910000      -71.7409973       2.6251642484567128E-003
           3           2  -31.6910000      -71.7409973       2.4918434501159936E-003
           3           3  -31.6910000      -71.7409973       2.6251642484567128E-003
           3           4  -31.6910000      -71.7409973       1.6014670327422209E-003
           3           5  -31.6910000      -71.7409973       2.0075554857612588E-004
           3           6  -31.6910000      -71.7409973       1.9691101624630392E-004
           3           7  -31.6910000      -71.7409973       2.0728631079691695E-004
           3           8  -31.6910000      -71.7409973       3.3806874707806855E-003
           3           9  -31.6910000      -71.7409973       4.3034466070821509E-003
           3          10  -31.6910000      -71.7409973       4.3034466070821509E-003
           3          11  -31.6910000      -71.7409973       4.0978416072903201E-003
           4           1  -31.6730003      -71.7409973       3.5068348151980899E-003
           4           2  -31.6730003      -71.7409973       3.6940204663551413E-003
           4           3  -31.6730003      -71.7409973       3.6686975145130418E-003
           4           4  -31.6730003      -71.7409973       1.3827886796207167E-003
           4           5  -31.6730003      -71.7409973       6.3971310873967013E-004
           4           6  -31.6730003      -71.7409973       6.4413341442559613E-004
           4           7  -31.6730003      -71.7409973       3.4571336254884955E-004
           4           8  -31.6730003      -71.7409973       3.6748926795553416E-003
           4           9  -31.6730003      -71.7409973       5.6141983659472317E-003
           4          10  -31.6730003      -71.7409973       5.2106278380961157E-003
           4          11  -31.6730003      -71.7409973       5.4457589067169465E-003
           5           1  -31.6550007      -71.7409973       4.5168221113272011E-003
           5           2  -31.6550007      -71.7409973       3.9390229503624141E-003
           5           3  -31.6550007      -71.7409973       4.2306394316256046E-003
           5           4  -31.6550007      -71.7409973       8.6838801871635951E-004
           5           5  -31.6550007      -71.7409973       9.6221120838890783E-004
           5           6  -31.6550007      -71.7409973       9.6604451755410992E-004
           5           7  -31.6550007      -71.7409973       3.2596166238363367E-004
           5           8  -31.6550007      -71.7409973       4.6786693856120110E-003
           5           9  -31.6550007      -71.7409973       5.8100539608858526E-003
           5          10  -31.6550007      -71.7409973       6.1906138435006142E-003
           5          11  -31.6550007      -71.7409973       5.6102036032825708E-003
           6           1  -31.6369991      -71.7409973       4.2558670975267887E-003
           6           2  -31.6369991      -71.7409973       4.1732058743946254E-003
           6           3  -31.6369991      -71.7409973       4.2611081735230982E-003
           6           4  -31.6369991      -71.7409973       1.0019380933954380E-003
           6           5  -31.6369991      -71.7409973       9.9770781980623724E-004
           6           6  -31.6369991      -71.7409973       9.9581947597471299E-004
           6           7  -31.6369991      -71.7409973       2.1968103374092607E-004
           6           8  -31.6369991      -71.7409973       5.4207138018682599E-003
           6           9  -31.6369991      -71.7409973       5.9815263375639915E-003
           6          10  -31.6369991      -71.7409973       6.0301941120997071E-003
           6          11  -31.6369991      -71.7409973       5.9444828657433391E-003
           7           1  -31.6189995      -71.7409973       3.6792170722037554E-003
           7           2  -31.6189995      -71.7409973       3.5638993722386658E-003
           7           3  -31.6189995      -71.7409973       3.5200754646211863E-003
           7           4  -31.6189995      -71.7409973       8.2445873704273254E-004
           7           5  -31.6189995      -71.7409973       9.0329276281408966E-004
           7           6  -31.6189995      -71.7409973       9.6261866929125972E-004
           7           7  -31.6189995      -71.7409973       7.6232667288422817E-004
           7           8  -31.6189995      -71.7409973       5.4500717669725418E-003
           7           9  -31.6189995      -71.7409973       5.1629920490086079E-003
           7          10  -31.6189995      -71.7409973       5.6438549072481692E-003
           7          11  -31.6189995      -71.7409973       5.5627583642490208E-003
           8           1  -31.6009998      -71.7409973       3.0123814440230490E-003
           8           2  -31.6009998      -71.7409973       2.5478027455392294E-003
           8           3  -31.6009998      -71.7409973       2.2726416791556403E-003
           8           4  -31.6009998      -71.7409973       7.1689654214424081E-004
           8           5  -31.6009998      -71.7409973       5.2334987958602142E-004
           8           6  -31.6009998      -71.7409973       3.0538094415533124E-004
           8           7  -31.6009998      -71.7409973       1.6694054802428582E-003
           8           8  -31.6009998      -71.7409973       4.8520287709834520E-003
           8           9  -31.6009998      -71.7409973       5.0446304376237094E-003
           8          10  -31.6009998      -71.7409973       4.4889781565871090E-003
           8          11  -31.6009998      -71.7409973       4.2618991901690606E-003
           9           1  -31.5830002      -71.7409973       2.9038180837233085E-003
           9           2  -31.5830002      -71.7409973       3.1469155192098697E-003
           9           3  -31.5830002      -71.7409973       1.6514193785042153E-003
           9           4  -31.5830002      -71.7409973       2.8227123948454391E-005
           9           5  -31.5830002      -71.7409973       0.0000000000000000     
           9           6  -31.5830002      -71.7409973       0.0000000000000000     
           9           7  -31.5830002      -71.7409973       2.2892331480761641E-003
           9           8  -31.5830002      -71.7409973       3.6020483894390054E-003
           9           9  -31.5830002      -71.7409973       3.6020483894390054E-003
           9          10  -31.5830002      -71.7409973       3.6020483894390054E-003
           9          11  -31.5830002      -71.7409973       3.4858664394050720E-003
          10           1  -31.5650005      -71.7409973       3.1564826613248442E-003
          10           2  -31.5650005      -71.7409973       2.9753057287962292E-003
          10           3  -31.5650005      -71.7409973       3.9003323126962641E-004
          10           4  -31.5650005      -71.7409973       0.0000000000000000     
          10           5  -31.5650005      -71.7409973       0.0000000000000000     
          10           6  -31.5650005      -71.7409973       0.0000000000000000     
          10           7  -31.5650005      -71.7409973       2.7815723742605769E-003
          10           8  -31.5650005      -71.7409973       2.8027319713146426E-003
          10           9  -31.5650005      -71.7409973       2.9136285666027106E-003
          10          10  -31.5650005      -71.7409973       2.8383243770804256E-003
          10          11  -31.5650005      -71.7409973       1.2695032201008871E-003
          11           1  -31.5470009      -71.7409973       2.0671199818025343E-003
          11           2  -31.5470009      -71.7409973       1.6157359323187848E-003
          11           3  -31.5470009      -71.7409973       5.2232797679607756E-004
          11           4  -31.5470009      -71.7409973       1.3977719208924100E-004
          11           5  -31.5470009      -71.7409973       0.0000000000000000     
          11           6  -31.5470009      -71.7409973       1.0050438577309251E-003
          11           7  -31.5470009      -71.7409973       2.2071318380767480E-003
          11           8  -31.5470009      -71.7409973       2.2071318380767480E-003
          11           9  -31.5470009      -71.7409973       2.2957759938435629E-003
          11          10  -31.5470009      -71.7409973       2.1682875958504155E-003
          11          11  -31.5470009      -71.7409973       0.0000000000000000     
