           1           1  -31.7269993      -71.7409973       5.4946617456153035E-003
           1           2  -31.7269993      -71.7409973       5.3725632897112519E-003
           1           3  -31.7269993      -71.7409973       5.3980511438567191E-003
           1           4  -31.7269993      -71.7409973       5.3161752366577275E-003
           1           5  -31.7269993      -71.7409973       4.9695873458404094E-003
           1           6  -31.7269993      -71.7409973       1.7440983629057882E-003
           1           7  -31.7269993      -71.7409973       6.5397674043197185E-003
           1           8  -31.7269993      -71.7409973       6.5397674043197185E-003
           1           9  -31.7269993      -71.7409973       5.8936958666890860E-003
           1          10  -31.7269993      -71.7409973       5.3810027020517737E-003
           1          11  -31.7269993      -71.7409973       1.0662502609193325E-003
           2           1  -31.7089996      -71.7409973       5.8660910508478992E-003
           2           2  -31.7089996      -71.7409973       8.8470024929847568E-003
           2           3  -31.7089996      -71.7409973       6.8223210109863430E-003
           2           4  -31.7089996      -71.7409973       4.5947252365294844E-003
           2           5  -31.7089996      -71.7409973       4.9652815068839118E-003
           2           6  -31.7089996      -71.7409973       7.6601521141128615E-004
           2           7  -31.7089996      -71.7409973       2.3470908636227250E-003
           2           8  -31.7089996      -71.7409973       2.7533582760952413E-003
           2           9  -31.7089996      -71.7409973       1.8257253686897457E-003
           2          10  -31.7089996      -71.7409973       5.1673014531843364E-003
           2          11  -31.7089996      -71.7409973       1.8707530689425766E-003
           3           1  -31.6910000      -71.7409973       1.2713026779238135E-002
           3           2  -31.6910000      -71.7409973       1.3149132195394486E-002
           3           3  -31.6910000      -71.7409973       1.2713026779238135E-002
           3           4  -31.6910000      -71.7409973       1.0379695217125118E-002
           3           5  -31.6910000      -71.7409973       4.2872034391621128E-003
           3           6  -31.6910000      -71.7409973       3.5082291651633568E-003
           3           7  -31.6910000      -71.7409973       4.9445821350673214E-003
           3           8  -31.6910000      -71.7409973       8.6855878398637287E-003
           3           9  -31.6910000      -71.7409973       8.6855878398637287E-003
           3          10  -31.6910000      -71.7409973       8.6855878398637287E-003
           3          11  -31.6910000      -71.7409973       7.6406765074352734E-003
           4           1  -31.6730003      -71.7409973       1.9292165961815044E-002
           4           2  -31.6730003      -71.7409973       2.0683681475929916E-002
           4           3  -31.6730003      -71.7409973       2.0254650589777157E-002
           4           4  -31.6730003      -71.7409973       1.2322009308263659E-002
           4           5  -31.6730003      -71.7409973       7.5517920031415997E-003
           4           6  -31.6730003      -71.7409973       6.5464241197332740E-003
           4           7  -31.6730003      -71.7409973       7.5517920031415997E-003
           4           8  -31.6730003      -71.7409973       1.2342229136265814E-002
           4           9  -31.6730003      -71.7409973       1.3458915869705379E-002
           4          10  -31.6730003      -71.7409973       1.1653035762719810E-002
           4          11  -31.6730003      -71.7409973       1.2459331192076206E-002
           5           1  -31.6550007      -71.7409973       2.5119693134911358E-002
           5           2  -31.6550007      -71.7409973       2.1667439024895430E-002
           5           3  -31.6550007      -71.7409973       2.3494575056247413E-002
           5           4  -31.6550007      -71.7409973       1.0881754336878657E-002
           5           5  -31.6550007      -71.7409973       1.0777225019410253E-002
           5           6  -31.6550007      -71.7409973       1.1061958910431713E-002
           5           7  -31.6550007      -71.7409973       1.0777225019410253E-002
           5           8  -31.6550007      -71.7409973       1.4201962010702118E-002
           5           9  -31.6550007      -71.7409973       1.3843890134012327E-002
           5          10  -31.6550007      -71.7409973       1.5360726712970063E-002
           5          11  -31.6550007      -71.7409973       1.3321662729140371E-002
           6           1  -31.6369991      -71.7409973       2.3504930781200528E-002
           6           2  -31.6369991      -71.7409973       2.3048141505569220E-002
           6           3  -31.6369991      -71.7409973       2.3527443176135421E-002
           6           4  -31.6369991      -71.7409973       5.0764576881192625E-003
           6           5  -31.6369991      -71.7409973       1.1062707286328077E-002
           6           6  -31.6369991      -71.7409973       1.1036376934498549E-002
           6           7  -31.6369991      -71.7409973       1.1062707286328077E-002
           6           8  -31.6369991      -71.7409973       1.4128720038570464E-002
           6           9  -31.6369991      -71.7409973       1.4334784005768597E-002
           6          10  -31.6369991      -71.7409973       1.4232506859116256E-002
           6          11  -31.6369991      -71.7409973       1.8354114610701799E-002
           7           1  -31.6189995      -71.7409973       2.0340598654001951E-002
           7           2  -31.6189995      -71.7409973       1.9798867870122194E-002
           7           3  -31.6189995      -71.7409973       1.9388434709981084E-002
           7           4  -31.6189995      -71.7409973       2.6649902138160542E-003
           7           5  -31.6189995      -71.7409973       9.3304160400293767E-003
           7           6  -31.6189995      -71.7409973       9.6387667581439018E-003
           7           7  -31.6189995      -71.7409973       9.0457266196608543E-003
           7           8  -31.6189995      -71.7409973       1.1143672629259527E-002
           7           9  -31.6189995      -71.7409973       9.4661764451302588E-003
           7          10  -31.6189995      -71.7409973       1.1143672629259527E-002
           7          11  -31.6189995      -71.7409973       1.9622840249212459E-002
           8           1  -31.6009998      -71.7409973       1.5361301251687109E-002
           8           2  -31.6009998      -71.7409973       1.3168917612347286E-002
           8           3  -31.6009998      -71.7409973       1.3390252242970746E-002
           8           4  -31.6009998      -71.7409973       3.2908433058764786E-003
           8           5  -31.6009998      -71.7409973       4.9031793569156434E-003
           8           6  -31.6009998      -71.7409973       3.7767076646559872E-003
           8           7  -31.6009998      -71.7409973       4.9031793569156434E-003
           8           8  -31.6009998      -71.7409973       6.6282097541261464E-003
           8           9  -31.6009998      -71.7409973       7.9286144027719274E-003
           8          10  -31.6009998      -71.7409973       5.4510236368514597E-003
           8          11  -31.6009998      -71.7409973       1.6462266190501396E-002
           9           1  -31.5830002      -71.7409973       9.6008877735584974E-003
           9           2  -31.5830002      -71.7409973       7.8731347248321981E-003
           9           3  -31.5830002      -71.7409973       8.5814438643865287E-003
           9           4  -31.5830002      -71.7409973       3.3474390220362693E-003
           9           5  -31.5830002      -71.7409973       3.2324315980076790E-003
           9           6  -31.5830002      -71.7409973       3.3932695223484188E-003
           9           7  -31.5830002      -71.7409973       3.8547247822862118E-003
           9           8  -31.5830002      -71.7409973       3.6255740269552916E-003
           9           9  -31.5830002      -71.7409973       3.6255740269552916E-003
           9          10  -31.5830002      -71.7409973       3.6255740269552916E-003
           9          11  -31.5830002      -71.7409973       1.2876096414402127E-002
          10           1  -31.5650005      -71.7409973       6.9761999475304037E-003
          10           2  -31.5650005      -71.7409973       6.8495528830680996E-003
          10           3  -31.5650005      -71.7409973       2.2533733863383532E-003
          10           4  -31.5650005      -71.7409973       3.7400671426439658E-003
          10           5  -31.5650005      -71.7409973       2.2435836435761303E-003
          10           6  -31.5650005      -71.7409973       4.1367565281689167E-003
          10           7  -31.5650005      -71.7409973       6.1332500190474093E-003
          10           8  -31.5650005      -71.7409973       6.1332500190474093E-003
          10           9  -31.5650005      -71.7409973       7.1471600094810128E-003
          10          10  -31.5650005      -71.7409973       3.6094275419600308E-003
          10          11  -31.5650005      -71.7409973       2.5813039392232895E-003
          11           1  -31.5470009      -71.7409973       8.8472892530262470E-003
          11           2  -31.5470009      -71.7409973       5.3602947155013680E-003
          11           3  -31.5470009      -71.7409973       2.8527656468213536E-003
          11           4  -31.5470009      -71.7409973       1.8857298200600781E-003
          11           5  -31.5470009      -71.7409973       1.0634970531100407E-003
          11           6  -31.5470009      -71.7409973       6.0358080372679979E-003
          11           7  -31.5470009      -71.7409973       5.9309020871296525E-003
          11           8  -31.5470009      -71.7409973       5.9309020871296525E-003
          11           9  -31.5470009      -71.7409973       6.4397224487038329E-003
          11          10  -31.5470009      -71.7409973       5.4417189676314592E-003
          11          11  -31.5470009      -71.7409973       6.3026070129126310E-003
