           1           1  -31.7269993      -71.7409973       2.9467038039001636E-003
           1           2  -31.7269993      -71.7409973       2.9298558001755737E-003
           1           3  -31.7269993      -71.7409973       2.7701611990096353E-003
           1           4  -31.7269993      -71.7409973       0.0000000000000000     
           1           5  -31.7269993      -71.7409973       3.3764583349693567E-004
           1           6  -31.7269993      -71.7409973       1.0967433918267488E-003
           1           7  -31.7269993      -71.7409973       1.0384203342255205E-003
           1           8  -31.7269993      -71.7409973       2.1670921232725959E-003
           1           9  -31.7269993      -71.7409973       1.8956413550768048E-003
           1          10  -31.7269993      -71.7409973       1.8956413550768048E-003
           1          11  -31.7269993      -71.7409973       1.5595594886690378E-003
           2           1  -31.7089996      -71.7409973       2.3412402733811177E-003
           2           2  -31.7089996      -71.7409973       2.8437684886739589E-003
           2           3  -31.7089996      -71.7409973       2.5865971983876079E-003
           2           4  -31.7089996      -71.7409973       5.1503538270480931E-004
           2           5  -31.7089996      -71.7409973       6.3007274434312421E-004
           2           6  -31.7089996      -71.7409973       7.4971418507630005E-004
           2           7  -31.7089996      -71.7409973       9.8783032444771379E-004
           2           8  -31.7089996      -71.7409973       1.9757792033487931E-003
           2           9  -31.7089996      -71.7409973       1.8740836821962148E-003
           2          10  -31.7089996      -71.7409973       2.6649200117390137E-003
           2          11  -31.7089996      -71.7409973       2.4409818870481104E-003
           3           1  -31.6910000      -71.7409973       3.1749403860885650E-003
           3           2  -31.6910000      -71.7409973       2.6878595717789722E-003
           3           3  -31.6910000      -71.7409973       1.6314630120177753E-003
           3           4  -31.6910000      -71.7409973       3.1811699227546342E-004
           3           5  -31.6910000      -71.7409973       9.9877760658273473E-004
           3           6  -31.6910000      -71.7409973       1.0145564083359204E-003
           3           7  -31.6910000      -71.7409973       1.2667623402649042E-003
           3           8  -31.6910000      -71.7409973       2.1878129409742542E-003
           3           9  -31.6910000      -71.7409973       2.2593670291826129E-003
           3          10  -31.6910000      -71.7409973       2.2593670291826129E-003
           3          11  -31.6910000      -71.7409973       2.0979978799005039E-003
           4           1  -31.6730003      -71.7409973       3.4946705272886902E-003
           4           2  -31.6730003      -71.7409973       3.0560500017600134E-003
           4           3  -31.6730003      -71.7409973       6.0233813564991578E-004
           4           4  -31.6730003      -71.7409973       1.6271754284389317E-003
           4           5  -31.6730003      -71.7409973       1.7117971638072049E-003
           4           6  -31.6730003      -71.7409973       1.7658598226262257E-003
           4           7  -31.6730003      -71.7409973       1.7117971638072049E-003
           4           8  -31.6730003      -71.7409973       2.2709658660460263E-003
           4           9  -31.6730003      -71.7409973       2.3430389846907929E-003
           4          10  -31.6730003      -71.7409973       2.2606579150306061E-003
           4          11  -31.6730003      -71.7409973       2.2984727256698534E-003
           5           1  -31.6550007      -71.7409973       4.0973598370328546E-003
           5           2  -31.6550007      -71.7409973       3.3324544201605022E-003
           5           3  -31.6550007      -71.7409973       7.4692276393761858E-004
           5           4  -31.6550007      -71.7409973       2.4548016663175076E-003
           5           5  -31.6550007      -71.7409973       2.7318699867464602E-003
           5           6  -31.6550007      -71.7409973       2.7312665770296007E-003
           5           7  -31.6550007      -71.7409973       2.7318699867464602E-003
           5           8  -31.6550007      -71.7409973       2.4145442002918571E-003
           5           9  -31.6550007      -71.7409973       2.3968981113284826E-003
           5          10  -31.6550007      -71.7409973       2.4480918073095381E-003
           5          11  -31.6550007      -71.7409973       2.3706013744231313E-003
           6           1  -31.6369991      -71.7409973       4.6038983273319900E-003
           6           2  -31.6369991      -71.7409973       3.6021838313899934E-003
           6           3  -31.6369991      -71.7409973       5.7380518410354853E-004
           6           4  -31.6369991      -71.7409973       2.8597705240827054E-003
           6           5  -31.6369991      -71.7409973       2.8453996637836099E-003
           6           6  -31.6369991      -71.7409973       2.8405636548995972E-003
           6           7  -31.6369991      -71.7409973       2.8453996637836099E-003
           6           8  -31.6369991      -71.7409973       2.3853161255829036E-003
           6           9  -31.6369991      -71.7409973       2.4027285107877105E-003
           6          10  -31.6369991      -71.7409973       2.3959326208569109E-003
           6          11  -31.6369991      -71.7409973       2.3220408766064793E-003
           7           1  -31.6189995      -71.7409973       4.8699459439376369E-003
           7           2  -31.6189995      -71.7409973       3.7024011835455894E-003
           7           3  -31.6189995      -71.7409973       0.0000000000000000     
           7           4  -31.6189995      -71.7409973       2.4664850789122283E-003
           7           5  -31.6189995      -71.7409973       2.6215122634312138E-003
           7           6  -31.6189995      -71.7409973       2.7926995026064105E-003
           7           7  -31.6189995      -71.7409973       2.3665301559958607E-003
           7           8  -31.6189995      -71.7409973       2.2586887062061578E-003
           7           9  -31.6189995      -71.7409973       2.1682179358322173E-003
           7          10  -31.6189995      -71.7409973       2.2586887062061578E-003
           7          11  -31.6189995      -71.7409973       2.1534568222705275E-003
           8           1  -31.6009998      -71.7409973       4.6251414805738023E-003
           8           2  -31.6009998      -71.7409973       3.1049333920236677E-003
           8           3  -31.6009998      -71.7409973       2.7071748627349734E-004
           8           4  -31.6009998      -71.7409973       2.3848634737078100E-003
           8           5  -31.6009998      -71.7409973       1.8441505235387012E-003
           8           6  -31.6009998      -71.7409973       1.2960006424691528E-003
           8           7  -31.6009998      -71.7409973       1.9333664240548387E-003
           8           8  -31.6009998      -71.7409973       2.0823991799261421E-003
           8           9  -31.6009998      -71.7409973       2.1092195238452405E-003
           8          10  -31.6009998      -71.7409973       2.0198141282889992E-003
           8          11  -31.6009998      -71.7409973       1.9206485012546182E-003
           9           1  -31.5830002      -71.7409973       3.9456595768569969E-003
           9           2  -31.5830002      -71.7409973       2.7345230591890868E-003
           9           3  -31.5830002      -71.7409973       2.6088018785230815E-004
           9           4  -31.5830002      -71.7409973       1.0060362274089130E-003
           9           5  -31.5830002      -71.7409973       8.2735323303495534E-004
           9           6  -31.5830002      -71.7409973       1.1648519939626567E-003
           9           7  -31.5830002      -71.7409973       1.6653260142902582E-003
           9           8  -31.5830002      -71.7409973       1.8908483471022919E-003
           9           9  -31.5830002      -71.7409973       1.8908483471022919E-003
           9          10  -31.5830002      -71.7409973       1.8908483471022919E-003
           9          11  -31.5830002      -71.7409973       1.8285090191056952E-003
          10           1  -31.5650005      -71.7409973       3.0116109119262546E-003
          10           2  -31.5650005      -71.7409973       2.2917974511074135E-003
          10           3  -31.5650005      -71.7409973       3.7533046270254999E-004
          10           4  -31.5650005      -71.7409973       4.9188447155756876E-004
          10           5  -31.5650005      -71.7409973       8.2228513565496542E-004
          10           6  -31.5650005      -71.7409973       1.3383962577790953E-003
          10           7  -31.5650005      -71.7409973       1.4200543046172243E-003
          10           8  -31.5650005      -71.7409973       1.5345775536843576E-003
          10           9  -31.5650005      -71.7409973       1.4462021688359528E-003
          10          10  -31.5650005      -71.7409973       1.5784147908561863E-003
          10          11  -31.5650005      -71.7409973       8.9118658070219681E-004
          11           1  -31.5470009      -71.7409973       2.1780932656838559E-003
          11           2  -31.5470009      -71.7409973       2.3788305043126456E-003
          11           3  -31.5470009      -71.7409973       0.0000000000000000     
          11           4  -31.5470009      -71.7409973       2.4127274809870869E-004
          11           5  -31.5470009      -71.7409973       1.5733691252535209E-003
          11           6  -31.5470009      -71.7409973       1.7195498949149624E-003
          11           7  -31.5470009      -71.7409973       1.6046718083089218E-003
          11           8  -31.5470009      -71.7409973       1.6046718083089218E-003
          11           9  -31.5470009      -71.7409973       1.0806366590259131E-003
          11          10  -31.5470009      -71.7409973       9.5784684526734054E-004
          11          11  -31.5470009      -71.7409973       9.5306924777105451E-004
