           1           1  -31.7269993      -71.7409973       5.7189214930986054E-004
           1           2  -31.7269993      -71.7409973       6.6899320160018760E-004
           1           3  -31.7269993      -71.7409973       1.3421387120615691E-004
           1           4  -31.7269993      -71.7409973       0.0000000000000000     
           1           5  -31.7269993      -71.7409973       7.0365698775276542E-004
           1           6  -31.7269993      -71.7409973       6.5615993298706599E-004
           1           7  -31.7269993      -71.7409973       8.3787228868459351E-004
           1           8  -31.7269993      -71.7409973       8.3787228868459351E-004
           1           9  -31.7269993      -71.7409973       5.4950604317127727E-004
           1          10  -31.7269993      -71.7409973       2.5261572591261938E-004
           1          11  -31.7269993      -71.7409973       2.0173693246761104E-004
           2           1  -31.7089996      -71.7409973       6.8021356128156185E-004
           2           2  -31.7089996      -71.7409973       6.0672292420349550E-004
           2           3  -31.7089996      -71.7409973       0.0000000000000000     
           2           4  -31.7089996      -71.7409973       0.0000000000000000     
           2           5  -31.7089996      -71.7409973       7.7937406240380369E-004
           2           6  -31.7089996      -71.7409973       1.0460118010087172E-003
           2           7  -31.7089996      -71.7409973       1.0099124774569646E-003
           2           8  -31.7089996      -71.7409973       1.0099124774569646E-003
           2           9  -31.7089996      -71.7409973       8.5770264740858693E-004
           2          10  -31.7089996      -71.7409973       5.0198398093925789E-004
           2          11  -31.7089996      -71.7409973       8.1207531366089825E-004
           3           1  -31.6910000      -71.7409973       1.1700078757712618E-003
           3           2  -31.6910000      -71.7409973       1.7656257841736078E-004
           3           3  -31.6910000      -71.7409973       9.3956225100555457E-005
           3           4  -31.6910000      -71.7409973       9.5384284577448852E-005
           3           5  -31.6910000      -71.7409973       6.6727279772749171E-004
           3           6  -31.6910000      -71.7409973       1.4235413764254190E-003
           3           7  -31.6910000      -71.7409973       1.6807164429337718E-003
           3           8  -31.6910000      -71.7409973       1.6104294118122198E-003
           3           9  -31.6910000      -71.7409973       1.6104294118122198E-003
           3          10  -31.6910000      -71.7409973       5.6555699120508507E-004
           3          11  -31.6910000      -71.7409973       1.0192981189902639E-003
           4           1  -31.6730003      -71.7409973       1.4095354563323781E-003
           4           2  -31.6730003      -71.7409973       3.8665850524921552E-004
           4           3  -31.6730003      -71.7409973       3.6293761741035269E-004
           4           4  -31.6730003      -71.7409973       3.1889593424239138E-004
           4           5  -31.6730003      -71.7409973       7.3115192208206281E-004
           4           6  -31.6730003      -71.7409973       1.9342185496498132E-003
           4           7  -31.6730003      -71.7409973       1.9579789459385211E-003
           4           8  -31.6730003      -71.7409973       1.9579789459385211E-003
           4           9  -31.6730003      -71.7409973       2.0997061656089500E-003
           4          10  -31.6730003      -71.7409973       4.4447438904171577E-004
           4          11  -31.6730003      -71.7409973       1.3284336018841714E-003
           5           1  -31.6550007      -71.7409973       1.3430283215711825E-003
           5           2  -31.6550007      -71.7409973       4.5299527891984326E-004
           5           3  -31.6550007      -71.7409973       5.0131983152823523E-004
           5           4  -31.6550007      -71.7409973       4.7759894368937239E-004
           5           5  -31.6550007      -71.7409973       9.1059812984894961E-004
           5           6  -31.6550007      -71.7409973       2.3201470175990835E-003
           5           7  -31.6550007      -71.7409973       2.3273700062418357E-003
           5           8  -31.6550007      -71.7409973       2.2215511562535539E-003
           5           9  -31.6550007      -71.7409973       2.1805469150422141E-003
           5          10  -31.6550007      -71.7409973       6.3984643020376097E-004
           5          11  -31.6550007      -71.7409973       1.5226591494865716E-003
           6           1  -31.6369991      -71.7409973       1.0138528159586713E-003
           6           2  -31.6369991      -71.7409973       5.2906786777384696E-004
           6           3  -31.6369991      -71.7409973       5.4516652022584822E-004
           6           4  -31.6369991      -71.7409973       5.5098289530519651E-004
           6           5  -31.6369991      -71.7409973       1.0913215373875573E-003
           6           6  -31.6369991      -71.7409973       2.2881694603711367E-003
           6           7  -31.6369991      -71.7409973       2.2913060674909502E-003
           6           8  -31.6369991      -71.7409973       2.3028479481581599E-003
           6           9  -31.6369991      -71.7409973       2.2419613669626415E-003
           6          10  -31.6369991      -71.7409973       8.7174305008375086E-004
           6          11  -31.6369991      -71.7409973       1.7378011834807694E-003
           7           1  -31.6189995      -71.7409973       4.7908416308928281E-004
           7           2  -31.6189995      -71.7409973       4.7376910879393108E-004
           7           3  -31.6189995      -71.7409973       4.4011490899720229E-004
           7           4  -31.6189995      -71.7409973       4.3750161785283126E-004
           7           5  -31.6189995      -71.7409973       1.4588618723792024E-003
           7           6  -31.6189995      -71.7409973       2.2580689401365817E-003
           7           7  -31.6189995      -71.7409973       2.1497162815649062E-003
           7           8  -31.6189995      -71.7409973       2.1497162815649062E-003
           7           9  -31.6189995      -71.7409973       1.7481403483543545E-003
           7          10  -31.6189995      -71.7409973       9.2848056556249503E-004
           7          11  -31.6189995      -71.7409973       1.7897727448143996E-003
           8           1  -31.6009998      -71.7409973       2.9323404123715591E-004
           8           2  -31.6009998      -71.7409973       2.9516974518628558E-004
           8           3  -31.6009998      -71.7409973       2.7069167663285043E-004
           8           4  -31.6009998      -71.7409973       3.8980275803623954E-004
           8           5  -31.6009998      -71.7409973       1.5449293277924880E-003
           8           6  -31.6009998      -71.7409973       1.5761442482471466E-003
           8           7  -31.6009998      -71.7409973       1.7899769100040430E-003
           8           8  -31.6009998      -71.7409973       1.7899769100040430E-003
           8           9  -31.6009998      -71.7409973       1.6514569433638826E-003
           8          10  -31.6009998      -71.7409973       1.0365011039539240E-003
           8          11  -31.6009998      -71.7409973       1.5773241793795023E-003
           9           1  -31.5830002      -71.7409973       5.2700979722430930E-005
           9           2  -31.5830002      -71.7409973       1.9196056291548302E-004
           9           3  -31.5830002      -71.7409973       5.2700979722430930E-005
           9           4  -31.5830002      -71.7409973       2.9730175810982473E-004
           9           5  -31.5830002      -71.7409973       1.2940033105905968E-003
           9           6  -31.5830002      -71.7409973       1.1595737619245483E-003
           9           7  -31.5830002      -71.7409973       1.2908090452583565E-003
           9           8  -31.5830002      -71.7409973       1.2544031945935785E-003
           9           9  -31.5830002      -71.7409973       7.6055525278206915E-004
           9          10  -31.5830002      -71.7409973       1.1903064005309716E-003
           9          11  -31.5830002      -71.7409973       1.4538159230141900E-003
          10           1  -31.5650005      -71.7409973       6.4680250943638384E-005
          10           2  -31.5650005      -71.7409973       8.5293514530349057E-005
          10           3  -31.5650005      -71.7409973       4.3452470890770201E-005
          10           4  -31.5650005      -71.7409973       7.3567328217905015E-004
          10           5  -31.5650005      -71.7409973       1.0323731075914111E-003
          10           6  -31.5650005      -71.7409973       9.1948327644786332E-004
          10           7  -31.5650005      -71.7409973       1.0235922727588331E-003
          10           8  -31.5650005      -71.7409973       8.6363657078436518E-004
          10           9  -31.5650005      -71.7409973       5.5733057251927676E-005
          10          10  -31.5650005      -71.7409973       1.0684220251278020E-003
          10          11  -31.5650005      -71.7409973       1.0189588429057039E-003
          11           1  -31.5470009      -71.7409973       5.8183431974612176E-006
          11           2  -31.5470009      -71.7409973       1.7884647240862250E-004
          11           3  -31.5470009      -71.7409973       1.4303561192718917E-004
          11           4  -31.5470009      -71.7409973       8.4862561197951436E-004
          11           5  -31.5470009      -71.7409973       9.5571095880586654E-004
          11           6  -31.5470009      -71.7409973       9.1616599820554256E-004
          11           7  -31.5470009      -71.7409973       8.7729938968550414E-004
          11           8  -31.5470009      -71.7409973       4.4978288860875182E-004
          11           9  -31.5470009      -71.7409973       0.0000000000000000     
          11          10  -31.5470009      -71.7409973       7.0629594119964167E-004
          11          11  -31.5470009      -71.7409973       6.1814422224415466E-004
