           1           1  -31.7269993      -71.7409973       2.0050391165113979E-003
           1           2  -31.7269993      -71.7409973       1.5595594886690378E-003
           1           3  -31.7269993      -71.7409973       1.8956413550768048E-003
           1           4  -31.7269993      -71.7409973       2.3151130735641345E-003
           1           5  -31.7269993      -71.7409973       1.8070653313770890E-003
           1           6  -31.7269993      -71.7409973       0.0000000000000000     
           1           7  -31.7269993      -71.7409973       2.5626830320106819E-003
           1           8  -31.7269993      -71.7409973       3.0010674454388209E-003
           1           9  -31.7269993      -71.7409973       2.9377203391049989E-003
           1          10  -31.7269993      -71.7409973       2.9377203391049989E-003
           1          11  -31.7269993      -71.7409973       2.8169311663077679E-003
           2           1  -31.7089996      -71.7409973       1.8260056240251288E-003
           2           2  -31.7089996      -71.7409973       2.4409818870481104E-003
           2           3  -31.7089996      -71.7409973       2.3934692435432225E-003
           2           4  -31.7089996      -71.7409973       2.0487794536165893E-003
           2           5  -31.7089996      -71.7409973       2.2997149790171534E-003
           2           6  -31.7089996      -71.7409973       1.3861914630979300E-003
           2           7  -31.7089996      -71.7409973       3.5711168457055464E-003
           2           8  -31.7089996      -71.7409973       3.5711168457055464E-003
           2           9  -31.7089996      -71.7409973       3.6459631228353828E-003
           2          10  -31.7089996      -71.7409973       4.1440829809289426E-003
           2          11  -31.7089996      -71.7409973       2.3629908064322080E-003
           3           1  -31.6910000      -71.7409973       2.1090800728416070E-003
           3           2  -31.6910000      -71.7409973       2.0979978799005039E-003
           3           3  -31.6910000      -71.7409973       2.4462249421048909E-003
           3           4  -31.6910000      -71.7409973       2.0834820243180729E-003
           3           5  -31.6910000      -71.7409973       2.0163456611044239E-003
           3           6  -31.6910000      -71.7409973       2.8507240058388561E-003
           3           7  -31.6910000      -71.7409973       5.4451982141472399E-003
           3           8  -31.6910000      -71.7409973       5.3392754998640157E-003
           3           9  -31.6910000      -71.7409973       5.3392754998640157E-003
           3          10  -31.6910000      -71.7409973       4.9893390178112895E-003
           3          11  -31.6910000      -71.7409973       1.3207613628765102E-003
           4           1  -31.6730003      -71.7409973       2.2709658660460263E-003
           4           2  -31.6730003      -71.7409973       2.2984727256698534E-003
           4           3  -31.6730003      -71.7409973       2.2911345877218992E-003
           4           4  -31.6730003      -71.7409973       2.2673916682833806E-003
           4           5  -31.6730003      -71.7409973       1.9873296041623689E-003
           4           6  -31.6730003      -71.7409973       4.7476345062023029E-003
           4           7  -31.6730003      -71.7409973       6.4231960277538747E-003
           4           8  -31.6730003      -71.7409973       6.4231960277538747E-003
           4           9  -31.6730003      -71.7409973       6.7874271771870553E-003
           4          10  -31.6730003      -71.7409973       5.4131536235217936E-003
           4          11  -31.6730003      -71.7409973       0.0000000000000000     
           5           1  -31.6550007      -71.7409973       2.4480918073095381E-003
           5           2  -31.6550007      -71.7409973       2.3788027174305171E-003
           5           3  -31.6550007      -71.7409973       2.4145442002918571E-003
           5           4  -31.6550007      -71.7409973       2.3943754786159843E-003
           5           5  -31.6550007      -71.7409973       1.8672775331651792E-003
           5           6  -31.6550007      -71.7409973       6.4309965237043798E-003
           5           7  -31.6550007      -71.7409973       7.3450116906315088E-003
           5           8  -31.6550007      -71.7409973       7.1447333320975304E-003
           5           9  -31.6550007      -71.7409973       7.0578940212726593E-003
           5          10  -31.6550007      -71.7409973       5.6397761509288102E-003
           5          11  -31.6550007      -71.7409973       5.1278385217301548E-004
           6           1  -31.6369991      -71.7409973       2.3921481915749609E-003
           6           2  -31.6369991      -71.7409973       2.3795745510142297E-003
           6           3  -31.6369991      -71.7409973       2.3994574439711869E-003
           6           4  -31.6369991      -71.7409973       2.3815316963009536E-003
           6           5  -31.6369991      -71.7409973       1.8356709188083187E-003
           6           6  -31.6369991      -71.7409973       7.0747942663729191E-003
           6           7  -31.6369991      -71.7409973       7.3181537445634604E-003
           6           8  -31.6369991      -71.7409973       7.2852498851716518E-003
           6           9  -31.6369991      -71.7409973       7.2836346225813031E-003
           6          10  -31.6369991      -71.7409973       4.5981946750544012E-003
           6          11  -31.6369991      -71.7409973       1.0953909586532973E-003
           7           1  -31.6189995      -71.7409973       2.2586887062061578E-003
           7           2  -31.6189995      -71.7409973       2.2510985145345330E-003
           7           3  -31.6189995      -71.7409973       2.2265409934334457E-003
           7           4  -31.6189995      -71.7409973       2.2412812395486981E-003
           7           5  -31.6189995      -71.7409973       1.6570237348787487E-003
           7           6  -31.6189995      -71.7409973       7.1116501349024475E-003
           7           7  -31.6189995      -71.7409973       6.9209864013828337E-003
           7           8  -31.6189995      -71.7409973       6.9209864013828337E-003
           7           9  -31.6189995      -71.7409973       6.3777112518437207E-003
           7          10  -31.6189995      -71.7409973       4.0394914103671908E-003
           7          11  -31.6189995      -71.7409973       1.1589061823542579E-003
           8           1  -31.6009998      -71.7409973       2.0823991799261421E-003
           8           2  -31.6009998      -71.7409973       2.0836760231759399E-003
           8           3  -31.6009998      -71.7409973       2.0660411100834608E-003
           8           4  -31.6009998      -71.7409973       2.1927131747361273E-003
           8           5  -31.6009998      -71.7409973       2.1488699057954364E-003
           8           6  -31.6009998      -71.7409973       5.3834117570659146E-003
           8           7  -31.6009998      -71.7409973       6.1027999472571537E-003
           8           8  -31.6009998      -71.7409973       6.1027999472571537E-003
           8           9  -31.6009998      -71.7409973       6.2094344466459006E-003
           8          10  -31.6009998      -71.7409973       3.0439431575359777E-003
           8          11  -31.6009998      -71.7409973       9.4609589586980292E-004
           9           1  -31.5830002      -71.7409973       1.8326801800867543E-003
           9           2  -31.5830002      -71.7409973       1.9489246769808233E-003
           9           3  -31.5830002      -71.7409973       1.8326801800867543E-003
           9           4  -31.5830002      -71.7409973       1.8649689300218597E-003
           9           5  -31.5830002      -71.7409973       2.3712384790997021E-003
           9           6  -31.5830002      -71.7409973       4.7246643152902834E-003
           9           7  -31.5830002      -71.7409973       4.7332912508863956E-003
           9           8  -31.5830002      -71.7409973       5.0581825707922690E-003
           9           9  -31.5830002      -71.7409973       5.0581825707922690E-003
           9          10  -31.5830002      -71.7409973       2.4918867711676285E-003
           9          11  -31.5830002      -71.7409973       5.2358162747623282E-004
          10           1  -31.5650005      -71.7409973       1.5345775536843576E-003
          10           2  -31.5650005      -71.7409973       1.4762512364541180E-003
          10           3  -31.5650005      -71.7409973       1.4420901322864665E-003
          10           4  -31.5650005      -71.7409973       1.5509356235270388E-003
          10           5  -31.5650005      -71.7409973       2.2497866229969077E-003
          10           6  -31.5650005      -71.7409973       4.0662721803528257E-003
          10           7  -31.5650005      -71.7409973       3.5175957091269083E-003
          10           8  -31.5650005      -71.7409973       3.5175957091269083E-003
          10           9  -31.5650005      -71.7409973       2.9465894913300872E-003
          10          10  -31.5650005      -71.7409973       2.1639339975081384E-003
          10          11  -31.5650005      -71.7409973       9.1556325787678361E-004
          11           1  -31.5470009      -71.7409973       1.6046718083089218E-003
          11           2  -31.5470009      -71.7409973       1.7589759881957434E-003
          11           3  -31.5470009      -71.7409973       9.5784684526734054E-004
          11           4  -31.5470009      -71.7409973       1.0188640487740486E-003
          11           5  -31.5470009      -71.7409973       1.2189540939289145E-003
          11           6  -31.5470009      -71.7409973       1.4035454514669254E-003
          11           7  -31.5470009      -71.7409973       2.1337738144211471E-003
          11           8  -31.5470009      -71.7409973       2.1337738144211471E-003
          11           9  -31.5470009      -71.7409973       1.9201070172130130E-003
          11          10  -31.5470009      -71.7409973       1.5891190851107240E-003
          11          11  -31.5470009      -71.7409973       8.9469827071297914E-004
