           1           1  -31.7269993      -71.7409973       7.3622861236799508E-004
           1           2  -31.7269993      -71.7409973       4.3545704465941526E-004
           1           3  -31.7269993      -71.7409973       3.9048980168843173E-004
           1           4  -31.7269993      -71.7409973       2.7339930373670995E-004
           1           5  -31.7269993      -71.7409973       0.0000000000000000     
           1           6  -31.7269993      -71.7409973       0.0000000000000000     
           1           7  -31.7269993      -71.7409973       4.9387985200155526E-004
           1           8  -31.7269993      -71.7409973       5.1341023117856821E-004
           1           9  -31.7269993      -71.7409973       4.0174778496293584E-004
           1          10  -31.7269993      -71.7409973       4.0174778496293584E-004
           1          11  -31.7269993      -71.7409973       2.8434588966774754E-004
           2           1  -31.7089996      -71.7409973       7.8419643250526860E-004
           2           2  -31.7089996      -71.7409973       7.8055817721178755E-004
           2           3  -31.7089996      -71.7409973       5.9688351757358760E-004
           2           4  -31.7089996      -71.7409973       1.8260895012645051E-004
           2           5  -31.7089996      -71.7409973       1.2369147952995263E-005
           2           6  -31.7089996      -71.7409973       0.0000000000000000     
           2           7  -31.7089996      -71.7409973       4.2705572650447721E-004
           2           8  -31.7089996      -71.7409973       5.9507943842618261E-004
           2           9  -31.7089996      -71.7409973       4.9509217751619872E-004
           2          10  -31.7089996      -71.7409973       7.3915814573410898E-004
           2          11  -31.7089996      -71.7409973       6.5040572008001618E-004
           3           1  -31.6910000      -71.7409973       1.1716282388078980E-003
           3           2  -31.6910000      -71.7409973       1.0318592612748034E-003
           3           3  -31.6910000      -71.7409973       1.1140497590531595E-003
           3           4  -31.6910000      -71.7409973       9.6547446446493268E-005
           3           5  -31.6910000      -71.7409973       9.6547446446493268E-005
           3           6  -31.6910000      -71.7409973       9.3463458370024455E-005
           3           7  -31.6910000      -71.7409973       4.3806517896882724E-004
           3           8  -31.6910000      -71.7409973       9.6225147353834473E-004
           3           9  -31.6910000      -71.7409973       9.6225147353834473E-004
           3          10  -31.6910000      -71.7409973       9.6225147353834473E-004
           3          11  -31.6910000      -71.7409973       9.1802762472070754E-004
           4           1  -31.6730003      -71.7409973       1.3814111662213691E-003
           4           2  -31.6730003      -71.7409973       1.4368245538207702E-003
           4           3  -31.6730003      -71.7409973       1.3720139468205161E-003
           4           4  -31.6730003      -71.7409973       2.4493312957929447E-004
           4           5  -31.6730003      -71.7409973       2.5810656438807200E-004
           4           6  -31.6730003      -71.7409973       2.6128258832613938E-004
           4           7  -31.6730003      -71.7409973       4.1509212042001309E-004
           4           8  -31.6730003      -71.7409973       1.1829417198896408E-003
           4           9  -31.6730003      -71.7409973       1.2740934107569046E-003
           4          10  -31.6730003      -71.7409973       1.1672412092593731E-003
           4          11  -31.6730003      -71.7409973       1.2314729701756733E-003
           5           1  -31.6550007      -71.7409973       1.6949177661444992E-003
           5           2  -31.6550007      -71.7409973       1.4892638282617554E-003
           5           3  -31.6550007      -71.7409973       1.5016206962172873E-003
           5           4  -31.6550007      -71.7409973       3.6897282006975729E-004
           5           5  -31.6550007      -71.7409973       4.1483479253656697E-004
           5           6  -31.6550007      -71.7409973       4.1177619095833506E-004
           5           7  -31.6550007      -71.7409973       5.0743746760417707E-004
           5           8  -31.6550007      -71.7409973       1.3596442440757528E-003
           5           9  -31.6550007      -71.7409973       1.3304002204677090E-003
           5          10  -31.6550007      -71.7409973       1.4254882698878646E-003
           5          11  -31.6550007      -71.7409973       1.2908225908176973E-003
           6           1  -31.6369991      -71.7409973       1.5971997636370361E-003
           6           2  -31.6369991      -71.7409973       1.5694855828769505E-003
           6           3  -31.6369991      -71.7409973       1.4823431265540421E-003
           6           4  -31.6369991      -71.7409973       4.2242915174028894E-004
           6           5  -31.6369991      -71.7409973       4.2242041763529414E-004
           6           6  -31.6369991      -71.7409973       4.2074170505657094E-004
           6           7  -31.6369991      -71.7409973       6.0551736532943323E-004
           6           8  -31.6369991      -71.7409973       1.4190849615260959E-003
           6           9  -31.6369991      -71.7409973       1.3943765516160056E-003
           6          10  -31.6369991      -71.7409973       1.4170890499372035E-003
           6          11  -31.6369991      -71.7409973       1.3728092308156192E-003
           7           1  -31.6189995      -71.7409973       1.4174042880767956E-003
           7           2  -31.6189995      -71.7409973       1.3815018901368603E-003
           7           3  -31.6189995      -71.7409973       8.3121594070689753E-004
           7           4  -31.6189995      -71.7409973       3.5431458309176378E-004
           7           5  -31.6189995      -71.7409973       3.7818518831045367E-004
           7           6  -31.6189995      -71.7409973       4.1739691005204804E-004
           7           7  -31.6189995      -71.7409973       8.6359274428104982E-004
           7           8  -31.6189995      -71.7409973       1.3109162973705679E-003
           7           9  -31.6189995      -71.7409973       1.1952459099120460E-003
           7          10  -31.6189995      -71.7409973       1.3109162973705679E-003
           7          11  -31.6189995      -71.7409973       1.2093058612663299E-003
           8           1  -31.6009998      -71.7409973       1.2332132973824628E-003
           8           2  -31.6009998      -71.7409973       1.0824859709828161E-003
           8           3  -31.6009998      -71.7409973       2.6593017537379637E-004
           8           4  -31.6009998      -71.7409973       3.2881519666716486E-004
           8           5  -31.6009998      -71.7409973       2.3584886275784811E-004
           8           6  -31.6009998      -71.7409973       1.4863115524121895E-004
           8           7  -31.6009998      -71.7409973       8.8127781418734230E-004
           8           8  -31.6009998      -71.7409973       1.0606324103719089E-003
           8           9  -31.6009998      -71.7409973       1.1473935446701944E-003
           8          10  -31.6009998      -71.7409973       9.9432720890035853E-004
           8          11  -31.6009998      -71.7409973       7.4147435225313529E-004
           9           1  -31.5830002      -71.7409973       1.1739971523638815E-003
           9           2  -31.5830002      -71.7409973       1.0706909015425481E-003
           9           3  -31.5830002      -71.7409973       7.5802257924806327E-005
           9           4  -31.5830002      -71.7409973       9.6929697065206710E-005
           9           5  -31.5830002      -71.7409973       9.0544403064996004E-005
           9           6  -31.5830002      -71.7409973       2.4810180184431374E-004
           9           7  -31.5830002      -71.7409973       7.2222325979964808E-004
           9           8  -31.5830002      -71.7409973       7.0482759838341735E-004
           9           9  -31.5830002      -71.7409973       7.0482759838341735E-004
           9          10  -31.5830002      -71.7409973       7.0482759838341735E-004
           9          11  -31.5830002      -71.7409973       5.2149817383906338E-004
          10           1  -31.5650005      -71.7409973       1.2373242980174837E-003
          10           2  -31.5650005      -71.7409973       6.4857159031816991E-004
          10           3  -31.5650005      -71.7409973       0.0000000000000000     
          10           4  -31.5650005      -71.7409973       1.3882843086321373E-004
          10           5  -31.5650005      -71.7409973       3.0400917239603586E-005
          10           6  -31.5650005      -71.7409973       3.7422198874992318E-004
          10           7  -31.5650005      -71.7409973       6.1558369270642288E-004
          10           8  -31.5650005      -71.7409973       6.1558369270642288E-004
          10           9  -31.5650005      -71.7409973       6.2831802136997794E-004
          10          10  -31.5650005      -71.7409973       5.4119950800668448E-004
          10          11  -31.5650005      -71.7409973       0.0000000000000000     
          11           1  -31.5470009      -71.7409973       8.4612843420472927E-004
          11           2  -31.5470009      -71.7409973       2.6482378234504722E-004
          11           3  -31.5470009      -71.7409973       4.2217394366161898E-005
          11           4  -31.5470009      -71.7409973       9.7214820925728418E-005
          11           5  -31.5470009      -71.7409973       9.1164711193414405E-005
          11           6  -31.5470009      -71.7409973       5.6708028751017991E-004
          11           7  -31.5470009      -71.7409973       5.4665087554894853E-004
          11           8  -31.5470009      -71.7409973       5.4665087554894853E-004
          11           9  -31.5470009      -71.7409973       5.7513271349307615E-004
          11          10  -31.5470009      -71.7409973       1.5190564158729103E-004
          11          11  -31.5470009      -71.7409973       0.0000000000000000     
