           1           1  -31.7269993      -71.7409973       0.0000000000000000     
           1           2  -31.7269993      -71.7409973       0.0000000000000000     
           1           3  -31.7269993      -71.7409973       8.8804501865524799E-004
           1           4  -31.7269993      -71.7409973       1.5606582819600590E-003
           1           5  -31.7269993      -71.7409973       1.2632053731067572E-003
           1           6  -31.7269993      -71.7409973       1.0490075874258764E-003
           1           7  -31.7269993      -71.7409973       1.0930543830909301E-003
           1           8  -31.7269993      -71.7409973       3.5401642526267096E-004
           1           9  -31.7269993      -71.7409973       6.0429297809605487E-004
           1          10  -31.7269993      -71.7409973       1.4354383165482432E-003
           1          11  -31.7269993      -71.7409973       1.4509569518850185E-003
           2           1  -31.7089996      -71.7409973       0.0000000000000000     
           2           2  -31.7089996      -71.7409973       0.0000000000000000     
           2           3  -31.7089996      -71.7409973       1.0729897476267070E-003
           2           4  -31.7089996      -71.7409973       1.6662604321027175E-003
           2           5  -31.7089996      -71.7409973       1.6676580344210379E-003
           2           6  -31.7089996      -71.7409973       1.7258717580261873E-003
           2           7  -31.7089996      -71.7409973       1.6676887389621697E-003
           2           8  -31.7089996      -71.7409973       8.0355710088042542E-004
           2           9  -31.7089996      -71.7409973       9.9993110416107811E-004
           2          10  -31.7089996      -71.7409973       1.4338522032630863E-003
           2          11  -31.7089996      -71.7409973       1.5765435746288858E-003
           3           1  -31.6910000      -71.7409973       1.5322785839089192E-004
           3           2  -31.6910000      -71.7409973       1.4929012104403228E-004
           3           3  -31.6910000      -71.7409973       7.9530975926900283E-004
           3           4  -31.6910000      -71.7409973       2.3807044199202210E-003
           3           5  -31.6910000      -71.7409973       2.3807044199202210E-003
           3           6  -31.6910000      -71.7409973       2.3834248422645032E-003
           3           7  -31.6910000      -71.7409973       2.7908851297979709E-003
           3           8  -31.6910000      -71.7409973       9.1241453628754243E-004
           3           9  -31.6910000      -71.7409973       1.6221387122641318E-003
           3          10  -31.6910000      -71.7409973       1.6595728375250474E-003
           3          11  -31.6910000      -71.7409973       1.5687983323005028E-003
           4           1  -31.6730003      -71.7409973       4.5036542974230542E-004
           4           2  -31.6730003      -71.7409973       5.1866022977264947E-004
           4           3  -31.6730003      -71.7409973       1.0347334718971979E-003
           4           4  -31.6730003      -71.7409973       3.2416784379165620E-003
           4           5  -31.6730003      -71.7409973       3.2425726494693663E-003
           4           6  -31.6730003      -71.7409973       3.2140716175490525E-003
           4           7  -31.6730003      -71.7409973       3.2425726494693663E-003
           4           8  -31.6730003      -71.7409973       8.8645645155338570E-004
           4           9  -31.6730003      -71.7409973       1.9981735385954380E-003
           4          10  -31.6730003      -71.7409973       1.8868834013119340E-003
           4          11  -31.6730003      -71.7409973       1.9350455841049552E-003
           5           1  -31.6550007      -71.7409973       7.0921700898907147E-004
           5           2  -31.6550007      -71.7409973       6.0168993877596222E-004
           5           3  -31.6550007      -71.7409973       1.1462014117569197E-003
           5           4  -31.6550007      -71.7409973       3.5729866358451545E-003
           5           5  -31.6550007      -71.7409973       3.8316477439366281E-003
           5           6  -31.6550007      -71.7409973       3.8149949978105724E-003
           5           7  -31.6550007      -71.7409973       3.8316477439366281E-003
           5           8  -31.6550007      -71.7409973       1.2277236892259680E-003
           5           9  -31.6550007      -71.7409973       2.1724204125348479E-003
           5          10  -31.6550007      -71.7409973       2.2949717822484672E-003
           5          11  -31.6550007      -71.7409973       2.1877351100556552E-003
           6           1  -31.6369991      -71.7409973       7.3252087436515012E-004
           6           2  -31.6369991      -71.7409973       7.0155885191525158E-004
           6           3  -31.6369991      -71.7409973       1.2737737852148712E-003
           6           4  -31.6369991      -71.7409973       3.7453122204169631E-003
           6           5  -31.6369991      -71.7409973       3.7418606225401163E-003
           6           6  -31.6369991      -71.7409973       3.7372346851043403E-003
           6           7  -31.6369991      -71.7409973       3.7418606225401163E-003
           6           8  -31.6369991      -71.7409973       1.4592648967663990E-003
           6           9  -31.6369991      -71.7409973       2.4235342280007899E-003
           6          10  -31.6369991      -71.7409973       2.4983602343127131E-003
           6          11  -31.6369991      -71.7409973       2.4662234354764223E-003
           7           1  -31.6189995      -71.7409973       6.4287762870662846E-004
           7           2  -31.6189995      -71.7409973       6.0213715914869681E-004
           7           3  -31.6189995      -71.7409973       2.1936748089501634E-003
           7           4  -31.6189995      -71.7409973       3.4871661628130823E-003
           7           5  -31.6189995      -71.7409973       3.5752307449001819E-003
           7           6  -31.6189995      -71.7409973       3.6956343392375857E-003
           7           7  -31.6189995      -71.7409973       3.1854349363129586E-003
           7           8  -31.6189995      -71.7409973       1.5294302320398856E-003
           7           9  -31.6189995      -71.7409973       2.4698542838450521E-003
           7          10  -31.6189995      -71.7409973       2.5836823042482138E-003
           7          11  -31.6189995      -71.7409973       2.5418450532015413E-003
           8           1  -31.6009998      -71.7409973       3.8569343996641692E-004
           8           2  -31.6009998      -71.7409973       3.5590310744737508E-004
           8           3  -31.6009998      -71.7409973       2.4473435532854637E-003
           8           4  -31.6009998      -71.7409973       3.3138196740765125E-003
           8           5  -31.6009998      -71.7409973       2.9950206953799352E-003
           8           6  -31.6009998      -71.7409973       2.6526688889134675E-003
           8           7  -31.6009998      -71.7409973       2.3409067143802531E-003
           8           8  -31.6009998      -71.7409973       1.6397346680605551E-003
           8           9  -31.6009998      -71.7409973       2.4699107852939051E-003
           8          10  -31.6009998      -71.7409973       2.3385564581985818E-003
           8          11  -31.6009998      -71.7409973       2.2922880616533803E-003
           9           1  -31.5830002      -71.7409973       3.7054542190162465E-006
           9           2  -31.5830002      -71.7409973       3.9288988045882434E-004
           9           3  -31.5830002      -71.7409973       2.0866816703346558E-003
           9           4  -31.5830002      -71.7409973       2.3705372332187835E-003
           9           5  -31.5830002      -71.7409973       2.2305195343506057E-003
           9           6  -31.5830002      -71.7409973       2.0220511214574799E-003
           9           7  -31.5830002      -71.7409973       1.3449665275402367E-003
           9           8  -31.5830002      -71.7409973       1.8003862569457851E-003
           9           9  -31.5830002      -71.7409973       2.1033645243733190E-003
           9          10  -31.5830002      -71.7409973       2.1033645243733190E-003
           9          11  -31.5830002      -71.7409973       2.1332844917196780E-003
          10           1  -31.5650005      -71.7409973       0.0000000000000000     
          10           2  -31.5650005      -71.7409973       1.1231327807763591E-003
          10           3  -31.5650005      -71.7409973       1.5837856126381666E-003
          10           4  -31.5650005      -71.7409973       1.8759997547022067E-003
          10           5  -31.5650005      -71.7409973       1.7154246743302792E-003
          10           6  -31.5650005      -71.7409973       1.5696487971581519E-003
          10           7  -31.5650005      -71.7409973       2.4031270731939003E-004
          10           8  -31.5650005      -71.7409973       1.6120086220325902E-003
          10           9  -31.5650005      -71.7409973       1.5294946788344532E-003
          10          10  -31.5650005      -71.7409973       1.7423909230274148E-003
          10          11  -31.5650005      -71.7409973       1.4876844725222327E-003
          11           1  -31.5470009      -71.7409973       4.5638656592927873E-004
          11           2  -31.5470009      -71.7409973       1.4604959142161533E-003
          11           3  -31.5470009      -71.7409973       1.4618700224673375E-003
          11           4  -31.5470009      -71.7409973       1.5031272496344172E-003
          11           5  -31.5470009      -71.7409973       1.5370047985925339E-003
          11           6  -31.5470009      -71.7409973       7.5304633355699480E-004
          11           7  -31.5470009      -71.7409973       0.0000000000000000     
          11           8  -31.5470009      -71.7409973       1.0983318352373317E-003
          11           9  -31.5470009      -71.7409973       1.0119616345036775E-003
          11          10  -31.5470009      -71.7409973       1.0119616345036775E-003
          11          11  -31.5470009      -71.7409973       9.9116945784771815E-004
