           1           1  -31.7269993      -71.7409973       1.1681393651088001E-002
           1           2  -31.7269993      -71.7409973       1.0384432374848984E-002
           1           3  -31.7269993      -71.7409973       1.8715586484177038E-003
           1           4  -31.7269993      -71.7409973       1.5283429092960432E-003
           1           5  -31.7269993      -71.7409973       3.6410361644811928E-003
           1           6  -31.7269993      -71.7409973       4.5436323707690462E-003
           1           7  -31.7269993      -71.7409973       4.4263513846090063E-003
           1           8  -31.7269993      -71.7409973       4.4263513846090063E-003
           1           9  -31.7269993      -71.7409973       3.2863557244127151E-003
           1          10  -31.7269993      -71.7409973       0.0000000000000000     
           1          11  -31.7269993      -71.7409973       1.3097794726490974E-004
           2           1  -31.7089996      -71.7409973       1.4078014995902777E-002
           2           2  -31.7089996      -71.7409973       9.0082567039644346E-003
           2           3  -31.7089996      -71.7409973       3.3885130505950656E-004
           2           4  -31.7089996      -71.7409973       1.9224625320930500E-003
           2           5  -31.7089996      -71.7409973       2.9658181883860379E-003
           2           6  -31.7089996      -71.7409973       4.2781350493896753E-003
           2           7  -31.7089996      -71.7409973       4.3428247736301273E-003
           2           8  -31.7089996      -71.7409973       4.3428247736301273E-003
           2           9  -31.7089996      -71.7409973       4.2495807101659011E-003
           2          10  -31.7089996      -71.7409973       5.3304959146771580E-004
           2          11  -31.7089996      -71.7409973       3.7106211239006370E-003
           3           1  -31.6910000      -71.7409973       1.6299053560942411E-002
           3           2  -31.6910000      -71.7409973       8.4933589314459823E-003
           3           3  -31.6910000      -71.7409973       0.0000000000000000     
           3           4  -31.6910000      -71.7409973       2.7820409377454780E-003
           3           5  -31.6910000      -71.7409973       3.0130565282888710E-003
           3           6  -31.6910000      -71.7409973       3.2492357131559402E-003
           3           7  -31.6910000      -71.7409973       3.3640791225479916E-003
           3           8  -31.6910000      -71.7409973       3.1799082353245467E-003
           3           9  -31.6910000      -71.7409973       3.1799082353245467E-003
           3          10  -31.6910000      -71.7409973       2.5509570041322149E-003
           3          11  -31.6910000      -71.7409973       8.6940129986032844E-003
           4           1  -31.6730003      -71.7409973       1.7046167980879545E-002
           4           2  -31.6730003      -71.7409973       6.9653273385483772E-003
           4           3  -31.6730003      -71.7409973       0.0000000000000000     
           4           4  -31.6730003      -71.7409973       3.9215960568981245E-003
           4           5  -31.6730003      -71.7409973       4.1753863624762744E-003
           4           6  -31.6730003      -71.7409973       4.1807137677096762E-003
           4           7  -31.6730003      -71.7409973       6.0423831600928679E-003
           4           8  -31.6730003      -71.7409973       6.0423831600928679E-003
           4           9  -31.6730003      -71.7409973       7.0900447080930462E-003
           4          10  -31.6730003      -71.7409973       5.0979374700546032E-003
           4          11  -31.6730003      -71.7409973       1.2560505012515932E-002
           5           1  -31.6550007      -71.7409973       1.6934814877458848E-002
           5           2  -31.6550007      -71.7409973       8.9664554980117828E-003
           5           3  -31.6550007      -71.7409973       0.0000000000000000     
           5           4  -31.6550007      -71.7409973       4.3410257203504443E-003
           5           5  -31.6550007      -71.7409973       4.9348030006513000E-003
           5           6  -31.6550007      -71.7409973       4.9294119235128164E-003
           5           7  -31.6550007      -71.7409973       8.8477234530728310E-003
           5           8  -31.6550007      -71.7409973       8.5725945828016847E-003
           5           9  -31.6550007      -71.7409973       8.1747977237682790E-003
           5          10  -31.6550007      -71.7409973       8.8477234530728310E-003
           5          11  -31.6550007      -71.7409973       1.4670786185888574E-002
           6           1  -31.6369991      -71.7409973       1.7409790249075741E-002
           6           2  -31.6369991      -71.7409973       9.5164719386957586E-003
           6           3  -31.6369991      -71.7409973       0.0000000000000000     
           6           4  -31.6369991      -71.7409973       4.3650887673720717E-003
           6           5  -31.6369991      -71.7409973       4.3982333736494184E-003
           6           6  -31.6369991      -71.7409973       4.3953098938800395E-003
           6           7  -31.6369991      -71.7409973       9.5910588279366493E-003
           6           8  -31.6369991      -71.7409973       9.5990716363303363E-003
           6           9  -31.6369991      -71.7409973       9.4837212527636439E-003
           6          10  -31.6369991      -71.7409973       9.5824310556054115E-003
           6          11  -31.6369991      -71.7409973       1.5307151857996359E-002
           7           1  -31.6189995      -71.7409973       1.6238104668445885E-002
           7           2  -31.6189995      -71.7409973       1.0855661792447791E-002
           7           3  -31.6189995      -71.7409973       8.1470229451952036E-004
           7           4  -31.6189995      -71.7409973       3.5773319541476667E-003
           7           5  -31.6189995      -71.7409973       3.7594879395328462E-003
           7           6  -31.6189995      -71.7409973       3.9163901237770915E-003
           7           7  -31.6189995      -71.7409973       8.6035356798674911E-003
           7           8  -31.6189995      -71.7409973       8.6035356798674911E-003
           7           9  -31.6189995      -71.7409973       7.5418690976221114E-003
           7          10  -31.6189995      -71.7409973       8.6035356798674911E-003
           7          11  -31.6189995      -71.7409973       1.5321313090680633E-002
           8           1  -31.6009998      -71.7409973       1.4081174565944821E-002
           8           2  -31.6009998      -71.7409973       1.0923323483439162E-002
           8           3  -31.6009998      -71.7409973       1.8755332039290806E-003
           8           4  -31.6009998      -71.7409973       3.1188081920845434E-003
           8           5  -31.6009998      -71.7409973       2.6504431953071617E-003
           8           6  -31.6009998      -71.7409973       3.2082229990919586E-003
           8           7  -31.6009998      -71.7409973       6.2357758288271725E-003
           8           8  -31.6009998      -71.7409973       6.2357758288271725E-003
           8           9  -31.6009998      -71.7409973       6.9131671916693449E-003
           8          10  -31.6009998      -71.7409973       5.4323197982739657E-003
           8          11  -31.6009998      -71.7409973       1.6684253016137518E-002
           9           1  -31.5830002      -71.7409973       1.1993472842732444E-002
           9           2  -31.5830002      -71.7409973       9.2640730435959995E-003
           9           3  -31.5830002      -71.7409973       2.6537531812209636E-003
           9           4  -31.5830002      -71.7409973       2.1874754602322355E-003
           9           5  -31.5830002      -71.7409973       2.1752292814198881E-003
           9           6  -31.5830002      -71.7409973       2.7365307141735684E-003
           9           7  -31.5830002      -71.7409973       4.2027998160847346E-003
           9           8  -31.5830002      -71.7409973       3.7726098407802056E-003
           9           9  -31.5830002      -71.7409973       3.7726098407802056E-003
           9          10  -31.5830002      -71.7409973       1.6989026626106352E-003
           9          11  -31.5830002      -71.7409973       1.6909193596802652E-002
          10           1  -31.5650005      -71.7409973       7.4556917898007669E-003
          10           2  -31.5650005      -71.7409973       8.3169127465225756E-003
          10           3  -31.5650005      -71.7409973       4.2589800432324409E-003
          10           4  -31.5650005      -71.7409973       1.6729990220483160E-003
          10           5  -31.5650005      -71.7409973       1.1584061339817708E-003
          10           6  -31.5650005      -71.7409973       1.8572801554910257E-003
          10           7  -31.5650005      -71.7409973       2.4313982576131821E-003
          10           8  -31.5650005      -71.7409973       2.4313982576131821E-003
          10           9  -31.5650005      -71.7409973       2.8409378392098006E-003
          10          10  -31.5650005      -71.7409973       0.0000000000000000     
          10          11  -31.5650005      -71.7409973       1.9680982164572924E-002
          11           1  -31.5470009      -71.7409973       5.4416103084804490E-003
          11           2  -31.5470009      -71.7409973       5.8265525221941061E-003
          11           3  -31.5470009      -71.7409973       5.4770214628661051E-003
          11           4  -31.5470009      -71.7409973       8.3520654879976064E-004
          11           5  -31.5470009      -71.7409973       2.5327570037916303E-003
          11           6  -31.5470009      -71.7409973       2.9580468544736505E-003
          11           7  -31.5470009      -71.7409973       2.7545125340111554E-003
          11           8  -31.5470009      -71.7409973       2.7545125340111554E-003
          11           9  -31.5470009      -71.7409973       3.0091276858001947E-004
          11          10  -31.5470009      -71.7409973       1.5026942710392177E-003
          11          11  -31.5470009      -71.7409973       1.7417740236851387E-002
