           1           1  -31.7269993      -71.7409973       3.2433263550046831E-003
           1           2  -31.7269993      -71.7409973       0.0000000000000000     
           1           3  -31.7269993      -71.7409973       8.0386885674670339E-003
           1           4  -31.7269993      -71.7409973       9.7097259131260216E-003
           1           5  -31.7269993      -71.7409973       1.0208348394371569E-002
           1           6  -31.7269993      -71.7409973       1.0609735938487574E-002
           1           7  -31.7269993      -71.7409973       6.0241204337216914E-003
           1           8  -31.7269993      -71.7409973       0.0000000000000000     
           1           9  -31.7269993      -71.7409973       4.9640385041129775E-003
           1          10  -31.7269993      -71.7409973       4.9640385041129775E-003
           1          11  -31.7269993      -71.7409973       4.7651232453063130E-003
           2           1  -31.7089996      -71.7409973       0.0000000000000000     
           2           2  -31.7089996      -71.7409973       8.1222375156357884E-003
           2           3  -31.7089996      -71.7409973       1.7940321704372764E-002
           2           4  -31.7089996      -71.7409973       1.3180286507122219E-002
           2           5  -31.7089996      -71.7409973       1.3789944059681147E-002
           2           6  -31.7089996      -71.7409973       1.8525358522310853E-002
           2           7  -31.7089996      -71.7409973       2.1182025084272027E-003
           2           8  -31.7089996      -71.7409973       2.1182025084272027E-003
           2           9  -31.7089996      -71.7409973       1.9081015489064157E-003
           2          10  -31.7089996      -71.7409973       4.9681400123517960E-003
           2          11  -31.7089996      -71.7409973       8.8470024929847568E-003
           3           1  -31.6910000      -71.7409973       1.8241799552924931E-003
           3           2  -31.6910000      -71.7409973       1.9440475676674396E-002
           3           3  -31.6910000      -71.7409973       2.8977010049857199E-002
           3           4  -31.6910000      -71.7409973       2.6067050872370601E-002
           3           5  -31.6910000      -71.7409973       2.6067050872370601E-002
           3           6  -31.6910000      -71.7409973       2.3403823841363192E-002
           3           7  -31.6910000      -71.7409973       8.1138346577063203E-003
           3           8  -31.6910000      -71.7409973       8.0746657040435821E-003
           3           9  -31.6910000      -71.7409973       8.0746657040435821E-003
           3          10  -31.6910000      -71.7409973       1.1400788411265239E-002
           3          11  -31.6910000      -71.7409973       1.3149132195394486E-002
           4           1  -31.6730003      -71.7409973       3.2720089802751318E-003
           4           2  -31.6730003      -71.7409973       3.4977096715010703E-002
           4           3  -31.6730003      -71.7409973       3.8266846269834787E-002
           4           4  -31.6730003      -71.7409973       3.7039929185993969E-002
           4           5  -31.6730003      -71.7409973       3.7341700692195445E-002
           4           6  -31.6730003      -71.7409973       2.6725388364866376E-002
           4           7  -31.6730003      -71.7409973       1.1660659045446664E-002
           4           8  -31.6730003      -71.7409973       1.1660659045446664E-002
           4           9  -31.6730003      -71.7409973       1.2919180211611092E-002
           4          10  -31.6730003      -71.7409973       1.7163983313366771E-002
           4          11  -31.6730003      -71.7409973       2.0683681475929916E-002
           5           1  -31.6550007      -71.7409973       8.0207810970023274E-003
           5           2  -31.6550007      -71.7409973       3.9138291962444782E-002
           5           3  -31.6550007      -71.7409973       4.3726681265980005E-002
           5           4  -31.6550007      -71.7409973       4.2801535688340664E-002
           5           5  -31.6550007      -71.7409973       4.5460081193596125E-002
           5           6  -31.6550007      -71.7409973       2.4273107788758352E-002
           5           7  -31.6550007      -71.7409973       1.4956364058889449E-002
           5           8  -31.6550007      -71.7409973       1.4171504764817655E-002
           5           9  -31.6550007      -71.7409973       1.3720653136260808E-002
           5          10  -31.6550007      -71.7409973       2.3633053759112954E-002
           5          11  -31.6550007      -71.7409973       2.1667439024895430E-002
           6           1  -31.6369991      -71.7409973       1.2398030201438814E-002
           6           2  -31.6369991      -71.7409973       4.4006078969687223E-002
           6           3  -31.6369991      -71.7409973       4.4925770722329617E-002
           6           4  -31.6369991      -71.7409973       4.4959323015064001E-002
           6           5  -31.6369991      -71.7409973       4.5000492595136166E-002
           6           6  -31.6369991      -71.7409973       1.5518594649620354E-002
           6           7  -31.6369991      -71.7409973       1.4527118066325784E-002
           6           8  -31.6369991      -71.7409973       1.4459780184552073E-002
           6           9  -31.6369991      -71.7409973       1.4375208527781069E-002
           6          10  -31.6369991      -71.7409973       2.3679107893258333E-002
           6          11  -31.6369991      -71.7409973       2.3048141505569220E-002
           7           1  -31.6189995      -71.7409973       2.2977708373218775E-002
           7           2  -31.6189995      -71.7409973       4.0477177826687694E-002
           7           3  -31.6189995      -71.7409973       3.9372409461066127E-002
           7           4  -31.6189995      -71.7409973       4.0369761874899268E-002
           7           5  -31.6189995      -71.7409973       4.1932513471692801E-002
           7           6  -31.6189995      -71.7409973       1.2466897111153230E-002
           7           7  -31.6189995      -71.7409973       1.2521431839559227E-002
           7           8  -31.6189995      -71.7409973       1.2521431839559227E-002
           7           9  -31.6189995      -71.7409973       1.0643965273629874E-002
           7          10  -31.6189995      -71.7409973       2.0340598654001951E-002
           7          11  -31.6189995      -71.7409973       1.9798867870122194E-002
           8           1  -31.6009998      -71.7409973       2.4346584919840097E-002
           8           2  -31.6009998      -71.7409973       3.2048384338850155E-002
           8           3  -31.6009998      -71.7409973       3.1753496878081933E-002
           8           4  -31.6009998      -71.7409973       3.8135923328809440E-002
           8           5  -31.6009998      -71.7409973       3.2750849291915074E-002
           8           6  -31.6009998      -71.7409973       7.3196205776184797E-003
           8           7  -31.6009998      -71.7409973       8.6001442978158593E-003
           8           8  -31.6009998      -71.7409973       8.6001442978158593E-003
           8           9  -31.6009998      -71.7409973       9.5636572877992876E-003
           8          10  -31.6009998      -71.7409973       1.3212659454438835E-002
           8          11  -31.6009998      -71.7409973       1.1562706313270610E-002
           9           1  -31.5830002      -71.7409973       1.9642855040729046E-002
           9           2  -31.5830002      -71.7409973       2.4418990593403578E-002
           9           3  -31.5830002      -71.7409973       2.2685773612465709E-002
           9           4  -31.5830002      -71.7409973       2.4094758322462440E-002
           9           5  -31.5830002      -71.7409973       2.0338134898338467E-002
           9           6  -31.5830002      -71.7409973       5.7685817591845989E-003
           9           7  -31.5830002      -71.7409973       3.6771026207134128E-003
           9           8  -31.5830002      -71.7409973       3.8496193592436612E-003
           9           9  -31.5830002      -71.7409973       8.1837517791427672E-003
           9          10  -31.5830002      -71.7409973       8.7479094881928177E-003
           9          11  -31.5830002      -71.7409973       7.8731347248321981E-003
          10           1  -31.5650005      -71.7409973       1.0325469309464097E-002
          10           2  -31.5650005      -71.7409973       9.7836440545506775E-003
          10           3  -31.5650005      -71.7409973       1.0130992683116347E-002
          10           4  -31.5650005      -71.7409973       1.3953793095424771E-002
          10           5  -31.5650005      -71.7409973       9.2090149410068989E-003
          10           6  -31.5650005      -71.7409973       7.7965667005628347E-003
          10           7  -31.5650005      -71.7409973       0.0000000000000000     
          10           8  -31.5650005      -71.7409973       4.1954828193411231E-003
          10           9  -31.5650005      -71.7409973       9.0704721515066922E-003
          10          10  -31.5650005      -71.7409973       6.6667222417891026E-003
          10          11  -31.5650005      -71.7409973       7.0477297995239496E-003
          11           1  -31.5470009      -71.7409973       7.9976856068242341E-003
          11           2  -31.5470009      -71.7409973       1.0495676600839943E-002
          11           3  -31.5470009      -71.7409973       9.0926191478502005E-003
          11           4  -31.5470009      -71.7409973       9.1948875924572349E-003
          11           5  -31.5470009      -71.7409973       4.4461154029704630E-003
          11           6  -31.5470009      -71.7409973       4.9811392091214657E-003
          11           7  -31.5470009      -71.7409973       0.0000000000000000     
          11           8  -31.5470009      -71.7409973       8.8328900164924562E-003
          11           9  -31.5470009      -71.7409973       1.0670557792764157E-002
          11          10  -31.5470009      -71.7409973       1.0670557792764157E-002
          11          11  -31.5470009      -71.7409973       1.2015468848403543E-002
