           1           1  -31.7269993      -71.7409973       7.4638838850660250E-004
           1           2  -31.7269993      -71.7409973       1.2371532939141616E-003
           1           3  -31.7269993      -71.7409973       2.9478339638444595E-003
           1           4  -31.7269993      -71.7409973       2.7696021425072104E-003
           1           5  -31.7269993      -71.7409973       2.7608363234321587E-003
           1           6  -31.7269993      -71.7409973       2.9478339638444595E-003
           1           7  -31.7269993      -71.7409973       7.7801254883524962E-004
           1           8  -31.7269993      -71.7409973       0.0000000000000000     
           1           9  -31.7269993      -71.7409973       1.0967433918267488E-003
           1          10  -31.7269993      -71.7409973       1.0967433918267488E-003
           1          11  -31.7269993      -71.7409973       1.2511763743532356E-003
           2           1  -31.7089996      -71.7409973       1.2696668272837996E-003
           2           2  -31.7089996      -71.7409973       2.4992205508169718E-003
           2           3  -31.7089996      -71.7409973       2.5822533134487458E-003
           2           4  -31.7089996      -71.7409973       2.2015375798218884E-003
           2           5  -31.7089996      -71.7409973       2.6245010449201800E-003
           2           6  -31.7089996      -71.7409973       2.6027554486063309E-003
           2           7  -31.7089996      -71.7409973       9.5241685266955756E-004
           2           8  -31.7089996      -71.7409973       4.0895745178204379E-004
           2           9  -31.7089996      -71.7409973       9.4983802409842610E-004
           2          10  -31.7089996      -71.7409973       7.0351174508687109E-004
           2          11  -31.7089996      -71.7409973       1.8554084381321445E-003
           3           1  -31.6910000      -71.7409973       2.5560071953805164E-003
           3           2  -31.6910000      -71.7409973       2.8036473668180406E-003
           3           3  -31.6910000      -71.7409973       3.1749403860885650E-003
           3           4  -31.6910000      -71.7409973       2.7898546832147986E-003
           3           5  -31.6910000      -71.7409973       2.7190980472369120E-003
           3           6  -31.6910000      -71.7409973       1.9659350655274466E-003
           3           7  -31.6910000      -71.7409973       1.3053982958126653E-003
           3           8  -31.6910000      -71.7409973       1.0075542286358541E-003
           3           9  -31.6910000      -71.7409973       1.0075542286358541E-003
           3          10  -31.6910000      -71.7409973       1.0075542286358541E-003
           3          11  -31.6910000      -71.7409973       1.9273858924861997E-003
           4           1  -31.6730003      -71.7409973       3.3762012608349323E-003
           4           2  -31.6730003      -71.7409973       3.4372920927125961E-003
           4           3  -31.6730003      -71.7409973       3.4788987541105598E-003
           4           4  -31.6730003      -71.7409973       3.5840177151840180E-003
           4           5  -31.6730003      -71.7409973       3.2793772988952696E-003
           4           6  -31.6730003      -71.7409973       1.6015962028177455E-003
           4           7  -31.6730003      -71.7409973       1.0302768569090404E-003
           4           8  -31.6730003      -71.7409973       1.7117971638072049E-003
           4           9  -31.6730003      -71.7409973       2.0898502552881837E-003
           4          10  -31.6730003      -71.7409973       1.7658598226262257E-003
           4          11  -31.6730003      -71.7409973       2.2949190170038491E-003
           5           1  -31.6550007      -71.7409973       4.0514574502594769E-003
           5           2  -31.6550007      -71.7409973       4.1104999254457653E-003
           5           3  -31.6550007      -71.7409973       4.0773341897875071E-003
           5           4  -31.6550007      -71.7409973       4.1088551515713334E-003
           5           5  -31.6550007      -71.7409973       3.8122393889352679E-003
           5           6  -31.6550007      -71.7409973       9.8643952617294417E-004
           5           7  -31.6550007      -71.7409973       2.5142532394966111E-003
           5           8  -31.6550007      -71.7409973       2.5575835607014596E-003
           5           9  -31.6550007      -71.7409973       2.4385224096477032E-003
           5          10  -31.6550007      -71.7409973       2.7318699867464602E-003
           5          11  -31.6550007      -71.7409973       2.3788027174305171E-003
           6           1  -31.6369991      -71.7409973       4.4785140780732036E-003
           6           2  -31.6369991      -71.7409973       4.5465198927558959E-003
           6           3  -31.6369991      -71.7409973       4.5316974283196032E-003
           6           4  -31.6369991      -71.7409973       4.6602537331636995E-003
           6           5  -31.6369991      -71.7409973       4.2744198581203818E-003
           6           6  -31.6369991      -71.7409973       5.3267792827682570E-004
           6           7  -31.6369991      -71.7409973       2.7524368779268116E-003
           6           8  -31.6369991      -71.7409973       2.8622672543860972E-003
           6           9  -31.6369991      -71.7409973       2.7447246829979122E-003
           6          10  -31.6369991      -71.7409973       2.8478963940870017E-003
           6          11  -31.6369991      -71.7409973       2.3795745510142297E-003
           7           1  -31.6189995      -71.7409973       4.7714683460071683E-003
           7           2  -31.6189995      -71.7409973       4.7733192332088947E-003
           7           3  -31.6189995      -71.7409973       4.8052378842839971E-003
           7           4  -31.6189995      -71.7409973       4.8210096574621275E-003
           7           5  -31.6189995      -71.7409973       4.2682439088821411E-003
           7           6  -31.6189995      -71.7409973       0.0000000000000000     
           7           7  -31.6189995      -71.7409973       2.5455028080614284E-003
           7           8  -31.6189995      -71.7409973       2.5455028080614284E-003
           7           9  -31.6189995      -71.7409973       2.0307740560383536E-003
           7          10  -31.6189995      -71.7409973       2.5455028080614284E-003
           7          11  -31.6189995      -71.7409973       2.2510985145345330E-003
           8           1  -31.6009998      -71.7409973       4.6073479607002810E-003
           8           2  -31.6009998      -71.7409973       4.6391023552132538E-003
           8           3  -31.6009998      -71.7409973       4.5835348191758385E-003
           8           4  -31.6009998      -71.7409973       4.8022216215031222E-003
           8           5  -31.6009998      -71.7409973       3.7615478649968281E-003
           8           6  -31.6009998      -71.7409973       4.4232682921574451E-004
           8           7  -31.6009998      -71.7409973       1.8441505235387012E-003
           8           8  -31.6009998      -71.7409973       1.8441505235387012E-003
           8           9  -31.6009998      -71.7409973       1.9229527970310301E-003
           8          10  -31.6009998      -71.7409973       1.5499777480272314E-003
           8          11  -31.6009998      -71.7409973       2.0359462068881840E-003
           9           1  -31.5830002      -71.7409973       4.0264118142658845E-003
           9           2  -31.5830002      -71.7409973       4.2817552748601884E-003
           9           3  -31.5830002      -71.7409973       4.0264118142658845E-003
           9           4  -31.5830002      -71.7409973       4.1141089313896373E-003
           9           5  -31.5830002      -71.7409973       2.9102126027282793E-003
           9           6  -31.5830002      -71.7409973       1.2025363685097545E-003
           9           7  -31.5830002      -71.7409973       9.5303349735331722E-004
           9           8  -31.5830002      -71.7409973       1.2441835860954598E-003
           9           9  -31.5830002      -71.7409973       1.2441835860954598E-003
           9          10  -31.5830002      -71.7409973       1.4741358208993915E-003
           9          11  -31.5830002      -71.7409973       1.9489246769808233E-003
          10           1  -31.5650005      -71.7409973       3.3932383230421692E-003
          10           2  -31.5650005      -71.7409973       3.1018928712001070E-003
          10           3  -31.5650005      -71.7409973       3.0972095264587551E-003
          10           4  -31.5650005      -71.7409973       3.4796986437868327E-003
          10           5  -31.5650005      -71.7409973       2.1370685499277897E-003
          10           6  -31.5650005      -71.7409973       1.2971917167305946E-003
          10           7  -31.5650005      -71.7409973       2.7934888203162700E-004
          10           8  -31.5650005      -71.7409973       1.2749381130561233E-003
          10           9  -31.5650005      -71.7409973       9.4840460224077106E-004
          10          10  -31.5650005      -71.7409973       1.2384784022287931E-003
          10          11  -31.5650005      -71.7409973       1.4006526980665512E-003
          11           1  -31.5470009      -71.7409973       2.2301321441773325E-003
          11           2  -31.5470009      -71.7409973       2.1320478226698469E-003
          11           3  -31.5470009      -71.7409973       2.2342813826981001E-003
          11           4  -31.5470009      -71.7409973       2.6052262983284891E-003
          11           5  -31.5470009      -71.7409973       2.1467495971592143E-003
          11           6  -31.5470009      -71.7409973       1.2756265241478104E-003
          11           7  -31.5470009      -71.7409973       0.0000000000000000     
          11           8  -31.5470009      -71.7409973       1.4313800870695559E-003
          11           9  -31.5470009      -71.7409973       1.7195498949149624E-003
          11          10  -31.5470009      -71.7409973       1.7195498949149624E-003
          11          11  -31.5470009      -71.7409973       1.8215613818028942E-003
