           1           1  -31.7269993      -71.7409973       0.0000000000000000     
           1           2  -31.7269993      -71.7409973       4.7651232453063130E-003
           1           3  -31.7269993      -71.7409973       4.9640385041129775E-003
           1           4  -31.7269993      -71.7409973       5.5073054036256508E-003
           1           5  -31.7269993      -71.7409973       5.3218422181089409E-003
           1           6  -31.7269993      -71.7409973       5.3980511438567191E-003
           1           7  -31.7269993      -71.7409973       5.4600046714767814E-003
           1           8  -31.7269993      -71.7409973       5.4600046714767814E-003
           1           9  -31.7269993      -71.7409973       6.1918305436847731E-004
           1          10  -31.7269993      -71.7409973       5.8936958666890860E-003
           1          11  -31.7269993      -71.7409973       5.1744760130532086E-003
           2           1  -31.7089996      -71.7409973       2.1182025084272027E-003
           2           2  -31.7089996      -71.7409973       3.0762513633817434E-003
           2           3  -31.7089996      -71.7409973       2.5342851877212524E-003
           2           4  -31.7089996      -71.7409973       4.0238106157630682E-003
           2           5  -31.7089996      -71.7409973       6.2713400693610311E-003
           2           6  -31.7089996      -71.7409973       7.8907725328463130E-003
           2           7  -31.7089996      -71.7409973       5.8660910508478992E-003
           2           8  -31.7089996      -71.7409973       4.0838894201442599E-003
           2           9  -31.7089996      -71.7409973       2.0270693930797279E-003
           2          10  -31.7089996      -71.7409973       2.4779409868642688E-003
           2          11  -31.7089996      -71.7409973       2.2431230754591525E-003
           3           1  -31.6910000      -71.7409973       8.1138346577063203E-003
           3           2  -31.6910000      -71.7409973       7.8771497064735740E-003
           3           3  -31.6910000      -71.7409973       8.1138346577063203E-003
           3           4  -31.6910000      -71.7409973       1.1438073706813157E-002
           3           5  -31.6910000      -71.7409973       1.1438073706813157E-002
           3           6  -31.6910000      -71.7409973       1.2013743515126407E-002
           3           7  -31.6910000      -71.7409973       1.2330407509580255E-002
           3           8  -31.6910000      -71.7409973       4.4427622488001361E-003
           3           9  -31.6910000      -71.7409973       4.4427622488001361E-003
           3          10  -31.6910000      -71.7409973       4.4427622488001361E-003
           3          11  -31.6910000      -71.7409973       6.1120744212530553E-003
           4           1  -31.6730003      -71.7409973       1.1660659045446664E-002
           4           2  -31.6730003      -71.7409973       1.2279025133466348E-002
           4           3  -31.6730003      -71.7409973       1.2062843015883118E-002
           4           4  -31.6730003      -71.7409973       1.9209900405257940E-002
           4           5  -31.6730003      -71.7409973       1.9292165961815044E-002
           4           6  -31.6730003      -71.7409973       1.9075266900472343E-002
           4           7  -31.6730003      -71.7409973       1.8111269571818411E-002
           4           8  -31.6730003      -71.7409973       7.5517920031415997E-003
           4           9  -31.6730003      -71.7409973       8.6419862054754049E-003
           4          10  -31.6730003      -71.7409973       6.5464241197332740E-003
           4          11  -31.6730003      -71.7409973       1.0695923469029367E-002
           5           1  -31.6550007      -71.7409973       1.4956364058889449E-002
           5           2  -31.6550007      -71.7409973       1.3274099619593471E-002
           5           3  -31.6550007      -71.7409973       1.4171504764817655E-002
           5           4  -31.6550007      -71.7409973       2.2532090428285301E-002
           5           5  -31.6550007      -71.7409973       2.5119693134911358E-002
           5           6  -31.6550007      -71.7409973       2.4957422283478081E-002
           5           7  -31.6550007      -71.7409973       2.0472925272770226E-002
           5           8  -31.6550007      -71.7409973       1.0279658541548997E-002
           5           9  -31.6550007      -71.7409973       9.6659712144173682E-003
           5          10  -31.6550007      -71.7409973       1.0777225019410253E-002
           5          11  -31.6550007      -71.7409973       1.1229550815187395E-002
           6           1  -31.6369991      -71.7409973       1.4527118066325784E-002
           6           2  -31.6369991      -71.7409973       1.4111692667938769E-002
           6           3  -31.6369991      -71.7409973       1.4529346604831517E-002
           6           4  -31.6369991      -71.7409973       2.3434140952304006E-002
           6           5  -31.6369991      -71.7409973       2.3504930781200528E-002
           6           6  -31.6369991      -71.7409973       2.3472897242754698E-002
           6           7  -31.6369991      -71.7409973       1.7179978080093861E-002
           6           8  -31.6369991      -71.7409973       1.1048205313272774E-002
           6           9  -31.6369991      -71.7409973       1.1080018535722047E-002
           6          10  -31.6369991      -71.7409973       1.1092056869529188E-002
           6          11  -31.6369991      -71.7409973       1.2831254745833576E-002
           7           1  -31.6189995      -71.7409973       1.2521431839559227E-002
           7           2  -31.6189995      -71.7409973       1.2129588460084051E-002
           7           3  -31.6189995      -71.7409973       1.6290879451844376E-002
           7           4  -31.6189995      -71.7409973       2.0030383369885385E-002
           7           5  -31.6189995      -71.7409973       2.0962797105312347E-002
           7           6  -31.6189995      -71.7409973       2.2150425240397453E-002
           7           7  -31.6189995      -71.7409973       8.4002747898921371E-003
           7           8  -31.6189995      -71.7409973       9.0457266196608543E-003
           7           9  -31.6189995      -71.7409973       7.5285863713361323E-003
           7          10  -31.6189995      -71.7409973       9.0457266196608543E-003
           7          11  -31.6189995      -71.7409973       1.0340678738430142E-002
           8           1  -31.6009998      -71.7409973       8.6001442978158593E-003
           8           2  -31.6009998      -71.7409973       8.1697284549591132E-003
           8           3  -31.6009998      -71.7409973       1.3533755321986973E-002
           8           4  -31.6009998      -71.7409973       1.8478001635230612E-002
           8           5  -31.6009998      -71.7409973       1.5361301251687109E-002
           8           6  -31.6009998      -71.7409973       1.2147204251959920E-002
           8           7  -31.6009998      -71.7409973       3.1689646421000361E-003
           8           8  -31.6009998      -71.7409973       4.9031793569156434E-003
           8           9  -31.6009998      -71.7409973       6.1940409941598773E-003
           8          10  -31.6009998      -71.7409973       4.6877586319169495E-003
           8          11  -31.6009998      -71.7409973       4.6004792384337634E-003
           9           1  -31.5830002      -71.7409973       3.6771026207134128E-003
           9           2  -31.5830002      -71.7409973       4.0731343397055753E-003
           9           3  -31.5830002      -71.7409973       9.6008877735584974E-003
           9           4  -31.5830002      -71.7409973       1.0878053726628423E-002
           9           5  -31.5830002      -71.7409973       1.0012467894739530E-002
           9           6  -31.5830002      -71.7409973       7.1199017111212015E-003
           9           7  -31.5830002      -71.7409973       2.6577152457321063E-003
           9           8  -31.5830002      -71.7409973       3.1601598457200453E-003
           9           9  -31.5830002      -71.7409973       3.1601598457200453E-003
           9          10  -31.5830002      -71.7409973       3.4361104480922222E-003
           9          11  -31.5830002      -71.7409973       3.3105703478213400E-003
          10           1  -31.5650005      -71.7409973       2.6780718890222488E-003
          10           2  -31.5650005      -71.7409973       7.3978752770926803E-003
          10           3  -31.5650005      -71.7409973       6.8301107676234096E-003
          10           4  -31.5650005      -71.7409973       7.6739014475606382E-003
          10           5  -31.5650005      -71.7409973       8.4863476804457605E-003
          10           6  -31.5650005      -71.7409973       3.8091610767878592E-003
          10           7  -31.5650005      -71.7409973       3.4493878774810582E-003
          10           8  -31.5650005      -71.7409973       3.4493878774810582E-003
          10           9  -31.5650005      -71.7409973       3.1503328355029225E-003
          10          10  -31.5650005      -71.7409973       5.4937409004196525E-003
          10          11  -31.5650005      -71.7409973       6.4982314943335950E-003
          11           1  -31.5470009      -71.7409973       8.0116798053495586E-003
          11           2  -31.5470009      -71.7409973       1.2015468848403543E-002
          11           3  -31.5470009      -71.7409973       1.0670557792764157E-002
          11           4  -31.5470009      -71.7409973       7.6965170446783304E-003
          11           5  -31.5470009      -71.7409973       7.7518954640254378E-003
          11           6  -31.5470009      -71.7409973       2.8527656468213536E-003
          11           7  -31.5470009      -71.7409973       2.1749003281001933E-003
          11           8  -31.5470009      -71.7409973       8.6976763850543648E-004
          11           9  -31.5470009      -71.7409973       5.2584106233553030E-003
          11          10  -31.5470009      -71.7409973       6.4397224487038329E-003
          11          11  -31.5470009      -71.7409973       6.7977943253936246E-003
