           1           1  -31.7269993      -71.7409973       1.4114651348791085E-003
           1           2  -31.7269993      -71.7409973       1.1681112300720997E-003
           1           3  -31.7269993      -71.7409973       0.0000000000000000     
           1           4  -31.7269993      -71.7409973       1.3971464213682339E-003
           1           5  -31.7269993      -71.7409973       1.9873540150001645E-003
           1           6  -31.7269993      -71.7409973       1.6282368451356888E-003
           1           7  -31.7269993      -71.7409973       2.1085842163302004E-003
           1           8  -31.7269993      -71.7409973       2.0358933543320745E-003
           1           9  -31.7269993      -71.7409973       8.8679679902270436E-004
           1          10  -31.7269993      -71.7409973       4.6822518561384641E-004
           1          11  -31.7269993      -71.7409973       1.6863750579432235E-003
           2           1  -31.7089996      -71.7409973       1.0434614305268042E-003
           2           2  -31.7089996      -71.7409973       0.0000000000000000     
           2           3  -31.7089996      -71.7409973       0.0000000000000000     
           2           4  -31.7089996      -71.7409973       8.0669870658311993E-004
           2           5  -31.7089996      -71.7409973       2.6777573657454923E-003
           2           6  -31.7089996      -71.7409973       2.7487570496305125E-003
           2           7  -31.7089996      -71.7409973       2.6525814755586907E-003
           2           8  -31.7089996      -71.7409973       2.6525814755586907E-003
           2           9  -31.7089996      -71.7409973       2.0520024991128594E-003
           2          10  -31.7089996      -71.7409973       1.5403281286126003E-003
           2          11  -31.7089996      -71.7409973       2.0114501858188305E-003
           3           1  -31.6910000      -71.7409973       3.0561286985175684E-004
           3           2  -31.6910000      -71.7409973       2.4175627913791686E-004
           3           3  -31.6910000      -71.7409973       3.0561286985175684E-004
           3           4  -31.6910000      -71.7409973       6.7506788764148951E-004
           3           5  -31.6910000      -71.7409973       3.5867009501089342E-003
           3           6  -31.6910000      -71.7409973       3.8314077828545123E-003
           3           7  -31.6910000      -71.7409973       4.4854208390461281E-003
           3           8  -31.6910000      -71.7409973       4.3034466070821509E-003
           3           9  -31.6910000      -71.7409973       3.0535864934790879E-003
           3          10  -31.6910000      -71.7409973       1.9737873089979985E-003
           3          11  -31.6910000      -71.7409973       2.0844524187850766E-003
           4           1  -31.6730003      -71.7409973       6.3971310873967013E-004
           4           2  -31.6730003      -71.7409973       7.2105143317457987E-004
           4           3  -31.6730003      -71.7409973       6.8897867731720908E-004
           4           4  -31.6730003      -71.7409973       2.9564669239334762E-004
           4           5  -31.6730003      -71.7409973       4.9111827102024108E-003
           4           6  -31.6730003      -71.7409973       5.2106278380961157E-003
           4           7  -31.6730003      -71.7409973       5.2382453359314241E-003
           4           8  -31.6730003      -71.7409973       5.2382453359314241E-003
           4           9  -31.6730003      -71.7409973       3.8297713181236759E-003
           4          10  -31.6730003      -71.7409973       2.3688539222348481E-003
           4          11  -31.6730003      -71.7409973       2.5492603890597820E-003
           5           1  -31.6550007      -71.7409973       9.6221120838890783E-004
           5           2  -31.6550007      -71.7409973       8.2378860042808810E-004
           5           3  -31.6550007      -71.7409973       9.0046077457373030E-004
           5           4  -31.6550007      -71.7409973       6.0124546598672168E-004
           5           5  -31.6550007      -71.7409973       5.9877552557736635E-003
           5           6  -31.6550007      -71.7409973       6.1538197332993150E-003
           5           7  -31.6550007      -71.7409973       6.1906138435006142E-003
           5           8  -31.6550007      -71.7409973       5.8986981166526675E-003
           5           9  -31.6550007      -71.7409973       3.0844565335428342E-003
           5          10  -31.6550007      -71.7409973       2.8696898953057826E-003
           5          11  -31.6550007      -71.7409973       2.9550224426202476E-003
           6           1  -31.6369991      -71.7409973       9.9770781980623724E-004
           6           2  -31.6369991      -71.7409973       9.5481756761728320E-004
           6           3  -31.6369991      -71.7409973       9.8822463223768864E-004
           6           4  -31.6369991      -71.7409973       1.2121963554818649E-003
           6           5  -31.6369991      -71.7409973       5.9893799480050802E-003
           6           6  -31.6369991      -71.7409973       5.9841356705874205E-003
           6           7  -31.6369991      -71.7409973       5.9909459669142962E-003
           6           8  -31.6369991      -71.7409973       6.0322628123685718E-003
           6           9  -31.6369991      -71.7409973       2.0290272514102980E-003
           6          10  -31.6369991      -71.7409973       3.2984107383526862E-003
           6          11  -31.6369991      -71.7409973       3.3349398290738463E-003
           7           1  -31.6189995      -71.7409973       8.7769862511777319E-004
           7           2  -31.6189995      -71.7409973       8.4875228640157729E-004
           7           3  -31.6189995      -71.7409973       8.1718020737753250E-004
           7           4  -31.6189995      -71.7409973       2.1714902395615354E-003
           7           5  -31.6189995      -71.7409973       5.7362302322871983E-003
           7           6  -31.6189995      -71.7409973       5.9128938592039049E-003
           7           7  -31.6189995      -71.7409973       5.6438549072481692E-003
           7           8  -31.6189995      -71.7409973       5.6438549072481692E-003
           7           9  -31.6189995      -71.7409973       1.3815935017191805E-003
           7          10  -31.6189995      -71.7409973       3.4946676460094750E-003
           7          11  -31.6189995      -71.7409973       3.5021124931517988E-003
           8           1  -31.6009998      -71.7409973       5.2334987958602142E-004
           8           2  -31.6009998      -71.7409973       5.2728402806678787E-004
           8           3  -31.6009998      -71.7409973       4.7228890161932213E-004
           8           4  -31.6009998      -71.7409973       2.7963144239038229E-003
           8           5  -31.6009998      -71.7409973       4.8520287709834520E-003
           8           6  -31.6009998      -71.7409973       4.3101872470288072E-003
           8           7  -31.6009998      -71.7409973       4.8520287709834520E-003
           8           8  -31.6009998      -71.7409973       4.7060447977855802E-003
           8           9  -31.6009998      -71.7409973       1.3512397126760334E-003
           8          10  -31.6009998      -71.7409973       3.2924322113103699E-003
           8          11  -31.6009998      -71.7409973       3.2251394695776980E-003
           9           1  -31.5830002      -71.7409973       0.0000000000000000     
           9           2  -31.5830002      -71.7409973       1.4826035476289690E-004
           9           3  -31.5830002      -71.7409973       0.0000000000000000     
           9           4  -31.5830002      -71.7409973       3.2941170793492347E-003
           9           5  -31.5830002      -71.7409973       3.7019805749878287E-003
           9           6  -31.5830002      -71.7409973       3.3794827322708443E-003
           9           7  -31.5830002      -71.7409973       3.6440089461393654E-003
           9           8  -31.5830002      -71.7409973       2.9773469796054997E-003
           9           9  -31.5830002      -71.7409973       1.8858350813388824E-003
           9          10  -31.5830002      -71.7409973       2.9696840065298602E-003
           9          11  -31.5830002      -71.7409973       3.0330843583215028E-003
          10           1  -31.5650005      -71.7409973       0.0000000000000000     
          10           2  -31.5650005      -71.7409973       0.0000000000000000     
          10           3  -31.5650005      -71.7409973       9.9373387638479471E-004
          10           4  -31.5650005      -71.7409973       3.0701728974236175E-003
          10           5  -31.5650005      -71.7409973       2.7925417380174622E-003
          10           6  -31.5650005      -71.7409973       2.6278550431015901E-003
          10           7  -31.5650005      -71.7409973       2.8027319713146426E-003
          10           8  -31.5650005      -71.7409973       1.1441521592132631E-003
          10           9  -31.5650005      -71.7409973       1.4037863293197006E-003
          10          10  -31.5650005      -71.7409973       2.4602005360065959E-003
          10          11  -31.5650005      -71.7409973       2.1197798705543391E-003
          11           1  -31.5470009      -71.7409973       1.2339116437942721E-004
          11           2  -31.5470009      -71.7409973       0.0000000000000000     
          11           3  -31.5470009      -71.7409973       1.8210608977824450E-003
          11           4  -31.5470009      -71.7409973       2.3818410709282034E-003
          11           5  -31.5470009      -71.7409973       2.4287444102810696E-003
          11           6  -31.5470009      -71.7409973       2.2957759938435629E-003
          11           7  -31.5470009      -71.7409973       1.8555006754468195E-003
          11           8  -31.5470009      -71.7409973       0.0000000000000000     
          11           9  -31.5470009      -71.7409973       1.1029369488824159E-003
          11          10  -31.5470009      -71.7409973       1.4178775018081069E-003
          11          11  -31.5470009      -71.7409973       1.5577189515170176E-003
