           1           1  -31.7269993      -71.7409973       2.9609951423481107E-002
           1           2  -31.7269993      -71.7409973       3.5475936485454440E-002
           1           3  -31.7269993      -71.7409973       1.5891585964709520E-002
           1           4  -31.7269993      -71.7409973       2.9874699423089623E-002
           1           5  -31.7269993      -71.7409973       2.6003601262345910E-002
           1           6  -31.7269993      -71.7409973       2.3763571633026004E-002
           1           7  -31.7269993      -71.7409973       2.5488849263638258E-002
           1           8  -31.7269993      -71.7409973       2.2574597969651222E-003
           1           9  -31.7269993      -71.7409973       7.0747273275628686E-003
           1          10  -31.7269993      -71.7409973       1.7553116165800020E-002
           1          11  -31.7269993      -71.7409973       1.7887047737531248E-002
           2           1  -31.7089996      -71.7409973       4.8820432275533676E-002
           2           2  -31.7089996      -71.7409973       4.5548657421022654E-002
           2           3  -31.7089996      -71.7409973       1.9783732575888280E-002
           2           4  -31.7089996      -71.7409973       2.8224263689480722E-002
           2           5  -31.7089996      -71.7409973       3.0539460713043809E-002
           2           6  -31.7089996      -71.7409973       2.6221720385365188E-002
           2           7  -31.7089996      -71.7409973       2.6487069437280297E-002
           2           8  -31.7089996      -71.7409973       8.6785531602799892E-003
           2           9  -31.7089996      -71.7409973       1.6854244109708816E-002
           2          10  -31.7089996      -71.7409973       1.8941302900202572E-002
           2          11  -31.7089996      -71.7409973       2.1161191165447235E-002
           3           1  -31.6910000      -71.7409973       8.3937249612063169E-002
           3           2  -31.6910000      -71.7409973       3.2169335521757603E-002
           3           3  -31.6910000      -71.7409973       1.8313384847715497E-002
           3           4  -31.6910000      -71.7409973       2.8365349629893899E-002
           3           5  -31.6910000      -71.7409973       2.8365349629893899E-002
           3           6  -31.6910000      -71.7409973       2.7330635377438739E-002
           3           7  -31.6910000      -71.7409973       3.3549448824487627E-002
           3           8  -31.6910000      -71.7409973       1.5980611089617014E-002
           3           9  -31.6910000      -71.7409973       2.8324654049356468E-002
           3          10  -31.6910000      -71.7409973       2.8324654049356468E-002
           3          11  -31.6910000      -71.7409973       2.7601732595940121E-002
           4           1  -31.6730003      -71.7409973       9.4713335391134024E-002
           4           2  -31.6730003      -71.7409973       1.0529499733820558E-002
           4           3  -31.6730003      -71.7409973       2.0976075436919928E-002
           4           4  -31.6730003      -71.7409973       3.1749113928526640E-002
           4           5  -31.6730003      -71.7409973       3.3191325841471553E-002
           4           6  -31.6730003      -71.7409973       3.2323243591235951E-002
           4           7  -31.6730003      -71.7409973       3.3191325841471553E-002
           4           8  -31.6730003      -71.7409973       2.4092060280963778E-002
           4           9  -31.6730003      -71.7409973       3.9820040343329310E-002
           4          10  -31.6730003      -71.7409973       3.6684342485386878E-002
           4          11  -31.6730003      -71.7409973       3.8294100959319621E-002
           5           1  -31.6550007      -71.7409973       9.1172612854279578E-002
           5           2  -31.6550007      -71.7409973       1.3723431016842369E-002
           5           3  -31.6550007      -71.7409973       2.1250405348837376E-002
           5           4  -31.6550007      -71.7409973       3.2907627522945404E-002
           5           5  -31.6550007      -71.7409973       3.7997955223545432E-002
           5           6  -31.6550007      -71.7409973       3.7766432156786323E-002
           5           7  -31.6550007      -71.7409973       3.7997955223545432E-002
           5           8  -31.6550007      -71.7409973       3.5572506487369537E-002
           5           9  -31.6550007      -71.7409973       4.2102020233869553E-002
           5          10  -31.6550007      -71.7409973       4.4200958684086800E-002
           5          11  -31.6550007      -71.7409973       4.1471399134024978E-002
           6           1  -31.6369991      -71.7409973       7.7468781732022762E-002
           6           2  -31.6369991      -71.7409973       1.7697183415293694E-002
           6           3  -31.6369991      -71.7409973       2.1895492216572165E-002
           6           4  -31.6369991      -71.7409973       3.5187132656574249E-002
           6           5  -31.6369991      -71.7409973       3.7089563440531492E-002
           6           6  -31.6369991      -71.7409973       3.7058304529637098E-002
           6           7  -31.6369991      -71.7409973       3.7089563440531492E-002
           6           8  -31.6369991      -71.7409973       4.0398479439318180E-002
           6           9  -31.6369991      -71.7409973       4.3869007844477892E-002
           6          10  -31.6369991      -71.7409973       4.3901259079575539E-002
           6          11  -31.6369991      -71.7409973       4.3489901814609766E-002
           7           1  -31.6189995      -71.7409973       4.1726126102730632E-002
           7           2  -31.6189995      -71.7409973       1.9067842804361135E-002
           7           3  -31.6189995      -71.7409973       2.4038152303546667E-002
           7           4  -31.6189995      -71.7409973       3.4985517617315054E-002
           7           5  -31.6189995      -71.7409973       3.5497865173965693E-002
           7           6  -31.6189995      -71.7409973       3.5957816056907177E-002
           7           7  -31.6189995      -71.7409973       3.4944550134241581E-002
           7           8  -31.6189995      -71.7409973       3.8956125499680638E-002
           7           9  -31.6189995      -71.7409973       3.6966056330129504E-002
           7          10  -31.6189995      -71.7409973       4.0731393732130527E-002
           7          11  -31.6189995      -71.7409973       4.0224432945251465E-002
           8           1  -31.6009998      -71.7409973       2.4581955280154943E-002
           8           2  -31.6009998      -71.7409973       1.9023882225155830E-002
           8           3  -31.6009998      -71.7409973       2.7772898552939296E-002
           8           4  -31.6009998      -71.7409973       3.3572458894923329E-002
           8           5  -31.6009998      -71.7409973       3.2220675144344568E-002
           8           6  -31.6009998      -71.7409973       3.1257115071639419E-002
           8           7  -31.6009998      -71.7409973       3.1100884079933167E-002
           8           8  -31.6009998      -71.7409973       3.4007818350801244E-002
           8           9  -31.6009998      -71.7409973       3.5528804350178689E-002
           8          10  -31.6009998      -71.7409973       3.1681034190114588E-002
           8          11  -31.6009998      -71.7409973       3.1668775889556855E-002
           9           1  -31.5830002      -71.7409973       1.4341230504214764E-002
           9           2  -31.5830002      -71.7409973       2.0317724207416177E-002
           9           3  -31.5830002      -71.7409973       2.8566019376739860E-002
           9           4  -31.5830002      -71.7409973       3.1221698503941298E-002
           9           5  -31.5830002      -71.7409973       3.1327494885772467E-002
           9           6  -31.5830002      -71.7409973       3.1451941234990954E-002
           9           7  -31.5830002      -71.7409973       2.2734637372195721E-002
           9           8  -31.5830002      -71.7409973       2.6263251900672913E-002
           9           9  -31.5830002      -71.7409973       2.6535763783613220E-002
           9          10  -31.5830002      -71.7409973       2.6535763783613220E-002
           9          11  -31.5830002      -71.7409973       2.7909587981412187E-002
          10           1  -31.5650005      -71.7409973       1.4930071309208870E-002
          10           2  -31.5650005      -71.7409973       1.7528224037960172E-002
          10           3  -31.5650005      -71.7409973       3.0358168645761907E-002
          10           4  -31.5650005      -71.7409973       3.2329019391909242E-002
          10           5  -31.5650005      -71.7409973       2.8695415996480733E-002
          10           6  -31.5650005      -71.7409973       3.0865512788295746E-002
          10           7  -31.5650005      -71.7409973       6.4773766789585352E-003
          10           8  -31.5650005      -71.7409973       1.4532970017171465E-002
          10           9  -31.5650005      -71.7409973       1.2512332352343947E-002
          10          10  -31.5650005      -71.7409973       1.8005873484071344E-002
          10          11  -31.5650005      -71.7409973       1.7706884013023227E-002
          11           1  -31.5470009      -71.7409973       4.7021922655403614E-003
          11           2  -31.5470009      -71.7409973       1.4673480996862054E-002
          11           3  -31.5470009      -71.7409973       2.9085461515933275E-002
          11           4  -31.5470009      -71.7409973       2.9634885780978948E-002
          11           5  -31.5470009      -71.7409973       3.0083626799751073E-002
          11           6  -31.5470009      -71.7409973       2.8217293845955282E-002
          11           7  -31.5470009      -71.7409973       0.0000000000000000     
          11           8  -31.5470009      -71.7409973       4.2135629919357598E-003
          11           9  -31.5470009      -71.7409973       1.5859649109188467E-002
          11          10  -31.5470009      -71.7409973       1.6036660701502115E-002
          11          11  -31.5470009      -71.7409973       1.6829295374918729E-002
