           1           1  -31.7269993      -71.7409973       1.0181851466768421E-003
           1           2  -31.7269993      -71.7409973       9.8927251747227274E-004
           1           3  -31.7269993      -71.7409973       5.6846297957235947E-004
           1           4  -31.7269993      -71.7409973       0.0000000000000000     
           1           5  -31.7269993      -71.7409973       6.2262530991574749E-004
           1           6  -31.7269993      -71.7409973       6.5469914079585578E-004
           1           7  -31.7269993      -71.7409973       6.5008697168877916E-004
           1           8  -31.7269993      -71.7409973       6.5008697168877916E-004
           1           9  -31.7269993      -71.7409973       3.7451184971359908E-004
           1          10  -31.7269993      -71.7409973       2.3623720335308462E-004
           1          11  -31.7269993      -71.7409973       1.2916150262753945E-004
           2           1  -31.7089996      -71.7409973       9.0409647236810997E-004
           2           2  -31.7089996      -71.7409973       1.1055831746489275E-003
           2           3  -31.7089996      -71.7409973       6.4229263807646930E-004
           2           4  -31.7089996      -71.7409973       1.5355460664068232E-004
           2           5  -31.7089996      -71.7409973       6.2963146683614468E-004
           2           6  -31.7089996      -71.7409973       6.5836879730341025E-004
           2           7  -31.7089996      -71.7409973       5.6467363538104109E-004
           2           8  -31.7089996      -71.7409973       5.3624121119355550E-004
           2           9  -31.7089996      -71.7409973       3.1314724856201792E-004
           2          10  -31.7089996      -71.7409973       4.7730755704833427E-004
           2          11  -31.7089996      -71.7409973       3.8668924753437750E-004
           3           1  -31.6910000      -71.7409973       1.2514204281615093E-003
           3           2  -31.6910000      -71.7409973       9.9736428637697827E-004
           3           3  -31.6910000      -71.7409973       4.6690040835528634E-004
           3           4  -31.6910000      -71.7409973       8.4842676005791873E-004
           3           5  -31.6910000      -71.7409973       8.4842676005791873E-004
           3           6  -31.6910000      -71.7409973       8.6629113093295018E-004
           3           7  -31.6910000      -71.7409973       8.9610099848869140E-004
           3           8  -31.6910000      -71.7409973       4.0639163489686325E-004
           3           9  -31.6910000      -71.7409973       4.0639163489686325E-004
           3          10  -31.6910000      -71.7409973       4.0639163489686325E-004
           3          11  -31.6910000      -71.7409973       3.6018128230352886E-004
           4           1  -31.6730003      -71.7409973       1.3952190784038976E-003
           4           2  -31.6730003      -71.7409973       1.0177010008192156E-003
           4           3  -31.6730003      -71.7409973       2.0734400823130272E-004
           4           4  -31.6730003      -71.7409973       1.2329364471952431E-003
           4           5  -31.6730003      -71.7409973       1.2657686820602976E-003
           4           6  -31.6730003      -71.7409973       1.2798209354514256E-003
           4           7  -31.6730003      -71.7409973       1.2469887005863711E-003
           4           8  -31.6730003      -71.7409973       3.9847589960118057E-004
           4           9  -31.6730003      -71.7409973       3.9195427234517410E-004
           4          10  -31.6730003      -71.7409973       3.9568325973959872E-004
           4          11  -31.6730003      -71.7409973       3.5990655305795372E-004
           5           1  -31.6550007      -71.7409973       1.6568831633776426E-003
           5           2  -31.6550007      -71.7409973       9.1895437799394131E-004
           5           3  -31.6550007      -71.7409973       5.4872086548130028E-004
           5           4  -31.6550007      -71.7409973       1.5429211343871430E-003
           5           5  -31.6550007      -71.7409973       1.6704107838450000E-003
           5           6  -31.6550007      -71.7409973       1.6684892907505855E-003
           5           7  -31.6550007      -71.7409973       1.4424314140342176E-003
           5           8  -31.6550007      -71.7409973       3.8925604258110980E-004
           5           9  -31.6550007      -71.7409973       3.8075793872849317E-004
           5          10  -31.6550007      -71.7409973       3.9987219452086720E-004
           5          11  -31.6550007      -71.7409973       3.9179994564619847E-004
           6           1  -31.6369991      -71.7409973       1.7642411112319678E-003
           6           2  -31.6369991      -71.7409973       7.3935062391683459E-004
           6           3  -31.6369991      -71.7409973       7.1606097844778560E-004
           6           4  -31.6369991      -71.7409973       1.7046266293618828E-003
           6           5  -31.6369991      -71.7409973       1.6995977784972638E-003
           6           6  -31.6369991      -71.7409973       1.6962332010734826E-003
           6           7  -31.6369991      -71.7409973       1.3730822392972186E-003
           6           8  -31.6369991      -71.7409973       4.2677617602748796E-004
           6           9  -31.6369991      -71.7409973       4.1795026845647953E-004
           6          10  -31.6369991      -71.7409973       4.2336350088589825E-004
           6          11  -31.6369991      -71.7409973       4.1671911458251998E-004
           7           1  -31.6189995      -71.7409973       1.6782154125394300E-003
           7           2  -31.6189995      -71.7409973       6.2251491908682510E-004
           7           3  -31.6189995      -71.7409973       1.1720080074155703E-003
           7           4  -31.6189995      -71.7409973       1.5538764346274547E-003
           7           5  -31.6189995      -71.7409973       1.6122317174449563E-003
           7           6  -31.6189995      -71.7409973       1.6881152478163131E-003
           7           7  -31.6189995      -71.7409973       1.0172084657824598E-003
           7           8  -31.6189995      -71.7409973       3.9577139978064224E-004
           7           9  -31.6189995      -71.7409973       3.7282823177520186E-004
           7          10  -31.6189995      -71.7409973       3.9577139978064224E-004
           7          11  -31.6189995      -71.7409973       3.6209660538588651E-004
           8           1  -31.6009998      -71.7409973       1.4311141057987697E-003
           8           2  -31.6009998      -71.7409973       4.7127327343332581E-004
           8           3  -31.6009998      -71.7409973       1.0850630787899718E-003
           8           4  -31.6009998      -71.7409973       1.5122317236091476E-003
           8           5  -31.6009998      -71.7409973       1.2815060545108281E-003
           8           6  -31.6009998      -71.7409973       1.0245835146633908E-003
           8           7  -31.6009998      -71.7409973       7.8627112952744938E-004
           8           8  -31.6009998      -71.7409973       2.8973137341381516E-004
           8           9  -31.6009998      -71.7409973       3.3389146483386867E-004
           8          10  -31.6009998      -71.7409973       2.9521179931180086E-004
           8          11  -31.6009998      -71.7409973       4.4831336708739400E-004
           9           1  -31.5830002      -71.7409973       1.1030904788640328E-003
           9           2  -31.5830002      -71.7409973       6.0347670660121366E-004
           9           3  -31.5830002      -71.7409973       7.5254766852594912E-004
           9           4  -31.5830002      -71.7409973       8.8126737682614475E-004
           9           5  -31.5830002      -71.7409973       7.7143012458691373E-004
           9           6  -31.5830002      -71.7409973       7.9452069030594430E-004
           9           7  -31.5830002      -71.7409973       5.9535861964832293E-004
           9           8  -31.5830002      -71.7409973       2.7005965057469439E-004
           9           9  -31.5830002      -71.7409973       2.7005965057469439E-004
           9          10  -31.5830002      -71.7409973       2.7005965057469439E-004
           9          11  -31.5830002      -71.7409973       3.4175097243860364E-004
          10           1  -31.5650005      -71.7409973       7.6480173993331846E-004
          10           2  -31.5650005      -71.7409973       6.0171922086738050E-004
          10           3  -31.5650005      -71.7409973       2.5098075184359914E-004
          10           4  -31.5650005      -71.7409973       5.5048781359801069E-004
          10           5  -31.5650005      -71.7409973       4.8812979730428196E-004
          10           6  -31.5650005      -71.7409973       7.6441990313469432E-004
          10           7  -31.5650005      -71.7409973       6.6233434881723952E-004
          10           8  -31.5650005      -71.7409973       2.7901205976377241E-004
          10           9  -31.5650005      -71.7409973       1.7069815430659219E-004
          10          10  -31.5650005      -71.7409973       2.0916806670356891E-004
          10          11  -31.5650005      -71.7409973       2.8862155159004033E-004
          11           1  -31.5470009      -71.7409973       6.1864940653322265E-004
          11           2  -31.5470009      -71.7409973       5.2739700151960278E-004
          11           3  -31.5470009      -71.7409973       2.4449533157167025E-005
          11           4  -31.5470009      -71.7409973       5.1917273231083527E-004
          11           5  -31.5470009      -71.7409973       6.3334282367577543E-004
          11           6  -31.5470009      -71.7409973       6.7944878992420854E-004
          11           7  -31.5470009      -71.7409973       6.3862348815746373E-004
          11           8  -31.5470009      -71.7409973       4.7436327440664172E-004
          11           9  -31.5470009      -71.7409973       5.6864028010750189E-006
          11          10  -31.5470009      -71.7409973       2.9604909286717884E-004
          11          11  -31.5470009      -71.7409973       3.9075917447917163E-004
