           1           1  -31.7269993      -71.7409973       4.2826256685657427E-004
           1           2  -31.7269993      -71.7409973       5.6578516523586586E-004
           1           3  -31.7269993      -71.7409973       1.0830316059582401E-003
           1           4  -31.7269993      -71.7409973       1.4319330184662249E-003
           1           5  -31.7269993      -71.7409973       1.4143458220132743E-003
           1           6  -31.7269993      -71.7409973       1.4823452074779198E-003
           1           7  -31.7269993      -71.7409973       1.4657728497695643E-003
           1           8  -31.7269993      -71.7409973       0.0000000000000000     
           1           9  -31.7269993      -71.7409973       3.1895022857497679E-004
           1          10  -31.7269993      -71.7409973       8.3312942297197878E-004
           1          11  -31.7269993      -71.7409973       8.4673912351718172E-004
           2           1  -31.7089996      -71.7409973       1.0484949816600420E-003
           2           2  -31.7089996      -71.7409973       6.6796054306905717E-004
           2           3  -31.7089996      -71.7409973       1.3325403795079183E-003
           2           4  -31.7089996      -71.7409973       1.1703048512572423E-003
           2           5  -31.7089996      -71.7409973       1.3729683560086414E-003
           2           6  -31.7089996      -71.7409973       1.4481844336842187E-003
           2           7  -31.7089996      -71.7409973       1.2526948084996548E-003
           2           8  -31.7089996      -71.7409973       0.0000000000000000     
           2           9  -31.7089996      -71.7409973       7.7586430779774673E-004
           2          10  -31.7089996      -71.7409973       7.0458835762110539E-004
           2          11  -31.7089996      -71.7409973       8.8279935880564153E-004
           3           1  -31.6910000      -71.7409973       1.7205974800162949E-003
           3           2  -31.6910000      -71.7409973       1.0319083085050806E-003
           3           3  -31.6910000      -71.7409973       1.7390807915944606E-003
           3           4  -31.6910000      -71.7409973       1.5202645881799981E-003
           3           5  -31.6910000      -71.7409973       1.5202645881799981E-003
           3           6  -31.6910000      -71.7409973       1.5043108160170959E-003
           3           7  -31.6910000      -71.7409973       9.7026327057392336E-004
           3           8  -31.6910000      -71.7409973       6.9083617563592270E-004
           3           9  -31.6910000      -71.7409973       1.0877530173729610E-003
           3          10  -31.6910000      -71.7409973       1.0877530173729610E-003
           3          11  -31.6910000      -71.7409973       1.0680685834358883E-003
           4           1  -31.6730003      -71.7409973       1.6204054190893658E-003
           4           2  -31.6730003      -71.7409973       1.5335284624597989E-003
           4           3  -31.6730003      -71.7409973       1.9394216651562601E-003
           4           4  -31.6730003      -71.7409973       1.9615125347627327E-003
           4           5  -31.6730003      -71.7409973       1.9287693139631301E-003
           4           6  -31.6730003      -71.7409973       1.8642730428837240E-003
           4           7  -31.6730003      -71.7409973       4.6188224746401829E-004
           4           8  -31.6730003      -71.7409973       1.3476998137775809E-003
           4           9  -31.6730003      -71.7409973       1.7532590863993391E-003
           4          10  -31.6730003      -71.7409973       1.5714881064923247E-003
           4          11  -31.6730003      -71.7409973       1.6910060876398347E-003
           5           1  -31.6550007      -71.7409973       1.1754184743040241E-003
           5           2  -31.6550007      -71.7409973       1.8327040161238983E-003
           5           3  -31.6550007      -71.7409973       2.2250826878007501E-003
           5           4  -31.6550007      -71.7409973       2.2293347574304789E-003
           5           5  -31.6550007      -71.7409973       2.2949717822484672E-003
           5           6  -31.6550007      -71.7409973       2.2212442418094724E-003
           5           7  -31.6550007      -71.7409973       1.1349729902576655E-006
           5           8  -31.6550007      -71.7409973       1.9932281866203994E-003
           5           9  -31.6550007      -71.7409973       1.9395009585423395E-003
           5          10  -31.6550007      -71.7409973       2.0870781299890950E-003
           5          11  -31.6550007      -71.7409973       1.8924548639915884E-003
           6           1  -31.6369991      -71.7409973       9.5706399429218436E-004
           6           2  -31.6369991      -71.7409973       2.0976485684514046E-003
           6           3  -31.6369991      -71.7409973       2.4697786138858646E-003
           6           4  -31.6369991      -71.7409973       2.5299996777903289E-003
           6           5  -31.6369991      -71.7409973       2.5027363153640181E-003
           6           6  -31.6369991      -71.7409973       2.2083708317950368E-003
           6           7  -31.6369991      -71.7409973       0.0000000000000000     
           6           8  -31.6369991      -71.7409973       2.1449861524160951E-003
           6           9  -31.6369991      -71.7409973       2.1153373818378896E-003
           6          10  -31.6369991      -71.7409973       2.1404845465440303E-003
           6          11  -31.6369991      -71.7409973       2.1081489976495504E-003
           7           1  -31.6189995      -71.7409973       1.2197091200505383E-003
           7           2  -31.6189995      -71.7409973       2.2441894125222461E-003
           7           3  -31.6189995      -71.7409973       2.5429335946682841E-003
           7           4  -31.6189995      -71.7409973       2.5750703935045749E-003
           7           5  -31.6189995      -71.7409973       2.5863439659588039E-003
           7           6  -31.6189995      -71.7409973       2.2829062945675105E-003
           7           7  -31.6189995      -71.7409973       0.0000000000000000     
           7           8  -31.6189995      -71.7409973       1.9945660606026649E-003
           7           9  -31.6189995      -71.7409973       1.6992811360978521E-003
           7          10  -31.6189995      -71.7409973       1.9945660606026649E-003
           7          11  -31.6189995      -71.7409973       1.9694068250828423E-003
           8           1  -31.6009998      -71.7409973       1.3389372688834555E-003
           8           2  -31.6009998      -71.7409973       2.2811953442669619E-003
           8           3  -31.6009998      -71.7409973       2.3575836403324502E-003
           8           4  -31.6009998      -71.7409973       2.5285863432600308E-003
           8           5  -31.6009998      -71.7409973       2.4099501333694207E-003
           8           6  -31.6009998      -71.7409973       1.6699172192602418E-003
           8           7  -31.6009998      -71.7409973       3.9004828431643546E-004
           8           8  -31.6009998      -71.7409973       1.5880275504969177E-003
           8           9  -31.6009998      -71.7409973       1.6409522040703450E-003
           8          10  -31.6009998      -71.7409973       1.3766352903985535E-003
           8          11  -31.6009998      -71.7409973       1.3938666525064036E-003
           9           1  -31.5830002      -71.7409973       1.3273848744574934E-003
           9           2  -31.5830002      -71.7409973       2.1332844917196780E-003
           9           3  -31.5830002      -71.7409973       2.0591843567672186E-003
           9           4  -31.5830002      -71.7409973       2.1211474013398401E-003
           9           5  -31.5830002      -71.7409973       2.0233383766026236E-003
           9           6  -31.5830002      -71.7409973       1.3415413632174022E-003
           9           7  -31.5830002      -71.7409973       4.7274792450480163E-004
           9           8  -31.5830002      -71.7409973       1.0982901530951494E-003
           9           9  -31.5830002      -71.7409973       1.0982901530951494E-003
           9          10  -31.5830002      -71.7409973       1.0982901530951494E-003
           9          11  -31.5830002      -71.7409973       1.2326637697697151E-003
          10           1  -31.5650005      -71.7409973       1.4392105222214013E-003
          10           2  -31.5650005      -71.7409973       1.5608397443429567E-003
          10           3  -31.5650005      -71.7409973       1.5675428439863026E-003
          10           4  -31.5650005      -71.7409973       1.7907862275023945E-003
          10           5  -31.5650005      -71.7409973       1.4677551225759089E-003
          10           6  -31.5650005      -71.7409973       1.2403236453337740E-003
          10           7  -31.5650005      -71.7409973       1.1588900815695524E-004
          10           8  -31.5650005      -71.7409973       6.0856945492560044E-004
          10           9  -31.5650005      -71.7409973       4.9363418474968057E-004
          10          10  -31.5650005      -71.7409973       7.0936425709078321E-004
          10          11  -31.5650005      -71.7409973       8.8544948084745556E-004
          11           1  -31.5470009      -71.7409973       1.0007736273109913E-003
          11           2  -31.5470009      -71.7409973       8.6410620133392513E-004
          11           3  -31.5470009      -71.7409973       1.0119616345036775E-003
          11           4  -31.5470009      -71.7409973       1.3527186674764380E-003
          11           5  -31.5470009      -71.7409973       1.1862884348374791E-003
          11           6  -31.5470009      -71.7409973       9.5532230261596851E-004
          11           7  -31.5470009      -71.7409973       0.0000000000000000     
          11           8  -31.5470009      -71.7409973       2.3234201580635272E-004
          11           9  -31.5470009      -71.7409973       9.3950391237740405E-004
          11          10  -31.5470009      -71.7409973       9.3950391237740405E-004
          11          11  -31.5470009      -71.7409973       9.9070226497133262E-004
