           1           1  -31.7269993      -71.7409973       2.0920833485433832E-003
           1           2  -31.7269993      -71.7409973       1.1955824302276596E-003
           1           3  -31.7269993      -71.7409973       1.6282368451356888E-003
           1           4  -31.7269993      -71.7409973       2.4697619519429281E-003
           1           5  -31.7269993      -71.7409973       1.6963443777058274E-003
           1           6  -31.7269993      -71.7409973       8.3739910041913390E-004
           1           7  -31.7269993      -71.7409973       1.0043933234555880E-003
           1           8  -31.7269993      -71.7409973       2.0486818139033858E-003
           1           9  -31.7269993      -71.7409973       2.1287620338625857E-003
           1          10  -31.7269993      -71.7409973       2.1287620338625857E-003
           1          11  -31.7269993      -71.7409973       2.0923804413541802E-003
           2           1  -31.7089996      -71.7409973       2.1860679480596446E-003
           2           2  -31.7089996      -71.7409973       2.8521991062007146E-003
           2           3  -31.7089996      -71.7409973       2.8312270733295009E-003
           2           4  -31.7089996      -71.7409973       2.6645857869880274E-003
           2           5  -31.7089996      -71.7409973       2.5247973244404420E-003
           2           6  -31.7089996      -71.7409973       1.7834852624218911E-003
           2           7  -31.7089996      -71.7409973       1.5124597048270516E-003
           2           8  -31.7089996      -71.7409973       1.7844757603597827E-003
           2           9  -31.7089996      -71.7409973       1.7933558424374496E-003
           2          10  -31.7089996      -71.7409973       1.9555088292690925E-003
           2          11  -31.7089996      -71.7409973       2.1919963510299567E-003
           3           1  -31.6910000      -71.7409973       2.7811139416371589E-003
           3           2  -31.6910000      -71.7409973       3.9832881739130244E-003
           3           3  -31.6910000      -71.7409973       4.4854208390461281E-003
           3           4  -31.6910000      -71.7409973       3.8401128404075280E-003
           3           5  -31.6910000      -71.7409973       3.8401128404075280E-003
           3           6  -31.6910000      -71.7409973       2.1534576953854412E-003
           3           7  -31.6910000      -71.7409973       2.3048463335726410E-003
           3           8  -31.6910000      -71.7409973       2.2200073290150613E-003
           3           9  -31.6910000      -71.7409973       2.2200073290150613E-003
           3          10  -31.6910000      -71.7409973       2.2200073290150613E-003
           3          11  -31.6910000      -71.7409973       1.8443398075760342E-003
           4           1  -31.6730003      -71.7409973       2.8714711970678763E-003
           4           2  -31.6730003      -71.7409973       5.4457589067169465E-003
           4           3  -31.6730003      -71.7409973       5.4065107615315355E-003
           4           4  -31.6730003      -71.7409973       5.2406309114303440E-003
           4           5  -31.6730003      -71.7409973       5.2382453359314241E-003
           4           6  -31.6730003      -71.7409973       2.1751892345491797E-003
           4           7  -31.6730003      -71.7409973       2.5640544772613794E-003
           4           8  -31.6730003      -71.7409973       2.5640544772613794E-003
           4           9  -31.6730003      -71.7409973       2.7268508856650442E-003
           4          10  -31.6730003      -71.7409973       2.5010054814629257E-003
           4          11  -31.6730003      -71.7409973       1.8991425167769194E-003
           5           1  -31.6550007      -71.7409973       3.6061612481717020E-003
           5           2  -31.6550007      -71.7409973       5.6102036032825708E-003
           5           3  -31.6550007      -71.7409973       5.8986981166526675E-003
           5           4  -31.6550007      -71.7409973       5.7742270291782916E-003
           5           5  -31.6550007      -71.7409973       6.1906138435006142E-003
           5           6  -31.6550007      -71.7409973       1.6666806341163465E-003
           5           7  -31.6550007      -71.7409973       3.0428163008764386E-003
           5           8  -31.6550007      -71.7409973       2.9806306702084839E-003
           5           9  -31.6550007      -71.7409973       2.9318665619939566E-003
           5          10  -31.6550007      -71.7409973       3.0428163008764386E-003
           5          11  -31.6550007      -71.7409973       1.7348835463053547E-003
           6           1  -31.6369991      -71.7409973       4.0816642576828599E-003
           6           2  -31.6369991      -71.7409973       5.9444828657433391E-003
           6           3  -31.6369991      -71.7409973       5.9873112477362156E-003
           6           4  -31.6369991      -71.7409973       5.9930146671831608E-003
           6           5  -31.6369991      -71.7409973       5.9909459669142962E-003
           6           6  -31.6369991      -71.7409973       2.1019244559283834E-003
           6           7  -31.6369991      -71.7409973       3.3993971592281014E-003
           6           8  -31.6369991      -71.7409973       3.4176643239334226E-003
           6           9  -31.6369991      -71.7409973       3.2636883261147887E-003
           6          10  -31.6369991      -71.7409973       3.3780103840399534E-003
           6          11  -31.6369991      -71.7409973       1.5083821053849533E-003
           7           1  -31.6189995      -71.7409973       4.9631951842457056E-003
           7           2  -31.6189995      -71.7409973       5.5627583642490208E-003
           7           3  -31.6189995      -71.7409973       5.4781638318672776E-003
           7           4  -31.6189995      -71.7409973       5.6069300044327974E-003
           7           5  -31.6189995      -71.7409973       5.2502867765724659E-003
           7           6  -31.6189995      -71.7409973       2.1652153300237842E-003
           7           7  -31.6189995      -71.7409973       3.5696545965038240E-003
           7           8  -31.6189995      -71.7409973       3.5696545965038240E-003
           7           9  -31.6189995      -71.7409973       3.4302291169296950E-003
           7          10  -31.6189995      -71.7409973       3.5696545965038240E-003
           7          11  -31.6189995      -71.7409973       1.4095107026150799E-003
           8           1  -31.6009998      -71.7409973       4.7433331856154837E-003
           8           2  -31.6009998      -71.7409973       4.5244941720739007E-003
           8           3  -31.6009998      -71.7409973       4.5793216304446105E-003
           8           4  -31.6009998      -71.7409973       5.3539042746706400E-003
           8           5  -31.6009998      -71.7409973       3.6587766808224842E-003
           8           6  -31.6009998      -71.7409973       2.0915452550980262E-003
           8           7  -31.6009998      -71.7409973       3.3600343285797862E-003
           8           8  -31.6009998      -71.7409973       3.3600343285797862E-003
           8           9  -31.6009998      -71.7409973       3.4428066792315803E-003
           8          10  -31.6009998      -71.7409973       3.2427545156679116E-003
           8          11  -31.6009998      -71.7409973       1.0650269759935327E-003
           9           1  -31.5830002      -71.7409973       3.6440089461393654E-003
           9           2  -31.5830002      -71.7409973       3.5032132509513758E-003
           9           3  -31.5830002      -71.7409973       3.6440089461393654E-003
           9           4  -31.5830002      -71.7409973       3.9039859329932369E-003
           9           5  -31.5830002      -71.7409973       1.8608112004585564E-003
           9           6  -31.5830002      -71.7409973       2.3196766269393265E-003
           9           7  -31.5830002      -71.7409973       2.8938229006598704E-003
           9           8  -31.5830002      -71.7409973       2.9696840065298602E-003
           9           9  -31.5830002      -71.7409973       2.9696840065298602E-003
           9          10  -31.5830002      -71.7409973       2.7312166894262191E-003
           9          11  -31.5830002      -71.7409973       1.4449967347900383E-003
          10           1  -31.5650005      -71.7409973       2.8027319713146426E-003
          10           2  -31.5650005      -71.7409973       2.5901902554323897E-003
          10           3  -31.5650005      -71.7409973       2.5923274524757289E-003
          10           4  -31.5650005      -71.7409973       3.0003168649272993E-003
          10           5  -31.5650005      -71.7409973       3.5560915694077266E-004
          10           6  -31.5650005      -71.7409973       2.2382913157343864E-003
          10           7  -31.5650005      -71.7409973       2.4266483305837028E-003
          10           8  -31.5650005      -71.7409973       2.4266483305837028E-003
          10           9  -31.5650005      -71.7409973       2.1251397265587002E-003
          10          10  -31.5650005      -71.7409973       2.1750252344645560E-003
          10          11  -31.5650005      -71.7409973       1.4549862462445162E-003
          11           1  -31.5470009      -71.7409973       2.2071318380767480E-003
          11           2  -31.5470009      -71.7409973       2.3659286089241505E-003
          11           3  -31.5470009      -71.7409973       2.2957759938435629E-003
          11           4  -31.5470009      -71.7409973       1.8712605815380812E-003
          11           5  -31.5470009      -71.7409973       0.0000000000000000     
          11           6  -31.5470009      -71.7409973       1.2805879232473671E-003
          11           7  -31.5470009      -71.7409973       1.6206916479859501E-003
          11           8  -31.5470009      -71.7409973       1.6206916479859501E-003
          11           9  -31.5470009      -71.7409973       1.4910360587236937E-003
          11          10  -31.5470009      -71.7409973       1.4910360587236937E-003
          11          11  -31.5470009      -71.7409973       1.4235566086426843E-003
