           1           1  -31.7269993      -71.7409973       2.0641088194679469E-003
           1           2  -31.7269993      -71.7409973       4.4228900806047022E-003
           1           3  -31.7269993      -71.7409973       4.5436323707690462E-003
           1           4  -31.7269993      -71.7409973       4.5333796151680872E-003
           1           5  -31.7269993      -71.7409973       4.6887528878869489E-003
           1           6  -31.7269993      -71.7409973       2.3173928930191323E-003
           1           7  -31.7269993      -71.7409973       0.0000000000000000     
           1           8  -31.7269993      -71.7409973       8.7821894267108291E-003
           1           9  -31.7269993      -71.7409973       2.6922326360363513E-002
           1          10  -31.7269993      -71.7409973       2.6922326360363513E-002
           1          11  -31.7269993      -71.7409973       2.1965841824567178E-002
           2           1  -31.7089996      -71.7409973       2.5225665012840182E-003
           2           2  -31.7089996      -71.7409973       4.2706656968221068E-003
           2           3  -31.7089996      -71.7409973       4.2195652204100043E-003
           2           4  -31.7089996      -71.7409973       4.6233975153882056E-003
           2           5  -31.7089996      -71.7409973       4.8251192492898554E-003
           2           6  -31.7089996      -71.7409973       1.9430971296969801E-003
           2           7  -31.7089996      -71.7409973       0.0000000000000000     
           2           8  -31.7089996      -71.7409973       8.7564549176022410E-003
           2           9  -31.7089996      -71.7409973       2.3105138767277822E-002
           2          10  -31.7089996      -71.7409973       3.4846040769480169E-002
           2          11  -31.7089996      -71.7409973       2.9124887194484472E-002
           3           1  -31.6910000      -71.7409973       3.3281957003055140E-003
           3           2  -31.6910000      -71.7409973       3.3889139594975859E-003
           3           3  -31.6910000      -71.7409973       3.3281957003055140E-003
           3           4  -31.6910000      -71.7409973       3.1694406352471560E-003
           3           5  -31.6910000      -71.7409973       3.1694406352471560E-003
           3           6  -31.6910000      -71.7409973       2.8923446516273543E-003
           3           7  -31.6910000      -71.7409973       2.0049309532623738E-003
           3           8  -31.6910000      -71.7409973       1.0427773755509406E-002
           3           9  -31.6910000      -71.7409973       2.4105871911160648E-002
           3          10  -31.6910000      -71.7409973       3.2666002109181136E-002
           3          11  -31.6910000      -71.7409973       2.8187576390337199E-002
           4           1  -31.6730003      -71.7409973       4.1753863624762744E-003
           4           2  -31.6730003      -71.7409973       4.4895845130668022E-003
           4           3  -31.6730003      -71.7409973       4.3408905330579728E-003
           4           4  -31.6730003      -71.7409973       6.6967446327907965E-003
           4           5  -31.6730003      -71.7409973       6.0423831600928679E-003
           4           6  -31.6730003      -71.7409973       5.2683746471302584E-003
           4           7  -31.6730003      -71.7409973       4.8788977146614343E-003
           4           8  -31.6730003      -71.7409973       1.2612124788574874E-002
           4           9  -31.6730003      -71.7409973       1.8557626986876130E-002
           4          10  -31.6730003      -71.7409973       3.5230186709668487E-002
           4          11  -31.6730003      -71.7409973       3.6506390606518835E-002
           5           1  -31.6550007      -71.7409973       4.9348030006513000E-003
           5           2  -31.6550007      -71.7409973       4.2217362206429243E-003
           5           3  -31.6550007      -71.7409973       4.6279458911158144E-003
           5           4  -31.6550007      -71.7409973       8.5812223551329225E-003
           5           5  -31.6550007      -71.7409973       8.8477234530728310E-003
           5           6  -31.6550007      -71.7409973       9.0831882262136787E-003
           5           7  -31.6550007      -71.7409973       9.0923130446753930E-003
           5           8  -31.6550007      -71.7409973       1.4671890006866306E-002
           5           9  -31.6550007      -71.7409973       2.0509721944108605E-002
           5          10  -31.6550007      -71.7409973       4.1521122679114342E-002
           5          11  -31.6550007      -71.7409973       3.5942884627729654E-002
           6           1  -31.6369991      -71.7409973       4.3982333736494184E-003
           6           2  -31.6369991      -71.7409973       4.2627212824299932E-003
           6           3  -31.6369991      -71.7409973       4.4267858611419797E-003
           6           4  -31.6369991      -71.7409973       9.6076994086615741E-003
           6           5  -31.6369991      -71.7409973       9.5910588279366493E-003
           6           6  -31.6369991      -71.7409973       9.5831793732941151E-003
           6           7  -31.6369991      -71.7409973       9.6161004184978083E-003
           6           8  -31.6369991      -71.7409973       1.5413429486216046E-002
           6           9  -31.6369991      -71.7409973       2.3497773800045252E-002
           6          10  -31.6369991      -71.7409973       3.9088035468012094E-002
           6          11  -31.6369991      -71.7409973       3.8248822093009949E-002
           7           1  -31.6189995      -71.7409973       3.5999340470880270E-003
           7           2  -31.6189995      -71.7409973       3.4648856380954385E-003
           7           3  -31.6189995      -71.7409973       5.1194459374528378E-003
           7           4  -31.6189995      -71.7409973       8.2241847412660718E-003
           7           5  -31.6189995      -71.7409973       8.7054647738113999E-003
           7           6  -31.6189995      -71.7409973       8.9919996389653534E-003
           7           7  -31.6189995      -71.7409973       1.0503861325560138E-002
           7           8  -31.6189995      -71.7409973       1.6125776004628278E-002
           7           9  -31.6189995      -71.7409973       2.9667012160643935E-002
           7          10  -31.6189995      -71.7409973       3.6196609027683735E-002
           7          11  -31.6189995      -71.7409973       3.5393549362197518E-002
           8           1  -31.6009998      -71.7409973       2.6504431953071617E-003
           8           2  -31.6009998      -71.7409973       2.1587833034573123E-003
           8           3  -31.6009998      -71.7409973       5.0796746800187975E-003
           8           4  -31.6009998      -71.7409973       7.0263263187371194E-003
           8           5  -31.6009998      -71.7409973       6.2357758288271725E-003
           8           6  -31.6009998      -71.7409973       5.3558360959868878E-003
           8           7  -31.6009998      -71.7409973       8.0218026414513588E-003
           8           8  -31.6009998      -71.7409973       1.8218615128716920E-002
           8           9  -31.6009998      -71.7409973       3.0962036689743400E-002
           8          10  -31.6009998      -71.7409973       3.1200114870443940E-002
           8          11  -31.6009998      -71.7409973       3.0416060704737902E-002
           9           1  -31.5830002      -71.7409973       1.9538976193871349E-003
           9           2  -31.5830002      -71.7409973       2.1512976236408576E-003
           9           3  -31.5830002      -71.7409973       3.9558343996759504E-003
           9           4  -31.5830002      -71.7409973       4.4467461411841214E-003
           9           5  -31.5830002      -71.7409973       3.8754866109229624E-003
           9           6  -31.5830002      -71.7409973       3.1050368852447718E-003
           9           7  -31.5830002      -71.7409973       4.9877207493409514E-003
           9           8  -31.5830002      -71.7409973       2.2865985840326175E-002
           9           9  -31.5830002      -71.7409973       2.9930082710052375E-002
           9          10  -31.5830002      -71.7409973       2.9930082710052375E-002
           9          11  -31.5830002      -71.7409973       3.0029633478989126E-002
          10           1  -31.5650005      -71.7409973       1.5234724487527274E-003
          10           2  -31.5650005      -71.7409973       2.3731924011372030E-003
          10           3  -31.5650005      -71.7409973       2.3964810825418681E-003
          10           4  -31.5650005      -71.7409973       2.7119709993712604E-003
          10           5  -31.5650005      -71.7409973       3.0814706369710620E-003
          10           6  -31.5650005      -71.7409973       1.7739134782459587E-003
          10           7  -31.5650005      -71.7409973       3.7942145718261600E-003
          10           8  -31.5650005      -71.7409973       2.5849902187474072E-002
          10           9  -31.5650005      -71.7409973       2.8985278695472516E-002
          10          10  -31.5650005      -71.7409973       2.7920790802454576E-002
          10          11  -31.5650005      -71.7409973       2.7242735493928194E-002
          11           1  -31.5470009      -71.7409973       1.3959045900264755E-003
          11           2  -31.5470009      -71.7409973       3.1282998970709741E-003
          11           3  -31.5470009      -71.7409973       2.9580468544736505E-003
          11           4  -31.5470009      -71.7409973       2.7471707726363093E-003
          11           5  -31.5470009      -71.7409973       2.9255465487949550E-003
          11           6  -31.5470009      -71.7409973       3.0091276858001947E-004
          11           7  -31.5470009      -71.7409973       5.0716143450699747E-003
          11           8  -31.5470009      -71.7409973       2.2173429490067065E-002
          11           9  -31.5470009      -71.7409973       2.3024800815619528E-002
          11          10  -31.5470009      -71.7409973       2.3024800815619528E-002
          11          11  -31.5470009      -71.7409973       2.3070893366821110E-002
