           1           1  -31.7269993      -71.7409973       9.7651604737620801E-003
           1           2  -31.7269993      -71.7409973       1.1630777473328635E-002
           1           3  -31.7269993      -71.7409973       1.0609735938487574E-002
           1           4  -31.7269993      -71.7409973       6.8273162469267845E-004
           1           5  -31.7269993      -71.7409973       1.8643968505784869E-003
           1           6  -31.7269993      -71.7409973       4.9640385041129775E-003
           1           7  -31.7269993      -71.7409973       5.4946617456153035E-003
           1           8  -31.7269993      -71.7409973       5.4946617456153035E-003
           1           9  -31.7269993      -71.7409973       5.3980511438567191E-003
           1          10  -31.7269993      -71.7409973       5.3980511438567191E-003
           1          11  -31.7269993      -71.7409973       5.3725632897112519E-003
           2           1  -31.7089996      -71.7409973       1.5948218875564635E-002
           2           2  -31.7089996      -71.7409973       2.0571449771523476E-002
           2           3  -31.7089996      -71.7409973       1.6093509562779218E-002
           2           4  -31.7089996      -71.7409973       1.1553006770554930E-003
           2           5  -31.7089996      -71.7409973       6.8643043050542474E-005
           2           6  -31.7089996      -71.7409973       2.9617532854899764E-003
           2           7  -31.7089996      -71.7409973       4.1285445913672447E-003
           2           8  -31.7089996      -71.7409973       5.8660910508478992E-003
           2           9  -31.7089996      -71.7409973       7.2864066387410276E-003
           2          10  -31.7089996      -71.7409973       6.0455679486040026E-003
           2          11  -31.7089996      -71.7409973       8.3238555816933513E-003
           3           1  -31.6910000      -71.7409973       2.8977010049857199E-002
           3           2  -31.6910000      -71.7409973       2.7661686181090772E-002
           3           3  -31.6910000      -71.7409973       1.8656904052477330E-002
           3           4  -31.6910000      -71.7409973       6.9757849560119212E-003
           3           5  -31.6910000      -71.7409973       6.9757849560119212E-003
           3           6  -31.6910000      -71.7409973       7.0407755847554654E-003
           3           7  -31.6910000      -71.7409973       1.2713026779238135E-002
           3           8  -31.6910000      -71.7409973       1.2919036729726940E-002
           3           9  -31.6910000      -71.7409973       1.2919036729726940E-002
           3          10  -31.6910000      -71.7409973       1.2919036729726940E-002
           3          11  -31.6910000      -71.7409973       6.4193877042271197E-003
           4           1  -31.6730003      -71.7409973       3.7341700692195445E-002
           4           2  -31.6730003      -71.7409973       3.8995238050119951E-002
           4           3  -31.6730003      -71.7409973       1.0719404497649521E-002
           4           4  -31.6730003      -71.7409973       1.1700689501594752E-002
           4           5  -31.6730003      -71.7409973       1.1660659045446664E-002
           4           6  -31.6730003      -71.7409973       1.1425989534473047E-002
           4           7  -31.6730003      -71.7409973       1.9292165961815044E-002
           4           8  -31.6730003      -71.7409973       1.9292165961815044E-002
           4           9  -31.6730003      -71.7409973       2.1554337465204298E-002
           4          10  -31.6730003      -71.7409973       1.9075266900472343E-002
           4          11  -31.6730003      -71.7409973       5.8020797659992240E-003
           5           1  -31.6550007      -71.7409973       4.5460081193596125E-002
           5           2  -31.6550007      -71.7409973       4.1700923349708319E-002
           5           3  -31.6550007      -71.7409973       1.1822101077996194E-002
           5           4  -31.6550007      -71.7409973       1.3769320794381201E-002
           5           5  -31.6550007      -71.7409973       1.4956364058889449E-002
           5           6  -31.6550007      -71.7409973       1.4980660169385374E-002
           5           7  -31.6550007      -71.7409973       2.5119693134911358E-002
           5           8  -31.6550007      -71.7409973       2.3494575056247413E-002
           5           9  -31.6550007      -71.7409973       2.2848645108751953E-002
           5          10  -31.6550007      -71.7409973       2.5119693134911358E-002
           5          11  -31.6550007      -71.7409973       6.8724142456630943E-003
           6           1  -31.6369991      -71.7409973       4.5000492595136166E-002
           6           2  -31.6369991      -71.7409973       4.3972452636808157E-002
           6           3  -31.6369991      -71.7409973       1.2307805242016912E-002
           6           4  -31.6369991      -71.7409973       1.4473636867478490E-002
           6           5  -31.6369991      -71.7409973       1.4527118066325784E-002
           6           6  -31.6369991      -71.7409973       1.4499766053631902E-002
           6           7  -31.6369991      -71.7409973       2.3504930781200528E-002
           6           8  -31.6369991      -71.7409973       2.3608318064361811E-002
           6           9  -31.6369991      -71.7409973       2.3466878570616245E-002
           6          10  -31.6369991      -71.7409973       2.2369068581610918E-002
           6          11  -31.6369991      -71.7409973       7.9677089233882725E-003
           7           1  -31.6189995      -71.7409973       4.1035210248082876E-002
           7           2  -31.6189995      -71.7409973       3.9014728739857674E-002
           7           3  -31.6189995      -71.7409973       1.1744673422072083E-002
           7           4  -31.6189995      -71.7409973       1.2185758503619581E-002
           7           5  -31.6189995      -71.7409973       1.2943605717737228E-002
           7           6  -31.6189995      -71.7409973       1.3337110693100840E-002
           7           7  -31.6189995      -71.7409973       2.0340598654001951E-002
           7           8  -31.6189995      -71.7409973       2.0340598654001951E-002
           7           9  -31.6189995      -71.7409973       1.7334889969788492E-002
           7          10  -31.6189995      -71.7409973       1.7456753877922893E-002
           7          11  -31.6189995      -71.7409973       6.3978584948927164E-003
           8           1  -31.6009998      -71.7409973       3.3381353772711009E-002
           8           2  -31.6009998      -71.7409973       3.0242423468735069E-002
           8           3  -31.6009998      -71.7409973       7.9457017855020240E-003
           8           4  -31.6009998      -71.7409973       1.0470276232808828E-002
           8           5  -31.6009998      -71.7409973       8.6001442978158593E-003
           8           6  -31.6009998      -71.7409973       1.0485075684300682E-002
           8           7  -31.6009998      -71.7409973       1.5361301251687109E-002
           8           8  -31.6009998      -71.7409973       1.5361301251687109E-002
           8           9  -31.6009998      -71.7409973       1.6553437446418684E-002
           8          10  -31.6009998      -71.7409973       8.0307482858188450E-003
           8          11  -31.6009998      -71.7409973       3.5326269535289612E-003
           9           1  -31.5830002      -71.7409973       2.2685773612465709E-002
           9           2  -31.5830002      -71.7409973       2.3840038425987586E-002
           9           3  -31.5830002      -71.7409973       3.6771026207134128E-003
           9           4  -31.5830002      -71.7409973       4.2940208804793656E-003
           9           5  -31.5830002      -71.7409973       3.1968968542059883E-003
           9           6  -31.5830002      -71.7409973       8.0214809277094901E-003
           9           7  -31.5830002      -71.7409973       9.6008877735584974E-003
           9           8  -31.5830002      -71.7409973       8.7479094881928177E-003
           9           9  -31.5830002      -71.7409973       8.7479094881928177E-003
           9          10  -31.5830002      -71.7409973       4.4559883535839617E-003
           9          11  -31.5830002      -71.7409973       3.5600212868303061E-003
          10           1  -31.5650005      -71.7409973       1.1358206742443144E-002
          10           2  -31.5650005      -71.7409973       1.0631018609274179E-002
          10           3  -31.5650005      -71.7409973       7.9711008584126830E-004
          10           4  -31.5650005      -71.7409973       0.0000000000000000     
          10           5  -31.5650005      -71.7409973       6.9275022251531482E-003
          10           6  -31.5650005      -71.7409973       4.5977955160196871E-003
          10           7  -31.5650005      -71.7409973       6.9761999475304037E-003
          10           8  -31.5650005      -71.7409973       6.9761999475304037E-003
          10           9  -31.5650005      -71.7409973       5.8144302247455926E-003
          10          10  -31.5650005      -71.7409973       2.5828139623627067E-003
          10          11  -31.5650005      -71.7409973       2.6678593421820551E-003
          11           1  -31.5470009      -71.7409973       4.7926618717610836E-003
          11           2  -31.5470009      -71.7409973       5.5698183132335544E-003
          11           3  -31.5470009      -71.7409973       4.4614989019464701E-003
          11           4  -31.5470009      -71.7409973       5.4290104526444338E-004
          11           5  -31.5470009      -71.7409973       9.4694877043366432E-003
          11           6  -31.5470009      -71.7409973       1.0670557792764157E-002
          11           7  -31.5470009      -71.7409973       8.8472892530262470E-003
          11           8  -31.5470009      -71.7409973       8.8472892530262470E-003
          11           9  -31.5470009      -71.7409973       2.8527656468213536E-003
          11          10  -31.5470009      -71.7409973       2.8527656468213536E-003
          11          11  -31.5470009      -71.7409973       2.5322206638520584E-003
