           1           1  -31.7269993      -71.7409973       4.1758356455829926E-003
           1           2  -31.7269993      -71.7409973       4.3700431997422129E-003
           1           3  -31.7269993      -71.7409973       4.2796842608368024E-003
           1           4  -31.7269993      -71.7409973       3.8232471270021051E-003
           1           5  -31.7269993      -71.7409973       7.7681148832198232E-004
           1           6  -31.7269993      -71.7409973       0.0000000000000000     
           1           7  -31.7269993      -71.7409973       5.8649801940191537E-004
           1           8  -31.7269993      -71.7409973       8.5343162936624140E-004
           1           9  -31.7269993      -71.7409973       2.8593484094017185E-003
           1          10  -31.7269993      -71.7409973       3.2708970720705111E-003
           1          11  -31.7269993      -71.7409973       2.6826664870895911E-003
           2           1  -31.7089996      -71.7409973       3.6137375573161989E-003
           2           2  -31.7089996      -71.7409973       4.1386006414541043E-003
           2           3  -31.7089996      -71.7409973       3.9441570697817951E-003
           2           4  -31.7089996      -71.7409973       2.9628025877173059E-003
           2           5  -31.7089996      -71.7409973       1.8722973327385262E-003
           2           6  -31.7089996      -71.7409973       5.8672926388680935E-004
           2           7  -31.7089996      -71.7409973       3.6175680361338891E-004
           2           8  -31.7089996      -71.7409973       8.4631604840978980E-004
           2           9  -31.7089996      -71.7409973       2.6117283305211458E-003
           2          10  -31.7089996      -71.7409973       4.8872175611904822E-003
           2          11  -31.7089996      -71.7409973       4.5193224505055696E-003
           3           1  -31.6910000      -71.7409973       5.0627324962988496E-003
           3           2  -31.6910000      -71.7409973       4.4992597831878811E-003
           3           3  -31.6910000      -71.7409973       5.0627324962988496E-003
           3           4  -31.6910000      -71.7409973       2.2958054541959427E-003
           3           5  -31.6910000      -71.7409973       6.0182526067364961E-004
           3           6  -31.6910000      -71.7409973       1.0563692630967125E-003
           3           7  -31.6910000      -71.7409973       9.8986907687503844E-004
           3           8  -31.6910000      -71.7409973       1.1023650076822378E-003
           3           9  -31.6910000      -71.7409973       3.7285683501977473E-003
           3          10  -31.6910000      -71.7409973       4.5051253691781312E-003
           3          11  -31.6910000      -71.7409973       4.1690765938255936E-003
           4           1  -31.6730003      -71.7409973       5.6933417217805982E-003
           4           2  -31.6730003      -71.7409973       5.6758882710710168E-003
           4           3  -31.6730003      -71.7409973       5.0551406457088888E-003
           4           4  -31.6730003      -71.7409973       9.7714796720538288E-004
           4           5  -31.6730003      -71.7409973       2.0329116232460365E-003
           4           6  -31.6730003      -71.7409973       2.2421513822337147E-003
           4           7  -31.6730003      -71.7409973       2.2120002845440467E-003
           4           8  -31.6730003      -71.7409973       2.2120002845440467E-003
           4           9  -31.6730003      -71.7409973       4.4071187148801982E-003
           4          10  -31.6730003      -71.7409973       4.5350493164733052E-003
           4          11  -31.6730003      -71.7409973       4.6427607303485274E-003
           5           1  -31.6550007      -71.7409973       6.7775128409266472E-003
           5           2  -31.6550007      -71.7409973       6.7870789207518101E-003
           5           3  -31.6550007      -71.7409973       5.7220594608224928E-003
           5           4  -31.6550007      -71.7409973       4.7179171781408513E-004
           5           5  -31.6550007      -71.7409973       3.6969305365346372E-003
           5           6  -31.6550007      -71.7409973       3.6533374222926795E-003
           5           7  -31.6550007      -71.7409973       3.6969305365346372E-003
           5           8  -31.6550007      -71.7409973       3.4065653162542731E-003
           5           9  -31.6550007      -71.7409973       4.7306898050010204E-003
           5          10  -31.6550007      -71.7409973       4.9981566262431443E-003
           5          11  -31.6550007      -71.7409973       4.7988824662752450E-003
           6           1  -31.6369991      -71.7409973       7.4492569838184863E-003
           6           2  -31.6369991      -71.7409973       7.3544468032196164E-003
           6           3  -31.6369991      -71.7409973       6.5787321655079722E-003
           6           4  -31.6369991      -71.7409973       1.7816847071117081E-004
           6           5  -31.6369991      -71.7409973       3.7820100551471114E-003
           6           6  -31.6369991      -71.7409973       3.7753692013211548E-003
           6           7  -31.6369991      -71.7409973       3.7820100551471114E-003
           6           8  -31.6369991      -71.7409973       3.8511738239321858E-003
           6           9  -31.6369991      -71.7409973       4.9814193043857813E-003
           6          10  -31.6369991      -71.7409973       5.0205553416162729E-003
           6          11  -31.6369991      -71.7409973       4.9668068531900644E-003
           7           1  -31.6189995      -71.7409973       7.7141404326539487E-003
           7           2  -31.6189995      -71.7409973       7.5829834531759843E-003
           7           3  -31.6189995      -71.7409973       6.3923650886863470E-003
           7           4  -31.6189995      -71.7409973       0.0000000000000000     
           7           5  -31.6189995      -71.7409973       3.4563445224193856E-003
           7           6  -31.6189995      -71.7409973       3.7649049190804362E-003
           7           7  -31.6189995      -71.7409973       3.3256803435506299E-003
           7           8  -31.6189995      -71.7409973       3.3214648574357852E-003
           7           9  -31.6189995      -71.7409973       4.5935984817333519E-003
           7          10  -31.6189995      -71.7409973       4.8345101531594992E-003
           7          11  -31.6189995      -71.7409973       4.8052244819700718E-003
           8           1  -31.6009998      -71.7409973       7.3273242232971825E-003
           8           2  -31.6009998      -71.7409973       7.3912027073674835E-003
           8           3  -31.6009998      -71.7409973       5.4090242774691433E-003
           8           4  -31.6009998      -71.7409973       0.0000000000000000     
           8           5  -31.6009998      -71.7409973       2.3168709885794669E-003
           8           6  -31.6009998      -71.7409973       1.5181684721028432E-003
           8           7  -31.6009998      -71.7409973       2.3168709885794669E-003
           8           8  -31.6009998      -71.7409973       2.9480101147782989E-003
           8           9  -31.6009998      -71.7409973       4.5144813484512269E-003
           8          10  -31.6009998      -71.7409973       4.2809574515558779E-003
           8          11  -31.6009998      -71.7409973       4.2583619942888618E-003
           9           1  -31.5830002      -71.7409973       6.3348719268105924E-003
           9           2  -31.5830002      -71.7409973       6.8723206059075892E-003
           9           3  -31.5830002      -71.7409973       4.9835734389489517E-003
           9           4  -31.5830002      -71.7409973       6.6612497903406620E-004
           9           5  -31.5830002      -71.7409973       7.8114574716892093E-004
           9           6  -31.5830002      -71.7409973       1.0338971260352992E-003
           9           7  -31.5830002      -71.7409973       9.8870860529132187E-004
           9           8  -31.5830002      -71.7409973       3.0121054151095450E-003
           9           9  -31.5830002      -71.7409973       3.8855015991430264E-003
           9          10  -31.5830002      -71.7409973       3.8855015991430264E-003
           9          11  -31.5830002      -71.7409973       3.9526003347418737E-003
          10           1  -31.5650005      -71.7409973       5.2750247123185545E-003
          10           2  -31.5650005      -71.7409973       4.8515863309148699E-003
          10           3  -31.5650005      -71.7409973       3.5138974890287500E-003
          10           4  -31.5650005      -71.7409973       1.4367624407896074E-003
          10           5  -31.5650005      -71.7409973       5.2428076014621183E-004
          10           6  -31.5650005      -71.7409973       1.1813408782472834E-003
          10           7  -31.5650005      -71.7409973       1.0042933172371704E-003
          10           8  -31.5650005      -71.7409973       2.5923724533640780E-003
          10           9  -31.5650005      -71.7409973       2.9387948234216310E-003
          10          10  -31.5650005      -71.7409973       3.1650150085624773E-003
          10          11  -31.5650005      -71.7409973       2.6661337433324661E-003
          11           1  -31.5470009      -71.7409973       3.3079356362577528E-003
          11           2  -31.5470009      -71.7409973       3.4683566482271999E-003
          11           3  -31.5470009      -71.7409973       3.2495738851139322E-003
          11           4  -31.5470009      -71.7409973       1.0505800164537504E-003
          11           5  -31.5470009      -71.7409973       0.0000000000000000     
          11           6  -31.5470009      -71.7409973       1.4705003923154436E-003
          11           7  -31.5470009      -71.7409973       1.7623299936531112E-003
          11           8  -31.5470009      -71.7409973       2.0019101352772850E-003
          11           9  -31.5470009      -71.7409973       1.9874958525178954E-003
          11          10  -31.5470009      -71.7409973       1.9096711876045447E-003
          11          11  -31.5470009      -71.7409973       1.7265160095121246E-003
