           1           1  -31.7269993      -71.7409973       4.6775459195487201E-003
           1           2  -31.7269993      -71.7409973       4.5975870671099983E-003
           1           3  -31.7269993      -71.7409973       2.0294861169531941E-003
           1           4  -31.7269993      -71.7409973       1.9642836996354163E-003
           1           5  -31.7269993      -71.7409973       1.4625007825088687E-003
           1           6  -31.7269993      -71.7409973       2.0033197979500983E-003
           1           7  -31.7269993      -71.7409973       2.1920512735960074E-003
           1           8  -31.7269993      -71.7409973       2.1920512735960074E-003
           1           9  -31.7269993      -71.7409973       2.1499423528439365E-003
           1          10  -31.7269993      -71.7409973       9.4067157669996959E-004
           1          11  -31.7269993      -71.7409973       0.0000000000000000     
           2           1  -31.7089996      -71.7409973       5.4021625110181049E-003
           2           2  -31.7089996      -71.7409973       5.6679140543565154E-003
           2           3  -31.7089996      -71.7409973       1.2429294292815030E-004
           2           4  -31.7089996      -71.7409973       2.0110958516852406E-003
           2           5  -31.7089996      -71.7409973       2.4843514911481179E-003
           2           6  -31.7089996      -71.7409973       2.3590719902131241E-003
           2           7  -31.7089996      -71.7409973       1.9372787746760878E-003
           2           8  -31.7089996      -71.7409973       1.9372787746760878E-003
           2           9  -31.7089996      -71.7409973       2.2761150157748489E-003
           2          10  -31.7089996      -71.7409973       1.7691076209302992E-005
           2          11  -31.7089996      -71.7409973       4.0002691093832254E-005
           3           1  -31.6910000      -71.7409973       8.2918228108610492E-003
           3           2  -31.6910000      -71.7409973       4.8264469514833763E-003
           3           3  -31.6910000      -71.7409973       0.0000000000000000     
           3           4  -31.6910000      -71.7409973       1.7885729102999903E-003
           3           5  -31.6910000      -71.7409973       2.6448582939337939E-003
           3           6  -31.6910000      -71.7409973       2.8182430542074144E-003
           3           7  -31.6910000      -71.7409973       3.0597261284128763E-003
           3           8  -31.6910000      -71.7409973       3.0181522306520492E-003
           3           9  -31.6910000      -71.7409973       6.7823714925907552E-004
           3          10  -31.6910000      -71.7409973       5.4932263446971774E-004
           3          11  -31.6910000      -71.7409973       4.8607634380459785E-004
           4           1  -31.6730003      -71.7409973       9.1582963650580496E-003
           4           2  -31.6730003      -71.7409973       3.4624405889189802E-003
           4           3  -31.6730003      -71.7409973       0.0000000000000000     
           4           4  -31.6730003      -71.7409973       1.5728614698673482E-003
           4           5  -31.6730003      -71.7409973       4.4125450544925116E-003
           4           6  -31.6730003      -71.7409973       4.3486770518939011E-003
           4           7  -31.6730003      -71.7409973       4.4125450544925116E-003
           4           8  -31.6730003      -71.7409973       4.3532787749427371E-003
           4           9  -31.6730003      -71.7409973       1.1342908128426643E-003
           4          10  -31.6730003      -71.7409973       9.6709415993245784E-004
           4          11  -31.6730003      -71.7409973       1.0553479442023672E-003
           5           1  -31.6550007      -71.7409973       9.3495746841654181E-003
           5           2  -31.6550007      -71.7409973       3.0565792549168691E-003
           5           3  -31.6550007      -71.7409973       8.8825001148506999E-004
           5           4  -31.6550007      -71.7409973       1.7742715426720679E-003
           5           5  -31.6550007      -71.7409973       5.7732700952328742E-003
           5           6  -31.6550007      -71.7409973       5.7249295059591532E-003
           5           7  -31.6550007      -71.7409973       5.7732700952328742E-003
           5           8  -31.6550007      -71.7409973       4.8364423273596913E-003
           5           9  -31.6550007      -71.7409973       1.2955102283740416E-003
           5          10  -31.6550007      -71.7409973       1.4557101276295725E-003
           5          11  -31.6550007      -71.7409973       1.1453969782451168E-003
           6           1  -31.6369991      -71.7409973       8.8221440091729164E-003
           6           2  -31.6369991      -71.7409973       1.7173716405523010E-003
           6           3  -31.6369991      -71.7409973       1.6026960511226207E-003
           6           4  -31.6369991      -71.7409973       2.6933173357974738E-003
           6           5  -31.6369991      -71.7409973       5.4244046914391220E-003
           6           6  -31.6369991      -71.7409973       5.4162622545845807E-003
           6           7  -31.6369991      -71.7409973       5.4244046914391220E-003
           6           8  -31.6369991      -71.7409973       4.0725404396653175E-003
           6           9  -31.6369991      -71.7409973       1.4839989544270793E-003
           6          10  -31.6369991      -71.7409973       1.5066020042695527E-003
           6          11  -31.6369991      -71.7409973       1.0808389233716298E-003
           7           1  -31.6189995      -71.7409973       6.9735298748128116E-003
           7           2  -31.6189995      -71.7409973       9.7185964841628447E-004
           7           3  -31.6189995      -71.7409973       1.5616862110618968E-003
           7           4  -31.6189995      -71.7409973       3.6620711248360749E-003
           7           5  -31.6189995      -71.7409973       4.8053358332253993E-003
           7           6  -31.6189995      -71.7409973       5.0161357503384352E-003
           7           7  -31.6189995      -71.7409973       4.6381416614167392E-003
           7           8  -31.6189995      -71.7409973       2.8536113677546382E-003
           7           9  -31.6189995      -71.7409973       1.0206849328824319E-003
           7          10  -31.6189995      -71.7409973       1.2903757742606103E-003
           7          11  -31.6189995      -71.7409973       8.4817450442642439E-004
           8           1  -31.6009998      -71.7409973       5.5997449671849608E-003
           8           2  -31.6009998      -71.7409973       5.2671734010800719E-004
           8           3  -31.6009998      -71.7409973       2.0281260694900993E-003
           8           4  -31.6009998      -71.7409973       3.9988592398003675E-003
           8           5  -31.6009998      -71.7409973       3.6391137509781402E-003
           8           6  -31.6009998      -71.7409973       3.2403721779701300E-003
           8           7  -31.6009998      -71.7409973       3.6391137509781402E-003
           8           8  -31.6009998      -71.7409973       1.3148759171599522E-003
           8           9  -31.6009998      -71.7409973       8.6799943801452173E-004
           8          10  -31.6009998      -71.7409973       6.1534475025837310E-004
           8          11  -31.6009998      -71.7409973       2.7449384651845321E-004
           9           1  -31.5830002      -71.7409973       4.5562663071905263E-003
           9           2  -31.5830002      -71.7409973       6.0081476112827659E-004
           9           3  -31.5830002      -71.7409973       2.4841064405336510E-003
           9           4  -31.5830002      -71.7409973       3.7725820584455505E-003
           9           5  -31.5830002      -71.7409973       3.8923434403841384E-003
           9           6  -31.5830002      -71.7409973       4.0277640873682685E-003
           9           7  -31.5830002      -71.7409973       3.1985030000214465E-003
           9           8  -31.5830002      -71.7409973       6.0706856311298907E-004
           9           9  -31.5830002      -71.7409973       1.2334607163211331E-004
           9          10  -31.5830002      -71.7409973       1.2334607163211331E-004
           9          11  -31.5830002      -71.7409973       2.7651959680952132E-004
          10           1  -31.5650005      -71.7409973       4.0531209451728500E-003
          10           2  -31.5650005      -71.7409973       8.1627600593492389E-004
          10           3  -31.5650005      -71.7409973       3.5821029487124179E-003
          10           4  -31.5650005      -71.7409973       4.0889177835197188E-003
          10           5  -31.5650005      -71.7409973       3.5192970681237057E-003
          10           6  -31.5650005      -71.7409973       3.7852898167329840E-003
          10           7  -31.5650005      -71.7409973       2.0451482923817821E-003
          10           8  -31.5650005      -71.7409973       8.0141229227592703E-004
          10           9  -31.5650005      -71.7409973       1.8374076171312481E-004
          10          10  -31.5650005      -71.7409973       0.0000000000000000     
          10          11  -31.5650005      -71.7409973       2.4357507936656475E-003
          11           1  -31.5470009      -71.7409973       3.1187626300379634E-003
          11           2  -31.5470009      -71.7409973       1.3897808094043285E-003
          11           3  -31.5470009      -71.7409973       2.5926650596375111E-003
          11           4  -31.5470009      -71.7409973       2.9392410724540241E-003
          11           5  -31.5470009      -71.7409973       2.8911196131957695E-003
          11           6  -31.5470009      -71.7409973       2.5926650596375111E-003
          11           7  -31.5470009      -71.7409973       1.6548224884900264E-003
          11           8  -31.5470009      -71.7409973       7.6641849750558322E-004
          11           9  -31.5470009      -71.7409973       5.7670072419568896E-004
          11          10  -31.5470009      -71.7409973       0.0000000000000000     
          11          11  -31.5470009      -71.7409973       3.4381076402496547E-003
