           1           1  -31.7269993      -71.7409973       1.0606861906126142E-005
           1           2  -31.7269993      -71.7409973       3.1126728572417051E-004
           1           3  -31.7269993      -71.7409973       5.7724814541870728E-004
           1           4  -31.7269993      -71.7409973       8.5629077511839569E-004
           1           5  -31.7269993      -71.7409973       7.0169915852602571E-004
           1           6  -31.7269993      -71.7409973       4.5338164636632428E-004
           1           7  -31.7269993      -71.7409973       3.3965846658645660E-004
           1           8  -31.7269993      -71.7409973       2.2216212528292090E-004
           1           9  -31.7269993      -71.7409973       0.0000000000000000     
           1          10  -31.7269993      -71.7409973       3.2743147494329605E-004
           1          11  -31.7269993      -71.7409973       2.9634597831318388E-004
           2           1  -31.7089996      -71.7409973       0.0000000000000000     
           2           2  -31.7089996      -71.7409973       7.1634330743108876E-004
           2           3  -31.7089996      -71.7409973       8.6839410505490378E-004
           2           4  -31.7089996      -71.7409973       8.6106043863765080E-004
           2           5  -31.7089996      -71.7409973       9.7524985176278278E-004
           2           6  -31.7089996      -71.7409973       6.6679260635282844E-004
           2           7  -31.7089996      -71.7409973       3.3779571094783023E-004
           2           8  -31.7089996      -71.7409973       0.0000000000000000     
           2           9  -31.7089996      -71.7409973       6.9049747253302485E-006
           2          10  -31.7089996      -71.7409973       3.2506924890185473E-004
           2          11  -31.7089996      -71.7409973       5.9944085114693735E-004
           3           1  -31.6910000      -71.7409973       0.0000000000000000     
           3           2  -31.6910000      -71.7409973       4.8036565976872225E-004
           3           3  -31.6910000      -71.7409973       1.1716282388078980E-003
           3           4  -31.6910000      -71.7409973       9.5301376859424636E-004
           3           5  -31.6910000      -71.7409973       9.5301376859424636E-004
           3           6  -31.6910000      -71.7409973       9.4581666780868545E-004
           3           7  -31.6910000      -71.7409973       2.8739424305967987E-004
           3           8  -31.6910000      -71.7409973       9.2037689682911150E-005
           3           9  -31.6910000      -71.7409973       9.2037689682911150E-005
           3          10  -31.6910000      -71.7409973       1.8396425912214909E-004
           3          11  -31.6910000      -71.7409973       8.1011693146137986E-004
           4           1  -31.6730003      -71.7409973       1.4434823242481798E-004
           4           2  -31.6730003      -71.7409973       4.4803632408729754E-004
           4           3  -31.6730003      -71.7409973       1.4294116335804574E-003
           4           4  -31.6730003      -71.7409973       1.3958645067759790E-003
           4           5  -31.6730003      -71.7409973       1.3814111662213691E-003
           4           6  -31.6730003      -71.7409973       1.3610324749606661E-003
           4           7  -31.6730003      -71.7409973       2.5810656438807200E-004
           4           8  -31.6730003      -71.7409973       2.5810656438807200E-004
           4           9  -31.6730003      -71.7409973       3.1801031218492426E-004
           4          10  -31.6730003      -71.7409973       1.7798438602767419E-004
           4          11  -31.6730003      -71.7409973       1.1410395236453041E-003
           5           1  -31.6550007      -71.7409973       3.8839355374875595E-004
           5           2  -31.6550007      -71.7409973       3.9609146915609017E-004
           5           3  -31.6550007      -71.7409973       1.5943583566695452E-003
           5           4  -31.6550007      -71.7409973       1.5461109433090314E-003
           5           5  -31.6550007      -71.7409973       1.6949177661444992E-003
           5           6  -31.6550007      -71.7409973       1.6888055251911283E-003
           5           7  -31.6550007      -71.7409973       4.1483479253656697E-004
           5           8  -31.6550007      -71.7409973       3.8247546581260394E-004
           5           9  -31.6550007      -71.7409973       3.7183425411058124E-004
           5          10  -31.6550007      -71.7409973       1.8909155437540903E-004
           5          11  -31.6550007      -71.7409973       1.2317026412347332E-003
           6           1  -31.6369991      -71.7409973       5.2033907377335709E-004
           6           2  -31.6369991      -71.7409973       5.4089787590783089E-004
           6           3  -31.6369991      -71.7409973       1.6004785429686308E-003
           6           4  -31.6369991      -71.7409973       1.5902900195214897E-003
           6           5  -31.6369991      -71.7409973       1.5971997636370361E-003
           6           6  -31.6369991      -71.7409973       1.5938640863168985E-003
           6           7  -31.6369991      -71.7409973       4.2242041763529414E-004
           6           8  -31.6369991      -71.7409973       4.2288208442187170E-004
           6           9  -31.6369991      -71.7409973       4.1410047333556577E-004
           6          10  -31.6369991      -71.7409973       2.7788017541752197E-004
           6          11  -31.6369991      -71.7409973       1.3888844987377524E-003
           7           1  -31.6189995      -71.7409973       5.5575943406438455E-004
           7           2  -31.6189995      -71.7409973       8.5340224904939532E-004
           7           3  -31.6189995      -71.7409973       1.3649082829942927E-003
           7           4  -31.6189995      -71.7409973       1.4132157375570387E-003
           7           5  -31.6189995      -71.7409973       1.4517074014293030E-003
           7           6  -31.6189995      -71.7409973       1.4491387701127678E-003
           7           7  -31.6189995      -71.7409973       3.6656557495007291E-004
           7           8  -31.6189995      -71.7409973       3.6656557495007291E-004
           7           9  -31.6189995      -71.7409973       2.7969601251243148E-004
           7          10  -31.6189995      -71.7409973       3.8440292064478854E-004
           7          11  -31.6189995      -71.7409973       1.2844109151046723E-003
           8           1  -31.6009998      -71.7409973       7.4400630910531618E-004
           8           2  -31.6009998      -71.7409973       1.0439058860356454E-003
           8           3  -31.6009998      -71.7409973       1.1453773695393465E-003
           8           4  -31.6009998      -71.7409973       1.3470231497194618E-003
           8           5  -31.6009998      -71.7409973       1.2332132973824628E-003
           8           6  -31.6009998      -71.7409973       6.5524403635208728E-004
           8           7  -31.6009998      -71.7409973       2.3584886275784811E-004
           8           8  -31.6009998      -71.7409973       2.3584886275784811E-004
           8           9  -31.6009998      -71.7409973       2.5093904343975737E-004
           8          10  -31.6009998      -71.7409973       5.8185307898384053E-004
           8          11  -31.6009998      -71.7409973       9.3313477191259153E-004
           9           1  -31.5830002      -71.7409973       9.3350156112137483E-004
           9           2  -31.5830002      -71.7409973       1.2658249579544645E-003
           9           3  -31.5830002      -71.7409973       1.1739971523638815E-003
           9           4  -31.5830002      -71.7409973       1.2274425171199255E-003
           9           5  -31.5830002      -71.7409973       1.2213302761665545E-003
           9           6  -31.5830002      -71.7409973       2.3931531177368015E-004
           9           7  -31.5830002      -71.7409973       1.0353777997806901E-004
           9           8  -31.5830002      -71.7409973       1.6363912072847597E-004
           9           9  -31.5830002      -71.7409973       1.6363912072847597E-004
           9          10  -31.5830002      -71.7409973       6.3322545975097455E-004
           9          11  -31.5830002      -71.7409973       6.7273987224325538E-004
          10           1  -31.5650005      -71.7409973       1.1845233093481511E-003
          10           2  -31.5650005      -71.7409973       1.2242104394317721E-003
          10           3  -31.5650005      -71.7409973       1.1495969565658015E-003
          10           4  -31.5650005      -71.7409973       1.2390767087708809E-003
          10           5  -31.5650005      -71.7409973       9.9045735260006040E-004
          10           6  -31.5650005      -71.7409973       1.3546564150601625E-004
          10           7  -31.5650005      -71.7409973       1.7245163053303258E-004
          10           8  -31.5650005      -71.7409973       1.7245163053303258E-004
          10           9  -31.5650005      -71.7409973       2.8161423870187718E-004
          10          10  -31.5650005      -71.7409973       5.8663650492007946E-004
          10          11  -31.5650005      -71.7409973       5.4626190831186250E-004
          11           1  -31.5470009      -71.7409973       8.5627496082452126E-004
          11           2  -31.5470009      -71.7409973       8.4387841343414038E-004
          11           3  -31.5470009      -71.7409973       8.5016271987115033E-004
          11           4  -31.5470009      -71.7409973       9.4395746054942720E-004
          11           5  -31.5470009      -71.7409973       6.5368429204681888E-004
          11           6  -31.5470009      -71.7409973       4.2217394366161898E-005
          11           7  -31.5470009      -71.7409973       8.6621057562297210E-005
          11           8  -31.5470009      -71.7409973       8.6621057562297210E-005
          11           9  -31.5470009      -71.7409973       5.2385275012056809E-004
          11          10  -31.5470009      -71.7409973       5.7513271349307615E-004
          11          11  -31.5470009      -71.7409973       5.9632431111822370E-004
