           1           1  -31.7269993      -71.7409973       1.2277284949959721E-003
           1           2  -31.7269993      -71.7409973       1.1735259759007022E-003
           1           3  -31.7269993      -71.7409973       1.2242648954270408E-003
           1           4  -31.7269993      -71.7409973       1.3116704212734476E-003
           1           5  -31.7269993      -71.7409973       1.0950443429464940E-003
           1           6  -31.7269993      -71.7409973       1.7585502064321190E-004
           1           7  -31.7269993      -71.7409973       9.4833515322534367E-004
           1           8  -31.7269993      -71.7409973       9.4833515322534367E-004
           1           9  -31.7269993      -71.7409973       7.2791008278727531E-004
           1          10  -31.7269993      -71.7409973       7.2735801950329915E-004
           1          11  -31.7269993      -71.7409973       6.6899320160018760E-004
           2           1  -31.7089996      -71.7409973       1.5508080614381470E-003
           2           2  -31.7089996      -71.7409973       1.8333766201976687E-003
           2           3  -31.7089996      -71.7409973       1.7085614963434637E-003
           2           4  -31.7089996      -71.7409973       1.4145323148113675E-003
           2           5  -31.7089996      -71.7409973       1.2210463210067246E-003
           2           6  -31.7089996      -71.7409973       2.8601190570043400E-004
           2           7  -31.7089996      -71.7409973       1.0163185347664694E-003
           2           8  -31.7089996      -71.7409973       1.0163185347664694E-003
           2           9  -31.7089996      -71.7409973       9.7494447254575789E-004
           2          10  -31.7089996      -71.7409973       1.3286476369103184E-003
           2          11  -31.7089996      -71.7409973       9.0031279250979424E-004
           3           1  -31.6910000      -71.7409973       2.2717436113453005E-003
           3           2  -31.6910000      -71.7409973       2.1494246466318145E-003
           3           3  -31.6910000      -71.7409973       2.2717436113453005E-003
           3           4  -31.6910000      -71.7409973       2.0922097719449084E-003
           3           5  -31.6910000      -71.7409973       7.7278350727283396E-004
           3           6  -31.6910000      -71.7409973       1.5625001105945557E-004
           3           7  -31.6910000      -71.7409973       1.4554334247804945E-003
           3           8  -31.6910000      -71.7409973       1.4960080006858334E-003
           3           9  -31.6910000      -71.7409973       1.4960080006858334E-003
           3          10  -31.6910000      -71.7409973       1.4960080006858334E-003
           3          11  -31.6910000      -71.7409973       1.3729392085224390E-003
           4           1  -31.6730003      -71.7409973       2.6417218177812174E-003
           4           2  -31.6730003      -71.7409973       2.7233647560933605E-003
           4           3  -31.6730003      -71.7409973       2.6837902987608686E-003
           4           4  -31.6730003      -71.7409973       2.4988807999761775E-003
           4           5  -31.6730003      -71.7409973       4.3117518725921400E-004
           4           6  -31.6730003      -71.7409973       1.5329005191233591E-004
           4           7  -31.6730003      -71.7409973       1.4110146512393840E-003
           4           8  -31.6730003      -71.7409973       1.9546893654478481E-003
           4           9  -31.6730003      -71.7409973       2.1235934618744068E-003
           4          10  -31.6730003      -71.7409973       1.9186502540833317E-003
           4          11  -31.6730003      -71.7409973       1.7682860197965056E-003
           5           1  -31.6550007      -71.7409973       2.9951120086479932E-003
           5           2  -31.6550007      -71.7409973       2.8138867055531591E-003
           5           3  -31.6550007      -71.7409973       2.9151497292332351E-003
           5           4  -31.6550007      -71.7409973       2.5651533214841038E-003
           5           5  -31.6550007      -71.7409973       2.6690923186833970E-004
           5           6  -31.6550007      -71.7409973       4.8871232502278872E-004
           5           7  -31.6550007      -71.7409973       1.7192032246384770E-003
           5           8  -31.6550007      -71.7409973       2.2502902720589191E-003
           5           9  -31.6550007      -71.7409973       2.2134380269562826E-003
           5          10  -31.6550007      -71.7409973       2.4104456097120419E-003
           5          11  -31.6550007      -71.7409973       1.7281070904573426E-003
           6           1  -31.6369991      -71.7409973       2.9727957735303789E-003
           6           2  -31.6369991      -71.7409973       2.9325188661459833E-003
           6           3  -31.6369991      -71.7409973       2.9701811145059764E-003
           6           4  -31.6369991      -71.7409973       2.3896919446997344E-003
           6           5  -31.6369991      -71.7409973       4.8191372843575664E-004
           6           6  -31.6369991      -71.7409973       6.7808530184265692E-004
           6           7  -31.6369991      -71.7409973       1.7915104399435222E-003
           6           8  -31.6369991      -71.7409973       2.2686347074341029E-003
           6           9  -31.6369991      -71.7409973       2.2863873455207795E-003
           6          10  -31.6369991      -71.7409973       2.2770824725739658E-003
           6          11  -31.6369991      -71.7409973       1.3726033794227988E-003
           7           1  -31.6189995      -71.7409973       2.8228287119418383E-003
           7           2  -31.6189995      -71.7409973       2.8153305465821177E-003
           7           3  -31.6189995      -71.7409973       2.7639223262667656E-003
           7           4  -31.6189995      -71.7409973       2.0005015103379264E-003
           7           5  -31.6189995      -71.7409973       6.1144909705035388E-004
           7           6  -31.6189995      -71.7409973       7.8602437133667991E-004
           7           7  -31.6189995      -71.7409973       1.9473428255878389E-003
           7           8  -31.6189995      -71.7409973       2.0051410247106105E-003
           7           9  -31.6189995      -71.7409973       1.7889572336571291E-003
           7          10  -31.6189995      -71.7409973       2.0051410247106105E-003
           7          11  -31.6189995      -71.7409973       7.7150345168774948E-004
           8           1  -31.6009998      -71.7409973       2.5340828979096841E-003
           8           2  -31.6009998      -71.7409973       2.4618268216727301E-003
           8           3  -31.6009998      -71.7409973       2.4475337813782971E-003
           8           4  -31.6009998      -71.7409973       1.7909667367348447E-003
           8           5  -31.6009998      -71.7409973       4.4293503015069291E-004
           8           6  -31.6009998      -71.7409973       1.1763333313865587E-003
           8           7  -31.6009998      -71.7409973       1.7110712542489637E-003
           8           8  -31.6009998      -71.7409973       1.7110712542489637E-003
           8           9  -31.6009998      -71.7409973       1.7781099813873880E-003
           8          10  -31.6009998      -71.7409973       1.5626932545274030E-003
           8          11  -31.6009998      -71.7409973       2.4339626224900712E-004
           9           1  -31.5830002      -71.7409973       1.9936492462875322E-003
           9           2  -31.5830002      -71.7409973       2.1986830106470734E-003
           9           3  -31.5830002      -71.7409973       1.9936492462875322E-003
           9           4  -31.5830002      -71.7409973       1.2948154762852937E-003
           9           5  -31.5830002      -71.7409973       1.9367811182746664E-004
           9           6  -31.5830002      -71.7409973       1.6774446849012747E-003
           9           7  -31.5830002      -71.7409973       1.6345767071470618E-003
           9           8  -31.5830002      -71.7409973       1.6929605299083050E-003
           9           9  -31.5830002      -71.7409973       1.6929605299083050E-003
           9          10  -31.5830002      -71.7409973       1.1671282313727716E-003
           9          11  -31.5830002      -71.7409973       1.9196056291548302E-004
          10           1  -31.5650005      -71.7409973       1.4938511121727061E-003
          10           2  -31.5650005      -71.7409973       1.3646157567563932E-003
          10           3  -31.5650005      -71.7409973       1.3574958611570764E-003
          10           4  -31.5650005      -71.7409973       1.1259318125667050E-003
          10           5  -31.5650005      -71.7409973       1.2985068315174431E-004
          10           6  -31.5650005      -71.7409973       1.6189427078643348E-003
          10           7  -31.5650005      -71.7409973       1.7260887907468714E-003
          10           8  -31.5650005      -71.7409973       1.7260887907468714E-003
          10           9  -31.5650005      -71.7409973       1.6431901476607891E-003
          10          10  -31.5650005      -71.7409973       8.4529635932995006E-004
          10          11  -31.5650005      -71.7409973       3.7330872146412730E-005
          11           1  -31.5470009      -71.7409973       9.0295266636530869E-004
          11           2  -31.5470009      -71.7409973       7.1418318839278072E-004
          11           3  -31.5470009      -71.7409973       7.9887256288202479E-004
          11           4  -31.5470009      -71.7409973       8.3472310507204384E-004
          11           5  -31.5470009      -71.7409973       3.2928407017607242E-004
          11           6  -31.5470009      -71.7409973       1.1790173957706429E-003
          11           7  -31.5470009      -71.7409973       1.1807712435256690E-003
          11           8  -31.5470009      -71.7409973       1.1807712435256690E-003
          11           9  -31.5470009      -71.7409973       1.1494293576106429E-003
          11          10  -31.5470009      -71.7409973       2.4089205544441938E-004
          11          11  -31.5470009      -71.7409973       2.3568560982312192E-004
