           1           1  -31.7269993      -71.7409973       6.5087588882306591E-004
           1           2  -31.7269993      -71.7409973       3.6562799868988805E-004
           1           3  -31.7269993      -71.7409973       3.1780145945958793E-006
           1           4  -31.7269993      -71.7409973       8.5744233911100309E-004
           1           5  -31.7269993      -71.7409973       1.2448752386262640E-003
           1           6  -31.7269993      -71.7409973       1.2242648954270408E-003
           1           7  -31.7269993      -71.7409973       1.2860186398029327E-003
           1           8  -31.7269993      -71.7409973       1.2854936212534085E-003
           1           9  -31.7269993      -71.7409973       3.7202420935500413E-004
           1          10  -31.7269993      -71.7409973       7.2791008278727531E-004
           1          11  -31.7269993      -71.7409973       5.4729833937017247E-004
           2           1  -31.7089996      -71.7409973       6.6983915894525126E-004
           2           2  -31.7089996      -71.7409973       7.7943148789927363E-004
           2           3  -31.7089996      -71.7409973       3.3474184601800516E-004
           2           4  -31.7089996      -71.7409973       1.2125063709191863E-003
           2           5  -31.7089996      -71.7409973       1.4986630703788251E-003
           2           6  -31.7089996      -71.7409973       1.6756231852923520E-003
           2           7  -31.7089996      -71.7409973       1.5508080614381470E-003
           2           8  -31.7089996      -71.7409973       1.3489463017322123E-003
           2           9  -31.7089996      -71.7409973       4.9176596803590655E-005
           2          10  -31.7089996      -71.7409973       1.2792889924639894E-003
           2          11  -31.7089996      -71.7409973       9.9178424216006533E-004
           3           1  -31.6910000      -71.7409973       8.4291946768644266E-004
           3           2  -31.6910000      -71.7409973       7.0841033084434457E-004
           3           3  -31.6910000      -71.7409973       6.8701552663696930E-004
           3           4  -31.6910000      -71.7409973       2.1037157857790589E-003
           3           5  -31.6910000      -71.7409973       2.1037157857790589E-003
           3           6  -31.6910000      -71.7409973       2.0960641377314460E-003
           3           7  -31.6910000      -71.7409973       2.2717436113453005E-003
           3           8  -31.6910000      -71.7409973       1.3019856778555550E-003
           3           9  -31.6910000      -71.7409973       0.0000000000000000     
           3          10  -31.6910000      -71.7409973       1.0379776795161888E-003
           3          11  -31.6910000      -71.7409973       1.4282894553616643E-003
           4           1  -31.6730003      -71.7409973       7.7506144225480966E-004
           4           2  -31.6730003      -71.7409973       7.7044126737746410E-004
           4           3  -31.6730003      -71.7409973       9.2547413441934623E-004
           4           4  -31.6730003      -71.7409973       2.6077848306158558E-003
           4           5  -31.6730003      -71.7409973       2.6417218177812174E-003
           4           6  -31.6730003      -71.7409973       2.6381097122794017E-003
           4           7  -31.6730003      -71.7409973       2.6417218177812174E-003
           4           8  -31.6730003      -71.7409973       1.1889136076206341E-003
           4           9  -31.6730003      -71.7409973       1.9635618446045555E-004
           4          10  -31.6730003      -71.7409973       9.1672738199122250E-004
           4          11  -31.6730003      -71.7409973       2.0408674827194773E-003
           5           1  -31.6550007      -71.7409973       7.7633696128032170E-004
           5           2  -31.6550007      -71.7409973       7.7822184175602160E-004
           5           3  -31.6550007      -71.7409973       1.3061481113254558E-003
           5           4  -31.6550007      -71.7409973       2.8730812482535839E-003
           5           5  -31.6550007      -71.7409973       2.9951120086479932E-003
           5           6  -31.6550007      -71.7409973       2.9947104048915207E-003
           5           7  -31.6550007      -71.7409973       2.9583621071651578E-003
           5           8  -31.6550007      -71.7409973       7.6280182292975951E-004
           5           9  -31.6550007      -71.7409973       3.9735555401421152E-004
           5          10  -31.6550007      -71.7409973       8.1366114318370819E-004
           5          11  -31.6550007      -71.7409973       2.1225314703769982E-003
           6           1  -31.6369991      -71.7409973       7.3602418433438288E-004
           6           2  -31.6369991      -71.7409973       7.3531038378860103E-004
           6           3  -31.6369991      -71.7409973       1.4832734159426764E-003
           6           4  -31.6369991      -71.7409973       2.9723703337367624E-003
           6           5  -31.6369991      -71.7409973       2.9727957735303789E-003
           6           6  -31.6369991      -71.7409973       2.9698323050979525E-003
           6           7  -31.6369991      -71.7409973       2.8824237524531782E-003
           6           8  -31.6369991      -71.7409973       4.7151995386229828E-004
           6           9  -31.6369991      -71.7409973       6.0407457431210787E-004
           6          10  -31.6369991      -71.7409973       1.2571917177410796E-003
           6          11  -31.6369991      -71.7409973       2.2442562622018158E-003
           7           1  -31.6189995      -71.7409973       6.9250097658368759E-004
           7           2  -31.6189995      -71.7409973       6.5738020202843472E-004
           7           3  -31.6189995      -71.7409973       2.0908810220134910E-003
           7           4  -31.6189995      -71.7409973       2.8059805918019265E-003
           7           5  -31.6189995      -71.7409973       2.8639658703468740E-003
           7           6  -31.6189995      -71.7409973       2.9321553884074092E-003
           7           7  -31.6189995      -71.7409973       2.5243284762836993E-003
           7           8  -31.6189995      -71.7409973       3.3940201319637708E-004
           7           9  -31.6189995      -71.7409973       6.1339589592535049E-004
           7          10  -31.6189995      -71.7409973       1.4981172644183971E-003
           7          11  -31.6189995      -71.7409973       1.9540016946848482E-003
           8           1  -31.6009998      -71.7409973       6.0032656620023772E-004
           8           2  -31.6009998      -71.7409973       6.0410348669392988E-004
           8           3  -31.6009998      -71.7409973       2.1481684525497258E-003
           8           4  -31.6009998      -71.7409973       2.7876099848072045E-003
           8           5  -31.6009998      -71.7409973       2.5340828979096841E-003
           8           6  -31.6009998      -71.7409973       2.2457793529611081E-003
           8           7  -31.6009998      -71.7409973       2.1318400395102799E-003
           8           8  -31.6009998      -71.7409973       1.5595862350892276E-004
           8           9  -31.6009998      -71.7409973       7.1796023257775232E-004
           8          10  -31.6009998      -71.7409973       1.5882121806498617E-003
           8          11  -31.6009998      -71.7409973       1.4721645165991504E-003
           9           1  -31.5830002      -71.7409973       5.2896698980475776E-004
           9           2  -31.5830002      -71.7409973       5.4199794612941332E-004
           9           3  -31.5830002      -71.7409973       1.6769453359302133E-003
           9           4  -31.5830002      -71.7409973       2.0695539424195886E-003
           9           5  -31.5830002      -71.7409973       1.9455066358204931E-003
           9           6  -31.5830002      -71.7409973       1.9669220200739801E-003
           9           7  -31.5830002      -71.7409973       1.6934582563408185E-003
           9           8  -31.5830002      -71.7409973       0.0000000000000000     
           9           9  -31.5830002      -71.7409973       1.3772552374575753E-003
           9          10  -31.5830002      -71.7409973       1.6929605299083050E-003
           9          11  -31.5830002      -71.7409973       1.7571204625710379E-003
          10           1  -31.5650005      -71.7409973       4.4262072765377525E-004
          10           2  -31.5650005      -71.7409973       2.2262628772296011E-004
          10           3  -31.5650005      -71.7409973       1.1271502735326067E-003
          10           4  -31.5650005      -71.7409973       1.5192381179076619E-003
          10           5  -31.5650005      -71.7409973       1.2315972562646493E-003
          10           6  -31.5650005      -71.7409973       1.7286852416873444E-003
          10           7  -31.5650005      -71.7409973       1.3706750651181210E-003
          10           8  -31.5650005      -71.7409973       0.0000000000000000     
          10           9  -31.5650005      -71.7409973       1.3837936057825573E-003
          10          10  -31.5650005      -71.7409973       1.6517825788469054E-003
          10          11  -31.5650005      -71.7409973       1.6360790305043338E-003
          11           1  -31.5470009      -71.7409973       1.6422049520770088E-004
          11           2  -31.5470009      -71.7409973       5.4123648806125857E-004
          11           3  -31.5470009      -71.7409973       4.9345931074640248E-004
          11           4  -31.5470009      -71.7409973       1.0581230453681201E-003
          11           5  -31.5470009      -71.7409973       9.4110532882041298E-004
          11           6  -31.5470009      -71.7409973       7.9887256288202479E-004
          11           7  -31.5470009      -71.7409973       8.8833622430684045E-004
          11           8  -31.5470009      -71.7409973       0.0000000000000000     
          11           9  -31.5470009      -71.7409973       1.1790173957706429E-003
          11          10  -31.5470009      -71.7409973       1.1790173957706429E-003
          11          11  -31.5470009      -71.7409973       1.1581300859688781E-003
