           1           1  -31.7269993      -71.7409973       6.6299924219492823E-004
           1           2  -31.7269993      -71.7409973       2.3502467956859618E-004
           1           3  -31.7269993      -71.7409973       4.3828473280882463E-005
           1           4  -31.7269993      -71.7409973       4.8279826341968146E-004
           1           5  -31.7269993      -71.7409973       4.8934964934232994E-004
           1           6  -31.7269993      -71.7409973       5.0265271420357749E-004
           1           7  -31.7269993      -71.7409973       5.0304438627790660E-004
           1           8  -31.7269993      -71.7409973       1.4651569381385343E-004
           1           9  -31.7269993      -71.7409973       8.6574386841675732E-005
           1          10  -31.7269993      -71.7409973       0.0000000000000000     
           1          11  -31.7269993      -71.7409973       5.9026008784712758E-005
           2           1  -31.7089996      -71.7409973       5.7728428873815574E-004
           2           2  -31.7089996      -71.7409973       1.4496084259008057E-004
           2           3  -31.7089996      -71.7409973       4.2989775784008089E-004
           2           4  -31.7089996      -71.7409973       4.1104903721134178E-004
           2           5  -31.7089996      -71.7409973       4.9986279918812215E-004
           2           6  -31.7089996      -71.7409973       5.2744204003829509E-004
           2           7  -31.7089996      -71.7409973       3.5584859051596140E-004
           2           8  -31.7089996      -71.7409973       1.5840499554542475E-004
           2           9  -31.7089996      -71.7409973       1.4700009296575445E-004
           2          10  -31.7089996      -71.7409973       1.8375723448116332E-004
           2          11  -31.7089996      -71.7409973       5.1823154944941052E-004
           3           1  -31.6910000      -71.7409973       4.4973052354180254E-004
           3           2  -31.6910000      -71.7409973       5.7859553635353222E-005
           3           3  -31.6910000      -71.7409973       7.1437182486988604E-004
           3           4  -31.6910000      -71.7409973       6.7406302969175158E-004
           3           5  -31.6910000      -71.7409973       6.7406302969175158E-004
           3           6  -31.6910000      -71.7409973       6.8674441990879131E-004
           3           7  -31.6910000      -71.7409973       2.2121831534605008E-004
           3           8  -31.6910000      -71.7409973       1.9158092254656367E-004
           3           9  -31.6910000      -71.7409973       1.9158092254656367E-004
           3          10  -31.6910000      -71.7409973       1.7028377806127537E-004
           3          11  -31.6910000      -71.7409973       7.3950940350187011E-004
           4           1  -31.6730003      -71.7409973       1.8520465164328925E-004
           4           2  -31.6730003      -71.7409973       5.6565515114925802E-004
           4           3  -31.6730003      -71.7409973       1.0399578968645073E-003
           4           4  -31.6730003      -71.7409973       9.7740784258348867E-004
           4           5  -31.6730003      -71.7409973       9.9287453485885635E-004
           4           6  -31.6730003      -71.7409973       9.2949943291387171E-004
           4           7  -31.6730003      -71.7409973       1.8317710748760874E-004
           4           8  -31.6730003      -71.7409973       1.8317710748760874E-004
           4           9  -31.6730003      -71.7409973       1.9453437653282890E-004
           4          10  -31.6730003      -71.7409973       1.6055031028372468E-004
           4          11  -31.6730003      -71.7409973       1.0243907527183183E-003
           5           1  -31.6550007      -71.7409973       0.0000000000000000     
           5           2  -31.6550007      -71.7409973       7.6283080625216826E-004
           5           3  -31.6550007      -71.7409973       1.2162807252025232E-003
           5           4  -31.6550007      -71.7409973       1.1981360730715096E-003
           5           5  -31.6550007      -71.7409973       1.2815515219699591E-003
           5           6  -31.6550007      -71.7409973       9.6444696828257293E-004
           5           7  -31.6550007      -71.7409973       2.3771039559505880E-004
           5           8  -31.6550007      -71.7409973       2.1828774015375529E-004
           5           9  -31.6550007      -71.7409973       2.0636967201426160E-004
           5          10  -31.6550007      -71.7409973       2.3771039559505880E-004
           5          11  -31.6550007      -71.7409973       1.0647761810105294E-003
           6           1  -31.6369991      -71.7409973       0.0000000000000000     
           6           2  -31.6369991      -71.7409973       1.0914637095993385E-003
           6           3  -31.6369991      -71.7409973       1.3023014762438834E-003
           6           4  -31.6369991      -71.7409973       1.3088113046251237E-003
           6           5  -31.6369991      -71.7409973       1.3072479923721403E-003
           6           6  -31.6369991      -71.7409973       7.1968858537729830E-004
           6           7  -31.6369991      -71.7409973       2.6501293086766964E-004
           6           8  -31.6369991      -71.7409973       2.6602862726576859E-004
           6           9  -31.6369991      -71.7409973       2.5263865336455638E-004
           6          10  -31.6369991      -71.7409973       4.9932422552956268E-004
           6          11  -31.6369991      -71.7409973       1.1094831861555576E-003
           7           1  -31.6189995      -71.7409973       1.0255347660859115E-004
           7           2  -31.6189995      -71.7409973       1.1275981032667914E-003
           7           3  -31.6189995      -71.7409973       1.1731333725037985E-003
           7           4  -31.6189995      -71.7409973       1.1907221378351096E-003
           7           5  -31.6189995      -71.7409973       1.2395334124448709E-003
           7           6  -31.6189995      -71.7409973       6.3233347100322135E-004
           7           7  -31.6189995      -71.7409973       2.4536001637898153E-004
           7           8  -31.6189995      -71.7409973       2.4536001637898153E-004
           7           9  -31.6189995      -71.7409973       2.1477632162714144E-004
           7          10  -31.6189995      -71.7409973       5.7912561896955594E-004
           7          11  -31.6189995      -71.7409973       1.0750648070825264E-003
           8           1  -31.6009998      -71.7409973       3.5239149656263180E-004
           8           2  -31.6009998      -71.7409973       9.2758137361670379E-004
           8           3  -31.6009998      -71.7409973       9.4411881036648992E-004
           8           4  -31.6009998      -71.7409973       1.1738907360268058E-003
           8           5  -31.6009998      -71.7409973       9.9542298448795918E-004
           8           6  -31.6009998      -71.7409973       4.1984804011008237E-004
           8           7  -31.6009998      -71.7409973       1.4383880261448212E-004
           8           8  -31.6009998      -71.7409973       1.4383880261448212E-004
           8           9  -31.6009998      -71.7409973       1.8675402770895744E-004
           8          10  -31.6009998      -71.7409973       5.9872586280107498E-004
           8          11  -31.6009998      -71.7409973       9.1801870803465135E-004
           9           1  -31.5830002      -71.7409973       3.8972249967628159E-004
           9           2  -31.5830002      -71.7409973       6.7511769157135859E-004
           9           3  -31.5830002      -71.7409973       6.6133077416452579E-004
           9           4  -31.5830002      -71.7409973       7.0487405901076272E-004
           9           5  -31.5830002      -71.7409973       6.2409812380792573E-004
           9           6  -31.5830002      -71.7409973       4.5593865070259199E-004
           9           7  -31.5830002      -71.7409973       9.6547779321554117E-005
           9           8  -31.5830002      -71.7409973       1.0951014519378077E-004
           9           9  -31.5830002      -71.7409973       1.0951014519378077E-004
           9          10  -31.5830002      -71.7409973       5.8273140166420490E-004
           9          11  -31.5830002      -71.7409973       8.6276326328516006E-004
          10           1  -31.5650005      -71.7409973       2.0823203158215620E-004
          10           2  -31.5650005      -71.7409973       2.2177101163833868E-004
          10           3  -31.5650005      -71.7409973       4.4309589429758489E-004
          10           4  -31.5650005      -71.7409973       4.1583522579458077E-004
          10           5  -31.5650005      -71.7409973       3.3155009623442311E-004
          10           6  -31.5650005      -71.7409973       5.5032351519912481E-004
          10           7  -31.5650005      -71.7409973       8.3997130786883645E-005
          10           8  -31.5650005      -71.7409973       8.3997130786883645E-005
          10           9  -31.5650005      -71.7409973       9.4104670097294729E-005
          10          10  -31.5650005      -71.7409973       4.2747351108118892E-004
          10          11  -31.5650005      -71.7409973       5.4100406669022050E-004
          11           1  -31.5470009      -71.7409973       1.0585370546323247E-004
          11           2  -31.5470009      -71.7409973       6.9943263952154666E-005
          11           3  -31.5470009      -71.7409973       4.6866118827892933E-004
          11           4  -31.5470009      -71.7409973       4.2340964137110859E-004
          11           5  -31.5470009      -71.7409973       4.5235925790620968E-004
          11           6  -31.5470009      -71.7409973       4.8290788345184410E-004
          11           7  -31.5470009      -71.7409973       1.6686972196566785E-004
          11           8  -31.5470009      -71.7409973       0.0000000000000000     
          11           9  -31.5470009      -71.7409973       2.5789077290028217E-004
          11          10  -31.5470009      -71.7409973       2.5789077290028217E-004
          11          11  -31.5470009      -71.7409973       2.8013656083203387E-004
