           1           1  -31.7269993      -71.7409973       3.2814256846904755E-003
           1           2  -31.7269993      -71.7409973       1.8304529367014766E-003
           1           3  -31.7269993      -71.7409973       2.2509666905534687E-003
           1           4  -31.7269993      -71.7409973       1.0283466253895313E-003
           1           5  -31.7269993      -71.7409973       1.3380930540733971E-003
           1           6  -31.7269993      -71.7409973       2.8423280527931638E-003
           1           7  -31.7269993      -71.7409973       2.9467038039001636E-003
           1           8  -31.7269993      -71.7409973       2.9467038039001636E-003
           1           9  -31.7269993      -71.7409973       2.9478339638444595E-003
           1          10  -31.7269993      -71.7409973       1.5671056607970968E-003
           1          11  -31.7269993      -71.7409973       0.0000000000000000     
           2           1  -31.7089996      -71.7409973       4.2434700881130993E-003
           2           2  -31.7089996      -71.7409973       4.6516156435245648E-003
           2           3  -31.7089996      -71.7409973       4.5194962876848876E-003
           2           4  -31.7089996      -71.7409973       1.8908090714830905E-003
           2           5  -31.7089996      -71.7409973       2.0133343350607902E-003
           2           6  -31.7089996      -71.7409973       2.6011715181084583E-003
           2           7  -31.7089996      -71.7409973       2.3412402733811177E-003
           2           8  -31.7089996      -71.7409973       2.3412402733811177E-003
           2           9  -31.7089996      -71.7409973       2.3351409763563424E-003
           2          10  -31.7089996      -71.7409973       2.1743209882743031E-003
           2          11  -31.7089996      -71.7409973       2.8910684341099113E-004
           3           1  -31.6910000      -71.7409973       7.3242631624452770E-003
           3           2  -31.6910000      -71.7409973       6.6961645497940481E-003
           3           3  -31.6910000      -71.7409973       7.3242631624452770E-003
           3           4  -31.6910000      -71.7409973       2.6005780382547528E-003
           3           5  -31.6910000      -71.7409973       2.7898546832147986E-003
           3           6  -31.6910000      -71.7409973       2.7164474595338106E-003
           3           7  -31.6910000      -71.7409973       3.1749403860885650E-003
           3           8  -31.6910000      -71.7409973       2.9928864969406277E-003
           3           9  -31.6910000      -71.7409973       2.0624506432795897E-003
           3          10  -31.6910000      -71.7409973       1.2650174467125908E-003
           3          11  -31.6910000      -71.7409973       9.7764481324702501E-004
           4           1  -31.6730003      -71.7409973       8.6373361846199259E-003
           4           2  -31.6730003      -71.7409973       9.0038261259905994E-003
           4           3  -31.6730003      -71.7409973       8.9008069480769336E-003
           4           4  -31.6730003      -71.7409973       2.2399395529646426E-003
           4           5  -31.6730003      -71.7409973       3.4946705272886902E-003
           4           6  -31.6730003      -71.7409973       3.3916988468263298E-003
           4           7  -31.6730003      -71.7409973       3.4946705272886902E-003
           4           8  -31.6730003      -71.7409973       3.4946705272886902E-003
           4           9  -31.6730003      -71.7409973       2.1133562740942580E-003
           4          10  -31.6730003      -71.7409973       4.3409137651906349E-004
           4          11  -31.6730003      -71.7409973       1.9877028680639341E-003
           5           1  -31.6550007      -71.7409973       1.0219486372079700E-002
           5           2  -31.6550007      -71.7409973       9.2497547157108784E-003
           5           3  -31.6550007      -71.7409973       9.6965246484614909E-003
           5           4  -31.6550007      -71.7409973       3.1074971411726438E-003
           5           5  -31.6550007      -71.7409973       4.0973598370328546E-003
           5           6  -31.6550007      -71.7409973       4.1389713878743351E-003
           5           7  -31.6550007      -71.7409973       4.0973598370328546E-003
           5           8  -31.6550007      -71.7409973       4.0129820117726922E-003
           5           9  -31.6550007      -71.7409973       1.8188825533798081E-003
           5          10  -31.6550007      -71.7409973       9.9577556932217703E-004
           5          11  -31.6550007      -71.7409973       2.3536153166787699E-003
           6           1  -31.6369991      -71.7409973       9.8762441193684936E-003
           6           2  -31.6369991      -71.7409973       9.7692522685974836E-003
           6           3  -31.6369991      -71.7409973       9.8779033869504929E-003
           6           4  -31.6369991      -71.7409973       3.5558549625420710E-003
           6           5  -31.6369991      -71.7409973       4.6038983273319900E-003
           6           6  -31.6369991      -71.7409973       4.6039175940677524E-003
           6           7  -31.6369991      -71.7409973       4.6038983273319900E-003
           6           8  -31.6369991      -71.7409973       4.6006659977138042E-003
           6           9  -31.6369991      -71.7409973       1.3266338501125574E-003
           6          10  -31.6369991      -71.7409973       2.0454322802834213E-003
           6          11  -31.6369991      -71.7409973       2.7315791812725365E-003
           7           1  -31.6189995      -71.7409973       9.2099625617265701E-003
           7           2  -31.6189995      -71.7409973       9.0923449024558067E-003
           7           3  -31.6189995      -71.7409973       8.3613799652084708E-003
           7           4  -31.6189995      -71.7409973       3.5928489451180212E-003
           7           5  -31.6189995      -71.7409973       4.8244041536236182E-003
           7           6  -31.6189995      -71.7409973       4.9331616755807772E-003
           7           7  -31.6189995      -71.7409973       4.8699459439376369E-003
           7           8  -31.6189995      -71.7409973       4.8272416461259127E-003
           7           9  -31.6189995      -71.7409973       1.0456572781549767E-003
           7          10  -31.6189995      -71.7409973       2.0540636323858052E-003
           7          11  -31.6189995      -71.7409973       2.5173006069962867E-003
           8           1  -31.6009998      -71.7409973       7.9309790453407913E-003
           8           2  -31.6009998      -71.7409973       7.3501323640812188E-003
           8           3  -31.6009998      -71.7409973       5.7446760620223358E-003
           8           4  -31.6009998      -71.7409973       3.8150841137394309E-003
           8           5  -31.6009998      -71.7409973       4.6251414805738023E-003
           8           6  -31.6009998      -71.7409973       4.4302678197709611E-003
           8           7  -31.6009998      -71.7409973       4.6251414805738023E-003
           8           8  -31.6009998      -71.7409973       4.4904759670316707E-003
           8           9  -31.6009998      -71.7409973       1.2520350719569251E-003
           8          10  -31.6009998      -71.7409973       1.3388305087573826E-003
           8          11  -31.6009998      -71.7409973       1.5968992011039518E-003
           9           1  -31.5830002      -71.7409973       6.0832836898043752E-003
           9           2  -31.5830002      -71.7409973       5.8681615628302097E-003
           9           3  -31.5830002      -71.7409973       4.1890188585966825E-003
           9           4  -31.5830002      -71.7409973       3.4269565658178180E-003
           9           5  -31.5830002      -71.7409973       3.9375228952849284E-003
           9           6  -31.5830002      -71.7409973       3.9930923958308995E-003
           9           7  -31.5830002      -71.7409973       4.0264118142658845E-003
           9           8  -31.5830002      -71.7409973       3.6300383944762871E-003
           9           9  -31.5830002      -71.7409973       1.4147306028462481E-003
           9          10  -31.5830002      -71.7409973       7.9300284414784983E-004
           9          11  -31.5830002      -71.7409973       1.5550137468380854E-003
          10           1  -31.5650005      -71.7409973       4.6484364575007930E-003
          10           2  -31.5650005      -71.7409973       3.9766063418937847E-003
          10           3  -31.5650005      -71.7409973       9.7078479302581400E-004
          10           4  -31.5650005      -71.7409973       3.1314601073972881E-003
          10           5  -31.5650005      -71.7409973       2.7433299110271037E-003
          10           6  -31.5650005      -71.7409973       3.6878934915876016E-003
          10           7  -31.5650005      -71.7409973       3.3932383230421692E-003
          10           8  -31.5650005      -71.7409973       2.7677868565660901E-003
          10           9  -31.5650005      -71.7409973       1.8110343225998804E-003
          10          10  -31.5650005      -71.7409973       7.0220867200987414E-005
          10          11  -31.5650005      -71.7409973       1.2707767527899705E-003
          11           1  -31.5470009      -71.7409973       3.5598402173491195E-003
          11           2  -31.5470009      -71.7409973       1.7381041252519935E-003
          11           3  -31.5470009      -71.7409973       0.0000000000000000     
          11           4  -31.5470009      -71.7409973       2.4282395024783909E-003
          11           5  -31.5470009      -71.7409973       2.3398445628117770E-003
          11           6  -31.5470009      -71.7409973       2.2342813826981001E-003
          11           7  -31.5470009      -71.7409973       2.2301321441773325E-003
          11           8  -31.5470009      -71.7409973       2.1570050921582151E-003
          11           9  -31.5470009      -71.7409973       1.7399573825969128E-003
          11          10  -31.5470009      -71.7409973       0.0000000000000000     
          11          11  -31.5470009      -71.7409973       8.4655525279231369E-004
