           1           1  -31.7269993      -71.7409973       3.2401932985521853E-003
           1           2  -31.7269993      -71.7409973       2.9758019227301702E-003
           1           3  -31.7269993      -71.7409973       3.1160049111349508E-003
           1           4  -31.7269993      -71.7409973       3.2965724967652932E-003
           1           5  -31.7269993      -71.7409973       5.7402045058552176E-004
           1           6  -31.7269993      -71.7409973       0.0000000000000000     
           1           7  -31.7269993      -71.7409973       4.9567613168619573E-003
           1           8  -31.7269993      -71.7409973       5.1765420648735017E-003
           1           9  -31.7269993      -71.7409973       3.9144031907198951E-003
           1          10  -31.7269993      -71.7409973       3.9144031907198951E-003
           1          11  -31.7269993      -71.7409973       3.0204471549950540E-003
           2           1  -31.7089996      -71.7409973       2.8927837520313915E-003
           2           2  -31.7089996      -71.7409973       3.6027467431267723E-003
           2           3  -31.7089996      -71.7409973       3.2016708773880964E-003
           2           4  -31.7089996      -71.7409973       2.8334416256257100E-003
           2           5  -31.7089996      -71.7409973       2.8209093761688564E-004
           2           6  -31.7089996      -71.7409973       4.6358875988516957E-004
           2           7  -31.7089996      -71.7409973       5.2845737664029002E-003
           2           8  -31.7089996      -71.7409973       7.0131912652868778E-003
           2           9  -31.7089996      -71.7409973       6.2137398344930261E-003
           2          10  -31.7089996      -71.7409973       8.7790253164712340E-003
           2          11  -31.7089996      -71.7409973       7.6218106551095843E-003
           3           1  -31.6910000      -71.7409973       3.1785683386260644E-003
           3           2  -31.6910000      -71.7409973       3.6272224824642763E-003
           3           3  -31.6910000      -71.7409973       3.1369067583000287E-003
           3           4  -31.6910000      -71.7409973       1.1318016331642866E-003
           3           5  -31.6910000      -71.7409973       1.1318016331642866E-003
           3           6  -31.6910000      -71.7409973       9.1013098426628858E-004
           3           7  -31.6910000      -71.7409973       6.5539398328837706E-003
           3           8  -31.6910000      -71.7409973       1.1451494399807416E-002
           3           9  -31.6910000      -71.7409973       1.1451494399807416E-002
           3          10  -31.6910000      -71.7409973       1.1451494399807416E-002
           3          11  -31.6910000      -71.7409973       1.0836091008968651E-002
           4           1  -31.6730003      -71.7409973       5.1922288912464865E-003
           4           2  -31.6730003      -71.7409973       5.6648415084055159E-003
           4           3  -31.6730003      -71.7409973       4.2115776159334928E-003
           4           4  -31.6730003      -71.7409973       1.8935684784082696E-003
           4           5  -31.6730003      -71.7409973       1.8963974143844098E-003
           4           6  -31.6730003      -71.7409973       1.1295098665868863E-003
           4           7  -31.6730003      -71.7409973       6.5707756148185581E-003
           4           8  -31.6730003      -71.7409973       1.4070964025449939E-002
           4           9  -31.6730003      -71.7409973       1.5035513322800398E-002
           4          10  -31.6730003      -71.7409973       1.3925097591709346E-002
           4          11  -31.6730003      -71.7409973       1.4577515830751508E-002
           5           1  -31.6550007      -71.7409973       7.0670261629857123E-003
           5           2  -31.6550007      -71.7409973       6.1423560255207121E-003
           5           3  -31.6550007      -71.7409973       4.1128984412353020E-003
           5           4  -31.6550007      -71.7409973       2.4639059538458241E-003
           5           5  -31.6550007      -71.7409973       2.6434293831698596E-003
           5           6  -31.6550007      -71.7409973       8.5250096435629530E-004
           5           7  -31.6550007      -71.7409973       8.1047908170148730E-003
           5           8  -31.6550007      -71.7409973       1.5735481167212129E-002
           5           9  -31.6550007      -71.7409973       1.5444734017364681E-002
           5          10  -31.6550007      -71.7409973       1.6463157138787210E-002
           5          11  -31.6550007      -71.7409973       1.4930739765986800E-002
           6           1  -31.6369991      -71.7409973       6.8524407688528299E-003
           6           2  -31.6369991      -71.7409973       6.6497889347374439E-003
           6           3  -31.6369991      -71.7409973       3.8078838260844350E-003
           6           4  -31.6369991      -71.7409973       2.6724450726760551E-003
           6           5  -31.6369991      -71.7409973       2.6765310285554733E-003
           6           6  -31.6369991      -71.7409973       3.5105744154861895E-004
           6           7  -31.6369991      -71.7409973       9.4721864443272352E-003
           6           8  -31.6369991      -71.7409973       1.5878319740295410E-002
           6           9  -31.6369991      -71.7409973       1.5913277398794889E-002
           6          10  -31.6369991      -71.7409973       1.5896649332717061E-002
           6          11  -31.6369991      -71.7409973       1.4981581596657634E-002
           7           1  -31.6189995      -71.7409973       5.7666047941893339E-003
           7           2  -31.6189995      -71.7409973       5.5699974182061851E-003
           7           3  -31.6189995      -71.7409973       2.1632593834510772E-003
           7           4  -31.6189995      -71.7409973       2.1735171358159278E-003
           7           5  -31.6189995      -71.7409973       2.3648322512599407E-003
           7           6  -31.6189995      -71.7409973       2.6312129739380907E-004
           7           7  -31.6189995      -71.7409973       1.2280807131901383E-002
           7           8  -31.6189995      -71.7409973       1.4823308214545250E-002
           7           9  -31.6189995      -71.7409973       1.3661816949024796E-002
           7          10  -31.6189995      -71.7409973       1.4823308214545250E-002
           7          11  -31.6189995      -71.7409973       1.2416359269991517E-002
           8           1  -31.6009998      -71.7409973       4.1757051076274365E-003
           8           2  -31.6009998      -71.7409973       3.4846541457227431E-003
           8           3  -31.6009998      -71.7409973       1.4621401605836581E-003
           8           4  -31.6009998      -71.7409973       1.7972855994230486E-003
           8           5  -31.6009998      -71.7409973       1.4903380642863340E-003
           8           6  -31.6009998      -71.7409973       1.6451352566946298E-003
           8           7  -31.6009998      -71.7409973       1.2555854278616607E-002
           8           8  -31.6009998      -71.7409973       1.3039807401582948E-002
           8           9  -31.6009998      -71.7409973       1.3545746449381113E-002
           8          10  -31.6009998      -71.7409973       1.2131040013628080E-002
           8          11  -31.6009998      -71.7409973       6.8808571377303451E-003
           9           1  -31.5830002      -71.7409973       4.0375922835664824E-003
           9           2  -31.5830002      -71.7409973       2.0862243545707315E-003
           9           3  -31.5830002      -71.7409973       4.9731609760783613E-004
           9           4  -31.5830002      -71.7409973       5.8650169376051053E-004
           9           5  -31.5830002      -71.7409973       3.9753286182531156E-004
           9           6  -31.5830002      -71.7409973       4.1456769395153970E-003
           9           7  -31.5830002      -71.7409973       1.0253745422232896E-002
           9           8  -31.5830002      -71.7409973       1.0226274316664785E-002
           9           9  -31.5830002      -71.7409973       1.0226274316664785E-002
           9          10  -31.5830002      -71.7409973       1.0226274316664785E-002
           9          11  -31.5830002      -71.7409973       5.5186480458360165E-003
          10           1  -31.5650005      -71.7409973       4.3250033049844205E-003
          10           2  -31.5650005      -71.7409973       2.1470104812237878E-003
          10           3  -31.5650005      -71.7409973       1.5983763269673545E-003
          10           4  -31.5650005      -71.7409973       4.7286108019761741E-004
          10           5  -31.5650005      -71.7409973       0.0000000000000000     
          10           6  -31.5650005      -71.7409973       4.6522046613972634E-003
          10           7  -31.5650005      -71.7409973       7.8154686489142478E-003
          10           8  -31.5650005      -71.7409973       7.8154686489142478E-003
          10           9  -31.5650005      -71.7409973       8.0996082397177815E-003
          10          10  -31.5650005      -71.7409973       7.7295696246437728E-003
          10          11  -31.5650005      -71.7409973       9.1787377277796622E-004
          11           1  -31.5470009      -71.7409973       2.8249825700186193E-003
          11           2  -31.5470009      -71.7409973       1.9882472406607121E-003
          11           3  -31.5470009      -71.7409973       1.7040635502780788E-003
          11           4  -31.5470009      -71.7409973       7.0320731538231485E-004
          11           5  -31.5470009      -71.7409973       3.7044787313789129E-004
          11           6  -31.5470009      -71.7409973       5.7806222175713629E-003
          11           7  -31.5470009      -71.7409973       5.5968595261219889E-003
          11           8  -31.5470009      -71.7409973       5.5968595261219889E-003
          11           9  -31.5470009      -71.7409973       5.7806222175713629E-003
          11          10  -31.5470009      -71.7409973       1.8297064234502614E-003
          11          11  -31.5470009      -71.7409973       0.0000000000000000     
