           1           1  -31.7269993      -71.7409973       1.6842038603499532E-002
           1           2  -31.7269993      -71.7409973       1.5177206951193511E-002
           1           3  -31.7269993      -71.7409973       1.2650967924855649E-002
           1           4  -31.7269993      -71.7409973       5.1821832312270999E-003
           1           5  -31.7269993      -71.7409973       1.1617038828262594E-002
           1           6  -31.7269993      -71.7409973       1.1218415962503059E-002
           1           7  -31.7269993      -71.7409973       1.1681393651088001E-002
           1           8  -31.7269993      -71.7409973       1.1681393651088001E-002
           1           9  -31.7269993      -71.7409973       5.7648874353617430E-003
           1          10  -31.7269993      -71.7409973       6.4775429927976802E-004
           1          11  -31.7269993      -71.7409973       2.1508185764105292E-003
           2           1  -31.7089996      -71.7409973       2.9714028700254858E-002
           2           2  -31.7089996      -71.7409973       3.5894743734388612E-002
           2           3  -31.7089996      -71.7409973       2.9712594681768678E-002
           2           4  -31.7089996      -71.7409973       1.0601171306916513E-002
           2           5  -31.7089996      -71.7409973       1.3515518367057666E-002
           2           6  -31.7089996      -71.7409973       1.5018025209428743E-002
           2           7  -31.7089996      -71.7409973       1.4612819533795118E-002
           2           8  -31.7089996      -71.7409973       1.3121799202053808E-002
           2           9  -31.7089996      -71.7409973       4.1180069965776056E-003
           2          10  -31.7089996      -71.7409973       2.0772584539372474E-003
           2          11  -31.7089996      -71.7409973       2.6266380154993385E-003
           3           1  -31.6910000      -71.7409973       6.3339658023323864E-002
           3           2  -31.6910000      -71.7409973       6.5827901242300868E-002
           3           3  -31.6910000      -71.7409973       5.1481767208315432E-002
           3           4  -31.6910000      -71.7409973       1.8955467501655221E-002
           3           5  -31.6910000      -71.7409973       1.9378578290343285E-002
           3           6  -31.6910000      -71.7409973       1.9299572566524148E-002
           3           7  -31.6910000      -71.7409973       1.9388919696211815E-002
           3           8  -31.6910000      -71.7409973       1.3584774133050814E-002
           3           9  -31.6910000      -71.7409973       2.4761645036051050E-003
           3          10  -31.6910000      -71.7409973       1.7882153733808082E-003
           3          11  -31.6910000      -71.7409973       3.3889139594975859E-003
           4           1  -31.6730003      -71.7409973       9.8727120319381356E-002
           4           2  -31.6730003      -71.7409973       9.3891007942147553E-002
           4           3  -31.6730003      -71.7409973       5.7942037703469396E-002
           4           4  -31.6730003      -71.7409973       2.3117391159757972E-002
           4           5  -31.6730003      -71.7409973       2.2821235237643123E-002
           4           6  -31.6730003      -71.7409973       2.2206005407497287E-002
           4           7  -31.6730003      -71.7409973       2.2821235237643123E-002
           4           8  -31.6730003      -71.7409973       1.4764586579985917E-002
           4           9  -31.6730003      -71.7409973       2.8218828301760368E-003
           4          10  -31.6730003      -71.7409973       1.6215257546718931E-003
           4          11  -31.6730003      -71.7409973       4.4895845130668022E-003
           5           1  -31.6550007      -71.7409973      0.12878510099835694     
           5           2  -31.6550007      -71.7409973      0.12604447384364903     
           5           3  -31.6550007      -71.7409973       7.5359659036621451E-002
           5           4  -31.6550007      -71.7409973       2.3259886773303151E-002
           5           5  -31.6550007      -71.7409973       2.3685627849772573E-002
           5           6  -31.6550007      -71.7409973       2.3752794833853841E-002
           5           7  -31.6550007      -71.7409973       2.3685627849772573E-002
           5           8  -31.6550007      -71.7409973       1.4364385904627852E-002
           5           9  -31.6550007      -71.7409973       2.5176449344144203E-003
           5          10  -31.6550007      -71.7409973       1.5061947196954861E-003
           5          11  -31.6550007      -71.7409973       4.2217362206429243E-003
           6           1  -31.6369991      -71.7409973      0.13701776834204793     
           6           2  -31.6369991      -71.7409973      0.13425190560519695     
           6           3  -31.6369991      -71.7409973       9.6534314914606512E-002
           6           4  -31.6369991      -71.7409973       2.0990233868360519E-002
           6           5  -31.6369991      -71.7409973       2.1314555429853499E-002
           6           6  -31.6369991      -71.7409973       2.1315813879482448E-002
           6           7  -31.6369991      -71.7409973       2.1314555429853499E-002
           6           8  -31.6369991      -71.7409973       1.4963417866965756E-002
           6           9  -31.6369991      -71.7409973       2.5849143567029387E-003
           6          10  -31.6369991      -71.7409973       2.4742182577028871E-003
           6          11  -31.6369991      -71.7409973       4.2627212824299932E-003
           7           1  -31.6189995      -71.7409973      0.12354100379161537     
           7           2  -31.6189995      -71.7409973      0.11408263328485191     
           7           3  -31.6189995      -71.7409973       8.5988942475523800E-002
           7           4  -31.6189995      -71.7409973       1.6925651594647206E-002
           7           5  -31.6189995      -71.7409973       1.8216442011180334E-002
           7           6  -31.6189995      -71.7409973       1.7997550035943277E-002
           7           7  -31.6189995      -71.7409973       1.7957400588784367E-002
           7           8  -31.6189995      -71.7409973       1.5202784619759768E-002
           7           9  -31.6189995      -71.7409973       4.8147758934646845E-003
           7          10  -31.6189995      -71.7409973       2.7366389258531854E-003
           7          11  -31.6189995      -71.7409973       3.4648856380954385E-003
           8           1  -31.6009998      -71.7409973       8.4784040867816657E-002
           8           2  -31.6009998      -71.7409973       9.6723563299747184E-002
           8           3  -31.6009998      -71.7409973       7.3647321434691548E-002
           8           4  -31.6009998      -71.7409973       1.2581961636897177E-002
           8           5  -31.6009998      -71.7409973       1.4275516237830743E-002
           8           6  -31.6009998      -71.7409973       1.4660366403404623E-002
           8           7  -31.6009998      -71.7409973       1.4275516237830743E-002
           8           8  -31.6009998      -71.7409973       1.3613225950393826E-002
           8           9  -31.6009998      -71.7409973       6.1755177739541978E-003
           8          10  -31.6009998      -71.7409973       2.3351464114966802E-003
           8          11  -31.6009998      -71.7409973       2.0348460457171313E-003
           9           1  -31.5830002      -71.7409973       5.1362989004701376E-002
           9           2  -31.5830002      -71.7409973       5.5198642192408442E-002
           9           3  -31.5830002      -71.7409973       5.1362989004701376E-002
           9           4  -31.5830002      -71.7409973       7.7842749888077378E-003
           9           5  -31.5830002      -71.7409973       1.1395194538636133E-002
           9           6  -31.5830002      -71.7409973       1.0930987831670791E-002
           9           7  -31.5830002      -71.7409973       1.1993472842732444E-002
           9           8  -31.5830002      -71.7409973       1.1266895948210731E-002
           9           9  -31.5830002      -71.7409973       5.9379033336881548E-003
           9          10  -31.5830002      -71.7409973       2.0645661547860072E-003
           9          11  -31.5830002      -71.7409973       2.1512976236408576E-003
          10           1  -31.5650005      -71.7409973       2.7407619752921164E-002
          10           2  -31.5650005      -71.7409973       3.8773484062403440E-002
          10           3  -31.5650005      -71.7409973       3.1915137544274330E-002
          10           4  -31.5650005      -71.7409973       1.8698036466958001E-002
          10           5  -31.5650005      -71.7409973       7.4403449034434743E-003
          10           6  -31.5650005      -71.7409973       8.9689951273612678E-003
          10           7  -31.5650005      -71.7409973       7.4556917898007669E-003
          10           8  -31.5650005      -71.7409973       7.4556917898007669E-003
          10           9  -31.5650005      -71.7409973       6.6267449583392590E-003
          10          10  -31.5650005      -71.7409973       1.5174943182501011E-003
          10          11  -31.5650005      -71.7409973       1.1845626577269286E-003
          11           1  -31.5470009      -71.7409973       2.9617574764415622E-002
          11           2  -31.5470009      -71.7409973       3.5904959775507450E-002
          11           3  -31.5470009      -71.7409973       3.2848672242835164E-002
          11           4  -31.5470009      -71.7409973       2.6054378133267164E-002
          11           5  -31.5470009      -71.7409973       4.6748947352170944E-003
          11           6  -31.5470009      -71.7409973       5.5278753279708326E-003
          11           7  -31.5470009      -71.7409973       5.4416103084804490E-003
          11           8  -31.5470009      -71.7409973       5.4416103084804490E-003
          11           9  -31.5470009      -71.7409973       5.6098041386576369E-003
          11          10  -31.5470009      -71.7409973       4.1289166620117612E-003
          11          11  -31.5470009      -71.7409973       1.6044267904362641E-003
