           1           1  -31.7269993      -71.7409973       2.2039610892534256E-002
           1           2  -31.7269993      -71.7409973       2.7681334177032113E-002
           1           3  -31.7269993      -71.7409973       3.2459437614306808E-002
           1           4  -31.7269993      -71.7409973       2.8770810924470425E-002
           1           5  -31.7269993      -71.7409973       3.1048058532178402E-002
           1           6  -31.7269993      -71.7409973       1.9172299653291702E-002
           1           7  -31.7269993      -71.7409973       2.7827701298519969E-002
           1           8  -31.7269993      -71.7409973       2.7827701298519969E-002
           1           9  -31.7269993      -71.7409973       2.3763571633026004E-002
           1          10  -31.7269993      -71.7409973       2.3763571633026004E-002
           1          11  -31.7269993      -71.7409973       1.0817312635481358E-002
           2           1  -31.7089996      -71.7409973       4.6061341185122728E-002
           2           2  -31.7089996      -71.7409973       6.4431339502334595E-002
           2           3  -31.7089996      -71.7409973       5.4561317898333073E-002
           2           4  -31.7089996      -71.7409973       3.9254931267350912E-002
           2           5  -31.7089996      -71.7409973       4.1649422608315945E-002
           2           6  -31.7089996      -71.7409973       1.3904750114306808E-002
           2           7  -31.7089996      -71.7409973       2.7201140648685396E-002
           2           8  -31.7089996      -71.7409973       2.7201140648685396E-002
           2           9  -31.7089996      -71.7409973       2.5482533499598503E-002
           2          10  -31.7089996      -71.7409973       3.2744245836511254E-002
           2          11  -31.7089996      -71.7409973       1.7522737383842468E-002
           3           1  -31.6910000      -71.7409973       8.7363339029252529E-002
           3           2  -31.6910000      -71.7409973       8.5292580071836710E-002
           3           3  -31.6910000      -71.7409973       8.7363339029252529E-002
           3           4  -31.6910000      -71.7409973       7.8533561434596777E-002
           3           5  -31.6910000      -71.7409973       4.9448650330305099E-002
           3           6  -31.6910000      -71.7409973       1.6222294980252627E-002
           3           7  -31.6910000      -71.7409973       3.0555164441466331E-002
           3           8  -31.6910000      -71.7409973       3.0872109229676425E-002
           3           9  -31.6910000      -71.7409973       3.0872109229676425E-002
           3          10  -31.6910000      -71.7409973       3.0872109229676425E-002
           3          11  -31.6910000      -71.7409973       2.4763893801718950E-002
           4           1  -31.6730003      -71.7409973      0.11328723898623139     
           4           2  -31.6730003      -71.7409973      0.12006501911673695     
           4           3  -31.6730003      -71.7409973      0.11834894365165383     
           4           4  -31.6730003      -71.7409973      0.11235031345859170     
           4           5  -31.6730003      -71.7409973       3.2282343134284019E-002
           4           6  -31.6730003      -71.7409973       1.9052401185035706E-002
           4           7  -31.6730003      -71.7409973       2.7836397755891085E-002
           4           8  -31.6730003      -71.7409973       3.3191325841471553E-002
           4           9  -31.6730003      -71.7409973       3.5008365055546165E-002
           4          10  -31.6730003      -71.7409973       3.2323243591235951E-002
           4          11  -31.6730003      -71.7409973       3.0935762682929635E-002
           5           1  -31.6550007      -71.7409973      0.14162587746977806     
           5           2  -31.6550007      -71.7409973      0.12781360186636448     
           5           3  -31.6550007      -71.7409973      0.13391611352562904     
           5           4  -31.6550007      -71.7409973      0.13176287338137627     
           5           5  -31.6550007      -71.7409973       1.1230417854676489E-002
           5           6  -31.6550007      -71.7409973       2.1137553965672851E-002
           5           7  -31.6550007      -71.7409973       2.8259065933525562E-002
           5           8  -31.6550007      -71.7409973       3.6095356568694115E-002
           5           9  -31.6550007      -71.7409973       3.5325002158060670E-002
           5          10  -31.6550007      -71.7409973       3.7997955223545432E-002
           5          11  -31.6550007      -71.7409973       3.2310316571965814E-002
           6           1  -31.6369991      -71.7409973      0.14026824943721294     
           6           2  -31.6369991      -71.7409973      0.13809990324079990     
           6           3  -31.6369991      -71.7409973      0.13987933099269867     
           6           4  -31.6369991      -71.7409973      0.13876789808273315     
           6           5  -31.6369991      -71.7409973       1.3533193967305124E-002
           6           6  -31.6369991      -71.7409973       2.1984425839036703E-002
           6           7  -31.6369991      -71.7409973       2.9301362577825785E-002
           6           8  -31.6369991      -71.7409973       3.7263668607920408E-002
           6           9  -31.6369991      -71.7409973       3.7063914816826582E-002
           6          10  -31.6369991      -71.7409973       3.7239595316350460E-002
           6          11  -31.6369991      -71.7409973       3.1777914613485336E-002
           7           1  -31.6189995      -71.7409973      0.12878061085939407     
           7           2  -31.6189995      -71.7409973      0.12605292443186045     
           7           3  -31.6189995      -71.7409973      0.12375371530652046     
           7           4  -31.6189995      -71.7409973      0.11628239788115025     
           7           5  -31.6189995      -71.7409973       1.6378452943172306E-002
           7           6  -31.6189995      -71.7409973       2.2750559728592634E-002
           7           7  -31.6189995      -71.7409973       3.2605931628495455E-002
           7           8  -31.6189995      -71.7409973       3.4944550134241581E-002
           7           9  -31.6189995      -71.7409973       3.3322405535727739E-002
           7          10  -31.6189995      -71.7409973       3.4944550134241581E-002
           7          11  -31.6189995      -71.7409973       2.7679762017214671E-002
           8           1  -31.6009998      -71.7409973      0.10215076198801398     
           8           2  -31.6009998      -71.7409973       9.6006658859550953E-002
           8           3  -31.6009998      -71.7409973       9.5620865933597088E-002
           8           4  -31.6009998      -71.7409973      0.10320232994854450     
           8           5  -31.6009998      -71.7409973       1.6921748872846365E-002
           8           6  -31.6009998      -71.7409973       2.4294501170516014E-002
           8           7  -31.6009998      -71.7409973       3.2220675144344568E-002
           8           8  -31.6009998      -71.7409973       3.2220675144344568E-002
           8           9  -31.6009998      -71.7409973       3.3016837667673826E-002
           8          10  -31.6009998      -71.7409973       3.1333415070548654E-002
           8          11  -31.6009998      -71.7409973       2.5636109523475170E-002
           9           1  -31.5830002      -71.7409973       6.9996116682887077E-002
           9           2  -31.5830002      -71.7409973       6.4726286102086306E-002
           9           3  -31.5830002      -71.7409973       6.9996116682887077E-002
           9           4  -31.5830002      -71.7409973       5.1981228170916438E-002
           9           5  -31.5830002      -71.7409973       1.4399942010641098E-002
           9           6  -31.5830002      -71.7409973       2.8570597467478365E-002
           9           7  -31.5830002      -71.7409973       3.0325438827276230E-002
           9           8  -31.5830002      -71.7409973       3.1003200216218829E-002
           9           9  -31.5830002      -71.7409973       3.1003200216218829E-002
           9          10  -31.5830002      -71.7409973       2.7766216546297073E-002
           9          11  -31.5830002      -71.7409973       2.0145652117207646E-002
          10           1  -31.5650005      -71.7409973       5.0333810038864613E-002
          10           2  -31.5650005      -71.7409973       4.8494919668883085E-002
          10           3  -31.5650005      -71.7409973       4.0560529800131917E-002
          10           4  -31.5650005      -71.7409973       2.1841465495526791E-002
          10           5  -31.5650005      -71.7409973       1.0017990134656429E-002
          10           6  -31.5650005      -71.7409973       3.0347994412295520E-002
          10           7  -31.5650005      -71.7409973       3.2237914507277310E-002
          10           8  -31.5650005      -71.7409973       3.2237914507277310E-002
          10           9  -31.5650005      -71.7409973       3.0210046854335815E-002
          10          10  -31.5650005      -71.7409973       2.1539707202464342E-002
          10          11  -31.5650005      -71.7409973       5.7116914540529251E-003
          11           1  -31.5470009      -71.7409973       4.0398309123702347E-002
          11           2  -31.5470009      -71.7409973       4.7752026526723057E-002
          11           3  -31.5470009      -71.7409973       1.6709194285795093E-002
          11           4  -31.5470009      -71.7409973       7.2191497310996056E-003
          11           5  -31.5470009      -71.7409973       1.2751622823998332E-002
          11           6  -31.5470009      -71.7409973       2.9085461515933275E-002
          11           7  -31.5470009      -71.7409973       2.8636720497161150E-002
          11           8  -31.5470009      -71.7409973       2.8636720497161150E-002
          11           9  -31.5470009      -71.7409973       2.9085461515933275E-002
          11          10  -31.5470009      -71.7409973       3.7867198698222637E-003
          11          11  -31.5470009      -71.7409973       1.7662178725004196E-003
