           1           1  -31.7269993      -71.7409973       1.1441499445936643E-003
           1           2  -31.7269993      -71.7409973       6.5611709942459129E-004
           1           3  -31.7269993      -71.7409973       8.8059476365742739E-004
           1           4  -31.7269993      -71.7409973       1.4165654720272869E-003
           1           5  -31.7269993      -71.7409973       9.1184322263870854E-004
           1           6  -31.7269993      -71.7409973       9.7033601377916057E-004
           1           7  -31.7269993      -71.7409973       8.5427794692805037E-004
           1           8  -31.7269993      -71.7409973       0.0000000000000000     
           1           9  -31.7269993      -71.7409973       4.0604641344543779E-004
           1          10  -31.7269993      -71.7409973       1.0490075874258764E-003
           1          11  -31.7269993      -71.7409973       7.7382595191011205E-004
           2           1  -31.7089996      -71.7409973       1.1373343004379421E-003
           2           2  -31.7089996      -71.7409973       1.2120897717977641E-003
           2           3  -31.7089996      -71.7409973       1.4105343270784942E-003
           2           4  -31.7089996      -71.7409973       1.4406334557861555E-003
           2           5  -31.7089996      -71.7409973       1.4341101214085938E-003
           2           6  -31.7089996      -71.7409973       1.2247578415554017E-003
           2           7  -31.7089996      -71.7409973       1.1011194987986528E-004
           2           8  -31.7089996      -71.7409973       0.0000000000000000     
           2           9  -31.7089996      -71.7409973       2.2166525923239533E-005
           2          10  -31.7089996      -71.7409973       1.9206467022740981E-003
           2          11  -31.7089996      -71.7409973       1.8219319208583329E-003
           3           1  -31.6910000      -71.7409973       1.1555531609701575E-003
           3           2  -31.6910000      -71.7409973       1.6743378691899125E-003
           3           3  -31.6910000      -71.7409973       2.0967305899830535E-003
           3           4  -31.6910000      -71.7409973       1.7213891405845061E-003
           3           5  -31.6910000      -71.7409973       1.7213891405845061E-003
           3           6  -31.6910000      -71.7409973       1.4545304147759452E-003
           3           7  -31.6910000      -71.7409973       1.5322785839089192E-004
           3           8  -31.6910000      -71.7409973       1.6024434444261715E-004
           3           9  -31.6910000      -71.7409973       1.4227363499230705E-004
           3          10  -31.6910000      -71.7409973       2.0683466937043704E-003
           3          11  -31.6910000      -71.7409973       2.5441554171266034E-003
           4           1  -31.6730003      -71.7409973       7.0270278047246393E-004
           4           2  -31.6730003      -71.7409973       2.4965654811239801E-003
           4           3  -31.6730003      -71.7409973       2.7664057197398506E-003
           4           4  -31.6730003      -71.7409973       2.7071532604168169E-003
           4           5  -31.6730003      -71.7409973       2.6849640053114854E-003
           4           6  -31.6730003      -71.7409973       1.6358743159798905E-003
           4           7  -31.6730003      -71.7409973       4.5036542974230542E-004
           4           8  -31.6730003      -71.7409973       4.5036542974230542E-004
           4           9  -31.6730003      -71.7409973       4.5718281398876570E-004
           4          10  -31.6730003      -71.7409973       2.3510914470534772E-003
           4          11  -31.6730003      -71.7409973       3.3609715865168255E-003
           5           1  -31.6550007      -71.7409973       5.9982493257848546E-004
           5           2  -31.6550007      -71.7409973       2.6538339443504810E-003
           5           3  -31.6550007      -71.7409973       3.1627791468054056E-003
           5           4  -31.6550007      -71.7409973       3.0813374323770404E-003
           5           5  -31.6550007      -71.7409973       3.3420888939872384E-003
           5           6  -31.6550007      -71.7409973       1.2446614327927819E-003
           5           7  -31.6550007      -71.7409973       7.0921700898907147E-004
           5           8  -31.6550007      -71.7409973       6.6097852322855033E-004
           5           9  -31.6550007      -71.7409973       4.1038867129827850E-004
           5          10  -31.6550007      -71.7409973       2.8211439785081893E-003
           5          11  -31.6550007      -71.7409973       3.4769187623169273E-003
           6           1  -31.6369991      -71.7409973       8.7505215196870267E-004
           6           2  -31.6369991      -71.7409973       3.0641571502201259E-003
           6           3  -31.6369991      -71.7409973       3.1940862536430359E-003
           6           4  -31.6369991      -71.7409973       3.1687404261901975E-003
           6           5  -31.6369991      -71.7409973       3.1853248947300017E-003
           6           6  -31.6369991      -71.7409973       7.3066266755006382E-004
           6           7  -31.6369991      -71.7409973       7.3252087436515012E-004
           6           8  -31.6369991      -71.7409973       7.3086668908217689E-004
           6           9  -31.6369991      -71.7409973       2.9462885595421540E-004
           6          10  -31.6369991      -71.7409973       3.3585529308766127E-003
           6          11  -31.6369991      -71.7409973       3.7014663685113192E-003
           7           1  -31.6189995      -71.7409973       1.7098799180530477E-003
           7           2  -31.6189995      -71.7409973       2.6853946037590504E-003
           7           3  -31.6189995      -71.7409973       2.6554855867289007E-003
           7           4  -31.6189995      -71.7409973       2.7602566406130791E-003
           7           5  -31.6189995      -71.7409973       2.8612085152417421E-003
           7           6  -31.6189995      -71.7409973       7.1190821108757518E-004
           7           7  -31.6189995      -71.7409973       6.4287762870662846E-004
           7           8  -31.6189995      -71.7409973       6.4287762870662846E-004
           7           9  -31.6189995      -71.7409973       4.8990590312314453E-004
           7          10  -31.6189995      -71.7409973       3.3781072997953743E-003
           7          11  -31.6189995      -71.7409973       3.4636515192687511E-003
           8           1  -31.6009998      -71.7409973       2.2091042201282107E-003
           8           2  -31.6009998      -71.7409973       1.9850342323479708E-003
           8           3  -31.6009998      -71.7409973       2.1101993443153333E-003
           8           4  -31.6009998      -71.7409973       2.5883117268676870E-003
           8           5  -31.6009998      -71.7409973       1.9364280306035653E-003
           8           6  -31.6009998      -71.7409973       2.1458886931213783E-004
           8           7  -31.6009998      -71.7409973       3.8569343996641692E-004
           8           8  -31.6009998      -71.7409973       3.8569343996641692E-004
           8           9  -31.6009998      -71.7409973       5.8075265496881912E-004
           8          10  -31.6009998      -71.7409973       2.7888779150089249E-003
           8          11  -31.6009998      -71.7409973       2.6382648211438209E-003
           9           1  -31.5830002      -71.7409973       2.2110272839199752E-003
           9           2  -31.5830002      -71.7409973       2.3670772243349347E-003
           9           3  -31.5830002      -71.7409973       2.2110272839199752E-003
           9           4  -31.5830002      -71.7409973       2.3184912570286542E-003
           9           5  -31.5830002      -71.7409973       9.0011938482348341E-004
           9           6  -31.5830002      -71.7409973       1.9111706933472306E-005
           9           7  -31.5830002      -71.7409973       3.7054542190162465E-006
           9           8  -31.5830002      -71.7409973       8.2894504885189235E-005
           9           9  -31.5830002      -71.7409973       1.5183304649326601E-003
           9          10  -31.5830002      -71.7409973       2.1714968861488160E-003
           9          11  -31.5830002      -71.7409973       2.1046767160441959E-003
          10           1  -31.5650005      -71.7409973       2.3446123873327451E-003
          10           2  -31.5650005      -71.7409973       2.3599834480592108E-003
          10           3  -31.5650005      -71.7409973       2.2038144002181070E-003
          10           4  -31.5650005      -71.7409973       2.3835018109821249E-003
          10           5  -31.5650005      -71.7409973       5.0158400699729100E-004
          10           6  -31.5650005      -71.7409973       0.0000000000000000     
          10           7  -31.5650005      -71.7409973       0.0000000000000000     
          10           8  -31.5650005      -71.7409973       1.7682848556432873E-004
          10           9  -31.5650005      -71.7409973       1.7252335173907341E-003
          10          10  -31.5650005      -71.7409973       1.7121558485087007E-003
          10          11  -31.5650005      -71.7409973       1.4812409353908151E-003
          11           1  -31.5470009      -71.7409973       1.5796343068359420E-003
          11           2  -31.5470009      -71.7409973       1.5680268916185014E-003
          11           3  -31.5470009      -71.7409973       1.5802026209712494E-003
          11           4  -31.5470009      -71.7409973       1.7074931188290066E-003
          11           5  -31.5470009      -71.7409973       2.3587109171785414E-004
          11           6  -31.5470009      -71.7409973       2.7182832309335936E-004
          11           7  -31.5470009      -71.7409973       0.0000000000000000     
          11           8  -31.5470009      -71.7409973       7.0474802487296984E-004
          11           9  -31.5470009      -71.7409973       1.4618700224673375E-003
          11          10  -31.5470009      -71.7409973       1.4618700224673375E-003
          11          11  -31.5470009      -71.7409973       1.5037424018373713E-003
