           1           1  -31.7269993      -71.7409973       0.0000000000000000     
           1           2  -31.7269993      -71.7409973       2.4324768310179934E-004
           1           3  -31.7269993      -71.7409973       1.9002144981641322E-003
           1           4  -31.7269993      -71.7409973       1.9814608385786414E-003
           1           5  -31.7269993      -71.7409973       1.9046748348046094E-003
           1           6  -31.7269993      -71.7409973       1.9002144981641322E-003
           1           7  -31.7269993      -71.7409973       4.8429745947942138E-004
           1           8  -31.7269993      -71.7409973       1.1811869044322520E-003
           1           9  -31.7269993      -71.7409973       8.8059476365742739E-004
           1          10  -31.7269993      -71.7409973       9.2733473434236657E-004
           1          11  -31.7269993      -71.7409973       1.0050512446468929E-003
           2           1  -31.7089996      -71.7409973       5.6628145102877170E-004
           2           2  -31.7089996      -71.7409973       2.3203422388178296E-003
           2           3  -31.7089996      -71.7409973       2.5964002707041800E-003
           2           4  -31.7089996      -71.7409973       2.1332615506253205E-003
           2           5  -31.7089996      -71.7409973       2.2600994852837175E-003
           2           6  -31.7089996      -71.7409973       2.2210422175703570E-003
           2           7  -31.7089996      -71.7409973       0.0000000000000000     
           2           8  -31.7089996      -71.7409973       1.2387683273118455E-003
           2           9  -31.7089996      -71.7409973       1.2231464797878289E-003
           2          10  -31.7089996      -71.7409973       1.6832984811117058E-003
           2          11  -31.7089996      -71.7409973       1.2932803001604043E-003
           3           1  -31.6910000      -71.7409973       1.6689580443198793E-003
           3           2  -31.6910000      -71.7409973       3.2540622341912240E-003
           3           3  -31.6910000      -71.7409973       3.5325038334121928E-003
           3           4  -31.6910000      -71.7409973       3.2736653593019582E-003
           3           5  -31.6910000      -71.7409973       3.2736653593019582E-003
           3           6  -31.6910000      -71.7409973       2.1862846406293102E-003
           3           7  -31.6910000      -71.7409973       0.0000000000000000     
           3           8  -31.6910000      -71.7409973       1.3862937139492715E-003
           3           9  -31.6910000      -71.7409973       1.9939605026593199E-003
           3          10  -31.6910000      -71.7409973       1.9939605026593199E-003
           3          11  -31.6910000      -71.7409973       1.9283947913208976E-003
           4           1  -31.6730003      -71.7409973       2.6580598496366292E-003
           4           2  -31.6730003      -71.7409973       4.2596726416377351E-003
           4           3  -31.6730003      -71.7409973       4.2318165360484272E-003
           4           4  -31.6730003      -71.7409973       4.1095659544225782E-003
           4           5  -31.6730003      -71.7409973       4.1480228828731924E-003
           4           6  -31.6730003      -71.7409973       2.0480677667364944E-003
           4           7  -31.6730003      -71.7409973       0.0000000000000000     
           4           8  -31.6730003      -71.7409973       1.1198068241355941E-003
           4           9  -31.6730003      -71.7409973       2.9474818948074244E-003
           4          10  -31.6730003      -71.7409973       2.6267799457855290E-003
           4          11  -31.6730003      -71.7409973       2.8148542241979158E-003
           5           1  -31.6550007      -71.7409973       3.7471396499313414E-003
           5           2  -31.6550007      -71.7409973       4.4529880397021770E-003
           5           3  -31.6550007      -71.7409973       4.5890373294241726E-003
           5           4  -31.6550007      -71.7409973       4.5224183704704046E-003
           5           5  -31.6550007      -71.7409973       4.6123784850351512E-003
           5           6  -31.6550007      -71.7409973       1.6009081809897907E-003
           5           7  -31.6550007      -71.7409973       5.5739155959599884E-004
           5           8  -31.6550007      -71.7409973       1.3802877074340358E-003
           5           9  -31.6550007      -71.7409973       3.0561465828213841E-003
           5          10  -31.6550007      -71.7409973       3.3420888939872384E-003
           5          11  -31.6550007      -71.7409973       2.9307810764294118E-003
           6           1  -31.6369991      -71.7409973       3.9960985304787755E-003
           6           2  -31.6369991      -71.7409973       4.6452114474959671E-003
           6           3  -31.6369991      -71.7409973       4.6686283894814551E-003
           6           4  -31.6369991      -71.7409973       4.6746332664042711E-003
           6           5  -31.6369991      -71.7409973       4.4764972990378737E-003
           6           6  -31.6369991      -71.7409973       9.0416658349568024E-004
           6           7  -31.6369991      -71.7409973       8.6214720249699894E-004
           6           8  -31.6369991      -71.7409973       1.8502698803786188E-003
           6           9  -31.6369991      -71.7409973       3.1775837414897978E-003
           6          10  -31.6369991      -71.7409973       3.1689282041043043E-003
           6          11  -31.6369991      -71.7409973       3.1092569115571678E-003
           7           1  -31.6189995      -71.7409973       4.2541619914118201E-003
           7           2  -31.6189995      -71.7409973       4.4119970116298646E-003
           7           3  -31.6189995      -71.7409973       4.3561725178733468E-003
           7           4  -31.6189995      -71.7409973       4.4056750484742224E-003
           7           5  -31.6189995      -71.7409973       3.9764436078257859E-003
           7           6  -31.6189995      -71.7409973       6.8341620792011781E-004
           7           7  -31.6189995      -71.7409973       9.1416348732309416E-004
           7           8  -31.6189995      -71.7409973       2.1464269084390253E-003
           7           9  -31.6189995      -71.7409973       2.4549365189159289E-003
           7          10  -31.6189995      -71.7409973       2.7537445421330631E-003
           7          11  -31.6189995      -71.7409973       2.6853946037590504E-003
           8           1  -31.6009998      -71.7409973       3.9117021078709513E-003
           8           2  -31.6009998      -71.7409973       3.8569556199945509E-003
           8           3  -31.6009998      -71.7409973       3.8397503885789774E-003
           8           4  -31.6009998      -71.7409973       4.3918270239373669E-003
           8           5  -31.6009998      -71.7409973       3.2283298496622592E-003
           8           6  -31.6009998      -71.7409973       4.7290878137573600E-004
           8           7  -31.6009998      -71.7409973       1.1846563029394019E-003
           8           8  -31.6009998      -71.7409973       2.3086438995960634E-003
           8           9  -31.6009998      -71.7409973       2.4095632434182335E-003
           8          10  -31.6009998      -71.7409973       2.1343163425626699E-003
           8          11  -31.6009998      -71.7409973       1.9463783282844815E-003
           9           1  -31.5830002      -71.7409973       3.0644400976598263E-003
           9           2  -31.5830002      -71.7409973       3.4404678008286282E-003
           9           3  -31.5830002      -71.7409973       3.0877803947078064E-003
           9           4  -31.5830002      -71.7409973       3.2078439980978146E-003
           9           5  -31.5830002      -71.7409973       2.4203003558795899E-003
           9           6  -31.5830002      -71.7409973       2.0392892474774271E-004
           9           7  -31.5830002      -71.7409973       1.6244405655925220E-003
           9           8  -31.5830002      -71.7409973       2.2808640896982979E-003
           9           9  -31.5830002      -71.7409973       2.2808640896982979E-003
           9          10  -31.5830002      -71.7409973       2.2808640896982979E-003
           9          11  -31.5830002      -71.7409973       2.0369429184938781E-003
          10           1  -31.5650005      -71.7409973       2.1932940435362980E-003
          10           2  -31.5650005      -71.7409973       2.0944790860255580E-003
          10           3  -31.5650005      -71.7409973       2.0845929004451591E-003
          10           4  -31.5650005      -71.7409973       2.3324991852859966E-003
          10           5  -31.5650005      -71.7409973       1.5219649048958672E-003
          10           6  -31.5650005      -71.7409973       2.3004527611192316E-004
          10           7  -31.5650005      -71.7409973       2.1871083336009178E-003
          10           8  -31.5650005      -71.7409973       2.3446123873327451E-003
          10           9  -31.5650005      -71.7409973       2.2640147531092225E-003
          10          10  -31.5650005      -71.7409973       2.2641670475422870E-003
          10          11  -31.5650005      -71.7409973       1.1326099629513919E-003
          11           1  -31.5470009      -71.7409973       1.1304592699161731E-003
          11           2  -31.5470009      -71.7409973       1.1029393208445981E-003
          11           3  -31.5470009      -71.7409973       1.2397591053741053E-003
          11           4  -31.5470009      -71.7409973       1.6172071609616978E-003
          11           5  -31.5470009      -71.7409973       1.4199338475009426E-003
          11           6  -31.5470009      -71.7409973       1.7993724031839520E-004
          11           7  -31.5470009      -71.7409973       1.5612627212249208E-003
          11           8  -31.5470009      -71.7409973       1.5796343068359420E-003
          11           9  -31.5470009      -71.7409973       1.5802026209712494E-003
          11          10  -31.5470009      -71.7409973       1.5802026209712494E-003
          11          11  -31.5470009      -71.7409973       5.9222886739007663E-004
