           1           1  -31.7269993      -71.7409973       5.7479470342514105E-003
           1           2  -31.7269993      -71.7409973       3.8340493338182569E-003
           1           3  -31.7269993      -71.7409973       4.8045311414171010E-003
           1           4  -31.7269993      -71.7409973       6.1237247064127587E-003
           1           5  -31.7269993      -71.7409973       4.3604336678981781E-004
           1           6  -31.7269993      -71.7409973       1.4142681757220998E-003
           1           7  -31.7269993      -71.7409973       6.7488735585357063E-003
           1           8  -31.7269993      -71.7409973       6.7488735585357063E-003
           1           9  -31.7269993      -71.7409973       6.8046752639929764E-003
           1          10  -31.7269993      -71.7409973       6.8046752639929764E-003
           1          11  -31.7269993      -71.7409973       3.8275430561043322E-003
           2           1  -31.7089996      -71.7409973       5.7137877738568932E-003
           2           2  -31.7089996      -71.7409973       6.5851355393533595E-003
           2           3  -31.7089996      -71.7409973       6.5352907477063127E-003
           2           4  -31.7089996      -71.7409973       5.6725217436905950E-003
           2           5  -31.7089996      -71.7409973       3.5233860253356397E-003
           2           6  -31.7089996      -71.7409973       7.9813569191173883E-003
           2           7  -31.7089996      -71.7409973       7.7768251212546602E-003
           2           8  -31.7089996      -71.7409973       7.7768251212546602E-003
           2           9  -31.7089996      -71.7409973       8.0823077805689536E-003
           2          10  -31.7089996      -71.7409973       6.6838510610978119E-003
           2          11  -31.7089996      -71.7409973       0.0000000000000000     
           3           1  -31.6910000      -71.7409973       7.0104369078762829E-003
           3           2  -31.6910000      -71.7409973       5.8682786548160948E-003
           3           3  -31.6910000      -71.7409973       7.4646018692874350E-003
           3           4  -31.6910000      -71.7409973       5.9817490764544345E-003
           3           5  -31.6910000      -71.7409973       4.3263461557216942E-003
           3           6  -31.6910000      -71.7409973       1.1351259478033171E-002
           3           7  -31.6910000      -71.7409973       1.2369028438115492E-002
           3           8  -31.6910000      -71.7409973       1.2133029173128307E-002
           3           9  -31.6910000      -71.7409973       1.2133029173128307E-002
           3          10  -31.6910000      -71.7409973       4.6325111688929610E-003
           3          11  -31.6910000      -71.7409973       0.0000000000000000     
           4           1  -31.6730003      -71.7409973       5.7856613420881331E-003
           4           2  -31.6730003      -71.7409973       6.1206240497995168E-003
           4           3  -31.6730003      -71.7409973       6.0793580196332186E-003
           4           4  -31.6730003      -71.7409973       5.8423043228685856E-003
           4           5  -31.6730003      -71.7409973       7.8938219230622053E-003
           4           6  -31.6730003      -71.7409973       1.4981895452365279E-002
           4           7  -31.6730003      -71.7409973       1.5021872590295970E-002
           4           8  -31.6730003      -71.7409973       1.5021872590295970E-002
           4           9  -31.6730003      -71.7409973       1.5694888890720904E-002
           4          10  -31.6730003      -71.7409973       2.7783331024693325E-003
           4          11  -31.6730003      -71.7409973       0.0000000000000000     
           5           1  -31.6550007      -71.7409973       5.7167246122844517E-003
           5           2  -31.6550007      -71.7409973       5.6431851699016988E-003
           5           3  -31.6550007      -71.7409973       5.6711403303779662E-003
           5           4  -31.6550007      -71.7409973       5.6272805086337030E-003
           5           5  -31.6550007      -71.7409973       1.2852630228735507E-002
           5           6  -31.6550007      -71.7409973       1.7540460219606757E-002
           5           7  -31.6550007      -71.7409973       1.7554407939314842E-002
           5           8  -31.6550007      -71.7409973       1.7044655513018370E-002
           5           9  -31.6550007      -71.7409973       1.5570303308777511E-002
           5          10  -31.6550007      -71.7409973       1.3763275928795338E-003
           5          11  -31.6550007      -71.7409973       1.1944329453399405E-003
           6           1  -31.6369991      -71.7409973       6.1226584948599339E-003
           6           2  -31.6369991      -71.7409973       6.0541274724528193E-003
           6           3  -31.6369991      -71.7409973       6.0766289243474603E-003
           6           4  -31.6369991      -71.7409973       5.9568416327238083E-003
           6           5  -31.6369991      -71.7409973       1.3982862001284957E-002
           6           6  -31.6369991      -71.7409973       1.7537843203172088E-002
           6           7  -31.6369991      -71.7409973       1.7555390251800418E-002
           6           8  -31.6369991      -71.7409973       1.7583105945959687E-002
           6           9  -31.6369991      -71.7409973       1.4886195072904229E-002
           6          10  -31.6369991      -71.7409973       2.3660224251216277E-003
           6          11  -31.6369991      -71.7409973       2.1754852787125856E-003
           7           1  -31.6189995      -71.7409973       6.3007103162817657E-003
           7           2  -31.6189995      -71.7409973       6.3582516158930957E-003
           7           3  -31.6189995      -71.7409973       6.2563596875406802E-003
           7           4  -31.6189995      -71.7409973       6.0998575063422322E-003
           7           5  -31.6189995      -71.7409973       1.5202028793282807E-002
           7           6  -31.6189995      -71.7409973       1.7221317742951214E-002
           7           7  -31.6189995      -71.7409973       1.6543215140700340E-002
           7           8  -31.6189995      -71.7409973       1.6543215140700340E-002
           7           9  -31.6189995      -71.7409973       1.2202241690829396E-002
           7          10  -31.6189995      -71.7409973       2.3333219032792840E-003
           7          11  -31.6189995      -71.7409973       2.0699219749076292E-003
           8           1  -31.6009998      -71.7409973       6.3716504664625973E-003
           8           2  -31.6009998      -71.7409973       6.3472870097029954E-003
           8           3  -31.6009998      -71.7409973       6.3422782986890525E-003
           8           4  -31.6009998      -71.7409973       6.4241229847539216E-003
           8           5  -31.6009998      -71.7409973       1.3760164350969717E-002
           8           6  -31.6009998      -71.7409973       1.2507503270171583E-002
           8           7  -31.6009998      -71.7409973       1.4346481970278546E-002
           8           8  -31.6009998      -71.7409973       1.4346481970278546E-002
           8           9  -31.6009998      -71.7409973       1.1676547816023231E-002
           8          10  -31.6009998      -71.7409973       9.2595386377070099E-004
           8          11  -31.6009998      -71.7409973       2.3534409701824188E-003
           9           1  -31.5830002      -71.7409973       5.8171815035166219E-003
           9           2  -31.5830002      -71.7409973       6.3389793795067817E-003
           9           3  -31.5830002      -71.7409973       5.8171815035166219E-003
           9           4  -31.5830002      -71.7409973       5.4982014407869428E-003
           9           5  -31.5830002      -71.7409973       1.0089458082802594E-002
           9           6  -31.5830002      -71.7409973       1.0797017457662150E-002
           9           7  -31.5830002      -71.7409973       1.0732720838859677E-002
           9           8  -31.5830002      -71.7409973       1.1642472789390013E-002
           9           9  -31.5830002      -71.7409973       8.4914850594941527E-003
           9          10  -31.5830002      -71.7409973       0.0000000000000000     
           9          11  -31.5830002      -71.7409973       4.3558120232773945E-003
          10           1  -31.5650005      -71.7409973       4.8735905293142423E-003
          10           2  -31.5650005      -71.7409973       4.7915489849401638E-003
          10           3  -31.5650005      -71.7409973       4.6052497455093544E-003
          10           4  -31.5650005      -71.7409973       3.7353286752477288E-003
          10           5  -31.5650005      -71.7409973       5.9583662659861147E-003
          10           6  -31.5650005      -71.7409973       9.5084781351033598E-003
          10           7  -31.5650005      -71.7409973       7.8502787509933114E-003
          10           8  -31.5650005      -71.7409973       7.8502787509933114E-003
          10           9  -31.5650005      -71.7409973       4.8912440252024680E-003
          10          10  -31.5650005      -71.7409973       0.0000000000000000     
          10          11  -31.5650005      -71.7409973       4.9021146260201931E-003
          11           1  -31.5470009      -71.7409973       3.0520648706442444E-003
          11           2  -31.5470009      -71.7409973       2.8533698186947731E-003
          11           3  -31.5470009      -71.7409973       2.9861334023735253E-003
          11           4  -31.5470009      -71.7409973       1.6449491376988590E-003
          11           5  -31.5470009      -71.7409973       2.9090682455716887E-003
          11           6  -31.5470009      -71.7409973       4.3627624690998346E-003
          11           7  -31.5470009      -71.7409973       4.6987590321805328E-003
          11           8  -31.5470009      -71.7409973       4.6987590321805328E-003
          11           9  -31.5470009      -71.7409973       4.3627624690998346E-003
          11          10  -31.5470009      -71.7409973       6.9479044032050297E-004
          11          11  -31.5470009      -71.7409973       3.2231850345851853E-003
