           1           1  -31.7269993      -71.7409973       2.7827701298519969E-002
           1           2  -31.7269993      -71.7409973       1.9633957745099906E-002
           1           3  -31.7269993      -71.7409973       2.3763571633026004E-002
           1           4  -31.7269993      -71.7409973       2.3382933577522635E-002
           1           5  -31.7269993      -71.7409973       0.0000000000000000     
           1           6  -31.7269993      -71.7409973       1.0278147645294666E-002
           1           7  -31.7269993      -71.7409973       1.7108861167798750E-002
           1           8  -31.7269993      -71.7409973       1.7108861167798750E-002
           1           9  -31.7269993      -71.7409973       1.7553116165800020E-002
           1          10  -31.7269993      -71.7409973       1.7006705806124955E-002
           1          11  -31.7269993      -71.7409973       3.8030011091905180E-003
           2           1  -31.7089996      -71.7409973       2.7201140648685396E-002
           2           2  -31.7089996      -71.7409973       2.8657001792453229E-002
           2           3  -31.7089996      -71.7409973       2.9512342298403382E-002
           2           4  -31.7089996      -71.7409973       2.5330672273412347E-002
           2           5  -31.7089996      -71.7409973       1.9301246647955850E-003
           2           6  -31.7089996      -71.7409973       1.9553037825971842E-002
           2           7  -31.7089996      -71.7409973       1.7174396663904190E-002
           2           8  -31.7089996      -71.7409973       1.7174396663904190E-002
           2           9  -31.7089996      -71.7409973       1.8450567382387817E-002
           2          10  -31.7089996      -71.7409973       9.2952220566075994E-003
           2          11  -31.7089996      -71.7409973       0.0000000000000000     
           3           1  -31.6910000      -71.7409973       3.3549448824487627E-002
           3           2  -31.6910000      -71.7409973       2.7885199320735410E-002
           3           3  -31.6910000      -71.7409973       3.3549448824487627E-002
           3           4  -31.6910000      -71.7409973       2.7405590633861721E-002
           3           5  -31.6910000      -71.7409973       2.1331200201530010E-002
           3           6  -31.6910000      -71.7409973       2.6363311524619348E-002
           3           7  -31.6910000      -71.7409973       2.8546105677378364E-002
           3           8  -31.6910000      -71.7409973       2.8324654049356468E-002
           3           9  -31.6910000      -71.7409973       2.2927165089640766E-002
           3          10  -31.6910000      -71.7409973       1.0073356097564101E-003
           3          11  -31.6910000      -71.7409973       0.0000000000000000     
           4           1  -31.6730003      -71.7409973       3.3191325841471553E-002
           4           2  -31.6730003      -71.7409973       3.2912732131080702E-002
           4           3  -31.6730003      -71.7409973       3.3349619276123121E-002
           4           4  -31.6730003      -71.7409973       3.3968624891713262E-002
           4           5  -31.6730003      -71.7409973       3.4790182020515203E-002
           4           6  -31.6730003      -71.7409973       3.6684342485386878E-002
           4           7  -31.6730003      -71.7409973       3.6908570327796042E-002
           4           8  -31.6730003      -71.7409973       3.6908570327796042E-002
           4           9  -31.6730003      -71.7409973       2.7654186778818257E-002
           4          10  -31.6730003      -71.7409973       2.8787357296096161E-003
           4          11  -31.6730003      -71.7409973       3.4280945837963372E-003
           5           1  -31.6550007      -71.7409973       3.7997955223545432E-002
           5           2  -31.6550007      -71.7409973       3.4319885540753603E-002
           5           3  -31.6550007      -71.7409973       3.6095356568694115E-002
           5           4  -31.6550007      -71.7409973       3.5846279934048653E-002
           5           5  -31.6550007      -71.7409973       4.3817877536639571E-002
           5           6  -31.6550007      -71.7409973       4.4242775300517678E-002
           5           7  -31.6550007      -71.7409973       4.4200958684086800E-002
           5           8  -31.6550007      -71.7409973       4.2720542056486011E-002
           5           9  -31.6550007      -71.7409973       2.4339591182069853E-002
           5          10  -31.6550007      -71.7409973       4.7761385212652385E-003
           5          11  -31.6550007      -71.7409973       3.1285009172279388E-003
           6           1  -31.6369991      -71.7409973       3.7089563440531492E-002
           6           2  -31.6369991      -71.7409973       3.6802708171308041E-002
           6           3  -31.6369991      -71.7409973       3.7065490148961544E-002
           6           4  -31.6369991      -71.7409973       3.7024253513664007E-002
           6           5  -31.6369991      -71.7409973       4.3897715397179127E-002
           6           6  -31.6369991      -71.7409973       4.3872047681361437E-002
           6           7  -31.6369991      -71.7409973       4.3897715397179127E-002
           6           8  -31.6369991      -71.7409973       4.3920564930886030E-002
           6           9  -31.6369991      -71.7409973       2.0140101318247616E-002
           6          10  -31.6369991      -71.7409973       2.9604381415992975E-003
           6          11  -31.6369991      -71.7409973       4.9001158331520855E-003
           7           1  -31.6189995      -71.7409973       3.4944550134241581E-002
           7           2  -31.6189995      -71.7409973       3.3974003978073597E-002
           7           3  -31.6189995      -71.7409973       3.4128648694604635E-002
           7           4  -31.6189995      -71.7409973       3.4245830029249191E-002
           7           5  -31.6189995      -71.7409973       4.1298889555037022E-002
           7           6  -31.6189995      -71.7409973       4.2718841228634119E-002
           7           7  -31.6189995      -71.7409973       4.0731393732130527E-002
           7           8  -31.6189995      -71.7409973       4.0731393732130527E-002
           7           9  -31.6189995      -71.7409973       1.5601722017891007E-002
           7          10  -31.6189995      -71.7409973       1.0795846174005419E-004
           7          11  -31.6189995      -71.7409973       1.2372960103675723E-002
           8           1  -31.6009998      -71.7409973       3.2220675144344568E-002
           8           2  -31.6009998      -71.7409973       3.0672160442918539E-002
           8           3  -31.6009998      -71.7409973       3.1282688025385141E-002
           8           4  -31.6009998      -71.7409973       2.9662517597898841E-002
           8           5  -31.6009998      -71.7409973       3.4499399363994598E-002
           8           6  -31.6009998      -71.7409973       2.9607009084429592E-002
           8           7  -31.6009998      -71.7409973       3.4499399363994598E-002
           8           8  -31.6009998      -71.7409973       3.4499399363994598E-002
           8           9  -31.6009998      -71.7409973       1.4968301289627561E-002
           8          10  -31.6009998      -71.7409973       0.0000000000000000     
           8          11  -31.6009998      -71.7409973       1.6848670551553369E-002
           9           1  -31.5830002      -71.7409973       3.0325438827276230E-002
           9           2  -31.5830002      -71.7409973       3.1657544197514653E-002
           9           3  -31.5830002      -71.7409973       3.0325438827276230E-002
           9           4  -31.5830002      -71.7409973       1.4281518349889666E-002
           9           5  -31.5830002      -71.7409973       2.3603866808116436E-002
           9           6  -31.5830002      -71.7409973       2.4155245773727074E-002
           9           7  -31.5830002      -71.7409973       2.4889427702873945E-002
           9           8  -31.5830002      -71.7409973       2.6535763783613220E-002
           9           9  -31.5830002      -71.7409973       1.2327265634667128E-002
           9          10  -31.5830002      -71.7409973       0.0000000000000000     
           9          11  -31.5830002      -71.7409973       1.3402412412688136E-002
          10           1  -31.5650005      -71.7409973       3.2237914507277310E-002
          10           2  -31.5650005      -71.7409973       3.1011512211989611E-002
          10           3  -31.5650005      -71.7409973       2.8230630792677402E-002
          10           4  -31.5650005      -71.7409973       3.4121910575777292E-003
          10           5  -31.5650005      -71.7409973       1.1437251407187432E-002
          10           6  -31.5650005      -71.7409973       2.1821926784468815E-002
          10           7  -31.5650005      -71.7409973       1.7933279275894165E-002
          10           8  -31.5650005      -71.7409973       1.7933279275894165E-002
          10           9  -31.5650005      -71.7409973       1.1327302956487983E-002
          10          10  -31.5650005      -71.7409973       2.0900756499031559E-003
          10          11  -31.5650005      -71.7409973       7.0702485973015428E-003
          11           1  -31.5470009      -71.7409973       2.8636720497161150E-002
          11           2  -31.5470009      -71.7409973       2.8853938449174166E-002
          11           3  -31.5470009      -71.7409973       2.1483550197444856E-002
          11           4  -31.5470009      -71.7409973       0.0000000000000000     
          11           5  -31.5470009      -71.7409973       9.2270668828859925E-003
          11           6  -31.5470009      -71.7409973       1.6036660701502115E-002
          11           7  -31.5470009      -71.7409973       1.5306887275073677E-002
          11           8  -31.5470009      -71.7409973       1.5306887275073677E-002
          11           9  -31.5470009      -71.7409973       1.6036660701502115E-002
          11          10  -31.5470009      -71.7409973       9.0926191478502005E-003
          11          11  -31.5470009      -71.7409973       1.0495676600839943E-002
