           1           1  -31.7269993      -71.7409973       9.7565175383351743E-004
           1           2  -31.7269993      -71.7409973       1.1862844621646218E-004
           1           3  -31.7269993      -71.7409973       7.1281427881331183E-004
           1           4  -31.7269993      -71.7409973       3.2029227731982246E-003
           1           5  -31.7269993      -71.7409973       3.2036651828093454E-003
           1           6  -31.7269993      -71.7409973       3.1160049111349508E-003
           1           7  -31.7269993      -71.7409973       3.2401932985521853E-003
           1           8  -31.7269993      -71.7409973       1.6958601363512571E-003
           1           9  -31.7269993      -71.7409973       0.0000000000000000     
           1          10  -31.7269993      -71.7409973       2.8968281694687903E-003
           1          11  -31.7269993      -71.7409973       2.9374795831245137E-003
           2           1  -31.7089996      -71.7409973       0.0000000000000000     
           2           2  -31.7089996      -71.7409973       1.0048068943433464E-003
           2           3  -31.7089996      -71.7409973       1.5037943994684611E-003
           2           4  -31.7089996      -71.7409973       2.9168423698138213E-003
           2           5  -31.7089996      -71.7409973       3.5331121162016643E-003
           2           6  -31.7089996      -71.7409973       3.2392583416367415E-003
           2           7  -31.7089996      -71.7409973       2.8389473645802354E-003
           2           8  -31.7089996      -71.7409973       5.1092289504595101E-004
           2           9  -31.7089996      -71.7409973       2.8665411809924990E-004
           2          10  -31.7089996      -71.7409973       4.0183471282944083E-003
           2          11  -31.7089996      -71.7409973       7.3781626124400645E-003
           3           1  -31.6910000      -71.7409973       0.0000000000000000     
           3           2  -31.6910000      -71.7409973       3.5939744702773169E-004
           3           3  -31.6910000      -71.7409973       3.1785683386260644E-003
           3           4  -31.6910000      -71.7409973       3.1663858535466716E-003
           3           5  -31.6910000      -71.7409973       3.1663858535466716E-003
           3           6  -31.6910000      -71.7409973       3.4407448692945763E-003
           3           7  -31.6910000      -71.7409973       1.5975395499481237E-003
           3           8  -31.6910000      -71.7409973       1.3619835517602041E-003
           3           9  -31.6910000      -71.7409973       1.3296618999447674E-003
           3          10  -31.6910000      -71.7409973       3.0619707977166399E-003
           3          11  -31.6910000      -71.7409973       1.0278826739522628E-002
           4           1  -31.6730003      -71.7409973       0.0000000000000000     
           4           2  -31.6730003      -71.7409973       6.0562912403838709E-004
           4           3  -31.6730003      -71.7409973       5.4687320989614818E-003
           4           4  -31.6730003      -71.7409973       5.1953726797364652E-003
           4           5  -31.6730003      -71.7409973       5.1922288912464865E-003
           4           6  -31.6730003      -71.7409973       5.1513839316612575E-003
           4           7  -31.6730003      -71.7409973       1.8963974143844098E-003
           4           8  -31.6730003      -71.7409973       1.8963974143844098E-003
           4           9  -31.6730003      -71.7409973       1.7323854726782884E-003
           4          10  -31.6730003      -71.7409973       3.1065568018675549E-003
           4          11  -31.6730003      -71.7409973       1.4215234506991692E-002
           5           1  -31.6550007      -71.7409973       1.5849125193199143E-003
           5           2  -31.6550007      -71.7409973       1.1944329453399405E-003
           5           3  -31.6550007      -71.7409973       6.6439557122066617E-003
           5           4  -31.6550007      -71.7409973       6.4478463027626276E-003
           5           5  -31.6550007      -71.7409973       7.0670261629857123E-003
           5           6  -31.6550007      -71.7409973       6.8086658720858395E-003
           5           7  -31.6550007      -71.7409973       2.6434293831698596E-003
           5           8  -31.6550007      -71.7409973       2.5032263947650790E-003
           5           9  -31.6550007      -71.7409973       1.5422236201629858E-003
           5          10  -31.6550007      -71.7409973       3.2066982676042244E-003
           5          11  -31.6550007      -71.7409973       1.4739512000232935E-002
           6           1  -31.6369991      -71.7409973       2.4122612230712548E-003
           6           2  -31.6369991      -71.7409973       2.2640132738160901E-003
           6           3  -31.6369991      -71.7409973       6.8514562444761395E-003
           6           4  -31.6369991      -71.7409973       6.8276971578598022E-003
           6           5  -31.6369991      -71.7409973       6.8524407688528299E-003
           6           6  -31.6369991      -71.7409973       5.4492258932441473E-003
           6           7  -31.6369991      -71.7409973       2.6765310285554733E-003
           6           8  -31.6369991      -71.7409973       2.6906099956249818E-003
           6           9  -31.6369991      -71.7409973       1.2827805912820622E-003
           6          10  -31.6369991      -71.7409973       6.2503716908395290E-003
           6          11  -31.6369991      -71.7409973       1.5746223507449031E-002
           7           1  -31.6189995      -71.7409973       2.3333219032792840E-003
           7           2  -31.6189995      -71.7409973       3.3814117196016014E-003
           7           3  -31.6189995      -71.7409973       5.3666655148845166E-003
           7           4  -31.6189995      -71.7409973       5.6804431660566479E-003
           7           5  -31.6189995      -71.7409973       6.0112299397587776E-003
           7           6  -31.6189995      -71.7409973       4.4770313543267548E-003
           7           7  -31.6189995      -71.7409973       2.3031685686873971E-003
           7           8  -31.6189995      -71.7409973       2.3031685686873971E-003
           7           9  -31.6189995      -71.7409973       9.0499689213174861E-004
           7          10  -31.6189995      -71.7409973       8.1322959358658409E-003
           7          11  -31.6189995      -71.7409973       1.4658325933851302E-002
           8           1  -31.6009998      -71.7409973       2.0012137683806941E-003
           8           2  -31.6009998      -71.7409973       3.1305825032177381E-003
           8           3  -31.6009998      -71.7409973       3.5792572671198286E-003
           8           4  -31.6009998      -71.7409973       5.0322016468271613E-003
           8           5  -31.6009998      -71.7409973       4.1757051076274365E-003
           8           6  -31.6009998      -71.7409973       1.4343057118821889E-003
           8           7  -31.6009998      -71.7409973       1.4903380642863340E-003
           8           8  -31.6009998      -71.7409973       1.4903380642863340E-003
           8           9  -31.6009998      -71.7409973       7.9894186637829989E-004
           8          10  -31.6009998      -71.7409973       9.9049385171383619E-003
           8          11  -31.6009998      -71.7409973       1.1477077641757205E-002
           9           1  -31.5830002      -71.7409973       3.8445847749244422E-003
           9           2  -31.5830002      -71.7409973       4.4918671919731423E-003
           9           3  -31.5830002      -71.7409973       4.0375922835664824E-003
           9           4  -31.5830002      -71.7409973       4.2597799765644595E-003
           9           5  -31.5830002      -71.7409973       3.3577902213437483E-003
           9           6  -31.5830002      -71.7409973       1.2828547623939812E-003
           9           7  -31.5830002      -71.7409973       4.9731609760783613E-004
           9           8  -31.5830002      -71.7409973       6.1761942833982175E-004
           9           9  -31.5830002      -71.7409973       1.5742042451165617E-003
           9          10  -31.5830002      -71.7409973       9.9577097280416638E-003
           9          11  -31.5830002      -71.7409973       1.0065439681056887E-002
          10           1  -31.5650005      -71.7409973       4.9279889644822106E-003
          10           2  -31.5650005      -71.7409973       5.1467397715896368E-003
          10           3  -31.5650005      -71.7409973       4.6458234864985570E-003
          10           4  -31.5650005      -71.7409973       4.9233723839279264E-003
          10           5  -31.5650005      -71.7409973       3.1344783492386341E-003
          10           6  -31.5650005      -71.7409973       1.7860699736047536E-003
          10           7  -31.5650005      -71.7409973       7.9620172618888319E-004
          10           8  -31.5650005      -71.7409973       0.0000000000000000     
          10           9  -31.5650005      -71.7409973       3.6465541343204677E-003
          10          10  -31.5650005      -71.7409973       8.0521304043941200E-003
          10          11  -31.5650005      -71.7409973       6.7385819465926033E-003
          11           1  -31.5470009      -71.7409973       3.1707467715023085E-003
          11           2  -31.5470009      -71.7409973       3.2231850345851853E-003
          11           3  -31.5470009      -71.7409973       3.1834218098083511E-003
          11           4  -31.5470009      -71.7409973       3.5944008450314868E-003
          11           5  -31.5470009      -71.7409973       2.0111882622586563E-003
          11           6  -31.5470009      -71.7409973       1.7040635502780788E-003
          11           7  -31.5470009      -71.7409973       1.2313895276747644E-003
          11           8  -31.5470009      -71.7409973       0.0000000000000000     
          11           9  -31.5470009      -71.7409973       5.4742317588534206E-003
          11          10  -31.5470009      -71.7409973       5.7806222175713629E-003
          11          11  -31.5470009      -71.7409973       5.8874630776699632E-003
