           1           1  -31.7269993      -71.7409973       3.1290849728975445E-002
           1           2  -31.7269993      -71.7409973       3.5475936485454440E-002
           1           3  -31.7269993      -71.7409973       3.2459437614306808E-002
           1           4  -31.7269993      -71.7409973       3.2951137633062899E-002
           1           5  -31.7269993      -71.7409973       3.1048058532178402E-002
           1           6  -31.7269993      -71.7409973       3.2459437614306808E-002
           1           7  -31.7269993      -71.7409973       3.1290849728975445E-002
           1           8  -31.7269993      -71.7409973       3.1290849728975445E-002
           1           9  -31.7269993      -71.7409973       3.2459437614306808E-002
           1          10  -31.7269993      -71.7409973       3.2459437614306808E-002
           1          11  -31.7269993      -71.7409973       3.5475936485454440E-002
           2           1  -31.7089996      -71.7409973       4.8820432275533676E-002
           2           2  -31.7089996      -71.7409973       6.4431339502334595E-002
           2           3  -31.7089996      -71.7409973       5.4561317898333073E-002
           2           4  -31.7089996      -71.7409973       3.9254931267350912E-002
           2           5  -31.7089996      -71.7409973       4.1649422608315945E-002
           2           6  -31.7089996      -71.7409973       5.8690453879535198E-002
           2           7  -31.7089996      -71.7409973       4.8820432275533676E-002
           2           8  -31.7089996      -71.7409973       4.8820432275533676E-002
           2           9  -31.7089996      -71.7409973       5.2066618110984564E-002
           2          10  -31.7089996      -71.7409973       5.6309215724468231E-002
           2          11  -31.7089996      -71.7409973       6.4431339502334595E-002
           3           1  -31.6910000      -71.7409973       8.7363339029252529E-002
           3           2  -31.6910000      -71.7409973       8.5292580071836710E-002
           3           3  -31.6910000      -71.7409973       8.7363339029252529E-002
           3           4  -31.6910000      -71.7409973       7.8533561434596777E-002
           3           5  -31.6910000      -71.7409973       7.8533561434596777E-002
           3           6  -31.6910000      -71.7409973       8.0522743985056877E-002
           3           7  -31.6910000      -71.7409973       8.7363339029252529E-002
           3           8  -31.6910000      -71.7409973       8.6714196018874645E-002
           3           9  -31.6910000      -71.7409973       8.6714196018874645E-002
           3          10  -31.6910000      -71.7409973       8.6714196018874645E-002
           3          11  -31.6910000      -71.7409973       8.5292580071836710E-002
           4           1  -31.6730003      -71.7409973      0.11328723898623139     
           4           2  -31.6730003      -71.7409973      0.12006501911673695     
           4           3  -31.6730003      -71.7409973      0.11834894365165383     
           4           4  -31.6730003      -71.7409973      0.11235031345859170     
           4           5  -31.6730003      -71.7409973      0.11328723898623139     
           4           6  -31.6730003      -71.7409973      0.11294641578570008     
           4           7  -31.6730003      -71.7409973      0.11328723898623139     
           4           8  -31.6730003      -71.7409973      0.11328723898623139     
           4           9  -31.6730003      -71.7409973      0.12371426867321134     
           4          10  -31.6730003      -71.7409973      0.11294641578570008     
           4          11  -31.6730003      -71.7409973      0.12006501911673695     
           5           1  -31.6550007      -71.7409973      0.14162587746977806     
           5           2  -31.6550007      -71.7409973      0.12781360186636448     
           5           3  -31.6550007      -71.7409973      0.13391611352562904     
           5           4  -31.6550007      -71.7409973      0.13176287338137627     
           5           5  -31.6550007      -71.7409973      0.14162587746977806     
           5           6  -31.6550007      -71.7409973      0.14066355116665363     
           5           7  -31.6550007      -71.7409973      0.14162587746977806     
           5           8  -31.6550007      -71.7409973      0.13391611352562904     
           5           9  -31.6550007      -71.7409973      0.13187169656157494     
           5          10  -31.6550007      -71.7409973      0.14162587746977806     
           5          11  -31.6550007      -71.7409973      0.12781360186636448     
           6           1  -31.6369991      -71.7409973      0.14026824943721294     
           6           2  -31.6369991      -71.7409973      0.13809990324079990     
           6           3  -31.6369991      -71.7409973      0.13987933099269867     
           6           4  -31.6369991      -71.7409973      0.14032476954162121     
           6           5  -31.6369991      -71.7409973      0.14026824943721294     
           6           6  -31.6369991      -71.7409973      0.14016969874501228     
           6           7  -31.6369991      -71.7409973      0.14026824943721294     
           6           8  -31.6369991      -71.7409973      0.14048397354781628     
           6           9  -31.6369991      -71.7409973      0.13915496319532394     
           6          10  -31.6369991      -71.7409973      0.14009505510330200     
           6          11  -31.6369991      -71.7409973      0.13809990324079990     
           7           1  -31.6189995      -71.7409973      0.12878061085939407     
           7           2  -31.6189995      -71.7409973      0.12605292443186045     
           7           3  -31.6189995      -71.7409973      0.12375371530652046     
           7           4  -31.6189995      -71.7409973      0.12612161040306091     
           7           5  -31.6189995      -71.7409973      0.13131753914058208     
           7           6  -31.6189995      -71.7409973      0.13733035046607256     
           7           7  -31.6189995      -71.7409973      0.12878061085939407     
           7           8  -31.6189995      -71.7409973      0.12878061085939407     
           7           9  -31.6189995      -71.7409973      0.11318559478968382     
           7          10  -31.6189995      -71.7409973      0.12878061085939407     
           7          11  -31.6189995      -71.7409973      0.12605292443186045     
           8           1  -31.6009998      -71.7409973      0.10215076198801398     
           8           2  -31.6009998      -71.7409973       9.6723563299747184E-002
           8           3  -31.6009998      -71.7409973       9.5620865933597088E-002
           8           4  -31.6009998      -71.7409973      0.11854380695149302     
           8           5  -31.6009998      -71.7409973      0.10215076198801398     
           8           6  -31.6009998      -71.7409973       8.4837731905281544E-002
           8           7  -31.6009998      -71.7409973      0.10215076198801398     
           8           8  -31.6009998      -71.7409973      0.10215076198801398     
           8           9  -31.6009998      -71.7409973      0.10873180441558361     
           8          10  -31.6009998      -71.7409973       9.2471013776957989E-002
           8          11  -31.6009998      -71.7409973       8.7007919326424599E-002
           9           1  -31.5830002      -71.7409973       6.9996116682887077E-002
           9           2  -31.5830002      -71.7409973       6.4726286102086306E-002
           9           3  -31.5830002      -71.7409973       6.9996116682887077E-002
           9           4  -31.5830002      -71.7409973       7.5646005570888519E-002
           9           5  -31.5830002      -71.7409973       6.9284164346754551E-002
           9           6  -31.5830002      -71.7409973       5.7778651826083660E-002
           9           7  -31.5830002      -71.7409973       6.9996116682887077E-002
           9           8  -31.5830002      -71.7409973       6.6297378391027451E-002
           9           9  -31.5830002      -71.7409973       6.6297378391027451E-002
           9          10  -31.5830002      -71.7409973       6.6297378391027451E-002
           9          11  -31.5830002      -71.7409973       6.4726286102086306E-002
          10           1  -31.5650005      -71.7409973       5.0333810038864613E-002
          10           2  -31.5650005      -71.7409973       4.8494919668883085E-002
          10           3  -31.5650005      -71.7409973       4.7328231390565634E-002
          10           4  -31.5650005      -71.7409973       5.8000111253932118E-002
          10           5  -31.5650005      -71.7409973       5.7156863389536738E-002
          10           6  -31.5650005      -71.7409973       4.2918690014630556E-002
          10           7  -31.5650005      -71.7409973       5.0333810038864613E-002
          10           8  -31.5650005      -71.7409973       5.0333810038864613E-002
          10           9  -31.5650005      -71.7409973       5.7377291843295097E-002
          10          10  -31.5650005      -71.7409973       5.1641353871673346E-002
          10          11  -31.5650005      -71.7409973       4.5957991387695074E-002
          11           1  -31.5470009      -71.7409973       4.0398309123702347E-002
          11           2  -31.5470009      -71.7409973       4.7752026526723057E-002
          11           3  -31.5470009      -71.7409973       4.4219849514774978E-002
          11           4  -31.5470009      -71.7409973       4.3257803656160831E-002
          11           5  -31.5470009      -71.7409973       4.4509712723083794E-002
          11           6  -31.5470009      -71.7409973       4.4219849514774978E-002
          11           7  -31.5470009      -71.7409973       4.0398309123702347E-002
          11           8  -31.5470009      -71.7409973       4.0398309123702347E-002
          11           9  -31.5470009      -71.7409973       4.4219849514774978E-002
          11          10  -31.5470009      -71.7409973       4.4219849514774978E-002
          11          11  -31.5470009      -71.7409973       4.7752026526723057E-002
