           1           1  -31.7269993      -71.7409973       0.0000000000000000     
           1           2  -31.7269993      -71.7409973       6.9652368438255507E-004
           1           3  -31.7269993      -71.7409973       2.4785969726508483E-003
           1           4  -31.7269993      -71.7409973       3.9041473501129076E-003
           1           5  -31.7269993      -71.7409973       3.1000951894384343E-003
           1           6  -31.7269993      -71.7409973       2.4785969726508483E-003
           1           7  -31.7269993      -71.7409973       1.3376604911172763E-003
           1           8  -31.7269993      -71.7409973       6.6441612580092624E-004
           1           9  -31.7269993      -71.7409973       2.6375020042905817E-003
           1          10  -31.7269993      -71.7409973       2.9478339638444595E-003
           1          11  -31.7269993      -71.7409973       2.9298558001755737E-003
           2           1  -31.7089996      -71.7409973       0.0000000000000000     
           2           2  -31.7089996      -71.7409973       9.3175294932734687E-004
           2           3  -31.7089996      -71.7409973       4.4669424714811612E-003
           2           4  -31.7089996      -71.7409973       4.2628663250070531E-003
           2           5  -31.7089996      -71.7409973       4.3058286100858822E-003
           2           6  -31.7089996      -71.7409973       4.4148499473521952E-003
           2           7  -31.7089996      -71.7409973       3.1710492330603302E-003
           2           8  -31.7089996      -71.7409973       1.6553800960537046E-003
           2           9  -31.7089996      -71.7409973       2.2228781308513135E-003
           2          10  -31.7089996      -71.7409973       2.6441218697073054E-003
           2          11  -31.7089996      -71.7409973       2.8437684886739589E-003
           3           1  -31.6910000      -71.7409973       6.1151746194809675E-004
           3           2  -31.6910000      -71.7409973       0.0000000000000000     
           3           3  -31.6910000      -71.7409973       6.5392002616135869E-003
           3           4  -31.6910000      -71.7409973       6.2588982109446079E-003
           3           5  -31.6910000      -71.7409973       6.2588982109446079E-003
           3           6  -31.6910000      -71.7409973       6.2577485223300755E-003
           3           7  -31.6910000      -71.7409973       5.3011426934972405E-003
           3           8  -31.6910000      -71.7409973       2.8714588916045614E-003
           3           9  -31.6910000      -71.7409973       2.9928864969406277E-003
           3          10  -31.6910000      -71.7409973       2.9928864969406277E-003
           3          11  -31.6910000      -71.7409973       2.8036473668180406E-003
           4           1  -31.6730003      -71.7409973       8.6287660087691620E-004
           4           2  -31.6730003      -71.7409973       8.0237370639224537E-005
           4           3  -31.6730003      -71.7409973       8.1043631071224809E-003
           4           4  -31.6730003      -71.7409973       8.6174474417930469E-003
           4           5  -31.6730003      -71.7409973       8.6373361846199259E-003
           4           6  -31.6730003      -71.7409973       8.6011185194365680E-003
           4           7  -31.6730003      -71.7409973       5.4929582984186709E-003
           4           8  -31.6730003      -71.7409973       3.4810460347216576E-003
           4           9  -31.6730003      -71.7409973       3.7143406225368381E-003
           4          10  -31.6730003      -71.7409973       3.3916988468263298E-003
           4          11  -31.6730003      -71.7409973       3.4372920927125961E-003
           5           1  -31.6550007      -71.7409973       9.5488161605317146E-004
           5           2  -31.6550007      -71.7409973       4.5631613829755224E-004
           5           3  -31.6550007      -71.7409973       9.0209901100024581E-003
           5           4  -31.6550007      -71.7409973       9.5552424900233746E-003
           5           5  -31.6550007      -71.7409973       1.0219486372079700E-002
           5           6  -31.6550007      -71.7409973       1.0120395745616406E-002
           5           7  -31.6550007      -71.7409973       4.7231696989911143E-003
           5           8  -31.6550007      -71.7409973       4.0773341897875071E-003
           5           9  -31.6550007      -71.7409973       4.0140571072697639E-003
           5          10  -31.6550007      -71.7409973       4.0973598370328546E-003
           5          11  -31.6550007      -71.7409973       4.1104999254457653E-003
           6           1  -31.6369991      -71.7409973       8.8836758004617877E-004
           6           2  -31.6369991      -71.7409973       1.3948679861641722E-003
           6           3  -31.6369991      -71.7409973       9.3642058782279491E-003
           6           4  -31.6369991      -71.7409973       9.8649518331512809E-003
           6           5  -31.6369991      -71.7409973       9.8762441193684936E-003
           6           6  -31.6369991      -71.7409973       9.8666836274787784E-003
           6           7  -31.6369991      -71.7409973       3.4930553811136633E-003
           6           8  -31.6369991      -71.7409973       4.6444819599855691E-003
           6           9  -31.6369991      -71.7409973       4.4597203959710896E-003
           6          10  -31.6369991      -71.7409973       4.5881265541538596E-003
           6          11  -31.6369991      -71.7409973       4.5465198927558959E-003
           7           1  -31.6189995      -71.7409973       4.6817528345854953E-004
           7           2  -31.6189995      -71.7409973       2.8246627935004653E-003
           7           3  -31.6189995      -71.7409973       8.8946477044373751E-003
           7           4  -31.6189995      -71.7409973       9.1900683473795652E-003
           7           5  -31.6189995      -71.7409973       9.3950630398467183E-003
           7           6  -31.6189995      -71.7409973       9.6398562891408801E-003
           7           7  -31.6189995      -71.7409973       2.7393881900934502E-003
           7           8  -31.6189995      -71.7409973       4.8699459439376369E-003
           7           9  -31.6189995      -71.7409973       4.7196555678965524E-003
           7          10  -31.6189995      -71.7409973       4.8699459439376369E-003
           7          11  -31.6189995      -71.7409973       4.7733192332088947E-003
           8           1  -31.6009998      -71.7409973       8.2022503193002194E-005
           8           2  -31.6009998      -71.7409973       4.3229370949120494E-003
           8           3  -31.6009998      -71.7409973       7.4956219468731433E-003
           8           4  -31.6009998      -71.7409973       8.7566228685318492E-003
           8           5  -31.6009998      -71.7409973       7.9309790453407913E-003
           8           6  -31.6009998      -71.7409973       6.7612800921779126E-003
           8           7  -31.6009998      -71.7409973       2.7072119119111449E-003
           8           8  -31.6009998      -71.7409973       4.6251414805738023E-003
           8           9  -31.6009998      -71.7409973       4.7213432080752682E-003
           8          10  -31.6009998      -71.7409973       4.5491833934647730E-003
           8          11  -31.6009998      -71.7409973       4.5201867815194419E-003
           9           1  -31.5830002      -71.7409973       1.1612554371822625E-003
           9           2  -31.5830002      -71.7409973       4.9393052631785395E-003
           9           3  -31.5830002      -71.7409973       6.0832836898043752E-003
           9           4  -31.5830002      -71.7409973       6.4783068373799324E-003
           9           5  -31.5830002      -71.7409973       6.1629919800907373E-003
           9           6  -31.5830002      -71.7409973       4.5701815397478640E-003
           9           7  -31.5830002      -71.7409973       2.4341353564523160E-003
           9           8  -31.5830002      -71.7409973       4.1696784319356084E-003
           9           9  -31.5830002      -71.7409973       4.1696784319356084E-003
           9          10  -31.5830002      -71.7409973       4.1696784319356084E-003
           9          11  -31.5830002      -71.7409973       4.2520777496974915E-003
          10           1  -31.5650005      -71.7409973       3.1592562445439398E-003
          10           2  -31.5650005      -71.7409973       4.3346094971639104E-003
          10           3  -31.5650005      -71.7409973       4.3165424885955872E-003
          10           4  -31.5650005      -71.7409973       5.0966174167115241E-003
          10           5  -31.5650005      -71.7409973       4.6332261845236644E-003
          10           6  -31.5650005      -71.7409973       3.1139149941736832E-003
          10           7  -31.5650005      -71.7409973       2.5155371986329556E-003
          10           8  -31.5650005      -71.7409973       3.3932383230421692E-003
          10           9  -31.5650005      -71.7409973       2.8896528237964958E-003
          10          10  -31.5650005      -71.7409973       3.4169121499871835E-003
          10          11  -31.5650005      -71.7409973       2.8679167153313756E-003
          11           1  -31.5470009      -71.7409973       3.3878822869155556E-003
          11           2  -31.5470009      -71.7409973       3.8020254869479686E-003
          11           3  -31.5470009      -71.7409973       3.6875707155559212E-003
          11           4  -31.5470009      -71.7409973       3.8475670608022483E-003
          11           5  -31.5470009      -71.7409973       3.3900536218425259E-003
          11           6  -31.5470009      -71.7409973       0.0000000000000000     
          11           7  -31.5470009      -71.7409973       1.6192758921533823E-003
          11           8  -31.5470009      -71.7409973       2.2301321441773325E-003
          11           9  -31.5470009      -71.7409973       2.2342813826981001E-003
          11          10  -31.5470009      -71.7409973       2.2342813826981001E-003
          11          11  -31.5470009      -71.7409973       2.3788305043126456E-003
