           1           1  -31.7269993      -71.7409973       6.3037907239049673E-003
           1           2  -31.7269993      -71.7409973       1.9638867815956473E-003
           1           3  -31.7269993      -71.7409973       1.5169142978265882E-002
           1           4  -31.7269993      -71.7409973       1.5782663655045326E-002
           1           5  -31.7269993      -71.7409973       1.6412521332313190E-002
           1           6  -31.7269993      -71.7409973       1.7553116165800020E-002
           1           7  -31.7269993      -71.7409973       1.4527120831189677E-002
           1           8  -31.7269993      -71.7409973       3.2433263550046831E-003
           1           9  -31.7269993      -71.7409973       2.1003243746235967E-003
           1          10  -31.7269993      -71.7409973       1.0609735938487574E-002
           1          11  -31.7269993      -71.7409973       1.1630777473328635E-002
           2           1  -31.7089996      -71.7409973       1.2529565487056971E-002
           2           2  -31.7089996      -71.7409973       1.2988614354981109E-002
           2           3  -31.7089996      -71.7409973       1.8840483389794827E-002
           2           4  -31.7089996      -71.7409973       1.4919070701580495E-002
           2           5  -31.7089996      -71.7409973       1.6126401707879268E-002
           2           6  -31.7089996      -71.7409973       1.8827177584171295E-002
           2           7  -31.7089996      -71.7409973       5.9185193968005478E-003
           2           8  -31.7089996      -71.7409973       1.5424662851728499E-003
           2           9  -31.7089996      -71.7409973       1.2435570592060685E-002
           2          10  -31.7089996      -71.7409973       1.8769366666674614E-002
           2          11  -31.7089996      -71.7409973       2.0571449771523476E-002
           3           1  -31.6910000      -71.7409973       2.4814222007989883E-002
           3           2  -31.6910000      -71.7409973       2.5427861983189359E-002
           3           3  -31.6910000      -71.7409973       2.8546105677378364E-002
           3           4  -31.6910000      -71.7409973       2.6558052704785950E-002
           3           5  -31.6910000      -71.7409973       2.6558052704785950E-002
           3           6  -31.6910000      -71.7409973       1.9213134190067649E-002
           3           7  -31.6910000      -71.7409973       1.8241799552924931E-003
           3           8  -31.6910000      -71.7409973       6.7594486754387617E-003
           3           9  -31.6910000      -71.7409973       2.8492118930444121E-002
           3          10  -31.6910000      -71.7409973       2.8492118930444121E-002
           3          11  -31.6910000      -71.7409973       2.7661686181090772E-002
           4           1  -31.6730003      -71.7409973       2.7604202972725034E-002
           4           2  -31.6730003      -71.7409973       3.8294100959319621E-002
           4           3  -31.6730003      -71.7409973       3.7922763556707650E-002
           4           4  -31.6730003      -71.7409973       3.7070236750878394E-002
           4           5  -31.6730003      -71.7409973       3.6908570327796042E-002
           4           6  -31.6730003      -71.7409973       1.8244733539177105E-002
           4           7  -31.6730003      -71.7409973       3.2720089802751318E-003
           4           8  -31.6730003      -71.7409973       1.0016878368332982E-002
           4           9  -31.6730003      -71.7409973       4.0522881667129695E-002
           4          10  -31.6730003      -71.7409973       3.7054961576359347E-002
           4          11  -31.6730003      -71.7409973       3.8995238050119951E-002
           5           1  -31.6550007      -71.7409973       3.1502080644713715E-002
           5           2  -31.6550007      -71.7409973       4.1471399134024978E-002
           5           3  -31.6550007      -71.7409973       4.2720542056486011E-002
           5           4  -31.6550007      -71.7409973       4.2349204653874040E-002
           5           5  -31.6550007      -71.7409973       4.4200958684086800E-002
           5           6  -31.6550007      -71.7409973       1.4370299133588560E-002
           5           7  -31.6550007      -71.7409973       4.7761385212652385E-003
           5           8  -31.6550007      -71.7409973       2.1654940559528768E-002
           5           9  -31.6550007      -71.7409973       4.2711550369858742E-002
           5          10  -31.6550007      -71.7409973       4.5460081193596125E-002
           5          11  -31.6550007      -71.7409973       4.1700923349708319E-002
           6           1  -31.6369991      -71.7409973       3.0193553073331714E-002
           6           2  -31.6369991      -71.7409973       4.3489901814609766E-002
           6           3  -31.6369991      -71.7409973       4.3878409545868635E-002
           6           4  -31.6369991      -71.7409973       4.3821676168590784E-002
           6           5  -31.6369991      -71.7409973       4.3529921676963568E-002
           6           6  -31.6369991      -71.7409973       8.1376397865824401E-003
           6           7  -31.6369991      -71.7409973       2.8774376842193305E-003
           6           8  -31.6369991      -71.7409973       2.9711406445130706E-002
           6           9  -31.6369991      -71.7409973       4.4440261553972960E-002
           6          10  -31.6369991      -71.7409973       4.5003431383520365E-002
           6          11  -31.6369991      -71.7409973       4.4006078969687223E-002
           7           1  -31.6189995      -71.7409973       3.4917521930765361E-002
           7           2  -31.6189995      -71.7409973       4.0224432945251465E-002
           7           3  -31.6189995      -71.7409973       3.9664298761636019E-002
           7           4  -31.6189995      -71.7409973       4.0075656026601791E-002
           7           5  -31.6189995      -71.7409973       3.8975974544882774E-002
           7           6  -31.6189995      -71.7409973       7.2363516119366977E-003
           7           7  -31.6189995      -71.7409973       1.0795846174005419E-004
           7           8  -31.6189995      -71.7409973       3.0983210046542808E-002
           7           9  -31.6189995      -71.7409973       3.6556691396981478E-002
           7          10  -31.6189995      -71.7409973       4.1035210248082876E-002
           7          11  -31.6189995      -71.7409973       4.0477177826687694E-002
           8           1  -31.6009998      -71.7409973       3.1668149167671800E-002
           8           2  -31.6009998      -71.7409973       3.3742800995241851E-002
           8           3  -31.6009998      -71.7409973       3.3272760454565287E-002
           8           4  -31.6009998      -71.7409973       3.8953864714130759E-002
           8           5  -31.6009998      -71.7409973       3.0686272075399756E-002
           8           6  -31.6009998      -71.7409973       8.1848390400409698E-003
           8           7  -31.6009998      -71.7409973       0.0000000000000000     
           8           8  -31.6009998      -71.7409973       2.9091547708958387E-002
           8           9  -31.6009998      -71.7409973       3.4691611770540476E-002
           8          10  -31.6009998      -71.7409973       3.0264215049101040E-002
           8          11  -31.6009998      -71.7409973       2.9780449025565758E-002
           9           1  -31.5830002      -71.7409973       2.2541017970070243E-002
           9           2  -31.5830002      -71.7409973       2.7909587981412187E-002
           9           3  -31.5830002      -71.7409973       2.4889427702873945E-002
           9           4  -31.5830002      -71.7409973       2.5925430469214916E-002
           9           5  -31.5830002      -71.7409973       2.1323608918464743E-002
           9           6  -31.5830002      -71.7409973       9.4975190586410463E-003
           9           7  -31.5830002      -71.7409973       0.0000000000000000     
           9           8  -31.5830002      -71.7409973       2.1790095604956150E-002
           9           9  -31.5830002      -71.7409973       2.3444844700861722E-002
           9          10  -31.5830002      -71.7409973       2.3444844700861722E-002
           9          11  -31.5830002      -71.7409973       2.4418990593403578E-002
          10           1  -31.5650005      -71.7409973       1.2284307507798076E-002
          10           2  -31.5650005      -71.7409973       1.6699723055353388E-002
          10           3  -31.5650005      -71.7409973       1.6440228035207838E-002
          10           4  -31.5650005      -71.7409973       1.6957363495748723E-002
          10           5  -31.5650005      -71.7409973       1.1484677237604046E-002
          10           6  -31.5650005      -71.7409973       1.2310939899180084E-002
          10           7  -31.5650005      -71.7409973       7.7368634938466130E-003
          10           8  -31.5650005      -71.7409973       1.0517268150579184E-002
          10           9  -31.5650005      -71.7409973       1.3948159292340279E-002
          10          10  -31.5650005      -71.7409973       1.3819549785694107E-002
          10          11  -31.5650005      -71.7409973       1.0404543310869485E-002
          11           1  -31.5470009      -71.7409973       1.5377622912637889E-003
          11           2  -31.5470009      -71.7409973       7.7561588841490448E-003
          11           3  -31.5470009      -71.7409973       1.6036660701502115E-002
          11           4  -31.5470009      -71.7409973       1.4745262044016272E-002
          11           5  -31.5470009      -71.7409973       1.5111358428839594E-002
          11           6  -31.5470009      -71.7409973       1.5469940146431327E-002
          11           7  -31.5470009      -71.7409973       7.9976856068242341E-003
          11           8  -31.5470009      -71.7409973       7.9976856068242341E-003
          11           9  -31.5470009      -71.7409973       9.0926191478502005E-003
          11          10  -31.5470009      -71.7409973       8.8674770086072385E-003
          11          11  -31.5470009      -71.7409973       5.5698183132335544E-003
