           1           1  -31.7269993      -71.7409973       3.1253066263161600E-002
           1           2  -31.7269993      -71.7409973       3.2835139776580036E-002
           1           3  -31.7269993      -71.7409973       1.1370139429345727E-002
           1           4  -31.7269993      -71.7409973       2.8758424799889326E-002
           1           5  -31.7269993      -71.7409973       2.5324634974822402E-002
           1           6  -31.7269993      -71.7409973       3.2459437614306808E-002
           1           7  -31.7269993      -71.7409973       2.9609951423481107E-002
           1           8  -31.7269993      -71.7409973       2.9609951423481107E-002
           1           9  -31.7269993      -71.7409973       2.5938081729691476E-002
           1          10  -31.7269993      -71.7409973       2.3698087410593871E-002
           1          11  -31.7269993      -71.7409973       1.9633957745099906E-002
           2           1  -31.7089996      -71.7409973       3.2239722204394639E-002
           2           2  -31.7089996      -71.7409973       2.4072899366728961E-002
           2           3  -31.7089996      -71.7409973       2.6705072959885001E-003
           2           4  -31.7089996      -71.7409973       3.0664478661492467E-002
           2           5  -31.7089996      -71.7409973       3.9346864912658930E-002
           2           6  -31.7089996      -71.7409973       5.8690453879535198E-002
           2           7  -31.7089996      -71.7409973       4.8820432275533676E-002
           2           8  -31.7089996      -71.7409973       4.8820432275533676E-002
           2           9  -31.7089996      -71.7409973       1.4437119010835886E-002
           2          10  -31.7089996      -71.7409973       2.9530931293265894E-002
           2          11  -31.7089996      -71.7409973       2.8657001792453229E-002
           3           1  -31.6910000      -71.7409973       3.9310432679485530E-002
           3           2  -31.6910000      -71.7409973       1.2344407266937196E-002
           3           3  -31.6910000      -71.7409973       0.0000000000000000     
           3           4  -31.6910000      -71.7409973       5.9698605095036328E-002
           3           5  -31.6910000      -71.7409973       7.8533561434596777E-002
           3           6  -31.6910000      -71.7409973       8.0522743985056877E-002
           3           7  -31.6910000      -71.7409973       8.7363339029252529E-002
           3           8  -31.6910000      -71.7409973       7.0854988880455494E-002
           3           9  -31.6910000      -71.7409973       1.2914833845570683E-002
           3          10  -31.6910000      -71.7409973       2.5927807902917266E-002
           3          11  -31.6910000      -71.7409973       2.7885199320735410E-002
           4           1  -31.6730003      -71.7409973       3.7030426319688559E-002
           4           2  -31.6730003      -71.7409973       1.2812803033739328E-003
           4           3  -31.6730003      -71.7409973       0.0000000000000000     
           4           4  -31.6730003      -71.7409973       9.9402503343299031E-002
           4           5  -31.6730003      -71.7409973      0.11328723898623139     
           4           6  -31.6730003      -71.7409973      0.11294641578570008     
           4           7  -31.6730003      -71.7409973      0.11328723898623139     
           4           8  -31.6730003      -71.7409973       7.6802094932645559E-002
           4           9  -31.6730003      -71.7409973       1.8276542425155640E-002
           4          10  -31.6730003      -71.7409973       2.4703623261302710E-002
           4          11  -31.6730003      -71.7409973       3.2912732131080702E-002
           5           1  -31.6550007      -71.7409973       3.3513378119096160E-002
           5           2  -31.6550007      -71.7409973       0.0000000000000000     
           5           3  -31.6550007      -71.7409973       0.0000000000000000     
           5           4  -31.6550007      -71.7409973      0.12451371178030968     
           5           5  -31.6550007      -71.7409973      0.14162587746977806     
           5           6  -31.6550007      -71.7409973      0.14066355116665363     
           5           7  -31.6550007      -71.7409973      0.14162587746977806     
           5           8  -31.6550007      -71.7409973       5.3897156147286296E-002
           5           9  -31.6550007      -71.7409973       2.0324543584138155E-002
           5          10  -31.6550007      -71.7409973       2.3073102813214064E-002
           5          11  -31.6550007      -71.7409973       3.4319885540753603E-002
           6           1  -31.6369991      -71.7409973       3.2589500304311514E-002
           6           2  -31.6369991      -71.7409973       0.0000000000000000     
           6           3  -31.6369991      -71.7409973       0.0000000000000000     
           6           4  -31.6369991      -71.7409973      0.14032476954162121     
           6           5  -31.6369991      -71.7409973      0.14026824943721294     
           6           6  -31.6369991      -71.7409973      0.14016969874501228     
           6           7  -31.6369991      -71.7409973      0.14026824943721294     
           6           8  -31.6369991      -71.7409973       2.8135223546996713E-002
           6           9  -31.6369991      -71.7409973       2.1625665714964271E-002
           6          10  -31.6369991      -71.7409973       2.5642781518399715E-002
           6          11  -31.6369991      -71.7409973       3.6802708171308041E-002
           7           1  -31.6189995      -71.7409973       2.4906024918891490E-002
           7           2  -31.6189995      -71.7409973       0.0000000000000000     
           7           3  -31.6189995      -71.7409973       8.3912671543657780E-003
           7           4  -31.6189995      -71.7409973      0.12612161040306091     
           7           5  -31.6189995      -71.7409973      0.13131753914058208     
           7           6  -31.6189995      -71.7409973      0.13733035046607256     
           7           7  -31.6189995      -71.7409973      0.12878061085939407     
           7           8  -31.6189995      -71.7409973       1.4461551327258348E-002
           7           9  -31.6189995      -71.7409973       2.1529573947191238E-002
           7          10  -31.6189995      -71.7409973       2.7982361847534776E-002
           7          11  -31.6189995      -71.7409973       3.3974003978073597E-002
           8           1  -31.6009998      -71.7409973       2.0032354550494347E-002
           8           2  -31.6009998      -71.7409973       0.0000000000000000     
           8           3  -31.6009998      -71.7409973       4.2890526819974184E-002
           8           4  -31.6009998      -71.7409973      0.11854380695149302     
           8           5  -31.6009998      -71.7409973      0.10215076198801398     
           8           6  -31.6009998      -71.7409973       8.4837731905281544E-002
           8           7  -31.6009998      -71.7409973      0.10123077686876059     
           8           8  -31.6009998      -71.7409973       1.0084503330290318E-002
           8           9  -31.6009998      -71.7409973       2.1725959144532681E-002
           8          10  -31.6009998      -71.7409973       3.0808374052867293E-002
           8          11  -31.6009998      -71.7409973       3.0725484713912010E-002
           9           1  -31.5830002      -71.7409973       1.8258394673466682E-002
           9           2  -31.5830002      -71.7409973       0.0000000000000000     
           9           3  -31.5830002      -71.7409973       4.8880365211516619E-002
           9           4  -31.5830002      -71.7409973       7.5646005570888519E-002
           9           5  -31.5830002      -71.7409973       6.9284164346754551E-002
           9           6  -31.5830002      -71.7409973       5.7778651826083660E-002
           9           7  -31.5830002      -71.7409973       6.3639339059591293E-002
           9           8  -31.5830002      -71.7409973       1.0717710480093956E-002
           9           9  -31.5830002      -71.7409973       2.5954266428016126E-002
           9          10  -31.5830002      -71.7409973       3.1003200216218829E-002
           9          11  -31.5830002      -71.7409973       3.1657544197514653E-002
          10           1  -31.5650005      -71.7409973       1.6171163995750248E-002
          10           2  -31.5650005      -71.7409973       1.1541038053110242E-002
          10           3  -31.5650005      -71.7409973       4.7328231390565634E-002
          10           4  -31.5650005      -71.7409973       5.8000111253932118E-002
          10           5  -31.5650005      -71.7409973       5.7156863389536738E-002
          10           6  -31.5650005      -71.7409973       4.2918690014630556E-002
          10           7  -31.5650005      -71.7409973       2.4936458095908165E-002
          10           8  -31.5650005      -71.7409973       9.0960720553994179E-003
          10           9  -31.5650005      -71.7409973       2.4691438069567084E-002
          10          10  -31.5650005      -71.7409973       3.0581994389649481E-002
          10          11  -31.5650005      -71.7409973       3.0361283686943352E-002
          11           1  -31.5470009      -71.7409973       1.6390623757615685E-002
          11           2  -31.5470009      -71.7409973       3.6383575177751482E-002
          11           3  -31.5470009      -71.7409973       4.4219849514774978E-002
          11           4  -31.5470009      -71.7409973       4.3257803656160831E-002
          11           5  -31.5470009      -71.7409973       4.4509712723083794E-002
          11           6  -31.5470009      -71.7409973       3.0900142155587673E-002
          11           7  -31.5470009      -71.7409973       6.5747653134167194E-003
          11           8  -31.5470009      -71.7409973       4.7021922655403614E-003
          11           9  -31.5470009      -71.7409973       2.8300627367570996E-002
          11          10  -31.5470009      -71.7409973       2.9085461515933275E-002
          11          11  -31.5470009      -71.7409973       2.8853938449174166E-002
