           1           1  -31.7269993      -71.7409973       6.7269055944052525E-004
           1           2  -31.7269993      -71.7409973       1.0958272905554622E-003
           1           3  -31.7269993      -71.7409973       3.2708970720705111E-003
           1           4  -31.7269993      -71.7409973       3.9850336725066882E-003
           1           5  -31.7269993      -71.7409973       3.4881037609011400E-003
           1           6  -31.7269993      -71.7409973       3.2708970720705111E-003
           1           7  -31.7269993      -71.7409973       0.0000000000000000     
           1           8  -31.7269993      -71.7409973       2.6662331947591156E-003
           1           9  -31.7269993      -71.7409973       4.6178257907740772E-003
           1          10  -31.7269993      -71.7409973       4.6178257907740772E-003
           1          11  -31.7269993      -71.7409973       4.5975870671099983E-003
           2           1  -31.7089996      -71.7409973       5.0573490443639457E-004
           2           2  -31.7089996      -71.7409973       1.8723871107795276E-003
           2           3  -31.7089996      -71.7409973       4.3497638471308164E-003
           2           4  -31.7089996      -71.7409973       3.7231562891975045E-003
           2           5  -31.7089996      -71.7409973       4.0771044732537121E-003
           2           6  -31.7089996      -71.7409973       4.0091041009873152E-003
           2           7  -31.7089996      -71.7409973       1.0608671436784789E-003
           2           8  -31.7089996      -71.7409973       5.2149174152873456E-003
           2           9  -31.7089996      -71.7409973       5.5922729225130752E-003
           2          10  -31.7089996      -71.7409973       6.2761185399722308E-003
           2          11  -31.7089996      -71.7409973       6.4821366977412254E-003
           3           1  -31.6910000      -71.7409973       9.8986907687503844E-004
           3           2  -31.6910000      -71.7409973       2.2945031087147072E-003
           3           3  -31.6910000      -71.7409973       4.5809152070432901E-003
           3           4  -31.6910000      -71.7409973       4.0955686999950558E-003
           3           5  -31.6910000      -71.7409973       4.0955686999950558E-003
           3           6  -31.6910000      -71.7409973       4.1121971735265106E-003
           3           7  -31.6910000      -71.7409973       3.0203763744793832E-003
           3           8  -31.6910000      -71.7409973       8.2255231754970737E-003
           3           9  -31.6910000      -71.7409973       8.2255231754970737E-003
           3          10  -31.6910000      -71.7409973       8.2255231754970737E-003
           3          11  -31.6910000      -71.7409973       7.9352541652042419E-003
           4           1  -31.6730003      -71.7409973       2.2120002845440467E-003
           4           2  -31.6730003      -71.7409973       3.1357631669379771E-003
           4           3  -31.6730003      -71.7409973       4.5919287367723882E-003
           4           4  -31.6730003      -71.7409973       4.4897838379256427E-003
           4           5  -31.6730003      -71.7409973       4.5182632748037577E-003
           4           6  -31.6730003      -71.7409973       4.5350493164733052E-003
           4           7  -31.6730003      -71.7409973       5.7781210634857416E-003
           4           8  -31.6730003      -71.7409973       1.0002548806369305E-002
           4           9  -31.6730003      -71.7409973       1.0603906586766243E-002
           4          10  -31.6730003      -71.7409973       9.9767890060320497E-003
           4          11  -31.6730003      -71.7409973       9.9066934490110725E-003
           5           1  -31.6550007      -71.7409973       3.6969305365346372E-003
           5           2  -31.6550007      -71.7409973       3.4149502462241799E-003
           5           3  -31.6550007      -71.7409973       4.8999002319760621E-003
           5           4  -31.6550007      -71.7409973       4.8490682383999228E-003
           5           5  -31.6550007      -71.7409973       4.9981566262431443E-003
           5           6  -31.6550007      -71.7409973       4.8810265725478530E-003
           5           7  -31.6550007      -71.7409973       8.8065018644556403E-003
           5           8  -31.6550007      -71.7409973       1.1152274557389319E-002
           5           9  -31.6550007      -71.7409973       1.1007120599970222E-002
           5          10  -31.6550007      -71.7409973       1.1484621791169047E-002
           5          11  -31.6550007      -71.7409973       1.0098272585310042E-002
           6           1  -31.6369991      -71.7409973       3.7820100551471114E-003
           6           2  -31.6369991      -71.7409973       4.0220018709078431E-003
           6           3  -31.6369991      -71.7409973       5.0154069322161376E-003
           6           4  -31.6369991      -71.7409973       5.0168298766948283E-003
           6           5  -31.6369991      -71.7409973       5.0203639548271894E-003
           6           6  -31.6369991      -71.7409973       4.6479998854920268E-003
           6           7  -31.6369991      -71.7409973       9.4735472230240703E-003
           6           8  -31.6369991      -71.7409973       1.1426112498156726E-002
           6           9  -31.6369991      -71.7409973       1.1344359954819083E-002
           6          10  -31.6369991      -71.7409973       1.1424186639487743E-002
           6          11  -31.6369991      -71.7409973       9.5705410931259394E-003
           7           1  -31.6189995      -71.7409973       3.3256803435506299E-003
           7           2  -31.6189995      -71.7409973       4.2350229632575065E-003
           7           3  -31.6189995      -71.7409973       4.7492830199189484E-003
           7           4  -31.6189995      -71.7409973       4.8030315083451569E-003
           7           5  -31.6189995      -71.7409973       4.8777619376778603E-003
           7           6  -31.6189995      -71.7409973       4.4973986805416644E-003
           7           7  -31.6189995      -71.7409973       1.0152716131415218E-002
           7           8  -31.6189995      -71.7409973       1.0743326740339398E-002
           7           9  -31.6189995      -71.7409973       9.8976187873631716E-003
           7          10  -31.6189995      -71.7409973       1.0743326740339398E-002
           7          11  -31.6189995      -71.7409973       8.4080685046501458E-003
           8           1  -31.6009998      -71.7409973       2.3667966233915649E-003
           8           2  -31.6009998      -71.7409973       4.0901732572820038E-003
           8           3  -31.6009998      -71.7409973       4.3653161847032607E-003
           8           4  -31.6009998      -71.7409973       4.7284366155508906E-003
           8           5  -31.6009998      -71.7409973       4.4624102010857314E-003
           8           6  -31.6009998      -71.7409973       3.5433169978205115E-003
           8           7  -31.6009998      -71.7409973       9.2771952695329674E-003
           8           8  -31.6009998      -71.7409973       9.5181705328286625E-003
           8           9  -31.6009998      -71.7409973       9.5843165763653815E-003
           8          10  -31.6009998      -71.7409973       8.7498580978717655E-003
           8          11  -31.6009998      -71.7409973       6.3481420511379838E-003
           9           1  -31.5830002      -71.7409973       2.3816870234441012E-003
           9           2  -31.5830002      -71.7409973       3.7097953645570669E-003
           9           3  -31.5830002      -71.7409973       3.8119517703307793E-003
           9           4  -31.5830002      -71.7409973       3.9192905387608334E-003
           9           5  -31.5830002      -71.7409973       3.7624997639795765E-003
           9           6  -31.5830002      -71.7409973       2.6641932436177740E-003
           9           7  -31.5830002      -71.7409973       7.1373872342519462E-003
           9           8  -31.5830002      -71.7409973       7.8434343522530980E-003
           9           9  -31.5830002      -71.7409973       7.8434343522530980E-003
           9          10  -31.5830002      -71.7409973       7.8434343522530980E-003
           9          11  -31.5830002      -71.7409973       6.4152263948926702E-003
          10           1  -31.5650005      -71.7409973       2.3523364616266917E-003
          10           2  -31.5650005      -71.7409973       2.8044259197486099E-003
          10           3  -31.5650005      -71.7409973       2.8567158115038183E-003
          10           4  -31.5650005      -71.7409973       3.1661921275372151E-003
          10           5  -31.5650005      -71.7409973       2.8588306013261899E-003
          10           6  -31.5650005      -71.7409973       1.5998569142539054E-003
          10           7  -31.5650005      -71.7409973       4.9609195848461241E-003
          10           8  -31.5650005      -71.7409973       5.4392953825299628E-003
          10           9  -31.5650005      -71.7409973       4.4158255332149565E-003
          10          10  -31.5650005      -71.7409973       5.5946389693417586E-003
          10          11  -31.5650005      -71.7409973       4.3866112318937667E-003
          11           1  -31.5470009      -71.7409973       1.9040655315620825E-003
          11           2  -31.5470009      -71.7409973       2.2029695828678086E-003
          11           3  -31.5470009      -71.7409973       1.9874958525178954E-003
          11           4  -31.5470009      -71.7409973       2.4054437308222987E-003
          11           5  -31.5470009      -71.7409973       2.2089508347562514E-003
          11           6  -31.5470009      -71.7409973       8.5488980403169990E-004
          11           7  -31.5470009      -71.7409973       2.3322954366449267E-003
          11           8  -31.5470009      -71.7409973       3.3469541231170297E-003
          11           9  -31.5470009      -71.7409973       3.0964345860411413E-003
          11          10  -31.5470009      -71.7409973       3.0964345860411413E-003
          11          11  -31.5470009      -71.7409973       2.9341242116061039E-003
