           1           1  -31.7269993      -71.7409973       8.4219036216381937E-004
           1           2  -31.7269993      -71.7409973       7.4108178523601964E-004
           1           3  -31.7269993      -71.7409973       7.8946529538370669E-004
           1           4  -31.7269993      -71.7409973       4.9389428750146180E-004
           1           5  -31.7269993      -71.7409973       4.6615689643658698E-004
           1           6  -31.7269993      -71.7409973       5.7724814541870728E-004
           1           7  -31.7269993      -71.7409973       7.3622861236799508E-004
           1           8  -31.7269993      -71.7409973       7.3622861236799508E-004
           1           9  -31.7269993      -71.7409973       5.1420975478322362E-004
           1          10  -31.7269993      -71.7409973       3.9048980168843173E-004
           1          11  -31.7269993      -71.7409973       4.1967771311135493E-004
           2           1  -31.7089996      -71.7409973       1.0029976183432154E-003
           2           2  -31.7089996      -71.7409973       1.1760844572563656E-003
           2           3  -31.7089996      -71.7409973       1.1034472190658562E-003
           2           4  -31.7089996      -71.7409973       4.3928687227889895E-004
           2           5  -31.7089996      -71.7409973       4.5806542766513303E-004
           2           6  -31.7089996      -71.7409973       6.9845825055381283E-004
           2           7  -31.7089996      -71.7409973       7.8419643250526860E-004
           2           8  -31.7089996      -71.7409973       7.8419643250526860E-004
           2           9  -31.7089996      -71.7409973       7.1536465111421421E-004
           2          10  -31.7089996      -71.7409973       4.1698618952068500E-004
           2          11  -31.7089996      -71.7409973       3.1934435355651658E-005
           3           1  -31.6910000      -71.7409973       1.4328174183901865E-003
           3           2  -31.6910000      -71.7409973       1.3561204868892673E-003
           3           3  -31.6910000      -71.7409973       1.3708855522054364E-003
           3           4  -31.6910000      -71.7409973       1.5175330918282270E-004
           3           5  -31.6910000      -71.7409973       4.4687384479402681E-004
           3           6  -31.6910000      -71.7409973       8.9729327737586573E-004
           3           7  -31.6910000      -71.7409973       1.1716282388078980E-003
           3           8  -31.6910000      -71.7409973       1.0934686943073757E-003
           3           9  -31.6910000      -71.7409973       1.0934686943073757E-003
           3          10  -31.6910000      -71.7409973       6.6165224052383564E-004
           3          11  -31.6910000      -71.7409973       1.0104538341693114E-004
           4           1  -31.6730003      -71.7409973       1.6458917380077764E-003
           4           2  -31.6730003      -71.7409973       1.6990546791930683E-003
           4           3  -31.6730003      -71.7409973       1.3325014915608335E-003
           4           4  -31.6730003      -71.7409973       3.6644534702645615E-005
           4           5  -31.6730003      -71.7409973       2.9285411073942669E-004
           4           6  -31.6730003      -71.7409973       1.1791427168645896E-003
           4           7  -31.6730003      -71.7409973       1.3814111662213691E-003
           4           8  -31.6730003      -71.7409973       1.3814111662213691E-003
           4           9  -31.6730003      -71.7409973       1.5005642562755384E-003
           4          10  -31.6730003      -71.7409973       7.2460833689547144E-004
           4          11  -31.6730003      -71.7409973       2.9455434196279384E-004
           5           1  -31.6550007      -71.7409973       1.8503268074709922E-003
           5           2  -31.6550007      -71.7409973       1.7476141802035272E-003
           5           3  -31.6550007      -71.7409973       1.3232907076599076E-003
           5           4  -31.6550007      -71.7409973       3.1115443289309042E-004
           5           5  -31.6550007      -71.7409973       3.8839355374875595E-004
           5           6  -31.6550007      -71.7409973       1.4773772854823619E-003
           5           7  -31.6550007      -71.7409973       1.6949177661444992E-003
           5           8  -31.6550007      -71.7409973       1.5943583566695452E-003
           5           9  -31.6550007      -71.7409973       1.5580589824821800E-003
           5          10  -31.6550007      -71.7409973       6.5819171504699625E-004
           5          11  -31.6550007      -71.7409973       3.5567911436373834E-004
           6           1  -31.6369991      -71.7409973       1.8409930926281959E-003
           6           2  -31.6369991      -71.7409973       1.8171766714658588E-003
           6           3  -31.6369991      -71.7409973       1.2998786842217669E-003
           6           4  -31.6369991      -71.7409973       5.2462863504842971E-004
           6           5  -31.6369991      -71.7409973       5.2033907377335709E-004
           6           6  -31.6369991      -71.7409973       1.5686880797147751E-003
           6           7  -31.6369991      -71.7409973       1.5971997636370361E-003
           6           8  -31.6369991      -71.7409973       1.5977029397618026E-003
           6           9  -31.6369991      -71.7409973       1.5937607968226075E-003
           6          10  -31.6369991      -71.7409973       4.2120208445339813E-004
           6          11  -31.6369991      -71.7409973       4.1124622066490701E-004
           7           1  -31.6189995      -71.7409973       1.7558370309416205E-003
           7           2  -31.6189995      -71.7409973       1.7519024841021746E-003
           7           3  -31.6189995      -71.7409973       9.2283663980197161E-004
           7           4  -31.6189995      -71.7409973       5.2539290572894970E-004
           7           5  -31.6189995      -71.7409973       6.2245112712844275E-004
           7           6  -31.6189995      -71.7409973       1.5027279005153105E-003
           7           7  -31.6189995      -71.7409973       1.4174042880767956E-003
           7           8  -31.6189995      -71.7409973       1.4174042880767956E-003
           7           9  -31.6189995      -71.7409973       1.2764258281094953E-003
           7          10  -31.6189995      -71.7409973       3.6656557495007291E-004
           7          11  -31.6189995      -71.7409973       3.6373142575030215E-004
           8           1  -31.6009998      -71.7409973       1.5837777955312049E-003
           8           2  -31.6009998      -71.7409973       1.5396024682559073E-003
           8           3  -31.6009998      -71.7409973       6.7319650020181143E-004
           8           4  -31.6009998      -71.7409973       5.3773405306856148E-004
           8           5  -31.6009998      -71.7409973       1.0482895686436677E-003
           8           6  -31.6009998      -71.7409973       1.1475408828118816E-003
           8           7  -31.6009998      -71.7409973       1.2332132973824628E-003
           8           8  -31.6009998      -71.7409973       1.2332132973824628E-003
           8           9  -31.6009998      -71.7409973       1.2407027024892159E-003
           8          10  -31.6009998      -71.7409973       1.8240061490359949E-004
           8          11  -31.6009998      -71.7409973       2.0954876384848831E-004
           9           1  -31.5830002      -71.7409973       1.2574725569720613E-003
           9           2  -31.5830002      -71.7409973       1.3820597596350126E-003
           9           3  -31.5830002      -71.7409973       6.6309716544310504E-004
           9           4  -31.5830002      -71.7409973       4.3483246918185614E-004
           9           5  -31.5830002      -71.7409973       1.2445996399037540E-003
           9           6  -31.5830002      -71.7409973       1.2562105912365951E-003
           9           7  -31.5830002      -71.7409973       1.1739971523638815E-003
           9           8  -31.5830002      -71.7409973       1.2199112170492299E-003
           9           9  -31.5830002      -71.7409973       5.6604236306156963E-004
           9          10  -31.5830002      -71.7409973       1.6363912072847597E-004
           9          11  -31.5830002      -71.7409973       2.1908509006607346E-004
          10           1  -31.5650005      -71.7409973       9.5571177553210873E-004
          10           2  -31.5650005      -71.7409973       8.7708400860719848E-004
          10           3  -31.5650005      -71.7409973       4.3552015267778188E-004
          10           4  -31.5650005      -71.7409973       4.0702414116822183E-004
          10           5  -31.5650005      -71.7409973       1.0677226273401175E-003
          10           6  -31.5650005      -71.7409973       1.1789923773903865E-003
          10           7  -31.5650005      -71.7409973       1.2373242980174837E-003
          10           8  -31.5650005      -71.7409973       1.2109319213777781E-003
          10           9  -31.5650005      -71.7409973       2.1319106326700421E-004
          10          10  -31.5650005      -71.7409973       1.2570844864967512E-004
          10          11  -31.5650005      -71.7409973       1.6916576623771107E-004
          11           1  -31.5470009      -71.7409973       5.7951428220803791E-004
          11           2  -31.5470009      -71.7409973       4.5161436901253182E-004
          11           3  -31.5470009      -71.7409973       2.8731538623105735E-004
          11           4  -31.5470009      -71.7409973       5.0257768452866003E-004
          11           5  -31.5470009      -71.7409973       9.3784521959605627E-004
          11           6  -31.5470009      -71.7409973       8.5016271987115033E-004
          11           7  -31.5470009      -71.7409973       8.5627496082452126E-004
          11           8  -31.5470009      -71.7409973       7.8874747214285890E-004
          11           9  -31.5470009      -71.7409973       4.2217394366161898E-005
          11          10  -31.5470009      -71.7409973       4.2217394366161898E-005
          11          11  -31.5470009      -71.7409973       6.4445906900800765E-005
