           1           1  -31.7269993      -71.7409973       0.0000000000000000     
           1           2  -31.7269993      -71.7409973       0.0000000000000000     
           1           3  -31.7269993      -71.7409973       0.0000000000000000     
           1           4  -31.7269993      -71.7409973       1.4692538417875767E-002
           1           5  -31.7269993      -71.7409973       2.3083566688001156E-002
           1           6  -31.7269993      -71.7409973       2.7482081204652786E-002
           1           7  -31.7269993      -71.7409973       2.0931261591613293E-002
           1           8  -31.7269993      -71.7409973       1.4464279636740685E-002
           1           9  -31.7269993      -71.7409973       1.2650967924855649E-002
           1          10  -31.7269993      -71.7409973       1.2650967924855649E-002
           1          11  -31.7269993      -71.7409973       5.5658596247667447E-003
           2           1  -31.7089996      -71.7409973       0.0000000000000000     
           2           2  -31.7089996      -71.7409973       0.0000000000000000     
           2           3  -31.7089996      -71.7409973       0.0000000000000000     
           2           4  -31.7089996      -71.7409973       0.0000000000000000     
           2           5  -31.7089996      -71.7409973       3.1598025467246771E-002
           2           6  -31.7089996      -71.7409973       3.1056876992806792E-002
           2           7  -31.7089996      -71.7409973       2.9714028700254858E-002
           2           8  -31.7089996      -71.7409973       2.9714028700254858E-002
           2           9  -31.7089996      -71.7409973       2.1285067778080702E-002
           2          10  -31.7089996      -71.7409973       1.7698413459584117E-002
           2          11  -31.7089996      -71.7409973       1.5190176054602489E-002
           3           1  -31.6910000      -71.7409973       0.0000000000000000     
           3           2  -31.6910000      -71.7409973       0.0000000000000000     
           3           3  -31.6910000      -71.7409973       0.0000000000000000     
           3           4  -31.6910000      -71.7409973       0.0000000000000000     
           3           5  -31.6910000      -71.7409973       4.1215710341930389E-002
           3           6  -31.6910000      -71.7409973       5.7410551875364035E-002
           3           7  -31.6910000      -71.7409973       6.3339658023323864E-002
           3           8  -31.6910000      -71.7409973       6.4907283463981003E-002
           3           9  -31.6910000      -71.7409973       6.4907283463981003E-002
           3          10  -31.6910000      -71.7409973       1.2826721649616957E-002
           3          11  -31.6910000      -71.7409973       2.0059558097273111E-002
           4           1  -31.6730003      -71.7409973       0.0000000000000000     
           4           2  -31.6730003      -71.7409973       0.0000000000000000     
           4           3  -31.6730003      -71.7409973       0.0000000000000000     
           4           4  -31.6730003      -71.7409973       0.0000000000000000     
           4           5  -31.6730003      -71.7409973       4.6139099053107202E-002
           4           6  -31.6730003      -71.7409973       8.9229136006906629E-002
           4           7  -31.6730003      -71.7409973       9.8727120319381356E-002
           4           8  -31.6730003      -71.7409973       9.8727120319381356E-002
           4           9  -31.6730003      -71.7409973      0.10930592275690287     
           4          10  -31.6730003      -71.7409973       1.5351640307926573E-002
           4          11  -31.6730003      -71.7409973       2.2897278657183051E-002
           5           1  -31.6550007      -71.7409973       0.0000000000000000     
           5           2  -31.6550007      -71.7409973       0.0000000000000000     
           5           3  -31.6550007      -71.7409973       0.0000000000000000     
           5           4  -31.6550007      -71.7409973       0.0000000000000000     
           5           5  -31.6550007      -71.7409973       4.4354294186632615E-002
           5           6  -31.6550007      -71.7409973      0.13208435964770615     
           5           7  -31.6550007      -71.7409973      0.12878510099835694     
           5           8  -31.6550007      -71.7409973      0.12630952824838459     
           5           9  -31.6550007      -71.7409973      0.12049348023720086     
           5          10  -31.6550007      -71.7409973       1.8135920050553977E-002
           5          11  -31.6550007      -71.7409973       2.3110672598704696E-002
           6           1  -31.6369991      -71.7409973       0.0000000000000000     
           6           2  -31.6369991      -71.7409973       0.0000000000000000     
           6           3  -31.6369991      -71.7409973       0.0000000000000000     
           6           4  -31.6369991      -71.7409973       0.0000000000000000     
           6           5  -31.6369991      -71.7409973       2.4027398983889725E-002
           6           6  -31.6369991      -71.7409973      0.13701738463714719     
           6           7  -31.6369991      -71.7409973      0.13701776834204793     
           6           8  -31.6369991      -71.7409973      0.13637099647894502     
           6           9  -31.6369991      -71.7409973      0.13541041966527700     
           6          10  -31.6369991      -71.7409973       1.7432082444429398E-002
           6          11  -31.6369991      -71.7409973       2.1390598849393427E-002
           7           1  -31.6189995      -71.7409973       0.0000000000000000     
           7           2  -31.6189995      -71.7409973       0.0000000000000000     
           7           3  -31.6189995      -71.7409973       0.0000000000000000     
           7           4  -31.6189995      -71.7409973       0.0000000000000000     
           7           5  -31.6189995      -71.7409973       2.5949921226128936E-002
           7           6  -31.6189995      -71.7409973      0.12755685928277671     
           7           7  -31.6189995      -71.7409973      0.12354100379161537     
           7           8  -31.6189995      -71.7409973      0.12354100379161537     
           7           9  -31.6189995      -71.7409973      0.11082844412885606     
           7          10  -31.6189995      -71.7409973       2.2351777413859963E-002
           7          11  -31.6189995      -71.7409973       1.7154452114482410E-002
           8           1  -31.6009998      -71.7409973       0.0000000000000000     
           8           2  -31.6009998      -71.7409973       0.0000000000000000     
           8           3  -31.6009998      -71.7409973       0.0000000000000000     
           8           4  -31.6009998      -71.7409973       0.0000000000000000     
           8           5  -31.6009998      -71.7409973       1.9614559132605791E-002
           8           6  -31.6009998      -71.7409973       7.8166938095819205E-002
           8           7  -31.6009998      -71.7409973       8.4784040867816657E-002
           8           8  -31.6009998      -71.7409973       8.4784040867816657E-002
           8           9  -31.6009998      -71.7409973       9.7338230931200087E-002
           8          10  -31.6009998      -71.7409973       3.2887229928746819E-002
           8          11  -31.6009998      -71.7409973       1.5046882763272151E-002
           9           1  -31.5830002      -71.7409973       0.0000000000000000     
           9           2  -31.5830002      -71.7409973       0.0000000000000000     
           9           3  -31.5830002      -71.7409973       0.0000000000000000     
           9           4  -31.5830002      -71.7409973       0.0000000000000000     
           9           5  -31.5830002      -71.7409973       1.5863840468227863E-002
           9           6  -31.5830002      -71.7409973       3.9938674191944301E-002
           9           7  -31.5830002      -71.7409973       5.1362989004701376E-002
           9           8  -31.5830002      -71.7409973       5.3347274428233504E-002
           9           9  -31.5830002      -71.7409973       5.3347274428233504E-002
           9          10  -31.5830002      -71.7409973       3.5455608740448952E-002
           9          11  -31.5830002      -71.7409973       1.0534069209825248E-002
          10           1  -31.5650005      -71.7409973       0.0000000000000000     
          10           2  -31.5650005      -71.7409973       0.0000000000000000     
          10           3  -31.5650005      -71.7409973       0.0000000000000000     
          10           4  -31.5650005      -71.7409973       0.0000000000000000     
          10           5  -31.5650005      -71.7409973       1.9166850135661662E-002
          10           6  -31.5650005      -71.7409973       2.3632534161151852E-002
          10           7  -31.5650005      -71.7409973       2.7407619752921164E-002
          10           8  -31.5650005      -71.7409973       2.7407619752921164E-002
          10           9  -31.5650005      -71.7409973       2.8955969610251486E-002
          10          10  -31.5650005      -71.7409973       3.0904129147529602E-002
          10          11  -31.5650005      -71.7409973       6.8817948049400002E-003
          11           1  -31.5470009      -71.7409973       0.0000000000000000     
          11           2  -31.5470009      -71.7409973       0.0000000000000000     
          11           3  -31.5470009      -71.7409973       0.0000000000000000     
          11           4  -31.5470009      -71.7409973       7.5814370065927505E-003
          11           5  -31.5470009      -71.7409973       1.8433319404721260E-002
          11           6  -31.5470009      -71.7409973       1.9120584940537810E-002
          11           7  -31.5470009      -71.7409973       1.8008174141868949E-002
          11           8  -31.5470009      -71.7409973       2.9617574764415622E-002
          11           9  -31.5470009      -71.7409973       3.2848672242835164E-002
          11          10  -31.5470009      -71.7409973       3.2848672242835164E-002
          11          11  -31.5470009      -71.7409973       3.4024037668132223E-002
