           1           1  -31.7269993      -71.7409973       1.1811869044322520E-003
           1           2  -31.7269993      -71.7409973       1.0050512446468929E-003
           1           3  -31.7269993      -71.7409973       9.7033601377916057E-004
           1           4  -31.7269993      -71.7409973       5.0879360605904367E-004
           1           5  -31.7269993      -71.7409973       0.0000000000000000     
           1           6  -31.7269993      -71.7409973       5.9867375239264220E-004
           1           7  -31.7269993      -71.7409973       1.3482377435138915E-003
           1           8  -31.7269993      -71.7409973       1.3482377435138915E-003
           1           9  -31.7269993      -71.7409973       1.0490075874258764E-003
           1          10  -31.7269993      -71.7409973       1.0259104383294471E-003
           1          11  -31.7269993      -71.7409973       6.1489461404562462E-004
           2           1  -31.7089996      -71.7409973       1.2704922573902877E-003
           2           2  -31.7089996      -71.7409973       1.2932803001604043E-003
           2           3  -31.7089996      -71.7409973       9.5377753314096481E-004
           2           4  -31.7089996      -71.7409973       3.5828934414894320E-005
           2           5  -31.7089996      -71.7409973       0.0000000000000000     
           2           6  -31.7089996      -71.7409973       4.7346451901830733E-004
           2           7  -31.7089996      -71.7409973       1.6617881337879226E-003
           2           8  -31.7089996      -71.7409973       1.6676887389621697E-003
           2           9  -31.7089996      -71.7409973       1.4364897524501430E-003
           2          10  -31.7089996      -71.7409973       2.0752454038301948E-003
           2          11  -31.7089996      -71.7409973       1.6026312368921936E-003
           3           1  -31.6910000      -71.7409973       2.0967305899830535E-003
           3           2  -31.6910000      -71.7409973       1.9283947913208976E-003
           3           3  -31.6910000      -71.7409973       8.4582036652136594E-004
           3           4  -31.6910000      -71.7409973       1.1950185216846876E-004
           3           5  -31.6910000      -71.7409973       1.1950185216846876E-004
           3           6  -31.6910000      -71.7409973       2.5062405620701611E-004
           3           7  -31.6910000      -71.7409973       2.6292619622836355E-003
           3           8  -31.6910000      -71.7409973       2.6684017029765528E-003
           3           9  -31.6910000      -71.7409973       2.6684017029765528E-003
           3          10  -31.6910000      -71.7409973       2.6684017029765528E-003
           3          11  -31.6910000      -71.7409973       2.0741703337989748E-003
           4           1  -31.6730003      -71.7409973       2.6849640053114854E-003
           4           2  -31.6730003      -71.7409973       2.8148542241979158E-003
           4           3  -31.6730003      -71.7409973       4.9468143834019429E-004
           4           4  -31.6730003      -71.7409973       4.4112167483945086E-004
           4           5  -31.6730003      -71.7409973       4.5036542974230542E-004
           4           6  -31.6730003      -71.7409973       2.0035310217281221E-004
           4           7  -31.6730003      -71.7409973       3.0170170939527452E-003
           4           8  -31.6730003      -71.7409973       3.2425726494693663E-003
           4           9  -31.6730003      -71.7409973       3.4726929152384400E-003
           4          10  -31.6730003      -71.7409973       3.2140716175490525E-003
           4          11  -31.6730003      -71.7409973       2.1921447187196463E-003
           5           1  -31.6550007      -71.7409973       3.3420888939872384E-003
           5           2  -31.6550007      -71.7409973       2.9307810764294118E-003
           5           3  -31.6550007      -71.7409973       6.6097852322855033E-004
           5           4  -31.6550007      -71.7409973       6.3699973179609515E-004
           5           5  -31.6550007      -71.7409973       7.0921700898907147E-004
           5           6  -31.6550007      -71.7409973       1.5679621583331027E-004
           5           7  -31.6550007      -71.7409973       3.6935780080966651E-003
           5           8  -31.6550007      -71.7409973       3.6563898611348122E-003
           5           9  -31.6550007      -71.7409973       3.5955685016233474E-003
           5          10  -31.6550007      -71.7409973       3.8316477439366281E-003
           5          11  -31.6550007      -71.7409973       1.9695138580573257E-003
           6           1  -31.6369991      -71.7409973       3.1853248947300017E-003
           6           2  -31.6369991      -71.7409973       3.1092569115571678E-003
           6           3  -31.6369991      -71.7409973       7.2677815774113697E-004
           6           4  -31.6369991      -71.7409973       7.3525439711374929E-004
           6           5  -31.6369991      -71.7409973       7.3252087436515012E-004
           6           6  -31.6369991      -71.7409973       6.8949889100622386E-004
           6           7  -31.6369991      -71.7409973       3.7258325028233230E-003
           6           8  -31.6369991      -71.7409973       3.7636808701790869E-003
           6           9  -31.6369991      -71.7409973       3.7186755798757076E-003
           6          10  -31.6369991      -71.7409973       3.7602292723022401E-003
           6          11  -31.6369991      -71.7409973       1.2782912017428316E-003
           7           1  -31.6189995      -71.7409973       2.7537445421330631E-003
           7           2  -31.6189995      -71.7409973       2.5035768630914390E-003
           7           3  -31.6189995      -71.7409973       5.9640738982125185E-004
           7           4  -31.6189995      -71.7409973       6.0771068137910333E-004
           7           5  -31.6189995      -71.7409973       6.6404679091647267E-004
           7           6  -31.6189995      -71.7409973       9.6113597646763083E-004
           7           7  -31.6189995      -71.7409973       3.5249388602096587E-003
           7           8  -31.6189995      -71.7409973       3.5249388602096587E-003
           7           9  -31.6189995      -71.7409973       3.2296706922352314E-003
           7          10  -31.6189995      -71.7409973       3.5249388602096587E-003
           7          11  -31.6189995      -71.7409973       8.5729088641528506E-004
           8           1  -31.6009998      -71.7409973       2.3086438995960634E-003
           8           2  -31.6009998      -71.7409973       1.4752885472262278E-003
           8           3  -31.6009998      -71.7409973       3.4885400054918136E-004
           8           4  -31.6009998      -71.7409973       5.4215027830650797E-004
           8           5  -31.6009998      -71.7409973       3.8569343996641692E-004
           8           6  -31.6009998      -71.7409973       1.6446608024125453E-003
           8           7  -31.6009998      -71.7409973       2.9950206953799352E-003
           8           8  -31.6009998      -71.7409973       2.9950206953799352E-003
           8           9  -31.6009998      -71.7409973       3.1463810300920159E-003
           8          10  -31.6009998      -71.7409973       2.6836416800506413E-003
           8          11  -31.6009998      -71.7409973       1.1015593081538100E-003
           9           1  -31.5830002      -71.7409973       1.9605813358793966E-003
           9           2  -31.5830002      -71.7409973       7.6103640458313748E-004
           9           3  -31.5830002      -71.7409973       3.7054542190162465E-006
           9           4  -31.5830002      -71.7409973       2.9368571631493978E-005
           9           5  -31.5830002      -71.7409973       7.2335795266553760E-005
           9           6  -31.5830002      -71.7409973       1.8449181588948704E-003
           9           7  -31.5830002      -71.7409973       2.2111874750407878E-003
           9           8  -31.5830002      -71.7409973       2.1714968861488160E-003
           9           9  -31.5830002      -71.7409973       2.1714968861488160E-003
           9          10  -31.5830002      -71.7409973       1.8514606563257985E-003
           9          11  -31.5830002      -71.7409973       1.1519524086907040E-003
          10           1  -31.5650005      -71.7409973       1.1529925104696304E-003
          10           2  -31.5650005      -71.7409973       1.4038063818588853E-004
          10           3  -31.5650005      -71.7409973       0.0000000000000000     
          10           4  -31.5650005      -71.7409973       0.0000000000000000     
          10           5  -31.5650005      -71.7409973       6.6627067280933261E-004
          10           6  -31.5650005      -71.7409973       1.5790093311807141E-003
          10           7  -31.5650005      -71.7409973       1.7082576596294530E-003
          10           8  -31.5650005      -71.7409973       1.7082576596294530E-003
          10           9  -31.5650005      -71.7409973       1.7757040768628940E-003
          10          10  -31.5650005      -71.7409973       9.7002451548178215E-004
          10          11  -31.5650005      -71.7409973       1.0327807794965338E-003
          11           1  -31.5470009      -71.7409973       7.7731789315294009E-004
          11           2  -31.5470009      -71.7409973       4.1289104547104216E-004
          11           3  -31.5470009      -71.7409973       2.5523773445002007E-004
          11           4  -31.5470009      -71.7409973       0.0000000000000000     
          11           5  -31.5470009      -71.7409973       1.1609485809458420E-003
          11           6  -31.5470009      -71.7409973       1.4618700224673375E-003
          11           7  -31.5470009      -71.7409973       1.4043580085854046E-003
          11           8  -31.5470009      -71.7409973       1.4043580085854046E-003
          11           9  -31.5470009      -71.7409973       1.0102864980581217E-003
          11          10  -31.5470009      -71.7409973       0.0000000000000000     
          11          11  -31.5470009      -71.7409973       6.1500658557633869E-004
