           1           1  -31.7269993      -71.7409973       2.0931261591613293E-002
           1           2  -31.7269993      -71.7409973       3.1497936695814133E-002
           1           3  -31.7269993      -71.7409973       2.7482081204652786E-002
           1           4  -31.7269993      -71.7409973       2.2183280903846025E-002
           1           5  -31.7269993      -71.7409973       1.2218720803502947E-002
           1           6  -31.7269993      -71.7409973       1.2650967924855649E-002
           1           7  -31.7269993      -71.7409973       9.0765523491427302E-003
           1           8  -31.7269993      -71.7409973       1.1259044156759046E-002
           1           9  -31.7269993      -71.7409973       1.1218415962503059E-002
           1          10  -31.7269993      -71.7409973       1.1218415962503059E-002
           1          11  -31.7269993      -71.7409973       1.0833906984771602E-002
           2           1  -31.7089996      -71.7409973       2.1815824176883325E-002
           2           2  -31.7089996      -71.7409973       1.4033680025022477E-002
           2           3  -31.7089996      -71.7409973       3.0259074119385332E-002
           2           4  -31.7089996      -71.7409973       3.3816110808402300E-002
           2           5  -31.7089996      -71.7409973       3.0954780522733927E-002
           2           6  -31.7089996      -71.7409973       3.5073241160716861E-002
           2           7  -31.7089996      -71.7409973       8.1199957057833672E-003
           2           8  -31.7089996      -71.7409973       1.4612819533795118E-002
           2           9  -31.7089996      -71.7409973       1.4565286634024233E-002
           2          10  -31.7089996      -71.7409973       1.5383486490463838E-002
           2          11  -31.7089996      -71.7409973       1.5119125688215718E-002
           3           1  -31.6910000      -71.7409973       2.8359484858810902E-003
           3           2  -31.6910000      -71.7409973       4.3312790803611279E-002
           3           3  -31.6910000      -71.7409973       6.3339658023323864E-002
           3           4  -31.6910000      -71.7409973       5.8175733247480821E-002
           3           5  -31.6910000      -71.7409973       5.8175733247480821E-002
           3           6  -31.6910000      -71.7409973       5.5964517741813324E-002
           3           7  -31.6910000      -71.7409973       1.5329549918533303E-002
           3           8  -31.6910000      -71.7409973       1.9778957590460777E-002
           3           9  -31.6910000      -71.7409973       1.9778957590460777E-002
           3          10  -31.6910000      -71.7409973       1.9778957590460777E-002
           3          11  -31.6910000      -71.7409973       1.8348219338804483E-002
           4           1  -31.6730003      -71.7409973       0.0000000000000000     
           4           2  -31.6730003      -71.7409973       6.3513590655929875E-002
           4           3  -31.6730003      -71.7409973       9.7614098573103547E-002
           4           4  -31.6730003      -71.7409973      0.10804750687384512     
           4           5  -31.6730003      -71.7409973       9.8727120319381356E-002
           4           6  -31.6730003      -71.7409973       8.2954760291613638E-002
           4           7  -31.6730003      -71.7409973       2.1071929484605789E-002
           4           8  -31.6730003      -71.7409973       2.2821235237643123E-002
           4           9  -31.6730003      -71.7409973       2.3195736343041062E-002
           4          10  -31.6730003      -71.7409973       2.2206005407497287E-002
           4          11  -31.6730003      -71.7409973       1.7889789771288633E-002
           5           1  -31.6550007      -71.7409973       0.0000000000000000     
           5           2  -31.6550007      -71.7409973       6.8497379252221435E-002
           5           3  -31.6550007      -71.7409973      0.12630952824838459     
           5           4  -31.6550007      -71.7409973      0.12742254999466240     
           5           5  -31.6550007      -71.7409973      0.12878510099835694     
           5           6  -31.6550007      -71.7409973      0.11871731746941805     
           5           7  -31.6550007      -71.7409973       2.3152567911893129E-002
           5           8  -31.6550007      -71.7409973       2.3404642473906279E-002
           5           9  -31.6550007      -71.7409973       2.3035437567159534E-002
           5          10  -31.6550007      -71.7409973       2.3685627849772573E-002
           5          11  -31.6550007      -71.7409973       1.9440783536992967E-002
           6           1  -31.6369991      -71.7409973       0.0000000000000000     
           6           2  -31.6369991      -71.7409973       7.0317217381671071E-002
           6           3  -31.6369991      -71.7409973      0.13601169921457767     
           6           4  -31.6369991      -71.7409973      0.13638046290725470     
           6           5  -31.6369991      -71.7409973      0.13701776834204793     
           6           6  -31.6369991      -71.7409973      0.12083426397293806     
           6           7  -31.6369991      -71.7409973       2.0263298443751410E-002
           6           8  -31.6369991      -71.7409973       2.1134989568963647E-002
           6           9  -31.6369991      -71.7409973       2.2308592102490366E-002
           6          10  -31.6369991      -71.7409973       2.1459311130456626E-002
           6          11  -31.6369991      -71.7409973       1.8253412039484829E-002
           7           1  -31.6189995      -71.7409973       0.0000000000000000     
           7           2  -31.6189995      -71.7409973       4.5161044887208845E-002
           7           3  -31.6189995      -71.7409973      0.11737926374189556     
           7           4  -31.6189995      -71.7409973      0.11560533824376762     
           7           5  -31.6189995      -71.7409973      0.12396614905446768     
           7           6  -31.6189995      -71.7409973      0.12224297912325710     
           7           7  -31.6189995      -71.7409973       1.6307726677041501E-002
           7           8  -31.6189995      -71.7409973       1.7957400588784367E-002
           7           9  -31.6189995      -71.7409973       1.7454721557442099E-002
           7          10  -31.6189995      -71.7409973       1.7957400588784367E-002
           7          11  -31.6189995      -71.7409973       1.6422579152276739E-002
           8           1  -31.6009998      -71.7409973       0.0000000000000000     
           8           2  -31.6009998      -71.7409973       3.4741018898785114E-002
           8           3  -31.6009998      -71.7409973       8.7459503236459568E-002
           8           4  -31.6009998      -71.7409973       8.8425591238774359E-002
           8           5  -31.6009998      -71.7409973       8.4784040867816657E-002
           8           6  -31.6009998      -71.7409973       8.0908683623420075E-002
           8           7  -31.6009998      -71.7409973       9.5757840172154829E-003
           8           8  -31.6009998      -71.7409973       1.4275516237830743E-002
           8           9  -31.6009998      -71.7409973       1.5608575660735369E-002
           8          10  -31.6009998      -71.7409973       1.5193493745755404E-002
           8          11  -31.6009998      -71.7409973       1.4924796356353909E-002
           9           1  -31.5830002      -71.7409973       0.0000000000000000     
           9           2  -31.5830002      -71.7409973       1.4184458879753947E-002
           9           3  -31.5830002      -71.7409973       5.0766480737365782E-002
           9           4  -31.5830002      -71.7409973       5.1846746122464538E-002
           9           5  -31.5830002      -71.7409973       4.7147294273599982E-002
           9           6  -31.5830002      -71.7409973       4.9644477665424347E-002
           9           7  -31.5830002      -71.7409973       1.8364408984780312E-002
           9           8  -31.5830002      -71.7409973       1.1495070037199184E-002
           9           9  -31.5830002      -71.7409973       1.1495070037199184E-002
           9          10  -31.5830002      -71.7409973       1.1495070037199184E-002
           9          11  -31.5830002      -71.7409973       1.0950027033686638E-002
          10           1  -31.5650005      -71.7409973       9.8857809789478779E-003
          10           2  -31.5650005      -71.7409973       5.5377432145178318E-003
          10           3  -31.5650005      -71.7409973       1.7585969064384699E-002
          10           4  -31.5650005      -71.7409973       2.1588147617876530E-002
          10           5  -31.5650005      -71.7409973       2.5788804778130725E-002
          10           6  -31.5650005      -71.7409973       3.4767763456329703E-002
          10           7  -31.5650005      -71.7409973       2.5843871757388115E-002
          10           8  -31.5650005      -71.7409973       7.2669218352530152E-003
          10           9  -31.5650005      -71.7409973       8.3703002601396292E-003
          10          10  -31.5650005      -71.7409973       8.8733170414343476E-003
          10          11  -31.5650005      -71.7409973       8.7525165581610054E-003
          11           1  -31.5470009      -71.7409973       1.8008174141868949E-002
          11           2  -31.5470009      -71.7409973       1.9034234806895256E-002
          11           3  -31.5470009      -71.7409973       1.9120584940537810E-002
          11           4  -31.5470009      -71.7409973       2.4550905916839838E-002
          11           5  -31.5470009      -71.7409973       2.9256906360387802E-002
          11           6  -31.5470009      -71.7409973       3.2848672242835164E-002
          11           7  -31.5470009      -71.7409973       2.9617574764415622E-002
          11           8  -31.5470009      -71.7409973       1.0328106582164764E-002
          11           9  -31.5470009      -71.7409973       5.3904829255770892E-003
          11          10  -31.5470009      -71.7409973       5.6098041386576369E-003
          11          11  -31.5470009      -71.7409973       5.8265525221941061E-003
