           1           1  -31.7269993      -71.7409973       2.2303465812001377E-003
           1           2  -31.7269993      -71.7409973       2.7165267965756357E-004
           1           3  -31.7269993      -71.7409973       6.8062173249927582E-004
           1           4  -31.7269993      -71.7409973       6.2606311257695779E-003
           1           5  -31.7269993      -71.7409973       4.9458481662441045E-003
           1           6  -31.7269993      -71.7409973       3.9144031907198951E-003
           1           7  -31.7269993      -71.7409973       5.1765420648735017E-003
           1           8  -31.7269993      -71.7409973       3.0628313252236694E-003
           1           9  -31.7269993      -71.7409973       2.1545807830989361E-003
           1          10  -31.7269993      -71.7409973       3.3702676755638095E-003
           1          11  -31.7269993      -71.7409973       4.3700431997422129E-003
           2           1  -31.7089996      -71.7409973       8.5785276314709336E-004
           2           2  -31.7089996      -71.7409973       8.4262675954960287E-004
           2           3  -31.7089996      -71.7409973       1.6018724272726104E-004
           2           4  -31.7089996      -71.7409973       6.7126638587069465E-003
           2           5  -31.7089996      -71.7409973       7.1565927919436945E-003
           2           6  -31.7089996      -71.7409973       7.2363151557510719E-003
           2           7  -31.7089996      -71.7409973       7.0131912652868778E-003
           2           8  -31.7089996      -71.7409973       6.2359926523640752E-003
           2           9  -31.7089996      -71.7409973       1.9362946040928364E-003
           2          10  -31.7089996      -71.7409973       4.2895444858004339E-003
           2          11  -31.7089996      -71.7409973       4.1386006414541043E-003
           3           1  -31.6910000      -71.7409973       1.4619925204897299E-003
           3           2  -31.6910000      -71.7409973       1.2385922454996035E-003
           3           3  -31.6910000      -71.7409973       7.7606041304534301E-004
           3           4  -31.6910000      -71.7409973       8.3708163292612880E-003
           3           5  -31.6910000      -71.7409973       1.0220354990451597E-002
           3           6  -31.6910000      -71.7409973       1.0198811185546219E-002
           3           7  -31.6910000      -71.7409973       1.1992546671535820E-002
           3           8  -31.6910000      -71.7409973       1.0249905288219452E-002
           3           9  -31.6910000      -71.7409973       4.0207022102549672E-003
           3          10  -31.6910000      -71.7409973       4.8169807705562562E-003
           3          11  -31.6910000      -71.7409973       4.4992597831878811E-003
           4           1  -31.6730003      -71.7409973       1.8963974143844098E-003
           4           2  -31.6730003      -71.7409973       2.0426625296749990E-003
           4           3  -31.6730003      -71.7409973       0.0000000000000000     
           4           4  -31.6730003      -71.7409973       1.0185286388150416E-002
           4           5  -31.6730003      -71.7409973       1.4070964025449939E-002
           4           6  -31.6730003      -71.7409973       1.3925097591709346E-002
           4           7  -31.6730003      -71.7409973       1.4070964025449939E-002
           4           8  -31.6730003      -71.7409973       1.2604019590071402E-002
           4           9  -31.6730003      -71.7409973       5.9278012777213007E-003
           4          10  -31.6730003      -71.7409973       5.5582817876711488E-003
           4          11  -31.6730003      -71.7409973       5.6758882710710168E-003
           5           1  -31.6550007      -71.7409973       2.6434293831698596E-003
           5           2  -31.6550007      -71.7409973       2.4162872559827520E-003
           5           3  -31.6550007      -71.7409973       0.0000000000000000     
           5           4  -31.6550007      -71.7409973       1.1799484142102301E-002
           5           5  -31.6550007      -71.7409973       1.6463157138787210E-002
           5           6  -31.6550007      -71.7409973       1.6448258422315121E-002
           5           7  -31.6550007      -71.7409973       1.6463157138787210E-002
           5           8  -31.6550007      -71.7409973       1.2092395001673140E-002
           5           9  -31.6550007      -71.7409973       6.6155593376606703E-003
           5          10  -31.6550007      -71.7409973       6.7775128409266472E-003
           5          11  -31.6550007      -71.7409973       6.7870789207518101E-003
           6           1  -31.6369991      -71.7409973       2.6765310285554733E-003
           6           2  -31.6369991      -71.7409973       2.5668021316960221E-003
           6           3  -31.6369991      -71.7409973       0.0000000000000000     
           6           4  -31.6369991      -71.7409973       1.3890825212001801E-002
           6           5  -31.6369991      -71.7409973       1.5996433096006513E-002
           6           6  -31.6369991      -71.7409973       1.5981895383447409E-002
           6           7  -31.6369991      -71.7409973       1.5996433096006513E-002
           6           8  -31.6369991      -71.7409973       9.6628335304558277E-003
           6           9  -31.6369991      -71.7409973       7.2781263443175703E-003
           6          10  -31.6369991      -71.7409973       7.4187115824315697E-003
           6          11  -31.6369991      -71.7409973       7.3544468032196164E-003
           7           1  -31.6189995      -71.7409973       2.3031685686873971E-003
           7           2  -31.6189995      -71.7409973       2.1494716474990128E-003
           7           3  -31.6189995      -71.7409973       2.6385721184851718E-003
           7           4  -31.6189995      -71.7409973       1.4554001041688025E-002
           7           5  -31.6189995      -71.7409973       1.5171790961176157E-002
           7           6  -31.6189995      -71.7409973       1.5480876783840358E-002
           7           7  -31.6189995      -71.7409973       1.4823308214545250E-002
           7           8  -31.6189995      -71.7409973       6.8910944137314800E-003
           7           9  -31.6189995      -71.7409973       7.3315460904268548E-003
           7          10  -31.6189995      -71.7409973       7.7141404326539487E-003
           7          11  -31.6189995      -71.7409973       7.5829834531759843E-003
           8           1  -31.6009998      -71.7409973       1.4903380642863340E-003
           8           2  -31.6009998      -71.7409973       1.5539481792075094E-003
           8           3  -31.6009998      -71.7409973       5.6828252463674289E-003
           8           4  -31.6009998      -71.7409973       1.4373883217558614E-002
           8           5  -31.6009998      -71.7409973       1.3039807401582948E-002
           8           6  -31.6009998      -71.7409973       1.1674629369736067E-002
           8           7  -31.6009998      -71.7409973       1.3039807401582948E-002
           8           8  -31.6009998      -71.7409973       3.2431206200271845E-003
           8           9  -31.6009998      -71.7409973       7.2282804540009238E-003
           8          10  -31.6009998      -71.7409973       7.1928073739400133E-003
           8          11  -31.6009998      -71.7409973       7.2159572519012727E-003
           9           1  -31.5830002      -71.7409973       4.9731609760783613E-004
           9           2  -31.5830002      -71.7409973       7.5995759016223019E-004
           9           3  -31.5830002      -71.7409973       5.7428571353739244E-003
           9           4  -31.5830002      -71.7409973       1.0924261820036918E-002
           9           5  -31.5830002      -71.7409973       1.0412662086309865E-002
           9           6  -31.5830002      -71.7409973       9.7195679845754057E-003
           9           7  -31.5830002      -71.7409973       9.9321181428422278E-003
           9           8  -31.5830002      -71.7409973       2.9606081079691648E-003
           9           9  -31.5830002      -71.7409973       6.6123490105383098E-003
           9          10  -31.5830002      -71.7409973       6.6123490105383098E-003
           9          11  -31.5830002      -71.7409973       6.8723206059075892E-003
          10           1  -31.5650005      -71.7409973       0.0000000000000000     
          10           2  -31.5650005      -71.7409973       0.0000000000000000     
          10           3  -31.5650005      -71.7409973       6.9726862902825815E-003
          10           4  -31.5650005      -71.7409973       8.5165910422801971E-003
          10           5  -31.5650005      -71.7409973       7.6440604170784354E-003
          10           6  -31.5650005      -71.7409973       7.6309386640787125E-003
          10           7  -31.5650005      -71.7409973       5.0892732688225806E-003
          10           8  -31.5650005      -71.7409973       2.1731951273977757E-003
          10           9  -31.5650005      -71.7409973       4.4274820247665048E-003
          10          10  -31.5650005      -71.7409973       5.3210889163892716E-003
          10          11  -31.5650005      -71.7409973       4.6579038316849619E-003
          11           1  -31.5470009      -71.7409973       0.0000000000000000     
          11           2  -31.5470009      -71.7409973       2.3557563545182347E-003
          11           3  -31.5470009      -71.7409973       5.7806222175713629E-003
          11           4  -31.5470009      -71.7409973       6.1334649653872475E-003
          11           5  -31.5470009      -71.7409973       6.1791225643901271E-003
          11           6  -31.5470009      -71.7409973       5.7037003862205893E-003
          11           7  -31.5470009      -71.7409973       1.6523414233233780E-003
          11           8  -31.5470009      -71.7409973       1.1138634290546179E-003
          11           9  -31.5470009      -71.7409973       2.8827380665461533E-003
          11          10  -31.5470009      -71.7409973       3.2495738851139322E-003
          11          11  -31.5470009      -71.7409973       3.4683566482271999E-003
