           1           1  -31.7269993      -71.7409973       4.1323394980281591E-003
           1           2  -31.7269993      -71.7409973       1.8325567332794890E-002
           1           3  -31.7269993      -71.7409973       2.6922326360363513E-002
           1           4  -31.7269993      -71.7409973       3.2951137633062899E-002
           1           5  -31.7269993      -71.7409973       2.8592596820089966E-002
           1           6  -31.7269993      -71.7409973       1.8329155165702105E-002
           1           7  -31.7269993      -71.7409973       0.0000000000000000     
           1           8  -31.7269993      -71.7409973       2.6680468465201557E-002
           1           9  -31.7269993      -71.7409973       3.1981213833205402E-002
           1          10  -31.7269993      -71.7409973       3.1981213833205402E-002
           1          11  -31.7269993      -71.7409973       3.2835139776580036E-002
           2           1  -31.7089996      -71.7409973       6.2537322519347072E-003
           2           2  -31.7089996      -71.7409973       2.0324212091509253E-002
           2           3  -31.7089996      -71.7409973       3.0522505519911647E-002
           2           4  -31.7089996      -71.7409973       2.8659544070251286E-002
           2           5  -31.7089996      -71.7409973       3.1991321826353669E-002
           2           6  -31.7089996      -71.7409973       2.3364388034678996E-002
           2           7  -31.7089996      -71.7409973       1.6341871232725680E-002
           2           8  -31.7089996      -71.7409973       3.3156274817883968E-002
           2           9  -31.7089996      -71.7409973       3.4617126220837235E-002
           2          10  -31.7089996      -71.7409973       3.8481149298604578E-002
           2          11  -31.7089996      -71.7409973       3.8971176021732390E-002
           3           1  -31.6910000      -71.7409973       8.1055433875008021E-003
           3           2  -31.6910000      -71.7409973       1.4343021786771715E-002
           3           3  -31.6910000      -71.7409973       3.5557350143790245E-002
           3           4  -31.6910000      -71.7409973       2.8199665423016995E-002
           3           5  -31.6910000      -71.7409973       2.8199665423016995E-002
           3           6  -31.6910000      -71.7409973       2.7004274248611182E-002
           3           7  -31.6910000      -71.7409973       4.2617442668415606E-002
           3           8  -31.6910000      -71.7409973       5.0995219033211470E-002
           3           9  -31.6910000      -71.7409973       5.0995219033211470E-002
           3          10  -31.6910000      -71.7409973       5.0995219033211470E-002
           3          11  -31.6910000      -71.7409973       4.3280663609039038E-002
           4           1  -31.6730003      -71.7409973       1.2551607855129987E-002
           4           2  -31.6730003      -71.7409973       1.3649802072905004E-002
           4           3  -31.6730003      -71.7409973       3.3771655493183061E-002
           4           4  -31.6730003      -71.7409973       3.6415821406990290E-002
           4           5  -31.6730003      -71.7409973       3.6217587534338236E-002
           4           6  -31.6730003      -71.7409973       3.5230186709668487E-002
           4           7  -31.6730003      -71.7409973       6.0101176612079144E-002
           4           8  -31.6730003      -71.7409973       6.2602281104773283E-002
           4           9  -31.6730003      -71.7409973       6.6345544066280127E-002
           4          10  -31.6730003      -71.7409973       6.2425781041383743E-002
           4          11  -31.6730003      -71.7409973       4.2482378426939249E-002
           5           1  -31.6550007      -71.7409973       1.4740183192770928E-002
           5           2  -31.6550007      -71.7409973       1.4755881042219698E-002
           5           3  -31.6550007      -71.7409973       3.4324986860156059E-002
           5           4  -31.6550007      -71.7409973       3.7852847483009100E-002
           5           5  -31.6550007      -71.7409973       4.1521122679114342E-002
           5           6  -31.6550007      -71.7409973       4.1567215230315924E-002
           5           7  -31.6550007      -71.7409973       7.1631605271250010E-002
           5           8  -31.6550007      -71.7409973       6.9903801660984755E-002
           5           9  -31.6550007      -71.7409973       6.8752114195376635E-002
           5          10  -31.6550007      -71.7409973       7.1631605271250010E-002
           5          11  -31.6550007      -71.7409973       4.3729970930144191E-002
           6           1  -31.6369991      -71.7409973       1.5425067525939085E-002
           6           2  -31.6369991      -71.7409973       1.6148168127983809E-002
           6           3  -31.6369991      -71.7409973       3.5205473657697439E-002
           6           4  -31.6369991      -71.7409973       3.9082434028387070E-002
           6           5  -31.6369991      -71.7409973       3.9120431058108807E-002
           6           6  -31.6369991      -71.7409973       3.9081990253180265E-002
           6           7  -31.6369991      -71.7409973       6.9958051666617393E-002
           6           8  -31.6369991      -71.7409973       6.9763252511620522E-002
           6           9  -31.6369991      -71.7409973       6.9944736547768116E-002
           6          10  -31.6369991      -71.7409973       7.0001952350139618E-002
           6          11  -31.6369991      -71.7409973       3.8041452411562204E-002
           7           1  -31.6189995      -71.7409973       1.5719364258984569E-002
           7           2  -31.6189995      -71.7409973       2.0124391972785816E-002
           7           3  -31.6189995      -71.7409973       3.5106182564049959E-002
           7           4  -31.6189995      -71.7409973       3.6386153660714626E-002
           7           5  -31.6189995      -71.7409973       3.6846761126071215E-002
           7           6  -31.6189995      -71.7409973       3.7659715861082077E-002
           7           7  -31.6189995      -71.7409973       6.3870049081742764E-002
           7           8  -31.6189995      -71.7409973       6.3870049081742764E-002
           7           9  -31.6189995      -71.7409973       5.8319751638919115E-002
           7          10  -31.6189995      -71.7409973       6.3870049081742764E-002
           7          11  -31.6189995      -71.7409973       3.2766488380730152E-002
           8           1  -31.6009998      -71.7409973       1.6675355858751573E-002
           8           2  -31.6009998      -71.7409973       2.5210120977135375E-002
           8           3  -31.6009998      -71.7409973       3.1600821064785123E-002
           8           4  -31.6009998      -71.7409973       3.5082496702671051E-002
           8           5  -31.6009998      -71.7409973       3.2998439390212297E-002
           8           6  -31.6009998      -71.7409973       2.6554689509794116E-002
           8           7  -31.6009998      -71.7409973       5.4322864161804318E-002
           8           8  -31.6009998      -71.7409973       5.4322864161804318E-002
           8           9  -31.6009998      -71.7409973       5.5189822800457478E-002
           8          10  -31.6009998      -71.7409973       5.0301198381930590E-002
           8          11  -31.6009998      -71.7409973       2.5484306657745037E-002
           9           1  -31.5830002      -71.7409973       1.8294705078005791E-002
           9           2  -31.5830002      -71.7409973       2.8938456474861596E-002
           9           3  -31.5830002      -71.7409973       2.9295657193870284E-002
           9           4  -31.5830002      -71.7409973       3.0776199317188002E-002
           9           5  -31.5830002      -71.7409973       3.0822291868389584E-002
           9           6  -31.5830002      -71.7409973       1.2559821596369147E-002
           9           7  -31.5830002      -71.7409973       4.1197057464160025E-002
           9           8  -31.5830002      -71.7409973       4.5639538555406034E-002
           9           9  -31.5830002      -71.7409973       4.5639538555406034E-002
           9          10  -31.5830002      -71.7409973       4.5639538555406034E-002
           9          11  -31.5830002      -71.7409973       2.4980692396638915E-002
          10           1  -31.5650005      -71.7409973       2.2641360264969990E-002
          10           2  -31.5650005      -71.7409973       2.8634693560888991E-002
          10           3  -31.5650005      -71.7409973       2.7291620004689321E-002
          10           4  -31.5650005      -71.7409973       2.9329566983506083E-002
          10           5  -31.5650005      -71.7409973       2.6885567553108558E-002
          10           6  -31.5650005      -71.7409973       4.0368663612753153E-003
          10           7  -31.5650005      -71.7409973       3.4058818651828915E-002
          10           8  -31.5650005      -71.7409973       3.4058818651828915E-002
          10           9  -31.5650005      -71.7409973       2.4265815154649317E-002
          10          10  -31.5650005      -71.7409973       3.3600856608245522E-002
          10          11  -31.5650005      -71.7409973       2.1329510840587318E-002
          11           1  -31.5470009      -71.7409973       2.0562177174724638E-002
          11           2  -31.5470009      -71.7409973       2.3070893366821110E-002
          11           3  -31.5470009      -71.7409973       2.3024800815619528E-002
          11           4  -31.5470009      -71.7409973       2.3783961747540161E-002
          11           5  -31.5470009      -71.7409973       2.0736461488922941E-002
          11           6  -31.5470009      -71.7409973       4.0245321579277515E-003
          11           7  -31.5470009      -71.7409973       1.9588161550927907E-002
          11           8  -31.5470009      -71.7409973       2.2277647862210870E-002
          11           9  -31.5470009      -71.7409973       2.0873542642220855E-002
          11          10  -31.5470009      -71.7409973       2.0873542642220855E-002
          11          11  -31.5470009      -71.7409973       1.9939078483730555E-002
