           2          17  -32.1920013      -71.4110031      0.694446325    
           3          37  -32.1570015      -71.8330002      0.645373523    
          10          36  -32.0320015      -71.8050003      0.522543848    
          17           2  -31.9330006      -71.0800018      0.665201545    
          27          13  -31.7439995      -71.3030014      0.646817625    
          40          46  -31.4820004      -71.9850006      0.771243572    
          42          18  -31.4699993      -71.3949966      0.436917990    
          43          44  -31.4300003      -71.9400024      0.721040606    
          45          66  -31.3740005      -72.4000015      0.632308900    
          47          51  -31.3519993      -72.0830002      0.585854173    
          54          53  -31.2240009      -72.1179962      0.503189325    
          59          61  -31.1259995      -72.2799988      0.495460302    
          69          56  -30.9510002      -72.1640015      0.526909769    
          79          35  -30.7889996      -71.7160034      0.542485356    
          79          64  -30.7630005      -72.3209991      0.960717678    
          80          62  -30.7469997      -72.2779999      0.952759743    
          91          48  -30.5620003      -71.9749985      0.671014547    
         109           5  -30.2719994      -71.0640030      0.611448944    
         117          25  -30.1130009      -71.4710007      0.599263787    
         121          19  -30.0450001      -71.3430023      0.560294569    
