          12          36  -31.9960003      -71.8030014      0.842775762    
          15          14  -31.9599991      -71.3349991      0.755875826    
          42          48  -31.4449997      -72.0250015      0.735808372    
          46          23  -31.3939991      -71.4960022      0.795597672    
          52          24  -31.2849998      -71.5110016      0.754246593    
          61          49  -31.1009998      -72.0260010      0.836450219    
          67          29  -31.0109997      -71.6019974      0.930782199    
          75          41  -30.8560009      -71.8450012      0.808765650    
          86          53  -30.6469994      -72.0839996      0.617323577    
          89           2  -30.6350002      -71.0179977      0.879690111    
          89          12  -30.6280003      -71.2269974      0.860501349    
          91          45  -30.5639992      -71.9120026       1.00000000    
          91          65  -30.5459995      -72.3280029      0.748951972    
          93          15  -30.5529995      -71.2860031      0.848910630    
          99          34  -30.4300003      -71.6750031      0.706955135    
         115          19  -30.1539993      -71.3489990      0.741327226    
         115          31  -30.1439991      -71.5979996      0.762015939    
         115          38  -30.1380005      -71.7429962      0.726960659    
         120          33  -30.0520000      -71.6340027      0.775285959    
         121          49  -30.0200005      -71.9649963      0.770973146    
