          13          48  -31.9669991      -72.0559998       1.00000000    
          19          15  -31.8869991      -71.3529968      0.975524664    
          26          53  -31.7280006      -72.1470032      0.686245859    
          32          35  -31.6359997      -71.7620010      0.847198844    
          41          51  -31.4599991      -72.0889969      0.934665322    
          49          54  -31.3129997      -72.1439972      0.665088356    
          56          69  -31.1730003      -72.4509964      0.900833428    
          67          64  -30.9790001      -72.3339996      0.849655509    
          73          28  -30.9029999      -71.5749969      0.610917568    
          74          33  -30.8810005      -71.6790009      0.864230335    
          74          49  -30.8670006      -72.0130005      0.803078413    
          80          30  -30.7749996      -71.6100006      0.929598808    
          82          31  -30.7390003      -71.6289978      0.981290817    
          87          22  -30.6560001      -71.4369965      0.802315116    
          92          35  -30.5550003      -71.7030029      0.829386234    
         104          17  -30.3530006      -71.3170013      0.786708176    
         109          31  -30.2520008      -71.6029968      0.826034546    
         117          69  -30.0739994      -72.3830032      0.850501895    
         118          44  -30.0790005      -71.8639984      0.787024200    
         121          23  -30.0419998      -71.4260025      0.739947498    
