   23.4470863      0.620302260               3          37
   23.9647236      0.567421794              10          36
   24.4823627      0.432436079              79          35
   29.6587429      0.707110822             117          25
   23.4470863      0.708058834               3          37
   28.1058292      0.779794395              73          28
   24.4823627      0.810848534              79          35
   26.5529137      0.823185742              82          31
   24.4823627      0.859019279              92          35
   24.4823627      0.850976288              32          35
   28.1058292      0.773699880              73          28
   25.5176373      0.742782950              74          33
   27.0705528      0.898310125              80          30
   26.5529137      0.893356085              82          31
   24.4823627      0.876560211              92          35
   26.5529137      0.678017020             109          31
   24.4823627      0.664967418              32          35
   20.3412571      0.546853125              49          43
   25.5176373      0.616474569              74          33
   27.0705528      0.893053889              80          30
   25.5176373      0.867545784              80          33
   26.5529137      0.618346632             109          31
   20.3412571      0.856180966              49          43
   21.3765335      0.551448762              75          41
   25.5176373      0.665115476              80          33
   25.0000000      0.657265723              99          34
   22.9294472      0.917526662             115          38
   23.9647236      0.713214695              12          36
   27.5881901      0.671362400              67          29
   21.3765335      0.773525596              75          41
   25.0000000      0.829969466              99          34
   26.5529137      0.771849871             115          31
   22.9294472      0.737952232             115          38
   25.5176373      0.867051423             120          33
   23.9647236      0.790085256              12          36
   22.9294472      0.710520625              18          38
   26.5529137      0.827216446              59          31
   27.5881901      0.704791963              67          29
   26.5529137      0.761318803             115          31
   25.5176373      0.704256296             120          33
   22.9294472      0.792184830              18          38
   26.5529137      0.730495691              59          31
   22.9294472      0.636815190              61          38
   21.3765335      0.717141688              67          41
   25.5176373      0.595004320               7          33
   20.3412571      0.638224602              13          43
   26.5529137      0.663053811              15          31
   20.8588943      0.641587198              27          42
   22.9294472      0.495355010              61          38
   21.3765335      0.650383770              67          41
   25.0000000      0.790723324             115          34
   25.5176373      0.709758043               7          33
   20.3412571      0.635194123              13          43
   26.5529137      0.868620694              15          31
   20.8588943      0.707063138              27          42
   21.3765335      0.824411392              49          41
   24.4823627      0.574027300              51          35
   22.9294472      0.888349175              69          38
   25.0000000      0.839272201             115          34
   26.5529137      0.932526469             118          31
   21.3765335      0.744437456              49          41
   24.4823627      0.682407439              51          35
   22.9294472      0.680465996              69          38
   26.5529137       1.00000000             118          31
   26.5529137      0.660708725              58          31
   20.8588943      0.534083009              64          42
   22.4118099      0.550068498              91          39
   28.6234665      0.731652260              32          27
   26.5529137      0.773673296              58          31
   20.8588943      0.614382029              64          42
   22.4118099      0.749732137              91          39
   23.4470863      0.776444793              92          37
   28.6234665      0.856912792              32          27
   23.4470863      0.789723098              92          37
   22.9294472      0.703135431              22          38
   21.8941708      0.690056205              44          40
   21.8941708      0.584018767              57          40
   22.9294472      0.664989352              22          38
   27.0705528      0.722232640              25          30
   24.4823627      0.718290031              33          35
   21.8941708      0.820931077              44          40
   21.8941708      0.605372846              57          40
   23.9647236      0.813718736              98          36
   23.9647236      0.651439250              20          36
   27.0705528      0.709662557              25          30
   24.4823627      0.709912598              33          35
   23.9647236      0.647836149              98          36
   29.1411057      0.748305500             105          26
   20.3412571      0.594072878             109          43
   23.9647236      0.733861744              20          36
   25.0000000      0.729410231              35          34
   21.3765335      0.540409982              41          41
   29.1411057      0.774584293             105          26
   20.3412571      0.683976650             109          43
   26.0352764      0.777345538              14          32
   25.0000000      0.571056724              19          34
   25.0000000      0.589849591              35          34
   21.3765335      0.416562319              41          41
   20.8588943      0.695425570              50          42
   20.8588943      0.386591315              75          42
   26.0352764      0.772458076              14          32
   25.0000000      0.652056992              19          34
   28.6234665      0.645942330              29          27
   25.0000000      0.574196994              40          34
   20.8588943      0.681535721              50          42
   20.8588943      0.570521772              75          42
   28.6234665      0.735833347              29          27
   21.3765335      0.627862096              32          41
   25.0000000      0.584628165              40          34
   21.3765335      0.695255220              32          41
   26.0352764      0.804696262              47          32
   22.4118099      0.686540127              78          39
   21.8941708      0.634389281              87          40
   21.8941708      0.792951345             118          40
   27.5881901      0.850828111              44          29
   26.0352764      0.896947801              47          32
   22.4118099      0.770735860              78          39
   21.8941708      0.915230274              87          40
   20.8588943      0.723801136             110          42
   22.9294472      0.695176482             113          38
   21.8941708      0.689215481             118          40
   25.0000000      0.756293595              30          34
   27.5881901      0.777355433              44          29
   29.6587429      0.781749964              86          25
   23.4470863      0.643442035              91          37
   27.0705528      0.507137597              97          30
   20.8588943      0.791495502             110          42
   22.9294472      0.610163212             113          38
   25.0000000      0.570385277              30          34
   29.6587429      0.456457376              86          25
   23.4470863      0.479017556              91          37
   27.0705528      0.461488247              97          30
   20.8588943      0.523142338             106          42
   25.5176373      0.549869537              22          33
   29.1411057      0.601381361              37          26
   20.8588943      0.535865188             106          42
   26.5529137      0.549550354             111          31
   29.6587429      0.484671444             113          25
   25.5176373      0.475676805              22          33
   29.1411057      0.993187606              37          26
   29.1411057      0.941071093              38          26
   28.6234665      0.930454254              38          27
   25.0000000      0.442876101              89          34
   26.5529137      0.445906311             111          31
   29.6587429      0.479106009             113          25
   27.0705528      0.654151082              10          30
   29.1411057      0.637429833              38          26
   28.6234665      0.622332931              38          27
   25.0000000      0.587856412              62          34
   22.9294472      0.972520053              88          38
   25.0000000      0.888449430              89          34
   25.0000000      0.737358212              92          34
   27.0705528      0.681260705              10          30
   29.6587429      0.849208534              28          25
   28.6234665      0.821815848              32          27
   25.0000000      0.763437748              62          34
   29.1411057      0.854860067              85          26
   22.9294472      0.817070067              88          38
   25.0000000      0.911920428              92          34
   20.3412571      0.593418896             103          43
   25.5176373      0.753735900             120          33
   29.6587429      0.610346496              28          25
   28.6234665       1.00000000              31          27
   28.6234665      0.967114687              32          27
   22.4118099      0.426221579              53          39
   24.4823627      0.435626477              84          35
   29.1411057      0.446732730              85          26
   20.3412571      0.489157110             103          43
   25.5176373      0.500977755             120          33
   28.6234665      0.829503536              31          27
   29.6587429      0.828775525              36          25
   22.4118099      0.620388985              53          39
   24.4823627      0.848126531              84          35
   20.8588943      0.737744153              88          42
   23.9647236      0.776032329              11          36
   29.6587429      0.741277575              36          25
   20.8588943      0.578545570              88          42
   29.1411057      0.744128466             118          26
   27.5881901      0.658904910               9          29
   23.9647236      0.931653440              11          36
   27.5881901      0.697999001              15          29
   21.8941708      0.626086712              17          40
   21.3765335      0.648947835              38          41
   23.4470863      0.808899403              81          37
   29.1411057      0.662373781             118          26
   27.5881901      0.693395019               9          29
   27.5881901      0.734474421              15          29
   21.8941708      0.581857860              17          40
   21.3765335      0.722437263              38          41
   23.4470863      0.978673875              81          37
   23.4470863      0.768047035              56          37
   26.0352764      0.909986258              83          32
   27.0705528      0.697863936              26          30
   23.4470863      0.710048199              56          37
   26.0352764      0.895295680              83          32
   23.4470863      0.626895010              84          37
   27.0705528      0.768963814              26          30
   23.4470863      0.740795195              84          37
   23.4470863      0.714029968              34          37
   22.4118099      0.650703192              67          39
   20.3412571      0.717296660             116          43
   23.4470863      0.758197844              34          37
   22.9294472      0.761589468              42          38
   22.4118099      0.694939613              67          39
   27.0705528      0.955164850              89          30
   20.3412571      0.730752349             116          43
   29.6587429      0.831194699               4          25
   22.9294472      0.783374488              42          38
   27.0705528      0.886713624              72          30
   27.0705528      0.698559940              89          30
   21.8941708      0.766389132             111          40
   29.6587429      0.581897974               4          25
   28.1058292      0.777279675              18          28
   25.5176373      0.751606286              63          33
   27.0705528      0.882460654              72          30
   21.8941708      0.812023342              93          40
   21.8941708      0.663058519             111          40
   28.1058292      0.748238027              18          28
   29.1411057      0.763511658              56          26
   25.5176373      0.811059713              63          33
   26.5529137      0.767353892              77          31
   22.4118099      0.695327997              88          39
   21.8941708      0.857574999              93          40
   27.0705528      0.774594009              94          30
   27.0705528      0.751046896             103          30
   29.1411057      0.682545662              56          26
   25.0000000      0.830921173              74          34
   26.5529137      0.671798706              77          31
   22.4118099      0.727851450              88          39
   27.0705528      0.725947618              94          30
   27.0705528      0.774713993             103          30
   23.9647236      0.752213120             119          36
   29.6587429      0.705871999              42          25
   25.0000000      0.629024506              74          34
   27.5881901      0.894236565              88          29
   27.0705528      0.867954671             116          30
   23.9647236      0.737266183             119          36
   26.5529137      0.558595121              27          31
   29.1411057      0.616560102              30          26
   29.6587429      0.787998676              42          25
   27.5881901      0.821250439              88          29
   29.6587429      0.749076307             107          25
   27.0705528      0.883352697             116          30
   26.5529137      0.568741381              27          31
   29.1411057      0.563801348              30          26
   29.1411057      0.733162045              38          26
   28.1058292      0.802723408              50          28
   29.6587429       1.00000000              89          25
   26.5529137      0.711844027              99          31
   26.0352764      0.739830256             102          32
   29.6587429      0.778292537             107          25
   29.1411057      0.547014594              38          26
   28.1058292      0.620196700              50          28
   29.6587429      0.597969472              89          25
   20.8588943      0.492746741              94          42
   26.5529137      0.442462802              99          31
   26.0352764      0.407903343             102          32
   25.0000000      0.467260063             103          34
   28.1058292      0.695960522              15          28
   23.9647236      0.838962257              23          36
   25.0000000      0.757281899              30          34
   26.5529137      0.910069585              45          31
   24.4823627      0.844765186              48          35
   20.8588943      0.645542085              94          42
   25.0000000      0.772189379             103          34
   28.1058292      0.537199676              15          28
   25.0000000      0.485860884              17          34
   23.9647236      0.707951069              23          36
   25.0000000      0.692252457              30          34
   26.5529137      0.865187883              45          31
   24.4823627      0.785862446              48          35
   26.5529137      0.680206597              98          31
   20.8588943      0.697002292             120          42
   25.0000000      0.644816697              17          34
   23.4470863      0.677992880              46          37
   20.8588943      0.663067758              67          42
   28.6234665      0.671268523              76          27
   26.5529137      0.745114684              98          31
   20.8588943      0.595443130             120          42
   27.0705528      0.774082839              40          30
   23.4470863      0.621242940              46          37
   20.8588943      0.834304452              67          42
   28.6234665      0.910154521              76          27
   27.5881901      0.864243686              83          29
   27.0705528      0.680458546              40          30
   27.5881901      0.647324622              83          29
   26.0352764      0.617543697             120          32
   26.5529137      0.694234014              37          31
   22.4118099      0.477497041              76          39
   20.8588943      0.601298869             117          42
   26.0352764      0.637346089             120          32
   26.5529137      0.508126438              37          31
   24.4823627      0.571122289              65          35
   23.4470863      0.997877121              68          37
   22.9294472       1.00000000              68          38
   22.4118099      0.236863852              76          39
   22.9294472      0.436908782              82          38
   20.8588943      0.536036551             101          42
   20.8588943      0.487342268             117          42
   28.1058292      0.589500606              23          28
   20.3412571      0.538664699              40          43
   28.6234665      0.687739015              61          27
   24.4823627      0.568523884              65          35
   23.4470863       1.00000000              68          37
   22.9294472      0.988347709              68          38
   22.9294472      0.556119919              82          38
   20.8588943      0.498462558             101          42
   20.8588943      0.625639975               6          42
   28.1058292      0.879668176              23          28
   20.3412571      0.766844332              40          43
   21.8941708      0.770363092              60          40
   28.6234665      0.968184412              61          27
   29.1411057      0.713897467               3          26
   20.8588943      0.483916849               6          42
   21.8941708      0.677254498              60          40
   23.4470863      0.602031767              74          37
   23.9647236      0.697917342             121          36
   29.1411057      0.725111127               3          26
   21.8941708      0.570680737              32          40
   20.8588943      0.564571619              33          42
   23.4470863      0.597404003              74          37
   20.8588943      0.519810319             108          42
   23.9647236      0.607732773             121          36
   23.9647236      0.628743649               2          36
   21.8941708      0.716896117              32          40
   20.8588943      0.601882935              33          42
   24.4823627      0.582428694              44          35
   20.3412571      0.770047784              83          43
   20.8588943      0.669319987             108          42
   23.9647236      0.896280050               2          36
   24.4823627      0.818173647              44          35
   22.9294472      0.792741358              47          38
   24.4823627      0.731547832              65          35
   20.8588943      0.853292167              67          42
   20.3412571      0.788184583              83          43
   24.4823627      0.680216134              22          35
   20.3412571      0.660946488              44          43
   22.9294472      0.645172000              47          38
   24.4823627      0.656686425              65          35
   20.8588943      0.788363814              67          42
   28.1058292      0.647712290              75          28
   25.5176373      0.634562254              87          33
   26.0352764      0.800852716             100          32
   24.4823627      0.729448378              22          35
   20.3412571      0.646769702              44          43
   28.1058292      0.669313431              75          28
   26.5529137      0.915809393              79          31
   25.0000000      0.519295275              80          34
   25.5176373      0.694894552              87          33
   26.0352764      0.925658047             100          32
   21.8941708      0.657864749             117          40
   23.9647236      0.578943014              24          36
   26.5529137      0.698673248              79          31
   25.0000000      0.435587049              80          34
   21.8941708      0.610318363             117          40
   23.4470863      0.664490044             120          37
   29.6587429      0.834472775              13          25
   23.9647236      0.722056329              24          36
   22.4118099      0.667433143              45          39
   23.9647236      0.697562277              52          36
   25.5176373      0.697779238              56          33
   23.4470863      0.434253156             119          37
   23.4470863      0.346078485             120          37
   29.6587429       1.00000000              13          25
   24.4823627      0.774941206              25          35
   22.4118099      0.788244486              45          39
   23.9647236      0.696053684              52          36
   25.5176373      0.890909255              56          33
   23.4470863      0.840398431             119          37
   24.4823627      0.779630601              25          35
   29.6587429      0.882638335              32          25
   23.9647236      0.788291633               6          36
   29.6587429      0.819896579              32          25
   25.0000000      0.941801250              80          34
   23.9647236      0.650263548               6          36
   27.5881901      0.754700184              40          29
   25.0000000       1.00000000              80          34
   29.6587429      0.912032306              89          25
   28.6234665      0.917111874               8          27
   27.5881901      0.781101108              40          29
   21.8941708      0.725619376              42          40
   29.6587429      0.906107426              89          25
   27.5881901      0.712165356             100          29
   28.6234665      0.807187021               8          27
   21.8941708      0.697242022              42          40
   20.8588943      0.480661273              50          42
   25.0000000      0.761732817              56          34
   27.5881901      0.700942278             100          29
   20.8588943      0.547958314              50          42
   25.0000000      0.766754925              56          34
   22.9294472      0.743639648              78          38
   22.9294472      0.743135035             120          38
   26.5529137      0.879822195               4          31
   23.4470863      0.667427063              71          37
   22.9294472      0.766050875              78          38
   22.9294472      0.637247920             120          38
   26.5529137      0.954456806               4          31
   23.4470863      0.643424809              71          37
   23.4470863      0.700559318             105          37
   22.4118099      0.607624412             120          39
   26.0352764      0.769569814              10          32
   23.4470863      0.757845104              30          37
   23.4470863      0.764046848             105          37
   22.4118099      0.593172073             120          39
   26.0352764      0.629880250              10          32
   25.0000000      0.751821756              23          34
   23.4470863      0.731822789              30          37
   20.8588943      0.774857581             106          42
   28.6234665      0.741398394              20          27
   25.0000000      0.683995783              23          34
   25.0000000      0.546409428              67          34
   27.0705528      0.753477097              93          30
   20.8588943      0.649652839             106          42
   28.6234665      0.653604805              20          27
   25.0000000      0.591475129              67          34
   28.6234665      0.815972686              84          27
   27.0705528      0.568667173              93          30
   26.0352764      0.703280151               8          32
   22.4118099      0.806779861              69          39
   28.6234665      0.809270859              84          27
   29.1411057      0.788745165              97          26
   26.0352764      0.734339952               8          32
   23.9647236      0.680933952              66          36
   22.4118099      0.806846142              69          39
   29.6587429      0.956293404              79          25
   29.1411057      0.896688581              97          26
   26.0352764      0.683035612             109          32
   26.5529137      0.711169600               2          31
   29.1411057      0.710979998              27          26
   23.9647236      0.659729183              66          36
   29.6587429      0.912524700              79          25
   26.0352764      0.663102269             109          32
   20.8588943      0.647801280             118          42
   22.9294472      0.789286673               1          38
   26.5529137      0.819725692               2          31
   23.9647236      0.715493381               2          36
   29.1411057      0.749116361              27          26
   25.0000000      0.663950145              52          34
   26.0352764      0.681383669              54          32
   20.3412571      0.501269996             103          43
   20.8588943      0.628635347             118          42
   22.9294472      0.852049589               1          38
   23.9647236      0.849637151               2          36
   26.0352764      0.896769524              49          32
   25.0000000      0.848553061              52          34
   26.0352764      0.660921991              54          32
   27.5881901      0.987895608             101          29
   20.3412571      0.498510212             103          43
   26.0352764      0.324083537              49          32
   25.5176373      0.473314345              50          33
   27.5881901      0.716975629             101          29
   25.5176373      0.703374743              50          33
   23.9647236      0.732882321              67          36
   22.9294472      0.540604651              87          38
   27.0705528      0.731043458              18          30
   26.5529137      0.785238802              26          31
   20.3412571      0.623256922              27          43
   23.9647236      0.709749997              67          36
   29.1411057      0.864374399              74          26
   22.9294472      0.932475746              87          38
   27.0705528      0.635105073              18          30
   26.5529137      0.726260364              26          31
   20.3412571      0.568263590              27          43
   29.1411057      0.591933429              74          26
   22.9294472      0.661785007              11          38
   25.5176373      0.714796126              21          33
   25.0000000      0.763464332               1          34
   22.9294472      0.894809544              11          38
   25.5176373      0.697840869              21          33
   21.8941708      0.712734044              26          40
   25.0000000      0.803173304              85          34
   25.0000000      0.793716013               1          34
   21.3765335      0.488836199              14          41
   21.8941708      0.738867998              26          40
   26.0352764      0.705101848              34          32
   26.0352764      0.705877066              41          32
   25.0000000      0.746091962              85          34
   28.6234665      0.846023500             117          27
   21.3765335      0.540134847              14          41
   25.0000000      0.691330314              20          34
   26.0352764      0.708992243              34          32
   26.0352764      0.721933424              41          32
   27.0705528      0.729132295             113          30
   28.6234665      0.906422555             117          27
   28.1058292      0.868996680             119          28
   25.0000000      0.736407340              20          34
   21.3765335      0.740677357              78          41
   27.5881901      0.671584785              85          29
   25.0000000      0.635977566              91          34
   29.6587429      0.763109148             107          25
   27.0705528      0.665318787             113          30
   28.1058292      0.781360567             119          28
   25.0000000      0.752354026               1          34
   28.1058292      0.875493109              22          28
   21.3765335      0.672013581              78          41
   22.4118099      0.554097533              81          39
   27.5881901      0.541519225              85          29
   25.0000000      0.636245489              91          34
   29.6587429      0.786379039             107          25
   25.0000000      0.716538727               1          34
   20.8588943      0.527381241              21          42
   28.1058292      0.851600230              22          28
   21.3765335      0.626267910              27          41
   22.4118099      0.518222094              81          39
   23.4470863      0.629481256             116          37
   20.3412571      0.695768833              13          43
   20.8588943      0.501700044              21          42
   21.3765335      0.587582767              27          41
   27.5881901      0.659941196              41          29
   27.5881901      0.667113721              90          29
   25.5176373      0.721917927             114          33
   23.4470863      0.642047644             116          37
   20.3412571      0.733236253              13          43
   28.6234665      0.850479722              16          27
   27.5881901      0.791042030              41          29
   27.5881901      0.857805431              90          29
   25.5176373      0.822175801             114          33
   28.6234665      0.833465576              16          27
   29.1411057      0.811729491              23          26
   24.4823627      0.731192946              77          35
   20.8588943      0.715252638               5          42
   25.0000000      0.927720666              15          34
   20.3412571      0.821777999              18          43
   29.1411057      0.789472759              23          26
   24.4823627      0.766397476              77          35
   20.8588943      0.774257720               5          42
   25.0000000      0.880129755              15          34
   20.3412571      0.804286838              18          43
   23.4470863      0.711572707              36          37
   28.6234665      0.859899580              61          27
   27.5881901      0.785121322              87          29
   28.6234665      0.996517479              25          27
   23.4470863      0.748404086              36          37
   23.4470863      0.557883143              45          37
   25.5176373      0.702558160              53          33
   28.6234665      0.889364898              61          27
   27.5881901      0.616118670              87          29
   27.0705528      0.794086516              11          30
   28.6234665      0.863067269              13          27
   28.6234665      0.862298131              25          27
   23.4470863      0.765571654              45          37
   25.5176373      0.923513949              53          33
