   33.7998466      0.792144656               2          17
   41.5644188      0.993693471              17           2
   35.8703995      0.738690913              27          13
   33.2822113      0.655851901              42          18
   40.0115051      0.879939139             109           5
   29.6587429      0.707110822             117          25
   32.7645721      0.848829806             121          19
   41.5644188      0.979270995              17           2
   35.8703995      0.918504298              27          13
   28.1058292      0.779794395              73          28
   26.5529137      0.823185742              82          31
   33.7998466      0.822171867             104          17
   40.0115051      0.944050670             109           5
   34.8351250      0.959241331              19          15
   28.1058292      0.773699880              73          28
   25.5176373      0.742782950              74          33
   27.0705528      0.898310125              80          30
   26.5529137      0.893356085              82          31
   31.2116566       1.00000000              87          22
   33.7998466      0.949775934             104          17
   26.5529137      0.678017020             109          31
   30.6940193      0.704955935             121          23
   34.8351250      0.768961370              19          15
   25.5176373      0.616474569              74          33
   38.4585915      0.852057040              80           8
   27.0705528      0.893053889              80          30
   25.5176373      0.867545784              80          33
   31.2116566      0.653903484              87          22
   41.0467834      0.775224328             109           3
   26.5529137      0.618346632             109          31
   38.9762268      0.818420827             112           7
   32.2469330      0.823519707             118          20
   30.6940193      0.759240031             121          23
   35.3527603      0.925815761              15          14
   30.6940193      0.799839437              46          23
   30.1763802      0.723629415              52          24
   38.4585915      0.846650422              80           8
   25.5176373      0.665115476              80          33
   41.5644188      0.775357783              89           2
   34.8351250      0.775409222              93          15
   41.0467834      0.996645033             109           3
   38.9762268      0.818148971             112           7
   32.2469330      0.999843240             118          20
   35.3527603      0.896657407              15          14
   30.6940193      0.865317643              46          23
   30.1763802      0.782241166              52          24
   27.5881901      0.671362400              67          29
   41.5644188      0.989172399              89           2
   36.3880386      0.968380809              89          12
   34.8351250      0.873050869              93          15
   32.7645721      0.862147152             115          19
   26.5529137      0.771849871             115          31
   25.5176373      0.867051423             120          33
   26.5529137      0.827216446              59          31
   27.5881901      0.704791963              67          29
   35.3527603      0.905367672              68          14
   36.3880386      0.847430348              89          12
   35.8703995      0.755223215             107          13
   32.7645721       1.00000000             115          19
   26.5529137      0.761318803             115          31
   25.5176373      0.704256296             120          33
   40.5291443      0.793744802               3           4
   34.8351250      0.782415092              10          15
   35.3527603      0.804547191              46          14
   26.5529137      0.730495691              59          31
   35.3527603       1.00000000              68          14
   35.8703995      0.881077528             107          13
   40.5291443      0.945743799               3           4
   25.5176373      0.595004320               7          33
   34.8351250      0.960348845              10          15
   26.5529137      0.663053811              15          31
   32.2469330      0.879762292              39          20
   35.3527603      0.691791356              46          14
   30.1763802      0.594697833              76          24
   25.5176373      0.709758043               7          33
   26.5529137      0.868620694              15          31
   39.4938660      0.884781599              31           6
   32.2469330       1.00000000              39          20
   32.7645721      0.791742980              54          19
   30.1763802      0.758016646              76          24
   26.5529137      0.932526469             118          31
   34.3174858      0.891308010               2          16
   39.4938660      0.829754293              31           6
   32.7645721      0.843858302              54          19
   30.1763802      0.643992066             101          24
   41.0467834      0.741300523             102           3
   33.2822113      0.730271339             102          18
   26.5529137       1.00000000             118          31
   34.3174858      0.789562225               2          16
   39.4938660      0.899559140              57           6
   26.5529137      0.660708725              58          31
   40.5291443      0.941715360              89           4
   30.1763802      0.658152521             101          24
   41.0467834      0.540899038             102           3
   35.8703995       1.00000000             102          13
   33.2822113      0.802657843             102          18
   41.5644188      0.806683064              27           2
   28.6234665      0.731652260              32          27
   39.4938660      0.912200570              57           6
   26.5529137      0.773673296              58          31
   40.5291443       1.00000000              89           4
   35.8703995      0.889009237             102          13
   30.6940193      0.867664933             104          23
   41.5644188      0.997713387              27           2
   28.6234665      0.856912792              32          27
   31.7292957      0.962449074              37          21
   33.2822113      0.913919926              42          18
   35.3527603       1.00000000              82          14
   30.6940193      0.875842452             104          23
   39.4938660      0.950727463             111           6
   42.0820541      0.907799661             117           1
   34.8351250      0.978663445             120          15
   33.7998466      0.912662566              22          17
   31.7292957      0.814366817              37          21
   33.2822113      0.926729918              42          18
   36.3880386      0.886922181              46          12
   34.8351250      0.881927073              67          15
   41.0467834      0.964470029              75           3
   42.0820541      0.977813900              81           1
   35.3527603      0.869986057              82          14
   39.4938660      0.777783811             111           6
   42.0820541      0.801536620             117           1
   34.8351250      0.874871910             120          15
   33.7998466      0.990197599              22          17
   27.0705528      0.722232640              25          30
   36.3880386      0.930844069              46          12
   34.8351250      0.780571580              67          15
   41.0467834      0.894632936              75           3
   42.0820541       1.00000000              81           1
   38.4585915      0.904043794             119           8
   38.4585915      0.851014912              15           8
   27.0705528      0.709662557              25          30
   32.7645721      0.884330153              30          19
   31.2116566       1.00000000              81          22
   29.1411057      0.748305500             105          26
   41.5644188      0.854346752             114           2
   38.4585915      0.884742081             119           8
   38.4585915      0.959598720              15           8
   35.3527603      0.896679640              20          14
   32.7645721      0.872075200              30          19
   36.3880386       1.00000000              33          12
   41.0467834      0.623786330              66           3
   38.4585915      0.715254903              67           8
   31.2116566      0.851615071              81          22
   40.0115051      0.943451107              98           5
   29.1411057      0.774584293             105          26
   41.5644188      0.887209237             114           2
   26.0352764      0.777345538              14          32
   33.7998466      0.962434947              17          17
   35.3527603       1.00000000              20          14
   36.3880386      0.698085904              33          12
   41.0467834      0.505374253              66           3
   38.4585915      0.701346040              67           8
   40.0115051      0.787410915              98           5
   36.3880386      0.462699831             113          12
   36.9056778      0.397199422             114          11
   26.0352764      0.772458076              14          32
   33.7998466      0.795450211              17          17
   28.6234665      0.645942330              29          27
   41.5644188      0.998359144              38           2
   33.7998466      0.780969262              89          17
   34.8351250      0.802867174             100          15
   36.3880386      0.567930579             113          12
   36.9056778      0.456926286             114          11
   41.5644188      0.911057532             115           2
   41.5644188      0.771956086              29           2
   28.6234665      0.735833347              29          27
   41.5644188      0.840400100              38           2
   36.9056778      0.899795473              60          11
   38.4585915       1.00000000              76           8
   33.7998466      0.953601301              89          17
   34.8351250      0.739502370             100          15
   41.5644188      0.932546198             115           2
   41.5644188      0.856206357              29           2
   26.0352764      0.804696262              47          32
   36.9056778      0.967019558              60          11
   38.4585915      0.938717663              76           8
   42.0820541       1.00000000             103           1
   36.3880386       1.00000000              36          12
   27.5881901      0.850828111              44          29
   26.0352764      0.896947801              47          32
   42.0820541      0.987281203             103           1
   35.3527603      0.831341028             116          14
   36.3880386      0.848355830               5          12
   36.3880386      0.888244689              36          12
   27.5881901      0.777355433              44          29
   36.9056778       1.00000000              64          11
   29.6587429      0.781749964              86          25
   27.0705528      0.507137597              97          30
   35.3527603      0.702154338             116          14
   36.3880386      0.757715523               5          12
   35.8703995       1.00000000              22          13
   37.4233131      0.961583555              28          10
   36.9056778      0.641259670              64          11
   30.1763802      0.576465428              71          24
   35.8703995      0.668632150              79          13
   37.4233131      0.703418434              86          10
   29.6587429      0.456457376              86          25
   27.0705528      0.461488247              97          30
   36.3880386      0.665749669             101          12
   34.8351250      0.693361223             116          15
   40.5291443      0.698140085             120           4
   40.0115051      0.793462694               4           5
   37.4233131      0.681048989               8          10
   35.8703995      0.991963506              22          13
   25.5176373      0.549869537              22          33
   37.4233131      0.827518761              28          10
   29.1411057      0.601381361              37          26
   35.3527603      0.599483132              61          14
   30.1763802      0.639730275              71          24
   35.8703995      0.656985402              79          13
   39.4938660      0.563060462              84           6
   37.4233131      0.663404584              86          10
   30.1763802      0.539670110              92          24
   36.3880386      0.777938128             101          12
   26.5529137      0.549550354             111          31
   29.6587429      0.484671444             113          25
   34.8351250      0.692304432             116          15
   40.5291443      0.731510103             120           4
   40.0115051      0.773234665               4           5
   38.9762268      0.953917027               7           7
   37.4233131      0.815953195               8          10
   25.5176373      0.475676805              22          33
   29.1411057      0.993187606              37          26
   29.1411057      0.941071093              38          26
   28.6234665      0.930454254              38          27
   39.4938660      0.610423684              48           6
   35.3527603      0.711860955              61          14
   39.4938660      0.588018000              84           6
   30.1763802      0.508311570              92          24
   30.1763802      0.453879863              95          24
   26.5529137      0.445906311             111          31
   29.6587429      0.479106009             113          25
   38.9762268      0.935990036               7           7
   27.0705528      0.654151082              10          30
   34.3174858      0.769311607              36          16
   36.3880386      0.852617502              37          12
   29.1411057      0.637429833              38          26
   28.6234665      0.622332931              38          27
   39.4938660      0.595822334              48           6
   30.1763802      0.433844268              95          24
   36.3880386      0.764470756             118          12
   27.0705528      0.681260705              10          30
   29.6587429      0.849208534              28          25
   32.7645721      0.935059249              31          19
   28.6234665      0.821815848              32          27
   34.3174858       1.00000000              36          16
   36.3880386      0.561771989              37          12
   36.9056778      0.437179953              38          11
   33.7998466      0.929494321              75          17
   29.1411057      0.854860067              85          26
   41.5644188      0.893247366             114           2
   36.3880386      0.907559812             118          12
   25.5176373      0.753735900             120          33
   41.5644188      0.558652937              18           2
   29.6587429      0.610346496              28          25
   32.7645721      0.579407632              31          19
   28.6234665       1.00000000              31          27
   28.6234665      0.967114687              32          27
   36.9056778      0.559361637              38          11
   30.1763802      0.299994946              54          24
   40.0115051      0.609430611              56           5
   41.5644188      0.627659678              59           2
   32.2469330      0.520149589              68          20
   33.7998466      0.651223838              75          17
   29.1411057      0.446732730              85          26
   41.5644188      0.621078789             114           2
   25.5176373      0.500977755             120          33
   41.5644188       1.00000000              18           2
   39.4938660      0.933560550              18           6
   33.7998466      0.832345963              20          17
   28.6234665      0.829503536              31          27
   29.6587429      0.828775525              36          25
   30.1763802      0.713837147              48          24
   30.1763802      0.594484627              54          24
   40.0115051      0.937542260              56           5
   41.5644188      0.807291985              59           2
   32.2469330      0.917244077              68          20
   39.4938660      0.805484831              18           6
   33.7998466      0.780472577              20          17
   33.7998466      0.819211543              27          17
   38.4585915       1.00000000              28           8
   30.6940193      0.710914791              31          23
   29.6587429      0.741277575              36          25
   30.1763802      0.634193182              48          24
   29.1411057      0.744128466             118          26
   27.5881901      0.658904910               9          29
   27.5881901      0.697999001              15          29
   33.7998466       1.00000000              27          17
   38.4585915      0.873498261              28           8
   30.6940193      0.786606669              31          23
   38.9762268      0.988659859              52           7
   34.8351250      0.982964873              75          15
   29.1411057      0.662373781             118          26
   27.5881901      0.693395019               9          29
   27.5881901      0.734474421              15          29
   38.9762268      0.944426119              52           7
   34.8351250      0.962882817              75          15
   40.5291443       1.00000000             120           4
   35.3527603      0.902278602              21          14
   37.9409523       1.00000000              56           9
   26.0352764      0.909986258              83          32
   34.8351250      0.937597990              84          15
   40.5291443      0.915395439             120           4
   35.3527603      0.823925972              21          14
   33.7998466      0.845788538              24          17
   27.0705528      0.697863936              26          30
   37.9409523      0.902348459              51           9
   37.9409523      0.854190826              56           9
   34.8351250      0.761444211              70          15
   26.0352764      0.895295680              83          32
   34.8351250       1.00000000              84          15
   37.4233131      0.888319194              94          10
   33.7998466      0.913763046              24          17
   27.0705528      0.768963814              26          30
   37.9409523      0.897916853              51           9
   37.9409523      0.992482901              66           9
   34.8351250       1.00000000              70          15
   31.7292957      0.880837142              78          21
   36.9056778      0.576204717              93          11
   37.4233131      0.629049122              94          10
   33.2822113      0.961500823             106          18
   42.0820541      0.991517186              24           1
   41.5644188      0.880059183              31           2
   35.3527603      0.729995131              62          14
   31.2116566      0.791365862              62          22
   37.9409523       1.00000000              66           9
   31.7292957      0.793496668              78          21
   36.9056778      0.809805214              93          11
   33.2822113      0.908426285             106          18
   32.2469330      0.714745104              11          20
   42.0820541       1.00000000              24           1
   41.5644188      0.914791107              31           2
   31.2116566      0.863254011              49          22
   35.3527603      0.866603971              62          14
   31.2116566      0.825745225              62          22
   34.3174858      0.624718487              75          16
   31.7292957      0.852481723              78          21
   27.0705528      0.955164850              89          30
   29.6587429      0.831194699               4          25
   32.2469330       1.00000000              11          20
   31.2116566      0.977629066              49          22
   27.0705528      0.886713624              72          30
   34.3174858      0.764664948              75          16
   31.7292957      0.883530617              78          21
   27.0705528      0.698559940              89          30
   29.6587429      0.581897974               4          25
   28.1058292      0.777279675              18          28
   30.1763802      0.699573576              42          24
   25.5176373      0.751606286              63          33
   35.8703995      0.901986361              65          13
   27.0705528      0.882460654              72          30
   40.5291443      0.973866820             108           4
   37.4233131       1.00000000             114          10
   28.1058292      0.748238027              18          28
   30.1763802      0.710602582              42          24
   30.6940193      0.499328017              54          23
   29.1411057      0.763511658              56          26
   25.5176373      0.811059713              63          33
   35.8703995      0.879660428              65          13
   26.5529137      0.767353892              77          31
   27.0705528      0.774594009              94          30
   27.0705528      0.751046896             103          30
   40.5291443      0.947896123             108           4
   37.4233131       1.00000000             114          10
   40.5291443      0.963591933             118           4
   30.1763802      0.877718270               4          24
   34.8351250      0.945295453              25          15
   31.7292957      0.967082202              36          21
   30.6940193      0.828590631              54          23
   29.1411057      0.682545662              56          26
   41.0467834      0.965559423              65           3
   26.5529137      0.671798706              77          31
   27.0705528      0.725947618              94          30
   27.0705528      0.774713993             103          30
   34.3174858      0.951691031             115          16
   40.5291443       1.00000000             118           4
   30.1763802      0.874130487               4          24
   34.8351250      0.734810770              25          15
   31.7292957      0.768806636              36          21
   36.3880386      0.771275342              40          12
   29.6587429      0.705871999              42          25
   41.0467834      0.814244747              65           3
   38.4585915      0.884077728              88           8
   27.5881901      0.894236565              88          29
   33.7998466      0.847906172             112          17
   34.3174858       1.00000000             115          16
   27.0705528      0.867954671             116          30
   26.5529137      0.558595121              27          31
   29.1411057      0.616560102              30          26
   41.0467834      0.752228737              39           3
   36.3880386      0.879114270              40          12
   29.6587429      0.787998676              42          25
   41.0467834      0.814019918              47           3
   42.0820541       1.00000000              52           1
   30.6940193      0.712165415              68          23
   38.4585915      0.839723468              88           8
   27.5881901      0.821250439              88          29
   32.2469330      0.636170745              91          20
   29.6587429      0.749076307             107          25
   33.7998466      0.747963428             112          17
   27.0705528      0.883352697             116          30
   35.3527603      0.695181489               7          14
   26.5529137      0.568741381              27          31
   29.1411057      0.563801348              30          26
   29.1411057      0.733162045              38          26
   41.0467834      0.762659252              39           3
   41.0467834      0.902230263              47           3
   28.1058292      0.802723408              50          28
   42.0820541      0.744448602              52           1
   31.2116566      0.925349295              52          22
   32.7645721      0.980621815              53          19
   30.6940193      0.970852494              68          23
   29.6587429       1.00000000              89          25
   32.2469330      0.781051159              91          20
   26.5529137      0.711844027              99          31
   26.0352764      0.739830256             102          32
   29.6587429      0.778292537             107          25
   35.3527603      0.660726547               7          14
   32.2469330      0.801564932               8          20
   30.6940193      0.537801981              26          23
   29.1411057      0.547014594              38          26
   28.1058292      0.620196700              50          28
   31.2116566      0.892640591              52          22
   32.7645721      0.984993815              53          19
   32.2469330       1.00000000              53          20
   34.3174858      0.705775976              54          16
   31.7292957      0.596645653              85          21
   29.6587429      0.597969472              89          25
   26.5529137      0.442462802              99          31
   26.0352764      0.407903343             102          32
   30.1763802      0.494025469             111          24
   32.2469330      0.994710088               8          20
   28.1058292      0.695960522              15          28
   30.6940193      0.668921947              26          23
   35.3527603      0.964229167              31          14
   26.5529137      0.910069585              45          31
   32.2469330      0.843155146              53          20
   34.3174858      0.990576625              54          16
   35.3527603      0.918636739              80          14
   31.7292957      0.766716242              85          21
   36.3880386      0.911965311             106          12
   30.1763802      0.809577644             111          24
   36.3880386      0.828181386             121          12
   28.1058292      0.537199676              15          28
   37.4233131      0.747875094              30          10
   35.3527603      0.834290683              31          14
   26.5529137      0.865187883              45          31
   31.7292957      0.751046419              51          21
   40.5291443      0.856940746              65           4
   34.8351250      0.716770589              77          15
   35.3527603      0.781722069              80          14
   33.2822113      0.827189565              93          18
   26.5529137      0.680206597              98          31
   36.3880386      0.916095793             106          12
   39.4938660       1.00000000             117           6
   36.3880386      0.850776076             121          12
   41.0467834      0.898916721              26           3
   37.4233131      0.784816802              30          10
   31.7292957      0.789060533              51          21
   40.5291443      0.619656622              65           4
   37.4233131      0.769937217              67          10
   28.6234665      0.671268523              76          27
   34.8351250      0.636652827              77          15
   33.2822113       1.00000000              93          18
   26.5529137      0.745114684              98          31
   41.0467834      0.884481966             101           3
   39.4938660      0.873412311             117           6
   41.0467834      0.919231534              26           3
   36.3880386      0.905576169              29          12
   27.0705528      0.774082839              40          30
   32.7645721      0.935522020              55          19
   37.4233131      0.824271441              67          10
   28.6234665      0.910154521              76          27
   35.8703995      0.905761242              81          13
   27.5881901      0.864243686              83          29
   41.0467834      0.885680079             101           3
   33.7998466       1.00000000             112          17
   36.3880386       1.00000000              29          12
   27.0705528      0.680458546              40          30
   32.7645721      0.896395802              55          19
   35.8703995      0.770998895              81          13
   27.5881901      0.647324622              83          29
   33.7998466      0.871527016             112          17
   33.2822113      0.831825912             118          18
   26.0352764      0.617543697             120          32
   26.5529137      0.694234014              37          31
   33.7998466      0.630028307              38          17
   32.7645721      0.784705639              45          19
   37.9409523       1.00000000              46           9
   34.3174858      0.907026291              91          16
   33.2822113      0.811693788             100          18
   33.2822113      0.770585597             118          18
   26.0352764      0.637346089             120          32
   26.5529137      0.508126438              37          31
   33.7998466      0.479238838              38          17
   32.7645721      0.562374890              45          19
   37.9409523      0.655730009              46           9
   34.3174858      0.584194243              91          16
   33.2822113      0.567244172             100          18
   28.1058292      0.589500606              23          28
   31.7292957      0.670964777              26          21
   33.7998466      0.699014246              28          17
   28.6234665      0.687739015              61          27
   33.7998466      0.633973002              97          17
   28.1058292      0.879668176              23          28
   31.7292957       1.00000000              26          21
   33.7998466      0.981532156              28          17
   31.7292957      0.999063492              51          21
   28.6234665      0.968184412              61          27
   31.2116566      0.948754966              72          22
   33.7998466      0.954679191              97          17
   40.0115051      0.875966966              98           5
   36.3880386      0.778172672             110          12
   29.1411057      0.713897467               3          26
   35.8703995      0.802809715               7          13
   31.7292957      0.935046136              51          21
   35.3527603      0.545490623              72          14
   31.2116566      0.664759994              72          22
   40.0115051      0.771641314              98           5
   33.2822113      0.872387886             108          18
   38.4585915      0.883741856             109           8
   36.3880386      0.924660206             110          12
   40.5291443       1.00000000             119           4
   29.1411057      0.725111127               3          26
   35.8703995      0.664306223               7          13
   31.7292957      0.686468720              25          21
   34.8351250      0.769502819              63          15
   35.3527603      0.717495978              72          14
   40.5291443      0.928640127             108           4
   33.2822113      0.540982425             108          18
   38.4585915      0.800545216             109           8
   40.5291443      0.765585721             119           4
   33.7998466      0.781657696              23          17
   31.7292957      0.783467352              25          21
   34.8351250      0.823486745              63          15
   40.5291443       1.00000000             108           4
   34.3174858      0.864360929             119          16
   37.4233131       1.00000000              18          10
   33.7998466      0.909800649              23          17
   31.2116566      0.990890861              45          22
   38.4585915      0.914270997              65           8
   35.3527603      0.712940216              85          14
   34.3174858      0.942117631             119          16
   31.2116566      0.769474387               7          22
   37.4233131      0.871098280              18          10
   31.2116566      0.808964312              45          22
   38.4585915      0.866242290              65           8
   28.1058292      0.647712290              75          28
   31.7292957      0.785324693              80          21
   35.3527603      0.591748059              85          14
   25.5176373      0.634562254              87          33
   31.7292957       1.00000000              92          21
   26.0352764      0.800852716             100          32
   35.8703995      0.871382654             110          13
   39.4938660      0.939923704               4           6
   31.2116566      0.705385268               7          22
   41.5644188      0.858681560              15           2
   36.9056778      0.848139048              47          11
   35.8703995      0.929290652              67          13
   28.1058292      0.669313431              75          28
   26.5529137      0.915809393              79          31
   31.7292957      0.958563626              80          21
   25.5176373      0.694894552              87          33
   31.7292957      0.892240047              92          21
   26.0352764      0.925658047             100          32
   35.8703995      0.894736648             110          13
   39.4938660       1.00000000               4           6
   41.5644188      0.718407214              15           2
   38.4585915      0.896055758              30           8
   36.9056778      0.827533364              47          11
   40.5291443      0.810145855              59           4
   35.8703995      0.847269654              67          13
   26.5529137      0.698673248              79          31
   29.6587429      0.834472775              13          25
   38.4585915       1.00000000              30           8
   39.4938660      0.808737218              50           6
   25.5176373      0.697779238              56          33
   40.5291443      0.981165588              59           4
   30.6940193      0.744877040              86          23
   35.3527603      0.877901375              10          14
   29.6587429       1.00000000              13          25
   35.8703995      0.953252554              30          13
   30.6940193      0.798262894              35          23
   39.4938660      0.925778031              50           6
   25.5176373      0.890909255              56          33
   31.7292957      0.814698398              60          21
   30.6940193      0.826751232              86          23
   30.6940193      0.834867895             102          23
   35.3527603      0.808492422              10          14
   35.8703995      0.831188977              30          13
   29.6587429      0.882638335              32          25
   30.6940193      0.777146518              35          23
   31.7292957       1.00000000              60          21
   30.6940193      0.813503027             102          23
   35.3527603      0.773720026             112          14
   35.3527603      0.804573178             119          14
   32.2469330      0.824610412               9          20
   37.9409523      0.566670120              19           9
   30.6940193      0.935748398              24          23
   29.6587429      0.819896579              32          25
   31.2116566       1.00000000              43          22
   30.1763802      0.777601838              93          24
   34.3174858      0.757272482              98          16
   35.3527603      0.866321445             112          14
   35.3527603      0.853944242             119          14
   35.8703995      0.705885530               6          13
   32.2469330      0.676409364               9          20
   37.9409523      0.587596476              19           9
   30.6940193      0.944081187              24          23
   27.5881901      0.754700184              40          29
   31.2116566      0.975476384              43          22
   34.8351250      0.697540522              58          15
   29.6587429      0.912032306              89          25
   30.1763802      0.758895218              93          24
   34.3174858      0.749905825              98          16
   40.5291443      0.888455510             119           4
   35.8703995      0.773267806               6          13
   28.6234665      0.917111874               8          27
   34.3174858      0.834902465              37          16
   27.5881901      0.781101108              40          29
   30.1763802      0.826607049              41          24
   34.8351250      0.817957938              58          15
   29.6587429      0.906107426              89          25
   27.5881901      0.712165356             100          29
   31.7292957      0.939506233             111          21
   40.5291443       1.00000000             119           4
   28.6234665      0.807187021               8          27
   34.3174858      0.760149181              37          16
   37.4233131      0.794065177              38          10
   30.1763802      0.743109226              41          24
   37.9409523      0.994904995              48           9
   32.7645721      0.927753150              75          19
   32.2469330      0.805780947              79          20
   36.9056778      0.770869613             100          11
   27.5881901      0.700942278             100          29
   31.7292957      0.804534733             111          21
   37.4233131      0.982773244              38          10
   37.9409523      0.910039485              48           9
   41.0467834       1.00000000              62           3
   32.7645721      0.986162007              75          19
   32.2469330      0.846505463              79          20
   34.3174858      0.855311632              87          16
   36.9056778      0.914804637             100          11
   26.5529137      0.879822195               4          31
   33.7998466       1.00000000               5          17
   30.1763802      0.685423791              33          24
   32.2469330      0.822956085              56          20
   41.0467834      0.729799032              62           3
   34.3174858      0.881925642              87          16
   26.5529137      0.954456806               4          31
   33.7998466       1.00000000               5          17
   30.1763802      0.683440506              33          24
   32.2469330      0.763021946              56          20
   31.2116566      0.765705526              92          22
   26.0352764      0.769569814              10          32
   33.2822113      0.902227581              49          18
   37.4233131      0.904542863              68          10
   31.2116566      0.709899008              92          22
   35.8703995      0.768108547              93          13
   39.4938660      0.961967051              95           6
   32.2469330      0.774176657             101          20
   41.5644188      0.825302064             106           2
   37.9409523      0.872313142             110           9
   36.3880386      0.974584639               3          12
   26.0352764      0.629880250              10          32
   33.2822113      0.863903224              49          18
   38.9762268       1.00000000              59           7
   37.4233131      0.872147262              68          10
   35.8703995      0.837093592              93          13
   39.4938660      0.893686175              95           6
   32.2469330      0.811221242             101          20
   41.5644188      0.845891297             106           2
   37.9409523      0.850682557             110           9
   36.3880386      0.931406379               3          12
   32.2469330      0.997067869               6          20
   40.0115051      0.914349318              18           5
   28.6234665      0.741398394              20          27
   37.4233131      0.923840225              57          10
   38.9762268      0.944715500              59           7
   42.0820541      0.846918821              65           1
   27.0705528      0.753477097              93          30
   32.2469330       1.00000000               6          20
   40.0115051      0.758771598              18           5
   34.8351250      0.756170213              18          15
   28.6234665      0.653604805              20          27
   34.3174858      0.818735838              47          16
   37.4233131      0.792401016              57          10
   42.0820541      0.770441234              65           1
   30.6940193      0.693324149              70          23
   28.6234665      0.815972686              84          27
   27.0705528      0.568667173              93          30
   32.2469330      0.820943832             115          20
   33.7998466      0.792495906               6          17
   26.0352764      0.703280151               8          32
   34.8351250      0.889607012              18          15
   35.3527603      0.808535516              42          14
   34.3174858      0.895156801              47          16
   30.6940193      0.666598797              70          23
   28.6234665      0.809270859              84          27
   29.1411057      0.788745165              97          26
   38.4585915      0.781585276             106           8
   32.2469330       1.00000000             115          20
   33.7998466      0.900969744               6          17
   26.0352764      0.734339952               8          32
   35.8703995      0.959103465              30          13
   40.5291443      0.949464619              35           4
   35.3527603      0.983368635              42          14
   29.6587429      0.956293404              79          25
   32.7645721      0.865621746              94          19
   29.1411057      0.896688581              97          26
   38.4585915      0.739074945             106           8
   26.0352764      0.683035612             109          32
   26.5529137      0.711169600               2          31
   31.2116566      0.735285163               8          22
   29.1411057      0.710979998              27          26
   35.8703995      0.875135303              30          13
   40.5291443       1.00000000              35           4
   31.2116566      0.734159887              37          22
   34.3174858      0.770587921              73          16
   29.6587429      0.912524700              79          25
   38.4585915      0.734067798              82           8
   32.7645721      0.894577980              94          19
   35.3527603      0.874687016             106          14
   26.0352764      0.663102269             109          32
   26.5529137      0.819725692               2          31
   31.2116566      0.725646317               8          22
   29.1411057      0.749116361              27          26
   31.2116566      0.769050241              37          22
   31.7292957      0.864570796              44          21
   26.0352764      0.681383669              54          32
   34.3174858      0.837423623              73          16
   40.5291443      0.817189336              75           4
   30.6940193      0.919449985              81          23
   38.4585915      0.873602509              82           8
   30.6940193      0.910546780              91          23
   35.3527603      0.974348426             106          14
   34.3174858      0.743463755              28          16
   31.7292957      0.955758452              44          21
   26.0352764      0.896769524              49          32
   26.0352764      0.660921991              54          32
   36.9056778      0.916470826              55          11
   40.5291443      0.904703557              75           4
   30.1763802      0.578464091              77          24
   30.6940193      0.801131248              81          23
   40.0115051      0.953964710              84           5
   30.6940193      0.768181622              91          23
   37.4233131      0.909694254              92          10
   27.5881901      0.987895608             101          29
   35.3527603      0.763846934              17          14
   34.8351250      0.750344872              19          15
   31.2116566      0.628404081              22          22
   35.3527603      0.721479058              28          14
   34.3174858      0.598511219              28          16
   38.9762268      0.654613554              31           7
   26.0352764      0.324083537              49          32
   25.5176373      0.473314345              50          33
   36.9056778      0.746382177              55          11
   40.0115051       1.00000000              64           5
   30.1763802      0.575245798              77          24
   40.0115051      0.747816920              84           5
   37.4233131      0.932581842              92          10
   32.2469330      0.960046589              96          20
   27.5881901      0.716975629             101          29
   30.6940193      0.603319764              13          23
   35.3527603      0.745605946              17          14
   34.8351250      0.548490644              19          15
   31.2116566      0.740422785              22          22
   35.3527603      0.750256717              28          14
   38.9762268      0.736785471              31           7
   39.4938660      0.745354831              36           6
   25.5176373      0.703374743              50          33
   40.0115051       1.00000000              64           5
   41.0467834      0.842352211              66           3
   31.2116566      0.384524018              73          22
   32.7645721      0.420539320              74          19
   34.3174858      0.767607629              94          16
   32.2469330      0.673187137              96          20
   30.6940193      0.793429315              13          23
   27.0705528      0.731043458              18          30
   26.5529137      0.785238802              26          31
   39.4938660      0.998236537              36           6
   36.3880386      0.881744325              64          12
   41.0467834      0.949676454              66           3
   31.2116566      0.694386482              73          22
   32.7645721      0.748942554              74          19
   29.1411057      0.864374399              74          26
   32.2469330      0.974778175              79          20
   34.3174858      0.952780962              94          16
   31.7292957      0.914361477             102          21
   31.2116566      0.699595809             117          22
   27.0705528      0.635105073              18          30
   39.4938660       1.00000000              23           6
   26.5529137      0.726260364              26          31
   36.3880386      0.741690576              64          12
   38.9762268      0.900609732              66           7
   29.1411057      0.591933429              74          26
   32.2469330      0.917847991              79          20
   31.7292957      0.842319846             102          21
   41.0467834      0.865927994             105           3
   31.7292957      0.798773646             107          21
   31.2116566      0.693145812             117          22
   25.5176373      0.714796126              21          33
   39.4938660      0.748559594              23           6
   38.9762268      0.863098383              66           7
   37.9409523      0.832075179              92           9
   41.0467834       1.00000000             105           3
   31.7292957      0.750075161             107          21
   25.5176373      0.697840869              21          33
   33.7998466      0.924064994              28          17
   32.7645721       1.00000000              31          19
   30.6940193      0.702429831              60          23
   37.9409523      0.832247972              92           9
   41.0467834      0.926351905             109           3
   33.7998466       1.00000000              28          17
   32.7645721      0.926904559              31          19
   26.0352764      0.705101848              34          32
   26.0352764      0.705877066              41          32
   30.6940193      0.782667637              60          23
   30.6940193      0.719761312              84          23
   38.9762268      0.837182224              94           7
   34.8351250      0.902311385             100          15
   41.0467834      0.787905574             109           3
   28.6234665      0.846023500             117          27
   37.4233131      0.920296013             118          10
   41.0467834      0.953900158              16           3
   36.9056778      0.809478343              29          11
   26.0352764      0.708992243              34          32
   26.0352764      0.721933424              41          32
   30.6940193      0.577416420              84          23
   38.9762268      0.941685796              94           7
   34.8351250      0.930876195             100          15
   27.0705528      0.729132295             113          30
   28.6234665      0.906422555             117          27
   37.4233131       1.00000000             118          10
   28.1058292      0.868996680             119          28
   41.0467834       1.00000000              16           3
   36.9056778      0.879823148              29          11
   35.3527603      0.872691810              65          14
   33.7998466      0.914356291              81          17
   27.5881901      0.671584785              85          29
   32.7645721      0.940403819              89          19
   29.6587429      0.763109148             107          25
   27.0705528      0.665318787             113          30
   41.0467834      0.891839862             116           3
   28.1058292      0.781360567             119          28
   28.1058292      0.875493109              22          28
   31.7292957      0.911003053              28          21
   41.5644188      0.981760740              51           2
   35.3527603      0.895931304              65          14
   34.3174858      0.869111598              71          16
   40.0115051      0.743635774              76           5
   33.7998466      0.747329712              81          17
   27.5881901      0.541519225              85          29
   32.7645721      0.790309489              89          19
   33.7998466       1.00000000              91          17
   29.6587429      0.786379039             107          25
   41.0467834      0.854569256             116           3
   40.5291443      0.894524276               8           4
   28.1058292      0.851600230              22          28
   33.7998466      0.663956106              23          17
   31.7292957      0.914628983              28          21
   35.8703995      0.631646931              29          13
   41.0467834      0.705710649              35           3
   41.5644188       1.00000000              51           2
   34.3174858      0.918705404              71          16
   40.0115051      0.776270092              76           5
   40.0115051      0.824302137              82           5
   33.7998466      0.846109152              91          17
   36.9056778      0.900455892             106          11
   40.5291443      0.965824485               8           4
   33.7998466       1.00000000               9          17
   33.7998466      0.713508129              23          17
   35.8703995      0.732489586              29          13
   41.0467834      0.830863059              35           3
   27.5881901      0.659941196              41          29
   40.0115051      0.940762997              82           5
   27.5881901      0.667113721              90          29
   36.9056778      0.792959511             106          11
   25.5176373      0.721917927             114          33
   33.7998466       1.00000000               9          17
   28.6234665      0.850479722              16          27
   27.5881901      0.791042030              41          29
   36.3880386      0.965591013              50          12
   31.2116566      0.592919469              72          22
   34.3174858      0.815354645              83          16
   27.5881901      0.857805431              90          29
   25.5176373      0.822175801             114          33
   41.0467834      0.923599660              15           3
   28.6234665      0.833465576              16          27
   29.1411057      0.811729491              23          26
   33.7998466      0.905892491              30          17
   36.3880386      0.879887104              50          12
   31.2116566      0.621918201              72          22
   37.9409523      0.852220356              75           9
   41.5644188       1.00000000              83           2
   34.3174858      0.894970000              83          16
   41.0467834      0.790136397              15           3
   34.8351250      0.979772389              16          15
   29.1411057      0.789472759              23          26
   33.7998466      0.910719097              30          17
   35.8703995      0.972226262              35          13
   37.9409523      0.759026647              75           9
   41.5644188      0.794321120              83           2
   30.1763802      0.672958016              87          24
   38.4585915      0.760941446              99           8
   36.9056778      0.833019197             119          11
   34.8351250      0.745632589              16          15
   30.6940193      0.795641780              29          23
   35.8703995       1.00000000              35          13
   35.3527603      0.760714233              42          14
   28.6234665      0.859899580              61          27
   30.6940193      0.709851861              74          23
   30.1763802      0.899289906              87          24
   27.5881901      0.785121322              87          29
   37.9409523      0.914077580              94           9
   38.4585915      0.813244581              99           8
   36.9056778      0.747385383             119          11
   40.5291443      0.970621288               8           4
   28.6234665      0.996517479              25          27
   30.6940193      0.961197317              29          23
   35.3527603      0.691435337              42          14
   40.5291443      0.924957693              48           4
   25.5176373      0.702558160              53          33
   28.6234665      0.889364898              61          27
   30.6940193      0.685955644              74          23
   36.9056778      0.892435670              84          11
   27.5881901      0.616118670              87          29
   37.9409523      0.900498569              94           9
   40.5291443      0.803343892               8           4
   27.0705528      0.794086516              11          30
   28.6234665      0.863067269              13          27
   28.6234665      0.862298131              25          27
   40.5291443      0.961081684              48           4
   25.5176373      0.923513949              53          33
   36.9056778       1.00000000              84          11
