   41.5644188      0.993693471              17           2
   40.0115051      0.879939139             109           5
   41.5644188      0.979270995              17           2
   40.0115051      0.944050670             109           5
   41.0467834      0.775224328             109           3
   41.5644188      0.775357783              89           2
   41.0467834      0.996645033             109           3
   41.5644188      0.989172399              89           2
   40.5291443      0.793744802               3           4
   40.5291443      0.945743799               3           4
   41.0467834      0.741300523             102           3
   40.5291443      0.941715360              89           4
   41.0467834      0.540899038             102           3
   41.5644188      0.806683064              27           2
   40.5291443       1.00000000              89           4
   41.5644188      0.997713387              27           2
   42.0820541      0.907799661             117           1
   41.0467834      0.964470029              75           3
   42.0820541      0.977813900              81           1
   42.0820541      0.801536620             117           1
   41.0467834      0.894632936              75           3
   42.0820541       1.00000000              81           1
   41.5644188      0.854346752             114           2
   41.0467834      0.623786330              66           3
   40.0115051      0.943451107              98           5
   41.5644188      0.887209237             114           2
   41.0467834      0.505374253              66           3
   40.0115051      0.787410915              98           5
   41.5644188      0.998359144              38           2
   41.5644188      0.911057532             115           2
   41.5644188      0.771956086              29           2
   41.5644188      0.840400100              38           2
   41.5644188      0.932546198             115           2
   41.5644188      0.856206357              29           2
   42.0820541       1.00000000             103           1
   42.0820541      0.987281203             103           1
   40.5291443      0.698140085             120           4
   40.0115051      0.793462694               4           5
   40.5291443      0.731510103             120           4
   40.0115051      0.773234665               4           5
   41.5644188      0.893247366             114           2
   41.5644188      0.558652937              18           2
   40.0115051      0.609430611              56           5
   41.5644188      0.627659678              59           2
   41.5644188      0.621078789             114           2
   41.5644188       1.00000000              18           2
   40.0115051      0.937542260              56           5
   41.5644188      0.807291985              59           2
   40.5291443       1.00000000             120           4
   40.5291443      0.915395439             120           4
   42.0820541      0.991517186              24           1
   41.5644188      0.880059183              31           2
   42.0820541       1.00000000              24           1
   41.5644188      0.914791107              31           2
   40.5291443      0.973866820             108           4
   40.5291443      0.947896123             108           4
   40.5291443      0.963591933             118           4
   41.0467834      0.965559423              65           3
   40.5291443       1.00000000             118           4
   41.0467834      0.814244747              65           3
   41.0467834      0.752228737              39           3
   41.0467834      0.814019918              47           3
   42.0820541       1.00000000              52           1
   41.0467834      0.762659252              39           3
   41.0467834      0.902230263              47           3
   42.0820541      0.744448602              52           1
   40.5291443      0.856940746              65           4
   41.0467834      0.898916721              26           3
   40.5291443      0.619656622              65           4
   41.0467834      0.884481966             101           3
   41.0467834      0.919231534              26           3
   41.0467834      0.885680079             101           3
   40.0115051      0.875966966              98           5
   40.0115051      0.771641314              98           5
   40.5291443       1.00000000             119           4
   40.5291443      0.928640127             108           4
   40.5291443      0.765585721             119           4
   40.5291443       1.00000000             108           4
   41.5644188      0.858681560              15           2
   41.5644188      0.718407214              15           2
   40.5291443      0.810145855              59           4
   40.5291443      0.981165588              59           4
   40.5291443      0.888455510             119           4
   40.5291443       1.00000000             119           4
   41.0467834       1.00000000              62           3
   41.0467834      0.729799032              62           3
   41.5644188      0.825302064             106           2
   41.5644188      0.845891297             106           2
   40.0115051      0.914349318              18           5
   42.0820541      0.846918821              65           1
   40.0115051      0.758771598              18           5
   42.0820541      0.770441234              65           1
   40.5291443      0.949464619              35           4
   40.5291443       1.00000000              35           4
   40.5291443      0.817189336              75           4
   40.5291443      0.904703557              75           4
   40.0115051      0.953964710              84           5
   40.0115051       1.00000000              64           5
   40.0115051      0.747816920              84           5
   40.0115051       1.00000000              64           5
   41.0467834      0.842352211              66           3
   41.0467834      0.949676454              66           3
   41.0467834      0.865927994             105           3
   41.0467834       1.00000000             105           3
   41.0467834      0.926351905             109           3
   41.0467834      0.787905574             109           3
   41.0467834      0.953900158              16           3
   41.0467834       1.00000000              16           3
   41.0467834      0.891839862             116           3
   41.5644188      0.981760740              51           2
   40.0115051      0.743635774              76           5
   41.0467834      0.854569256             116           3
   40.5291443      0.894524276               8           4
   41.0467834      0.705710649              35           3
   41.5644188       1.00000000              51           2
   40.0115051      0.776270092              76           5
   40.0115051      0.824302137              82           5
   40.5291443      0.965824485               8           4
   41.0467834      0.830863059              35           3
   40.0115051      0.940762997              82           5
   41.0467834      0.923599660              15           3
   41.5644188       1.00000000              83           2
   41.0467834      0.790136397              15           3
   41.5644188      0.794321120              83           2
   40.5291443      0.970621288               8           4
   40.5291443      0.924957693              48           4
   40.5291443      0.803343892               8           4
   40.5291443      0.961081684              48           4
