   18.7883434      0.759090304              40          46
   19.8236198      0.772666037              43          44
   16.2001534      0.469669521              47          51
   15.1648760      0.525562286              54          53
   11.0237713      0.452509761              59          61
   13.6119623      0.500304937              69          56
   10.5061340      0.408752143              80          62
   17.7530670      0.645812511              91          48
   17.7530670      0.793061852              13          48
   15.1648760      0.819934785              26          53
   18.7883434      0.667871952              40          46
   16.2001534      0.677303195              41          51
   16.2001534      0.718137205              47          51
   14.6472378      0.740242898              49          54
   15.1648760      0.670258462              54          53
   10.5061340      0.475683391              80          62
   17.7530670      0.864101291              13          48
   15.1648760      0.695248902              26          53
   16.2001534      0.687289298              41          51
   14.6472378      0.637976348              49          54
   17.2354279      0.723089039              74          49
   19.8236198      0.792731106             118          44
   19.3059807      0.558856487              67          45
   17.2354279      0.530445099              74          49
   12.5766859      0.374841362              82          58
   19.8236198      0.604271114             118          44
   17.7530670      0.794564188              42          48
   17.2354279      0.538692653              61          49
   19.3059807      0.805771708              67          45
   12.5766859      0.459344685              82          58
   17.7530670      0.661394060              42          48
   17.2354279      0.623682499              61          49
   15.1648760      0.570605636              86          53
   19.3059807      0.721103609              91          45
   17.2354279      0.578160763             121          49
   13.6119623      0.716070235               8          56
   15.1648760      0.647055149              37          53
   16.2001534      0.593517959              63          51
   13.0943241      0.612658024              71          57
   18.2707043      0.603489697              73          47
   15.1648760      0.661091328              86          53
   19.3059807      0.740721166              91          45
   17.2354279      0.714239895             121          49
   13.6119623      0.892623782               8          56
   18.2707043      0.500969052              13          47
   18.7883434      0.703829050              32          46
   15.1648760      0.464751571              37          53
   16.2001534      0.565968812              63          51
   13.0943241      0.619420409              71          57
   18.2707043      0.481253237              73          47
   16.2001534      0.595472991              96          51
   18.2707043      0.872774541              13          47
   17.2354279      0.863421321              15          49
   18.7883434      0.509602010              32          46
   16.2001534      0.596364498              96          51
   17.2354279      0.849672139              15          49
   15.6825142      0.638363838               7          52
   19.8236198      0.686068654              15          44
   10.5061340      0.749352157              17          62
   14.1296005      0.774297237              71          55
   11.0237713      0.351788878              89          61
   15.6825142      0.419846058               7          52
   19.8236198      0.453275084              15          44
   10.5061340      0.524223864              17          62
   14.1296005      0.544346511              44          55
   18.2707043      0.511596859              50          47
   14.1296005      0.548669100              71          55
   17.2354279      0.423042893              81          49
   12.5766859      0.484267026              89          58
   11.0237713      0.353605896              89          61
   14.1296005      0.584348857              44          55
   18.2707043      0.589835703              50          47
   17.2354279      0.555551827              81          49
   12.5766859      0.429779083              89          58
   18.7883434      0.426682889             110          46
   16.2001534      0.628188372             114          51
   19.8236198      0.709665298              42          44
   14.6472378      0.551709235              75          54
   15.1648760      0.645177305              90          53
   18.7883434      0.561115921             110          46
   17.2354279      0.813839018             113          49
   16.2001534      0.820922673             114          51
   11.5414095      0.560902953              39          60
   19.8236198      0.535407126              42          44
   17.7530670      0.726784170              57          48
   14.6472378      0.725418806              75          54
   15.1648760      0.685151339              90          53
   17.2354279      0.734538376             113          49
   13.6119623      0.432030797              17          56
   11.5414095      0.653113127              39          60
   18.7883434      0.531000257              51          46
   17.7530670      0.641230583              57          48
   16.7177906      0.584877133              66          50
   14.1296005      0.426560789              86          55
   14.1296005      0.639499605             102          55
   13.6119623      0.746405005              17          56
   18.7883434      0.499503613              51          46
   16.7177906      0.538075447              66          50
   17.2354279      0.467758775              77          49
   14.1296005      0.486786216              86          55
   14.1296005      0.553927422             102          55
   14.6472378      0.441444039              38          54
   17.2354279      0.503358722              77          49
   12.0590477      0.508917212             100          59
   19.8236198      0.466040015              20          44
   14.6472378      0.502048314              38          54
   12.0590477      0.366200745             100          59
   19.3059807      0.501295209             109          45
   19.8236198      0.678668797              20          44
   17.7530670      0.709814310              46          48
   11.5414095      0.503103912              46          60
   11.5414095      0.535182476              71          60
   19.3059807      0.463942885             109          45
   12.5766859      0.652301908              35          58
   17.7530670      0.811306000              46          48
   11.5414095      0.465651780              46          60
   13.6119623      0.617637396              66          56
   11.5414095      0.581134558              71          60
   12.0590477      0.398625493              74          59
   17.7530670      0.570546925              79          48
   18.2707043      0.698960006             102          47
   12.5766859      0.375715345              16          58
   14.1296005      0.519441485              32          55
   12.5766859      0.593158305              35          58
   17.2354279      0.661607563              44          49
   13.6119623      0.650075257              66          56
   17.7530670      0.727265418              68          48
   12.0590477      0.510364115              74          59
   17.7530670      0.701513231              79          48
   18.2707043      0.697524667             102          47
   12.5766859      0.533945322              16          58
   17.7530670      0.734216988              22          48
   14.1296005      0.595578492              32          55
   17.2354279      0.728092432              44          49
   17.7530670      0.530619979              68          48
   17.7530670      0.849031627              75          48
   17.2354279      0.749332190              77          49
   18.2707043      0.599027991              14          47
   17.7530670      0.478369325              22          48
   17.7530670      0.471574068              48          48
   17.7530670      0.694551408              75          48
   17.2354279      0.596464336              77          49
   10.5061340      0.529052377              85          62
   18.2707043      0.492800862              14          47
   17.7530670      0.466803282              48          48
   10.5061340      0.357040912              85          62
   10.5061340      0.447612077             102          62
   10.5061340      0.480224341             102          62
   17.2354279      0.635943711              12          49
   14.1296005      0.393405974              84          55
   19.3059807      0.499904364              91          45
   17.2354279      0.575171590              12          49
   12.0590477      0.447978467              54          59
   12.5766859      0.536245406              64          58
   15.1648760      0.866101086              72          53
   14.1296005      0.390403003              84          55
   19.3059807      0.465674222              91          45
   12.0590477      0.639312983              54          59
   12.5766859      0.731240213              64          58
   15.1648760      0.796849668              72          53
   14.1296005      0.582299709             115          55
   11.0237713      0.329109430              38          61
   14.1296005      0.410075992             115          55
   11.0237713      0.468505353              38          61
   17.7530670      0.686921835              65          48
   10.5061340      0.529700398              70          62
   11.0237713      0.647309184              88          61
   15.6825142      0.634246469              98          52
   11.0237713      0.461218208               6          61
   18.7883434      0.635133266              25          46
   17.7530670      0.523018181              65          48
   10.5061340      0.447832406              70          62
   11.0237713      0.527389586              88          61
   15.6825142      0.569718897              98          52
   10.5061340      0.500154316             103          62
   11.0237713      0.381955266               6          61
   18.7883434      0.708869278              25          46
   10.5061340      0.441475451             103          62
   13.6119623      0.540978670             105          56
   18.2707043      0.740097702             109          47
   13.6119623      0.712487102              46          56
   18.7883434      0.856946766              59          46
   15.6825142      0.531018496              69          52
   19.3059807      0.489511311              75          45
   16.2001534      0.680938661              77          51
   13.6119623      0.770071924             105          56
   18.2707043      0.763184845             109          47
   11.0237713      0.636936247              37          61
   13.6119623      0.559092760              46          56
   19.8236198      0.664125741              48          44
   18.7883434      0.767275453              59          46
   15.6825142      0.444530994              69          52
   19.3059807      0.489422768              75          45
   16.2001534      0.474496633              77          51
   16.7177906      0.545812964              18          50
   15.6825142      0.425167501              18          52
   11.0237713      0.682252765              37          61
   19.8236198      0.614684045              48          44
   16.7177906      0.752797067              80          50
   17.7530670      0.703067362              94          48
   15.1648760      0.611229599              17          53
   16.7177906      0.774654269              18          50
   15.6825142      0.656269491              18          52
   13.0943241      0.704131246              33          57
   18.2707043      0.610128164              41          47
   19.3059807      0.729603529              56          45
   16.7177906      0.691289544              80          50
   17.7530670      0.797124684              94          48
   12.0590477      0.358510882              98          59
   15.1648760      0.534651697              17          53
   13.0943241      0.536219537              25          57
   13.0943241      0.359564096              33          57
   18.2707043      0.613369167              41          47
   19.3059807      0.733403742              56          45
   15.1648760      0.558649659              94          53
   12.0590477      0.585278034              98          59
   10.5061340      0.652940571             117          62
   15.6825142      0.472575516              11          52
   13.0943241      0.652901828              25          57
   18.2707043      0.725529253              84          47
   15.1648760      0.555505276              94          53
   11.5414095      0.600708783             105          60
   10.5061340      0.634904921             117          62
   12.0590477      0.451344848              10          59
   15.6825142      0.478338361              11          52
   19.3059807      0.559545994              26          45
   18.2707043      0.625003576              29          47
   17.7530670      0.456410050              40          48
   18.7883434      0.661583960              55          46
   18.2707043      0.629968643              84          47
   18.7883434      0.563151777              86          46
   16.2001534      0.830573440              88          51
   11.5414095      0.659249127             105          60
   12.0590477      0.563289464              10          59
   19.3059807      0.512968361              26          45
   18.2707043      0.508018911              29          47
   11.5414095      0.641775966              29          60
   15.1648760      0.541726828              39          53
   17.7530670      0.541733027              40          48
   18.7883434      0.531219542              55          46
   18.7883434      0.719377935              86          46
   16.2001534      0.721799374              88          51
   13.0943241      0.520406961              19          57
   11.5414095      0.472926795              29          60
   15.1648760      0.560148239              39          53
   19.3059807      0.751994371              88          45
   10.5061340      0.670800865               2          62
   13.0943241      0.485088944              19          57
   13.6119623      0.755519390              55          56
   19.3059807      0.627443671              88          45
   19.8236198      0.601240158             117          44
   10.5061340      0.583941579               2          62
   13.6119623      0.765706718              55          56
   16.7177906      0.542321384              86          50
   13.6119623      0.475009769              96          56
   19.8236198      0.464895934             117          44
   16.7177906      0.821501076              86          50
   15.1648760      0.614749372              89          53
   13.6119623      0.640498459              96          56
   15.6825142      0.512604356              97          52
   15.1648760      0.500930548              89          53
   15.6825142      0.343393177              97          52
   13.6119623      0.646576822             106          56
   17.7530670      0.430269331              60          48
   15.1648760      0.432591110              62          53
   13.6119623      0.464277178             106          56
   17.7530670      0.582157552              60          48
   15.1648760      0.615100861              62          53
   17.2354279      0.603294194              99          49
   19.8236198      0.636343896              46          44
   17.2354279      0.602451205              99          49
   18.7883434      0.612035513              13          46
   12.5766859      0.499184638              45          58
   19.8236198      0.574546754              46          44
   17.7530670      0.621974826             100          48
   18.7883434      0.795221567              13          46
   12.5766859      0.472853124              45          58
   18.2707043      0.731765687              52          47
   16.2001534      0.573512793              55          51
   19.3059807      0.532136679              96          45
   17.7530670      0.519885600             100          48
   18.7883434      0.562409878              25          46
   19.3059807      0.447541863              46          45
   16.2001534      0.345507383              49          51
   18.2707043      0.573225260              52          47
   16.2001534      0.579677343              55          51
   12.5766859      0.529929221              82          58
   19.3059807      0.483570695              96          45
   15.6825142      0.535507500             109          52
   19.8236198      0.567228794             117          44
   18.7883434      0.658803284              25          46
   19.3059807      0.396159619              46          45
   16.2001534      0.465619653              49          51
   12.5766859      0.583033621              82          58
   18.2707043      0.624729395              88          47
   15.6825142      0.515090823             109          52
   19.8236198      0.550852478             117          44
   14.6472378      0.379223824              40          54
   18.2707043      0.415403783              88          47
   15.1648760      0.407043546              89          53
   19.3059807      0.431917965              95          45
   13.0943241      0.490164727              24          57
   14.6472378      0.511261046              40          54
   18.7883434      0.508955717              57          46
   18.2707043      0.548652887              89          47
   15.1648760      0.415530801              89          53
   19.3059807      0.471241772              95          45
   18.2707043      0.504060745             110          47
   13.0943241      0.658478141              24          57
   17.7530670      0.678161323              27          48
   18.7883434      0.783982456              57          46
   18.2707043      0.629331887              89          47
   13.0943241      0.486430377              92          57
   18.2707043      0.722890437             110          47
   12.0590477      0.613768339             120          59
   17.7530670      0.689965248              27          48
   13.0943241      0.534777045              92          57
   16.2001534      0.725689530             114          51
   12.0590477      0.550968289             120          59
   13.0943241      0.529264688               3          57
   10.5061340      0.453135312              45          62
   12.0590477      0.477989465             106          59
   16.2001534      0.639265716             114          51
   13.0943241      0.655465841               3          57
   12.0590477      0.621967554              23          59
   12.0590477      0.432726353              25          59
   10.5061340      0.479282707              45          62
   12.0590477      0.530771136             106          59
   11.0237713      0.629889369             114          61
   16.2001534      0.660345495             120          51
   13.0943241      0.814994097              17          57
   12.0590477      0.401695251              23          59
   12.0590477      0.430662096              25          59
   13.6119623      0.783965230              75          56
   11.0237713      0.659060955             114          61
   16.2001534      0.703942597             120          51
   13.0943241      0.577761829              17          57
   13.6119623      0.548810065              75          56
   11.0237713      0.688715339              90          61
   17.2354279      0.632667601              24          49
   16.2001534      0.439693809              30          51
   11.0237713      0.666758120              90          61
   17.2354279      0.559414327              24          49
   16.2001534      0.493593931              30          51
   10.5061340      0.472631365              78          62
   16.7177906      0.520348728              89          50
   17.7530670      0.451321781             115          48
   16.2001534      0.441816419             118          51
   16.7177906      0.747117519              18          50
   15.6825142      0.630267560              25          52
   17.7530670      0.744874656              77          48
   10.5061340      0.502142191              78          62
   16.7177906      0.600601852              89          50
   17.7530670      0.666897058             115          48
   16.2001534      0.628303885             118          51
   16.7177906      0.564372301              18          50
   15.6825142      0.728463233              25          52
   17.7530670      0.701204062              77          48
   13.6119623      0.491401017              86          56
   13.6119623      0.491401017              86          56
   14.6472378      0.768978357              35          54
   14.6472378      0.584381402              76          54
   13.6119623      0.492725879              86          56
   13.6119623      0.492725879              86          56
   19.8236198      0.821369350              90          44
   19.3059807      0.618062019             106          45
   14.6472378      0.815444112              35          54
   14.6472378      0.652285635              76          54
   19.8236198      0.687298059              90          44
   19.3059807      0.561252773             106          45
   18.7883434      0.601403594               3          46
   16.2001534      0.554606497              36          51
   16.7177906      0.490759254              60          50
   18.7883434      0.661006749               3          46
   14.1296005      0.400330544               3          55
   16.2001534      0.637952924              36          51
   15.1648760      0.452077210              56          53
   16.7177906      0.477696389              60          50
   16.2001534      0.561988890             110          51
   14.1296005      0.483649611               3          55
   11.5414095      0.549083412              42          60
   18.7883434      0.523217976              44          46
   10.5061340      0.963035345              47          62
   15.1648760      0.513301611              56          53
   16.2001534      0.563610375             110          51
   17.7530670      0.670095861              21          48
   11.5414095      0.650019109              42          60
   18.7883434      0.595990241              44          46
   10.5061340      0.903635442              47          62
   16.7177906      0.521641135              89          50
   18.7883434      0.530463815              92          46
   17.7530670      0.772641420              21          48
   16.7177906      0.604791045              44          50
   19.8236198      0.667483509              86          44
   13.0943241      0.592683733              88          57
   16.7177906      0.416705102              89          50
   18.7883434      0.409477592              92          46
   15.6825142      0.486869842              12          52
   15.6825142      0.545840979              14          52
   10.5061340      0.364514947              24          62
   11.0237713      0.467011124              25          61
   16.7177906      0.495125979              44          50
   10.5061340      0.682817221              84          62
   19.8236198      0.598211050              86          44
   13.0943241      0.727245331              88          57
   11.5414095      0.682948649              88          60
   15.6825142      0.653370917              12          52
   15.6825142      0.534955621              14          52
   10.5061340      0.576391399              24          62
   11.0237713      0.666811943              25          61
   10.5061340      0.427539676              84          62
   11.5414095      0.751606941              88          60
   14.6472378      0.750300467             121          54
   18.2707043      0.567238688              35          47
   17.2354279      0.738636792              68          49
   12.0590477      0.571559787              91          59
   12.0590477      0.886148095              98          59
   14.6472378      0.790242255             121          54
   15.1648760      0.634498477              21          53
   18.2707043      0.542848468              35          47
   13.0943241      0.638590455              38          57
   17.2354279      0.512616813              68          49
   12.0590477      0.391622603              91          59
   14.6472378      0.493536860              95          54
   12.0590477      0.610349774              98          59
   17.7530670      0.336427987              17          48
   15.1648760      0.478412449              21          53
   16.7177906      0.445977420              24          50
   13.0943241      0.418363541              38          57
   19.3059807      0.512053967              49          45
   17.2354279      0.529450536              86          49
   14.6472378      0.549803853              95          54
   14.6472378      0.644284904               1          54
   17.7530670      0.557388663              17          48
   19.3059807      0.541567624              18          45
   16.7177906      0.447851419              24          50
   19.3059807      0.607002556              49          45
   17.7530670      0.546359003              51          48
   17.2354279      0.558930397              86          49
   13.6119623      0.421917200             106          56
   14.6472378      0.531094849               1          54
   19.3059807      0.493039221              18          45
   17.7530670      0.529300332              51          48
   19.8236198      0.690299988              60          44
   19.8236198      0.619164407              67          44
   12.5766859      0.572338283              87          58
   15.1648760      0.406729311              92          53
   13.6119623      0.542182505             106          56
   13.6119623      0.568729997              54          56
   19.8236198      0.399966687              60          44
   19.8236198      0.476586103              67          44
   12.5766859      0.600472331              87          58
   15.1648760      0.345149517              92          53
   13.6119623      0.714536786              54          56
   13.6119623      0.493808836              65          56
   15.6825142      0.698337615              18          52
   13.6119623      0.673810899              65          56
   12.5766859      0.701603055             114          58
   15.6825142      0.496529907              18          52
   16.2001534      0.436276436              98          51
   12.5766859      0.501733899             114          58
   12.0590477      0.596932530             116          59
   16.2001534      0.492511690              98          51
   12.0590477      0.450655967             116          59
   19.3059807      0.567160726              16          45
   12.5766859      0.593570232              49          58
   17.2354279      0.765826225               1          49
   19.3059807      0.538847804              16          45
   16.7177906      0.630199969              39          50
   12.5766859      0.590199888              49          58
   14.6472378      0.539604783              64          54
   17.2354279      0.681766450               1          49
   13.6119623      0.630747736              19          56
   16.7177906      0.624604344              39          50
   15.1648760      0.502594709              55          53
   14.6472378      0.573222756              64          54
   11.5414095      0.306464851             114          60
   11.5414095      0.624636471             118          60
   12.0590477      0.544017613              17          59
   13.6119623      0.493622363              19          56
   15.1648760      0.591528893              55          53
   11.5414095      0.550956428             114          60
   15.1648760      0.656267762             118          53
   11.5414095      0.588407695             118          60
   17.2354279      0.651908636              14          49
   12.0590477      0.508341074              17          59
   18.7883434      0.573233843              75          46
   15.1648760      0.495157063             118          53
   17.2354279      0.617930949              14          49
   12.5766859      0.605828643              16          58
   18.2707043      0.700393438              45          47
   18.7883434      0.597374916              75          46
   12.0590477      0.564210773             120          59
   12.5766859      0.685022175              16          58
   18.2707043      0.644027293              45          47
   15.1648760      0.747219920             116          53
   12.0590477      0.630201995             120          59
   14.6472378      0.641813874               7          54
   12.0590477      0.642943621             100          59
   15.1648760      0.671640158             116          53
   14.6472378      0.553662300               7          54
   15.6825142      0.325105578              35          52
   12.0590477      0.589651167             100          59
   11.5414095      0.510245621              17          60
   15.6825142      0.417186916              35          52
   14.1296005      0.500648916              60          55
   13.6119623      0.462798238              85          56
   11.5414095      0.667184770              17          60
   14.1296005      0.481254399              60          55
   18.2707043      0.623737812              66          47
   13.6119623      0.618340015              85          56
   17.7530670      0.643947124             101          48
   13.6119623      0.661515296             121          56
   11.5414095      0.526593208              17          60
   18.7883434      0.562160969              44          46
   14.1296005      0.748995245              50          55
   18.2707043      0.565873623              66          47
   17.7530670      0.547568142             101          48
   13.6119623      0.625591576             121          56
   11.5414095      0.503978670              17          60
   12.5766859      0.313340336              30          58
   18.7883434      0.634096980              44          46
   14.1296005      0.741976857              50          55
   12.5766859      0.430258214              30          58
   13.0943241      0.620405912              55          57
   14.6472378      0.509981513              68          54
   12.5766859      0.812653422              53          58
   12.0590477      0.712710202              54          59
   13.0943241      0.770532966              55          57
   12.0590477      0.685192466              55          59
   14.6472378      0.529136539              68          54
   19.8236198      0.678707659               8          44
   12.5766859      0.782046139              30          58
   12.0590477      0.624022961              31          59
   10.5061340      0.894236863              49          62
   12.5766859      0.589485884              53          58
   12.0590477      0.781083465              54          59
   12.0590477      0.788170874              55          59
   10.5061340      0.554013550              63          62
   15.1648760      0.547318101              78          53
   15.6825142      0.694230616             110          52
