   23.4470863      0.620302260               3          37
   23.9647236      0.567421794              10          36
   18.7883434      0.759090304              40          46
   19.8236198      0.772666037              43          44
   8.43558121      0.386473745              45          66
   16.2001534      0.469669521              47          51
   15.1648760      0.525562286              54          53
   11.0237713      0.452509761              59          61
   13.6119623      0.500304937              69          56
   24.4823627      0.432436079              79          35
   9.47085762      0.458184659              79          64
   10.5061340      0.408752143              80          62
   17.7530670      0.645812511              91          48
   23.4470863      0.708058834               3          37
   17.7530670      0.793061852              13          48
   15.1648760      0.819934785              26          53
   18.7883434      0.667871952              40          46
   16.2001534      0.677303195              41          51
   16.2001534      0.718137205              47          51
   14.6472378      0.740242898              49          54
   15.1648760      0.670258462              54          53
   6.88266754      0.673245490              56          69
   24.4823627      0.810848534              79          35
   9.47085762      0.577518642              79          64
   10.5061340      0.475683391              80          62
   24.4823627      0.859019279              92          35
   6.88266754      0.442117691             117          69
   17.7530670      0.864101291              13          48
   15.1648760      0.695248902              26          53
   24.4823627      0.850976288              32          35
   16.2001534      0.687289298              41          51
   14.6472378      0.637976348              49          54
   6.88266754      0.742062807              56          69
   9.47085762      0.515677631              67          64
   17.2354279      0.723089039              74          49
   24.4823627      0.876560211              92          35
   6.88266754      0.523062527             117          69
   19.8236198      0.792731106             118          44
   6.88266754      0.414363354              19          69
   24.4823627      0.664967418              32          35
   20.3412571      0.546853125              49          43
   19.3059807      0.558856487              67          45
   9.47085762      0.592575073              67          64
   17.2354279      0.530445099              74          49
   12.5766859      0.374841362              82          58
   6.36502838      0.417228311              88          70
   19.8236198      0.604271114             118          44
   6.88266754      0.464336783              19          69
   17.7530670      0.794564188              42          48
   20.3412571      0.856180966              49          43
   17.2354279      0.538692653              61          49
   19.3059807      0.805771708              67          45
   21.3765335      0.551448762              75          41
   12.5766859      0.459344685              82          58
   6.36502838      0.437943250              88          70
   25.0000000      0.657265723              99          34
   22.9294472      0.917526662             115          38
   23.9647236      0.713214695              12          36
   17.7530670      0.661394060              42          48
   17.2354279      0.623682499              61          49
   21.3765335      0.773525596              75          41
   15.1648760      0.570605636              86          53
   19.3059807      0.721103609              91          45
   8.95321846      0.714265883              91          65
   25.0000000      0.829969466              99          34
   22.9294472      0.737952232             115          38
   17.2354279      0.578160763             121          49
   13.6119623      0.716070235               8          56
   23.9647236      0.790085256              12          36
   22.9294472      0.710520625              18          38
   15.1648760      0.647055149              37          53
   16.2001534      0.593517959              63          51
   13.0943241      0.612658024              71          57
   18.2707043      0.603489697              73          47
   15.1648760      0.661091328              86          53
   19.3059807      0.740721166              91          45
   8.95321846      0.599752426              91          65
   8.95321846      0.556255758              99          65
   17.2354279      0.714239895             121          49
   13.6119623      0.892623782               8          56
   18.2707043      0.500969052              13          47
   22.9294472      0.792184830              18          38
   18.7883434      0.703829050              32          46
   15.1648760      0.464751571              37          53
   22.9294472      0.636815190              61          38
   16.2001534      0.565968812              63          51
   21.3765335      0.717141688              67          41
   13.0943241      0.619420409              71          57
   18.2707043      0.481253237              73          47
   8.43558121      0.356032223              81          66
   7.40030479      0.293753177              81          68
   16.2001534      0.595472991              96          51
   8.95321846      0.551994205              99          65
   20.3412571      0.638224602              13          43
   18.2707043      0.872774541              13          47
   17.2354279      0.863421321              15          49
   20.8588943      0.641587198              27          42
   18.7883434      0.509602010              32          46
   22.9294472      0.495355010              61          38
   21.3765335      0.650383770              67          41
   7.40030479      0.385231942              73          68
   8.43558121      0.385155499              81          66
   7.40030479      0.392455578              81          68
   6.36502838      0.508401811              94          70
   16.2001534      0.596364498              96          51
   25.0000000      0.790723324             115          34
   7.91794395      0.590886354               4          67
   7.91794395      0.384850353              10          67
   20.3412571      0.635194123              13          43
   17.2354279      0.849672139              15          49
   9.98849583      0.644815445              26          63
   20.8588943      0.707063138              27          42
   21.3765335      0.824411392              49          41
   24.4823627      0.574027300              51          35
   22.9294472      0.888349175              69          38
   7.40030479      0.499808043              73          68
   6.36502838      0.559959888              84          70
   6.36502838      0.683383703              94          70
   25.0000000      0.839272201             115          34
   7.91794395      0.671272278               4          67
   15.6825142      0.638363838               7          52
   7.91794395      0.436356395              10          67
   19.8236198      0.686068654              15          44
   10.5061340      0.749352157              17          62
   9.98849583      0.666555524              26          63
   21.3765335      0.744437456              49          41
   24.4823627      0.682407439              51          35
   22.9294472      0.680465996              69          38
   14.1296005      0.774297237              71          55
   6.36502838      0.626841724              82          70
   6.36502838      0.525530696              84          70
   11.0237713      0.351788878              89          61
   15.6825142      0.419846058               7          52
   19.8236198      0.453275084              15          44
   10.5061340      0.524223864              17          62
   14.1296005      0.544346511              44          55
   18.2707043      0.511596859              50          47
   20.8588943      0.534083009              64          42
   14.1296005      0.548669100              71          55
   17.2354279      0.423042893              81          49
   6.36502838      0.436628163              82          70
   12.5766859      0.484267026              89          58
   11.0237713      0.353605896              89          61
   22.4118099      0.550068498              91          39
   14.1296005      0.584348857              44          55
   18.2707043      0.589835703              50          47
   6.88266754      0.509855211              56          69
   20.8588943      0.614382029              64          42
   17.2354279      0.555551827              81          49
   9.98849583      0.393031210              84          63
   7.91794395      0.474746048              85          67
   12.5766859      0.429779083              89          58
   22.4118099      0.749732137              91          39
   23.4470863      0.776444793              92          37
   9.47085762      0.428631812              98          64
   18.7883434      0.426682889             110          46
   16.2001534      0.628188372             114          51
   19.8236198      0.709665298              42          44
   6.88266754      0.505235136              56          69
   14.6472378      0.551709235              75          54
   9.98849583      0.522955477              84          63
   7.91794395      0.527431548              85          67
   15.1648760      0.645177305              90          53
   23.4470863      0.789723098              92          37
   9.47085762      0.535953403              98          64
   18.7883434      0.561115921             110          46
   17.2354279      0.813839018             113          49
   16.2001534      0.820922673             114          51
   22.9294472      0.703135431              22          38
   11.5414095      0.560902953              39          60
   19.8236198      0.535407126              42          44
   21.8941708      0.690056205              44          40
   21.8941708      0.584018767              57          40
   17.7530670      0.726784170              57          48
   14.6472378      0.725418806              75          54
   15.1648760      0.685151339              90          53
   17.2354279      0.734538376             113          49
   13.6119623      0.432030797              17          56
   22.9294472      0.664989352              22          38
   24.4823627      0.718290031              33          35
   11.5414095      0.653113127              39          60
   21.8941708      0.820931077              44          40
   18.7883434      0.531000257              51          46
   21.8941708      0.605372846              57          40
   17.7530670      0.641230583              57          48
   8.95321846      0.567272961              64          65
   16.7177906      0.584877133              66          50
   14.1296005      0.426560789              86          55
   23.9647236      0.813718736              98          36
   14.1296005      0.639499605             102          55
   8.43558121      0.554567397               4          66
   13.6119623      0.746405005              17          56
   23.9647236      0.651439250              20          36
   7.40030479      0.447427362              24          68
   24.4823627      0.709912598              33          35
   18.7883434      0.499503613              51          46
   8.95321846      0.576700270              64          65
   16.7177906      0.538075447              66          50
   17.2354279      0.467758775              77          49
   14.1296005      0.486786216              86          55
   23.9647236      0.647836149              98          36
   14.1296005      0.553927422             102          55
   20.3412571      0.594072878             109          43
   8.43558121      0.467143893               4          66
   23.9647236      0.733861744              20          36
   7.40030479      0.309563309              24          68
   25.0000000      0.729410231              35          34
   14.6472378      0.441444039              38          54
   21.3765335      0.540409982              41          41
   9.47085762      0.414137304              70          64
   17.2354279      0.503358722              77          49
   12.0590477      0.508917212             100          59
   20.3412571      0.683976650             109          43
   7.91794395      0.564193606               4          67
   25.0000000      0.571056724              19          34
   19.8236198      0.466040015              20          44
   25.0000000      0.589849591              35          34
   14.6472378      0.502048314              38          54
   21.3765335      0.416562319              41          41
   20.8588943      0.695425570              50          42
   9.47085762      0.383177161              70          64
   20.8588943      0.386591315              75          42
   12.0590477      0.366200745             100          59
   19.3059807      0.501295209             109          45
   7.91794395      0.383217782               4          67
   25.0000000      0.652056992              19          34
   19.8236198      0.678668797              20          44
   25.0000000      0.574196994              40          34
   17.7530670      0.709814310              46          48
   11.5414095      0.503103912              46          60
   20.8588943      0.681535721              50          42
   11.5414095      0.535182476              71          60
   20.8588943      0.570521772              75          42
   6.36502838      0.456717134              87          70
   19.3059807      0.463942885             109          45
   21.3765335      0.627862096              32          41
   12.5766859      0.652301908              35          58
   25.0000000      0.584628165              40          34
   17.7530670      0.811306000              46          48
   11.5414095      0.465651780              46          60
   13.6119623      0.617637396              66          56
   11.5414095      0.581134558              71          60
   12.0590477      0.398625493              74          59
   17.7530670      0.570546925              79          48
   6.36502838      0.534606934              87          70
   18.2707043      0.698960006             102          47
   8.95321846      0.612736166             102          65
   12.5766859      0.375715345              16          58
   21.3765335      0.695255220              32          41
   14.1296005      0.519441485              32          55
   12.5766859      0.593158305              35          58
   17.2354279      0.661607563              44          49
   9.47085762      0.466640174              49          64
   13.6119623      0.650075257              66          56
   17.7530670      0.727265418              68          48
   12.0590477      0.510364115              74          59
   22.4118099      0.686540127              78          39
   17.7530670      0.701513231              79          48
   21.8941708      0.634389281              87          40
   18.2707043      0.697524667             102          47
   8.95321846      0.585491002             102          65
   21.8941708      0.792951345             118          40
   12.5766859      0.533945322              16          58
   17.7530670      0.734216988              22          48
   14.1296005      0.595578492              32          55
   17.2354279      0.728092432              44          49
   9.47085762      0.561084986              49          64
   5.84739113      0.667475343              66          71
   17.7530670      0.530619979              68          48
   17.7530670      0.849031627              75          48
   17.2354279      0.749332190              77          49
   22.4118099      0.770735860              78          39
   21.8941708      0.915230274              87          40
   7.91794395      0.530184686             102          67
   20.8588943      0.723801136             110          42
   22.9294472      0.695176482             113          38
   21.8941708      0.689215481             118          40
   18.2707043      0.599027991              14          47
   17.7530670      0.478369325              22          48
   25.0000000      0.756293595              30          34
   17.7530670      0.471574068              48          48
   5.84739113      0.450945914              66          71
   17.7530670      0.694551408              75          48
   17.2354279      0.596464336              77          49
   10.5061340      0.529052377              85          62
   23.4470863      0.643442035              91          37
   9.47085762      0.484473914              91          64
   7.91794395      0.445190251             102          67
   20.8588943      0.791495502             110          42
   22.9294472      0.610163212             113          38
   18.2707043      0.492800862              14          47
   25.0000000      0.570385277              30          34
   17.7530670      0.466803282              48          48
   10.5061340      0.357040912              85          62
   23.4470863      0.479017556              91          37
   9.47085762      0.422415823              91          64
   10.5061340      0.447612077             102          62
   20.8588943      0.523142338             106          42
   9.98849583      0.459501773               8          63
   10.5061340      0.480224341             102          62
   20.8588943      0.535865188             106          42
   9.98849583      0.442968100               8          63
   17.2354279      0.635943711              12          49
   6.36502838      0.332049221              83          70
   14.1296005      0.393405974              84          55
   25.0000000      0.442876101              89          34
   19.3059807      0.499904364              91          45
   17.2354279      0.575171590              12          49
   12.0590477      0.447978467              54          59
   25.0000000      0.587856412              62          34
   12.5766859      0.536245406              64          58
   15.1648760      0.866101086              72          53
   6.36502838      0.362307340              83          70
   14.1296005      0.390403003              84          55
   22.9294472      0.972520053              88          38
   25.0000000      0.888449430              89          34
   19.3059807      0.465674222              91          45
   25.0000000      0.737358212              92          34
   12.0590477      0.639312983              54          59
   25.0000000      0.763437748              62          34
   12.5766859      0.731240213              64          58
   15.1648760      0.796849668              72          53
   22.9294472      0.817070067              88          38
   25.0000000      0.911920428              92          34
   20.3412571      0.593418896             103          43
   14.1296005      0.582299709             115          55
   11.0237713      0.329109430              38          61
   22.4118099      0.426221579              53          39
   24.4823627      0.435626477              84          35
   20.3412571      0.489157110             103          43
   6.36502838      0.303892493             109          70
   14.1296005      0.410075992             115          55
   11.0237713      0.468505353              38          61
   7.40030479      0.387540460              41          68
   22.4118099      0.620388985              53          39
   17.7530670      0.686921835              65          48
   10.5061340      0.529700398              70          62
   24.4823627      0.848126531              84          35
   20.8588943      0.737744153              88          42
   11.0237713      0.647309184              88          61
   15.6825142      0.634246469              98          52
   6.36502838      0.465849996             109          70
   11.0237713      0.461218208               6          61
   23.9647236      0.776032329              11          36
   9.98849583      0.753775418              24          63
   18.7883434      0.635133266              25          46
   7.40030479      0.324579954              41          68
   17.7530670      0.523018181              65          48
   10.5061340      0.447832406              70          62
   20.8588943      0.578545570              88          42
   11.0237713      0.527389586              88          61
   15.6825142      0.569718897              98          52
   10.5061340      0.500154316             103          62
   9.98849583      0.655912340             120          63
   11.0237713      0.381955266               6          61
   23.9647236      0.931653440              11          36
   21.8941708      0.626086712              17          40
   9.98849583      0.653906941              24          63
   18.7883434      0.708869278              25          46
   21.3765335      0.648947835              38          41
   23.4470863      0.808899403              81          37
   9.98849583      0.569265425              91          63
   10.5061340      0.441475451             103          62
   13.6119623      0.540978670             105          56
   18.2707043      0.740097702             109          47
   9.98849583      0.705653667             120          63
   21.8941708      0.581857860              17          40
   7.40030479      0.515941918              28          68
   21.3765335      0.722437263              38          41
   9.98849583      0.600241542              42          63
   13.6119623      0.712487102              46          56
   18.7883434      0.856946766              59          46
   5.84739113      0.726080000              68          71
   15.6825142      0.531018496              69          52
   19.3059807      0.489511311              75          45
   16.2001534      0.680938661              77          51
   23.4470863      0.978673875              81          37
   7.91794395      0.391576380              90          67
   9.98849583      0.637471497              91          63
   13.6119623      0.770071924             105          56
   18.2707043      0.763184845             109          47
   7.40030479      0.572936296              28          68
   6.36502838      0.572271109              34          70
   11.0237713      0.636936247              37          61
   9.98849583      0.517445803              42          63
   13.6119623      0.559092760              46          56
   19.8236198      0.664125741              48          44
   7.40030479      0.564162076              54          68
   23.4470863      0.768047035              56          37
   18.7883434      0.767275453              59          46
   5.84739113      0.667952299              68          71
   15.6825142      0.444530994              69          52
   19.3059807      0.489422768              75          45
   16.2001534      0.474496633              77          51
   7.40030479      0.408486158              79          68
   7.91794395      0.595641613              90          67
   16.7177906      0.545812964              18          50
   15.6825142      0.425167501              18          52
   6.36502838      0.460770994              34          70
   11.0237713      0.682252765              37          61
   19.8236198      0.614684045              48          44
   7.40030479      0.400411755              54          68
   23.4470863      0.710048199              56          37
   7.40030479      0.402891189              79          68
   16.7177906      0.752797067              80          50
   23.4470863      0.626895010              84          37
   17.7530670      0.703067362              94          48
   9.47085762      0.658258617              13          64
   15.1648760      0.611229599              17          53
   16.7177906      0.774654269              18          50
   15.6825142      0.656269491              18          52
   13.0943241      0.704131246              33          57
   18.2707043      0.610128164              41          47
   19.3059807      0.729603529              56          45
   16.7177906      0.691289544              80          50
   23.4470863      0.740795195              84          37
   17.7530670      0.797124684              94          48
   12.0590477      0.358510882              98          59
   9.47085762      0.610888541              13          64
   15.1648760      0.534651697              17          53
   13.0943241      0.536219537              25          57
   13.0943241      0.359564096              33          57
   23.4470863      0.714029968              34          37
   18.2707043      0.613369167              41          47
   19.3059807      0.733403742              56          45
   22.4118099      0.650703192              67          39
   15.1648760      0.558649659              94          53
   12.0590477      0.585278034              98          59
   20.3412571      0.717296660             116          43
   10.5061340      0.652940571             117          62
   15.6825142      0.472575516              11          52
   13.0943241      0.652901828              25          57
   23.4470863      0.758197844              34          37
   22.9294472      0.761589468              42          38
   8.95321846      0.489781141              61          65
   22.4118099      0.694939613              67          39
   18.2707043      0.725529253              84          47
   15.1648760      0.555505276              94          53
   11.5414095      0.600708783             105          60
   20.3412571      0.730752349             116          43
   10.5061340      0.634904921             117          62
   12.0590477      0.451344848              10          59
   15.6825142      0.478338361              11          52
   19.3059807      0.559545994              26          45
   18.2707043      0.625003576              29          47
   17.7530670      0.456410050              40          48
   22.9294472      0.783374488              42          38
   18.7883434      0.661583960              55          46
   8.95321846      0.706984043              61          65
   18.2707043      0.629968643              84          47
   18.7883434      0.563151777              86          46
   16.2001534      0.830573440              88          51
   11.5414095      0.659249127             105          60
   21.8941708      0.766389132             111          40
   12.0590477      0.563289464              10          59
   19.3059807      0.512968361              26          45
   18.2707043      0.508018911              29          47
   11.5414095      0.641775966              29          60
   9.98849583      0.693315685              36          63
   15.1648760      0.541726828              39          53
   17.7530670      0.541733027              40          48
   18.7883434      0.531219542              55          46
   18.7883434      0.719377935              86          46
   16.2001534      0.721799374              88          51
   21.8941708      0.812023342              93          40
   21.8941708      0.663058519             111          40
   13.0943241      0.520406961              19          57
   11.5414095      0.472926795              29          60
   9.98849583      0.793649614              36          63
   15.1648760      0.560148239              39          53
   22.4118099      0.695327997              88          39
   19.3059807      0.751994371              88          45
   21.8941708      0.857574999              93          40
   8.95321846      0.698108077             105          65
   10.5061340      0.670800865               2          62
   13.0943241      0.485088944              19          57
   13.6119623      0.755519390              55          56
   25.0000000      0.830921173              74          34
   22.4118099      0.727851450              88          39
   19.3059807      0.627443671              88          45
   8.95321846      0.685050130             105          65
   19.8236198      0.601240158             117          44
   23.9647236      0.752213120             119          36
   10.5061340      0.583941579               2          62
   6.36502838      0.512361109              47          70
   7.91794395      0.338643134              54          67
   13.6119623      0.765706718              55          56
   25.0000000      0.629024506              74          34
   16.7177906      0.542321384              86          50
   13.6119623      0.475009769              96          56
   19.8236198      0.464895934             117          44
   23.9647236      0.737266183             119          36
   6.36502838      0.552037776              47          70
   7.91794395      0.412276953              54          67
   16.7177906      0.821501076              86          50
   15.1648760      0.614749372              89          53
   13.6119623      0.640498459              96          56
   15.6825142      0.512604356              97          52
   15.1648760      0.500930548              89          53
   15.6825142      0.343393177              97          52
   9.47085762      0.526399195             105          64
   13.6119623      0.646576822             106          56
   17.7530670      0.430269331              60          48
   15.1648760      0.432591110              62          53
   20.8588943      0.492746741              94          42
   25.0000000      0.467260063             103          34
   9.47085762      0.417884380             105          64
   13.6119623      0.464277178             106          56
   23.9647236      0.838962257              23          36
   25.0000000      0.757281899              30          34
   24.4823627      0.844765186              48          35
   17.7530670      0.582157552              60          48
   15.1648760      0.615100861              62          53
   20.8588943      0.645542085              94          42
   17.2354279      0.603294194              99          49
   25.0000000      0.772189379             103          34
   25.0000000      0.485860884              17          34
   23.9647236      0.707951069              23          36
   25.0000000      0.692252457              30          34
   19.8236198      0.636343896              46          44
   24.4823627      0.785862446              48          35
   17.2354279      0.602451205              99          49
   20.8588943      0.697002292             120          42
   18.7883434      0.612035513              13          46
   25.0000000      0.644816697              17          34
   12.5766859      0.499184638              45          58
   23.4470863      0.677992880              46          37
   19.8236198      0.574546754              46          44
   20.8588943      0.663067758              67          42
   17.7530670      0.621974826             100          48
   8.43558121      0.560559571             105          66
   20.8588943      0.595443130             120          42
   18.7883434      0.795221567              13          46
   12.5766859      0.472853124              45          58
   23.4470863      0.621242940              46          37
   18.2707043      0.731765687              52          47
   16.2001534      0.573512793              55          51
   20.8588943      0.834304452              67          42
   8.43558121      0.530060291              95          66
   19.3059807      0.532136679              96          45
   17.7530670      0.519885600             100          48
   8.43558121      0.477994949             105          66
   7.40030479      0.503987372               3          68
   18.7883434      0.562409878              25          46
   9.98849583      0.630781293              32          63
   19.3059807      0.447541863              46          45
   16.2001534      0.345507383              49          51
   18.2707043      0.573225260              52          47
   16.2001534      0.579677343              55          51
   12.5766859      0.529929221              82          58
   8.43558121      0.584275961              95          66
   19.3059807      0.483570695              96          45
   15.6825142      0.535507500             109          52
   19.8236198      0.567228794             117          44
   7.40030479      0.295894861               3          68
   7.40030479      0.525203466              13          68
   18.7883434      0.658803284              25          46
   9.98849583      0.576189101              32          63
   19.3059807      0.396159619              46          45
   16.2001534      0.465619653              49          51
   22.4118099      0.477497041              76          39
   12.5766859      0.583033621              82          58
   18.2707043      0.624729395              88          47
   15.6825142      0.515090823             109          52
   20.8588943      0.601298869             117          42
   19.8236198      0.550852478             117          44
   7.40030479      0.296726555              13          68
   9.98849583      0.391092062              20          63
   9.47085762      0.305545419              27          64
   14.6472378      0.379223824              40          54
   24.4823627      0.571122289              65          35
   23.4470863      0.997877121              68          37
   22.9294472       1.00000000              68          38
   22.4118099      0.236863852              76          39
   22.9294472      0.436908782              82          38
   18.2707043      0.415403783              88          47
   15.1648760      0.407043546              89          53
   19.3059807      0.431917965              95          45
   20.8588943      0.536036551             101          42
   20.8588943      0.487342268             117          42
   9.98849583      0.353534251              20          63
   13.0943241      0.490164727              24          57
   9.47085762      0.418370247              27          64
   20.3412571      0.538664699              40          43
   14.6472378      0.511261046              40          54
   18.7883434      0.508955717              57          46
   24.4823627      0.568523884              65          35
   23.4470863       1.00000000              68          37
   22.9294472      0.988347709              68          38
   22.9294472      0.556119919              82          38
   18.2707043      0.548652887              89          47
   15.1648760      0.415530801              89          53
   19.3059807      0.471241772              95          45
   20.8588943      0.498462558             101          42
   18.2707043      0.504060745             110          47
   20.8588943      0.625639975               6          42
   13.0943241      0.658478141              24          57
   17.7530670      0.678161323              27          48
   20.3412571      0.766844332              40          43
   18.7883434      0.783982456              57          46
   21.8941708      0.770363092              60          40
   18.2707043      0.629331887              89          47
   13.0943241      0.486430377              92          57
   9.98849583      0.793778419             105          63
   18.2707043      0.722890437             110          47
   12.0590477      0.613768339             120          59
   20.8588943      0.483916849               6          42
   17.7530670      0.689965248              27          48
   21.8941708      0.677254498              60          40
   23.4470863      0.602031767              74          37
   13.0943241      0.534777045              92          57
   9.98849583      0.597139657             105          63
   16.2001534      0.725689530             114          51
   9.98849583      0.617515266             116          63
   12.0590477      0.550968289             120          59
   23.9647236      0.697917342             121          36
   13.0943241      0.529264688               3          57
   21.8941708      0.570680737              32          40
   20.8588943      0.564571619              33          42
   10.5061340      0.453135312              45          62
   23.4470863      0.597404003              74          37
   12.0590477      0.477989465             106          59
   20.8588943      0.519810319             108          42
   16.2001534      0.639265716             114          51
   9.98849583      0.569172442             116          63
   7.40030479      0.367339075             119          68
   23.9647236      0.607732773             121          36
   23.9647236      0.628743649               2          36
   13.0943241      0.655465841               3          57
   12.0590477      0.621967554              23          59
   12.0590477      0.432726353              25          59
   21.8941708      0.716896117              32          40
   20.8588943      0.601882935              33          42
   24.4823627      0.582428694              44          35
   10.5061340      0.479282707              45          62
   8.43558121      0.594900370              60          66
   20.3412571      0.770047784              83          43
   12.0590477      0.530771136             106          59
   20.8588943      0.669319987             108          42
   11.0237713      0.629889369             114          61
   7.40030479      0.473623216             119          68
   16.2001534      0.660345495             120          51
   23.9647236      0.896280050               2          36
   13.0943241      0.814994097              17          57
   12.0590477      0.401695251              23          59
   12.0590477      0.430662096              25          59
   24.4823627      0.818173647              44          35
   22.9294472      0.792741358              47          38
   8.43558121      0.561144352              60          66
   24.4823627      0.731547832              65          35
   20.8588943      0.853292167              67          42
   13.6119623      0.783965230              75          56
   20.3412571      0.788184583              83          43
   8.43558121      0.484233797             100          66
   11.0237713      0.659060955             114          61
   16.2001534      0.703942597             120          51
   13.0943241      0.577761829              17          57
   24.4823627      0.680216134              22          35
   20.3412571      0.660946488              44          43
   22.9294472      0.645172000              47          38
   24.4823627      0.656686425              65          35
   20.8588943      0.788363814              67          42
   13.6119623      0.548810065              75          56
   11.0237713      0.688715339              90          61
   8.43558121      0.529567838             100          66
   24.4823627      0.729448378              22          35
   17.2354279      0.632667601              24          49
   16.2001534      0.439693809              30          51
   20.3412571      0.646769702              44          43
   25.0000000      0.519295275              80          34
   11.0237713      0.666758120              90          61
   8.43558121      0.344234020              99          66
   21.8941708      0.657864749             117          40
   23.9647236      0.578943014              24          36
   17.2354279      0.559414327              24          49
   16.2001534      0.493593931              30          51
   8.43558121      0.595223665              35          66
   9.98849583      0.811855733              51          63
   10.5061340      0.472631365              78          62
   25.0000000      0.435587049              80          34
   16.7177906      0.520348728              89          50
   8.43558121      0.373938769              99          66
   17.7530670      0.451321781             115          48
   21.8941708      0.610318363             117          40
   16.2001534      0.441816419             118          51
   23.4470863      0.664490044             120          37
   16.7177906      0.747117519              18          50
   23.9647236      0.722056329              24          36
   15.6825142      0.630267560              25          52
   8.43558121      0.698206544              35          66
   22.4118099      0.667433143              45          39
   9.98849583      0.727482855              51          63
   23.9647236      0.697562277              52          36
   17.7530670      0.744874656              77          48
   10.5061340      0.502142191              78          62
   16.7177906      0.600601852              89          50
   17.7530670      0.666897058             115          48
   16.2001534      0.628303885             118          51
   23.4470863      0.434253156             119          37
   23.4470863      0.346078485             120          37
   6.88266754      0.517773747               3          69
   16.7177906      0.564372301              18          50
   24.4823627      0.774941206              25          35
   15.6825142      0.728463233              25          52
   6.36502838      0.468697727              41          70
   22.4118099      0.788244486              45          39
   23.9647236      0.696053684              52          36
   17.7530670      0.701204062              77          48
   13.6119623      0.491401017              86          56
   13.6119623      0.491401017              86          56
   23.4470863      0.840398431             119          37
   6.88266754      0.547546744               3          69
   6.36502838      0.361463130              16          70
   24.4823627      0.779630601              25          35
   14.6472378      0.768978357              35          54
   7.40030479      0.502845943              35          68
   6.36502838      0.382842630              41          70
   14.6472378      0.584381402              76          54
   13.6119623      0.492725879              86          56
   13.6119623      0.492725879              86          56
   19.8236198      0.821369350              90          44
   7.40030479      0.561628997             100          68
   19.3059807      0.618062019             106          45
   23.9647236      0.788291633               6          36
   6.36502838      0.696236074              16          70
   5.84739113      0.640806556              30          71
   14.6472378      0.815444112              35          54
   7.40030479      0.489070594              35          68
   14.6472378      0.652285635              76          54
   25.0000000      0.941801250              80          34
   19.8236198      0.687298059              90          44
   9.47085762      0.594328880              96          64
   7.40030479      0.635567725             100          68
   19.3059807      0.561252773             106          45
   18.7883434      0.601403594               3          46
   23.9647236      0.650263548               6          36
   5.84739113      0.622073591              30          71
   16.2001534      0.554606497              36          51
   16.7177906      0.490759254              60          50
   6.36502838      0.539916396              75          70
   25.0000000       1.00000000              80          34
   9.98849583      0.758630931              94          63
   9.47085762      0.729819834              96          64
   18.7883434      0.661006749               3          46
   14.1296005      0.400330544               3          55
   6.88266754      0.371297598              12          69
   16.2001534      0.637952924              36          51
   21.8941708      0.725619376              42          40
   15.1648760      0.452077210              56          53
   16.7177906      0.477696389              60          50
   6.36502838      0.538568139              75          70
   9.98849583      0.550032854              94          63
   16.2001534      0.561988890             110          51
   14.1296005      0.483649611               3          55
   6.88266754      0.579714596              12          69
   21.8941708      0.697242022              42          40
   11.5414095      0.549083412              42          60
   18.7883434      0.523217976              44          46
   10.5061340      0.963035345              47          62
   20.8588943      0.480661273              50          42
   25.0000000      0.761732817              56          34
   15.1648760      0.513301611              56          53
   16.2001534      0.563610375             110          51
   17.7530670      0.670095861              21          48
   9.98849583      0.553164542              30          63
   6.88266754      0.564708769              35          69
   11.5414095      0.650019109              42          60
   18.7883434      0.595990241              44          46
   10.5061340      0.903635442              47          62
   20.8588943      0.547958314              50          42
   25.0000000      0.766754925              56          34
   22.9294472      0.743639648              78          38
   16.7177906      0.521641135              89          50
   18.7883434      0.530463815              92          46
   6.88266754      0.685400903             104          69
   22.9294472      0.743135035             120          38
   9.47085762      0.379759163              12          64
   17.7530670      0.772641420              21          48
   9.98849583      0.625690937              30          63
   6.88266754      0.427145988              35          69
   16.7177906      0.604791045              44          50
   23.4470863      0.667427063              71          37
   22.9294472      0.766050875              78          38
   6.36502838      0.390210509              82          70
   19.8236198      0.667483509              86          44
   13.0943241      0.592683733              88          57
   16.7177906      0.416705102              89          50
   18.7883434      0.409477592              92          46
   6.88266754      0.464489251             104          69
   22.9294472      0.637247920             120          38
   15.6825142      0.486869842              12          52
   9.47085762      0.580782652              12          64
   15.6825142      0.545840979              14          52
   10.5061340      0.364514947              24          62
   11.0237713      0.467011124              25          61
   16.7177906      0.495125979              44          50
   5.84739113      0.495945126              64          71
   23.4470863      0.643424809              71          37
   6.36502838      0.329859823              82          70
   10.5061340      0.682817221              84          62
   19.8236198      0.598211050              86          44
   13.0943241      0.727245331              88          57
   11.5414095      0.682948649              88          60
   23.4470863      0.700559318             105          37
   22.4118099      0.607624412             120          39
   15.6825142      0.653370917              12          52
   15.6825142      0.534955621              14          52
   10.5061340      0.576391399              24          62
   11.0237713      0.666811943              25          61
   23.4470863      0.757845104              30          37
   5.84739113      0.369854569              64          71
   10.5061340      0.427539676              84          62
   11.5414095      0.751606941              88          60
   23.4470863      0.764046848             105          37
   22.4118099      0.593172073             120          39
   14.6472378      0.750300467             121          54
   25.0000000      0.751821756              23          34
   23.4470863      0.731822789              30          37
   18.2707043      0.567238688              35          47
   9.98849583      0.671075463              67          63
   17.2354279      0.738636792              68          49
   6.88266754      0.406172633              84          69
   12.0590477      0.571559787              91          59
   12.0590477      0.886148095              98          59
   20.8588943      0.774857581             106          42
   14.6472378      0.790242255             121          54
   15.1648760      0.634498477              21          53
   25.0000000      0.683995783              23          34
   18.2707043      0.542848468              35          47
   13.0943241      0.638590455              38          57
   25.0000000      0.546409428              67          34
   9.98849583      0.521631539              67          63
   17.2354279      0.512616813              68          49
   6.88266754      0.432849824              84          69
   12.0590477      0.391622603              91          59
   14.6472378      0.493536860              95          54
   12.0590477      0.610349774              98          59
   20.8588943      0.649652839             106          42
   17.7530670      0.336427987              17          48
   5.84739113      0.397105336              20          71
   15.1648760      0.478412449              21          53
   16.7177906      0.445977420              24          50
   13.0943241      0.418363541              38          57
   19.3059807      0.512053967              49          45
   25.0000000      0.591475129              67          34
   17.2354279      0.529450536              86          49
   14.6472378      0.549803853              95          54
   14.6472378      0.644284904               1          54
   17.7530670      0.557388663              17          48
   19.3059807      0.541567624              18          45
   5.84739113      0.614096761              20          71
   16.7177906      0.447851419              24          50
   19.3059807      0.607002556              49          45
   17.7530670      0.546359003              51          48
   22.4118099      0.806779861              69          39
   17.2354279      0.558930397              86          49
   13.6119623      0.421917200             106          56
   14.6472378      0.531094849               1          54
   19.3059807      0.493039221              18          45
   17.7530670      0.529300332              51          48
   19.8236198      0.690299988              60          44
   23.9647236      0.680933952              66          36
   19.8236198      0.619164407              67          44
   22.4118099      0.806846142              69          39
   12.5766859      0.572338283              87          58
   15.1648760      0.406729311              92          53
   13.6119623      0.542182505             106          56
   13.6119623      0.568729997              54          56
   19.8236198      0.399966687              60          44
   23.9647236      0.659729183              66          36
   19.8236198      0.476586103              67          44
   12.5766859      0.600472331              87          58
   15.1648760      0.345149517              92          53
   7.91794395      0.457676888             116          67
   20.8588943      0.647801280             118          42
   22.9294472      0.789286673               1          38
   23.9647236      0.715493381               2          36
   25.0000000      0.663950145              52          34
   13.6119623      0.714536786              54          56
   13.6119623      0.493808836              65          56
   20.3412571      0.501269996             103          43
   7.91794395      0.510135770             116          67
   20.8588943      0.628635347             118          42
   22.9294472      0.852049589               1          38
   23.9647236      0.849637151               2          36
   15.6825142      0.698337615              18          52
   25.0000000      0.848553061              52          34
   13.6119623      0.673810899              65          56
   7.91794395      0.654644310              87          67
   20.3412571      0.498510212             103          43
   12.5766859      0.701603055             114          58
   15.6825142      0.496529907              18          52
   7.91794395      0.453062743              87          67
   16.2001534      0.436276436              98          51
   12.5766859      0.501733899             114          58
   12.0590477      0.596932530             116          59
   23.9647236      0.732882321              67          36
   8.95321846      0.451334059              84          65
   22.9294472      0.540604651              87          38
   16.2001534      0.492511690              98          51
   9.98849583      0.417938858             101          63
   12.0590477      0.450655967             116          59
   19.3059807      0.567160726              16          45
   20.3412571      0.623256922              27          43
   12.5766859      0.593570232              49          58
   23.9647236      0.709749997              67          36
   8.95321846      0.733839512              84          65
   22.9294472      0.932475746              87          38
   9.98849583      0.467245489             101          63
   17.2354279      0.765826225               1          49
   19.3059807      0.538847804              16          45
   20.3412571      0.568263590              27          43
   9.47085762      0.639280319              30          64
   16.7177906      0.630199969              39          50
   12.5766859      0.590199888              49          58
   14.6472378      0.539604783              64          54
   8.43558121      0.580911636              86          66
   8.95321846      0.598033309             121          65
   17.2354279      0.681766450               1          49
   22.9294472      0.661785007              11          38
   13.6119623      0.630747736              19          56
   9.47085762      0.549607158              30          64
   16.7177906      0.624604344              39          50
   9.98849583      0.415914536              52          63
   15.1648760      0.502594709              55          53
   14.6472378      0.573222756              64          54
   7.40030479      0.331462830              72          68
   9.47085762      0.618896186              83          64
   8.43558121      0.422712654              86          66
   11.5414095      0.306464851             114          60
   11.5414095      0.624636471             118          60
   8.95321846      0.388176650             121          65
   25.0000000      0.763464332               1          34
   22.9294472      0.894809544              11          38
   12.0590477      0.544017613              17          59
   13.6119623      0.493622363              19          56
   21.8941708      0.712734044              26          40
   9.98849583      0.413297474              52          63
   15.1648760      0.591528893              55          53
   7.40030479      0.330432087              72          68
   9.47085762      0.668355644              83          64
   25.0000000      0.803173304              85          34
   6.88266754      0.498742253             110          69
   11.5414095      0.550956428             114          60
   15.1648760      0.656267762             118          53
   11.5414095      0.588407695             118          60
   25.0000000      0.793716013               1          34
   21.3765335      0.488836199              14          41
   17.2354279      0.651908636              14          49
   12.0590477      0.508341074              17          59
   21.8941708      0.738867998              26          40
   18.7883434      0.573233843              75          46
   25.0000000      0.746091962              85          34
   6.88266754      0.553934991             110          69
   15.1648760      0.495157063             118          53
   21.3765335      0.540134847              14          41
   17.2354279      0.617930949              14          49
   12.5766859      0.605828643              16          58
   25.0000000      0.691330314              20          34
   18.2707043      0.700393438              45          47
   6.36502838      0.420903474              45          70
   18.7883434      0.597374916              75          46
   7.40030479      0.506245911             102          68
   12.0590477      0.564210773             120          59
   12.5766859      0.685022175              16          58
   25.0000000      0.736407340              20          34
   18.2707043      0.644027293              45          47
   6.36502838      0.661153913              45          70
   8.43558121      0.420706868              59          66
   21.3765335      0.740677357              78          41
   25.0000000      0.635977566              91          34
   7.40030479      0.548534632             102          68
   15.1648760      0.747219920             116          53
   12.0590477      0.630201995             120          59
   25.0000000      0.752354026               1          34
   14.6472378      0.641813874               7          54
   8.43558121      0.460666358              59          66
   21.3765335      0.672013581              78          41
   22.4118099      0.554097533              81          39
   25.0000000      0.636245489              91          34
   12.0590477      0.642943621             100          59
   15.1648760      0.671640158             116          53
   25.0000000      0.716538727               1          34
   14.6472378      0.553662300               7          54
   20.8588943      0.527381241              21          42
   21.3765335      0.626267910              27          41
   15.6825142      0.325105578              35          52
   22.4118099      0.518222094              81          39
   12.0590477      0.589651167             100          59
   23.4470863      0.629481256             116          37
   20.3412571      0.695768833              13          43
   11.5414095      0.510245621              17          60
   20.8588943      0.501700044              21          42
   21.3765335      0.587582767              27          41
   7.40030479      0.445981801              29          68
   15.6825142      0.417186916              35          52
   8.95321846      0.571739078              52          65
   14.1296005      0.500648916              60          55
   13.6119623      0.462798238              85          56
   23.4470863      0.642047644             116          37
   20.3412571      0.733236253              13          43
   11.5414095      0.667184770              17          60
   7.40030479      0.388021588              29          68
   8.95321846      0.730009079              52          65
   9.47085762      0.729543388              55          64
   14.1296005      0.481254399              60          55
   18.2707043      0.623737812              66          47
   13.6119623      0.618340015              85          56
   7.40030479      0.407884449              93          68
   17.7530670      0.643947124             101          48
   6.88266754      0.423867226             113          69
   13.6119623      0.661515296             121          56
   11.5414095      0.526593208              17          60
   8.43558121      0.293236971              20          66
   18.7883434      0.562160969              44          46
   14.1296005      0.748995245              50          55
   9.47085762      0.504557908              55          64
   18.2707043      0.565873623              66          47
   24.4823627      0.731192946              77          35
   7.40030479      0.418056905              93          68
   17.7530670      0.547568142             101          48
   6.88266754      0.416268349             113          69
   13.6119623      0.625591576             121          56
   20.8588943      0.715252638               5          42
   25.0000000      0.927720666              15          34
   11.5414095      0.503978670              17          60
   20.3412571      0.821777999              18          43
   8.43558121      0.457523823              20          66
   12.5766859      0.313340336              30          58
   18.7883434      0.634096980              44          46
   14.1296005      0.741976857              50          55
   7.91794395      0.689910889              60          67
   24.4823627      0.766397476              77          35
   20.8588943      0.774257720               5          42
   25.0000000      0.880129755              15          34
   20.3412571      0.804286838              18          43
   12.5766859      0.430258214              30          58
   23.4470863      0.711572707              36          37
   7.91794395      0.404272616              53          67
   13.0943241      0.620405912              55          57
   7.91794395      0.542665839              60          67
   14.6472378      0.509981513              68          54
   9.98849583      0.362558007              23          63
   23.4470863      0.748404086              36          37
   23.4470863      0.557883143              45          37
   12.5766859      0.812653422              53          58
   7.91794395      0.613199472              53          67
   12.0590477      0.712710202              54          59
   13.0943241      0.770532966              55          57
   12.0590477      0.685192466              55          59
   14.6472378      0.529136539              68          54
   5.84739113      0.507921338               7          71
   19.8236198      0.678707659               8          44
   9.98849583      0.598466873              23          63
   12.5766859      0.782046139              30          58
   12.0590477      0.624022961              31          59
   23.4470863      0.765571654              45          37
   10.5061340      0.894236863              49          62
   12.5766859      0.589485884              53          58
   12.0590477      0.781083465              54          59
   12.0590477      0.788170874              55          59
   10.5061340      0.554013550              63          62
   15.1648760      0.547318101              78          53
   15.6825142      0.694230616             110          52
