   8.43558121      0.386473745              45          66
   9.47085762      0.458184659              79          64
   6.88266754      0.673245490              56          69
   9.47085762      0.577518642              79          64
   6.88266754      0.442117691             117          69
   6.88266754      0.742062807              56          69
   9.47085762      0.515677631              67          64
   6.88266754      0.523062527             117          69
   6.88266754      0.414363354              19          69
   9.47085762      0.592575073              67          64
   6.36502838      0.417228311              88          70
   6.88266754      0.464336783              19          69
   6.36502838      0.437943250              88          70
   8.95321846      0.714265883              91          65
   8.95321846      0.599752426              91          65
   8.95321846      0.556255758              99          65
   8.43558121      0.356032223              81          66
   7.40030479      0.293753177              81          68
   8.95321846      0.551994205              99          65
   7.40030479      0.385231942              73          68
   8.43558121      0.385155499              81          66
   7.40030479      0.392455578              81          68
   6.36502838      0.508401811              94          70
   7.91794395      0.590886354               4          67
   7.91794395      0.384850353              10          67
   9.98849583      0.644815445              26          63
   7.40030479      0.499808043              73          68
   6.36502838      0.559959888              84          70
   6.36502838      0.683383703              94          70
   7.91794395      0.671272278               4          67
   7.91794395      0.436356395              10          67
   9.98849583      0.666555524              26          63
   6.36502838      0.626841724              82          70
   6.36502838      0.525530696              84          70
   6.36502838      0.436628163              82          70
   6.88266754      0.509855211              56          69
   9.98849583      0.393031210              84          63
   7.91794395      0.474746048              85          67
   9.47085762      0.428631812              98          64
   6.88266754      0.505235136              56          69
   9.98849583      0.522955477              84          63
   7.91794395      0.527431548              85          67
   9.47085762      0.535953403              98          64
   8.95321846      0.567272961              64          65
   8.43558121      0.554567397               4          66
   7.40030479      0.447427362              24          68
   8.95321846      0.576700270              64          65
   8.43558121      0.467143893               4          66
   7.40030479      0.309563309              24          68
   9.47085762      0.414137304              70          64
   7.91794395      0.564193606               4          67
   9.47085762      0.383177161              70          64
   7.91794395      0.383217782               4          67
   6.36502838      0.456717134              87          70
   6.36502838      0.534606934              87          70
   8.95321846      0.612736166             102          65
   9.47085762      0.466640174              49          64
   8.95321846      0.585491002             102          65
   9.47085762      0.561084986              49          64
   5.84739113      0.667475343              66          71
   7.91794395      0.530184686             102          67
   5.84739113      0.450945914              66          71
   9.47085762      0.484473914              91          64
   7.91794395      0.445190251             102          67
   9.47085762      0.422415823              91          64
   9.98849583      0.459501773               8          63
   9.98849583      0.442968100               8          63
   6.36502838      0.332049221              83          70
   6.36502838      0.362307340              83          70
   6.36502838      0.303892493             109          70
   7.40030479      0.387540460              41          68
   6.36502838      0.465849996             109          70
   9.98849583      0.753775418              24          63
   7.40030479      0.324579954              41          68
   9.98849583      0.655912340             120          63
   9.98849583      0.653906941              24          63
   9.98849583      0.569265425              91          63
   9.98849583      0.705653667             120          63
   7.40030479      0.515941918              28          68
   9.98849583      0.600241542              42          63
   5.84739113      0.726080000              68          71
   7.91794395      0.391576380              90          67
   9.98849583      0.637471497              91          63
   7.40030479      0.572936296              28          68
   6.36502838      0.572271109              34          70
   9.98849583      0.517445803              42          63
   7.40030479      0.564162076              54          68
   5.84739113      0.667952299              68          71
   7.40030479      0.408486158              79          68
   7.91794395      0.595641613              90          67
   6.36502838      0.460770994              34          70
   7.40030479      0.400411755              54          68
   7.40030479      0.402891189              79          68
   9.47085762      0.658258617              13          64
   9.47085762      0.610888541              13          64
   8.95321846      0.489781141              61          65
   8.95321846      0.706984043              61          65
   9.98849583      0.693315685              36          63
   9.98849583      0.793649614              36          63
   8.95321846      0.698108077             105          65
   8.95321846      0.685050130             105          65
   6.36502838      0.512361109              47          70
   7.91794395      0.338643134              54          67
   6.36502838      0.552037776              47          70
   7.91794395      0.412276953              54          67
   9.47085762      0.526399195             105          64
   9.47085762      0.417884380             105          64
   8.43558121      0.560559571             105          66
   8.43558121      0.530060291              95          66
   8.43558121      0.477994949             105          66
   7.40030479      0.503987372               3          68
   9.98849583      0.630781293              32          63
   8.43558121      0.584275961              95          66
   7.40030479      0.295894861               3          68
   7.40030479      0.525203466              13          68
   9.98849583      0.576189101              32          63
   7.40030479      0.296726555              13          68
   9.98849583      0.391092062              20          63
   9.47085762      0.305545419              27          64
   9.98849583      0.353534251              20          63
   9.47085762      0.418370247              27          64
   9.98849583      0.793778419             105          63
   9.98849583      0.597139657             105          63
   9.98849583      0.617515266             116          63
   9.98849583      0.569172442             116          63
   7.40030479      0.367339075             119          68
   8.43558121      0.594900370              60          66
   7.40030479      0.473623216             119          68
   8.43558121      0.561144352              60          66
   8.43558121      0.484233797             100          66
   8.43558121      0.529567838             100          66
   8.43558121      0.344234020              99          66
   8.43558121      0.595223665              35          66
   9.98849583      0.811855733              51          63
   8.43558121      0.373938769              99          66
   8.43558121      0.698206544              35          66
   9.98849583      0.727482855              51          63
   6.88266754      0.517773747               3          69
   6.36502838      0.468697727              41          70
   6.88266754      0.547546744               3          69
   6.36502838      0.361463130              16          70
   7.40030479      0.502845943              35          68
   6.36502838      0.382842630              41          70
   7.40030479      0.561628997             100          68
   6.36502838      0.696236074              16          70
   5.84739113      0.640806556              30          71
   7.40030479      0.489070594              35          68
   9.47085762      0.594328880              96          64
   7.40030479      0.635567725             100          68
   5.84739113      0.622073591              30          71
   6.36502838      0.539916396              75          70
   9.98849583      0.758630931              94          63
   9.47085762      0.729819834              96          64
   6.88266754      0.371297598              12          69
   6.36502838      0.538568139              75          70
   9.98849583      0.550032854              94          63
   6.88266754      0.579714596              12          69
   9.98849583      0.553164542              30          63
   6.88266754      0.564708769              35          69
   6.88266754      0.685400903             104          69
   9.47085762      0.379759163              12          64
   9.98849583      0.625690937              30          63
   6.88266754      0.427145988              35          69
   6.36502838      0.390210509              82          70
   6.88266754      0.464489251             104          69
   9.47085762      0.580782652              12          64
   5.84739113      0.495945126              64          71
   6.36502838      0.329859823              82          70
   5.84739113      0.369854569              64          71
   9.98849583      0.671075463              67          63
   6.88266754      0.406172633              84          69
   9.98849583      0.521631539              67          63
   6.88266754      0.432849824              84          69
   5.84739113      0.397105336              20          71
   5.84739113      0.614096761              20          71
   7.91794395      0.457676888             116          67
   7.91794395      0.510135770             116          67
   7.91794395      0.654644310              87          67
   7.91794395      0.453062743              87          67
   8.95321846      0.451334059              84          65
   9.98849583      0.417938858             101          63
   8.95321846      0.733839512              84          65
   9.98849583      0.467245489             101          63
   9.47085762      0.639280319              30          64
   8.43558121      0.580911636              86          66
   8.95321846      0.598033309             121          65
   9.47085762      0.549607158              30          64
   9.98849583      0.415914536              52          63
   7.40030479      0.331462830              72          68
   9.47085762      0.618896186              83          64
   8.43558121      0.422712654              86          66
   8.95321846      0.388176650             121          65
   9.98849583      0.413297474              52          63
   7.40030479      0.330432087              72          68
   9.47085762      0.668355644              83          64
   6.88266754      0.498742253             110          69
   6.88266754      0.553934991             110          69
   6.36502838      0.420903474              45          70
   7.40030479      0.506245911             102          68
   6.36502838      0.661153913              45          70
   8.43558121      0.420706868              59          66
   7.40030479      0.548534632             102          68
   8.43558121      0.460666358              59          66
   7.40030479      0.445981801              29          68
   8.95321846      0.571739078              52          65
   7.40030479      0.388021588              29          68
   8.95321846      0.730009079              52          65
   9.47085762      0.729543388              55          64
   7.40030479      0.407884449              93          68
   6.88266754      0.423867226             113          69
   8.43558121      0.293236971              20          66
   9.47085762      0.504557908              55          64
   7.40030479      0.418056905              93          68
   6.88266754      0.416268349             113          69
   8.43558121      0.457523823              20          66
   7.91794395      0.689910889              60          67
   7.91794395      0.404272616              53          67
   7.91794395      0.542665839              60          67
   9.98849583      0.362558007              23          63
   7.91794395      0.613199472              53          67
   5.84739113      0.507921338               7          71
   9.98849583      0.598466873              23          63
