          21          14  -31.8509998      -71.3440018      0.902278602    
          28          68  -31.6790009      -72.4369965      0.572936296    
          34          70  -31.5690002      -72.4710007      0.572271109    
          37          61  -31.5240002      -72.2850037      0.636936247    
          42          63  -31.4319992      -72.3199997      0.517445803    
          46          56  -31.3659992      -72.1729965      0.559092760    
          48          44  -31.3400002      -71.9280014      0.664125741    
          54          68  -31.2110004      -72.4079971      0.564162076    
          56           9  -31.2240009      -71.2109985       1.00000000    
          56          37  -31.2019997      -71.7779999      0.768047035    
          59          46  -31.1399994      -71.9570007      0.767275453    
          68          71  -30.9559994      -72.4530029      0.667952299    
          69          52  -30.9549999      -72.0680008      0.444530994    
          75          45  -30.8530006      -71.9209976      0.489422768    
          77          51  -30.8120003      -72.0390015      0.474496633    
          79          68  -30.7609997      -72.3799973      0.408486158    
          83          32  -30.7199993      -71.6510010      0.909986258    
          84          15  -30.7150002      -71.3069992      0.937597990    
          90          67  -30.5629997      -72.3479996      0.595641613    
         120           4  -30.0739994      -71.0550003      0.915395439    
