          18          28  -31.8939991      -71.6330032      0.748238027    
          19          57  -31.8509998      -72.2229996      0.520406961    
          29          60  -31.6690006      -72.2730026      0.472926795    
          36          63  -31.5400009      -72.3259964      0.793649614    
          39          53  -31.4950008      -72.1200027      0.560148239    
          42          24  -31.4650002      -71.5279999      0.710602582    
          54          23  -31.2490005      -71.4960022      0.499328017    
          56          26  -31.2110004      -71.5550003      0.763511658    
          63          33  -31.0790005      -71.6900024      0.811059713    
          65          13  -31.0590000      -71.2839966      0.879660428    
          77          31  -30.8290005      -71.6360016      0.767353892    
          88          39  -30.6240005      -71.7870026      0.695327997    
          88          45  -30.6189995      -71.9069977      0.751994371    
          93          40  -30.5330009      -71.8020020      0.857574999    
          94          30  -30.5230007      -71.5999985      0.774594009    
         103          30  -30.3610001      -71.5910034      0.751046896    
         105          65  -30.2950001      -72.2910004      0.698108077    
         108           4  -30.2900009      -71.0650024      0.947896123    
         114          10  -30.1779995      -71.1800003       1.00000000    
         118           4  -30.1100006      -71.0559998      0.963591933    
