           5          42  -32.1170006      -71.9319992      0.774257720    
          15          34  -31.9430008      -71.7580032      0.880129755    
          16          15  -31.9400005      -71.3690033      0.745632589    
          18          43  -31.8820000      -71.9380035      0.804286838    
          29          23  -31.7000008      -71.5199966      0.795641780    
          30          58  -31.6520004      -72.2310028      0.430258214    
          35          13  -31.5990009      -71.3109970       1.00000000    
          36          37  -31.5620003      -71.7979965      0.711572707    
          42          14  -31.4729996      -71.3249969      0.760714233    
          53          67  -31.2299995      -72.3889999      0.404272616    
          55          57  -31.2029991      -72.1839981      0.620405912    
          60          67  -31.1040001      -72.3809967      0.542665839    
          61          27  -31.1200008      -71.5709991      0.859899580    
          68          54  -30.9710007      -72.1090012      0.509981513    
          74          23  -30.8889999      -71.4779968      0.709851861    
          87          24  -30.6539993      -71.4860001      0.899289906    
          87          29  -30.6499996      -71.5859985      0.785121322    
          94           9  -30.5389996      -71.1770020      0.914077580    
          99           8  -30.4500008      -71.1529999      0.813244581    
         119          11  -30.0869999      -71.1959991      0.747385383    
