          17          56  -31.8880005      -72.2050018      0.432030797    
          22          17  -31.8309994      -71.4039993      0.990197599    
          22          38  -31.8139992      -71.8320007      0.664989352    
          25          30  -31.7660007      -71.6660004      0.722232640    
          33          35  -31.6180000      -71.7600021      0.718290031    
          39          60  -31.4880009      -72.2620010      0.653113127    
          44          40  -31.4160004      -71.8509979      0.820931077    
          46          12  -31.4020004      -71.2809982      0.930844069    
          51          46  -31.2849998      -71.9649963      0.531000257    
          57          40  -31.1819992      -71.8379974      0.605372846    
          57          48  -31.1749992      -72.0000000      0.641230583    
          64          65  -31.0340004      -72.3359985      0.567272961    
          66          50  -31.0109997      -72.0309982      0.584877133    
          67          15  -31.0209999      -71.3229980      0.780571580    
          75           3  -30.8859997      -71.0729980      0.894632936    
          81           1  -30.7789993      -71.0279999       1.00000000    
          86          55  -30.6459999      -72.1110001      0.426560789    
          98          36  -30.4459991      -71.7160034      0.813718736    
         102          55  -30.3579998      -72.0940018      0.639499605    
         119           8  -30.0890007      -71.1360016      0.904043794    
