          13          48  -31.9669991      -72.0459976      0.864101291    
          19          15  -31.8859997      -71.3659973      0.959241331    
          26          53  -31.7290001      -72.1340027      0.695248902    
          32          35  -31.6359997      -71.7610016      0.850976288    
          41          51  -31.4599991      -72.0770035      0.687289298    
          49          54  -31.3139992      -72.1299973      0.637976348    
          56          69  -31.1739998      -72.4260025      0.742062807    
          67          64  -30.9799995      -72.3119965      0.515677631    
          73          28  -30.9029999      -71.5800018      0.773699880    
          74          33  -30.8810005      -71.6790009      0.742782950    
          74          49  -30.8680000      -72.0019989      0.723089039    
          80          30  -30.7749996      -71.6129990      0.898310125    
          82          31  -30.7380009      -71.6309967      0.893356085    
          87          22  -30.6550007      -71.4449997       1.00000000    
          92          35  -30.5550003      -71.7020035      0.876560211    
         104          17  -30.3530006      -71.3290024      0.949775934    
         109          31  -30.2520008      -71.6060028      0.678017020    
         117          69  -30.0750008      -72.3580017      0.523062527    
         118          44  -30.0790005      -71.8570023      0.792731106    
         121          23  -30.0419998      -71.4339981      0.704955935    
