           4          66  -32.1129990      -72.4229965      0.554567397    
          15           8  -31.9640007      -71.2269974      0.851014912    
          17          56  -31.8880005      -72.2050018      0.746405005    
          20          36  -31.8519993      -71.7939987      0.651439250    
          24          68  -31.7509995      -72.4410019      0.447427362    
          25          30  -31.7660007      -71.6660004      0.709662557    
          30          19  -31.6849995      -71.4380035      0.884330153    
          33          35  -31.6180000      -71.7600021      0.709912598    
          51          46  -31.2849998      -71.9649963      0.499503613    
          64          65  -31.0340004      -72.3359985      0.576700270    
          66          50  -31.0109997      -72.0309982      0.538075447    
          77          49  -30.8139992      -71.9990005      0.467758775    
          81          22  -30.7639999      -71.4509964       1.00000000    
          86          55  -30.6459999      -72.1110001      0.486786216    
          98          36  -30.4459991      -71.7160034      0.647836149    
         102          55  -30.3579998      -72.0940018      0.553927422    
         105          26  -30.3279991      -71.5090027      0.748305500    
         109          43  -30.2420006      -71.8460007      0.594072878    
         114           2  -30.1840000      -71.0199966      0.854346752    
         119           8  -30.0890007      -71.1360016      0.884742081    
