          17          14  -31.9230003      -71.3479996      0.763846934    
          18          52  -31.8740005      -72.1220016      0.496529907    
          19          15  -31.8859997      -71.3659973      0.750344872    
          22          22  -31.8269997      -71.5059967      0.628404081    
          28          14  -31.7250004      -71.3379974      0.721479058    
          28          16  -31.7229996      -71.3779984      0.598511219    
          31           7  -31.6760006      -71.1930008      0.654613554    
          49          32  -31.3320007      -71.6839981      0.324083537    
          50          33  -31.3129997      -71.7030029      0.473314345    
          55          11  -31.2409992      -71.2519989      0.746382177    
          64           5  -31.0830002      -71.1230011       1.00000000    
          77          24  -30.8339996      -71.4950027      0.575245798    
          84           5  -30.7220001      -71.1060028      0.747816920    
          87          67  -30.6170006      -72.3509979      0.453062743    
          92          10  -30.5739994      -71.1989975      0.932581842    
          96          20  -30.4950008      -71.3970032      0.960046589    
          98          51  -30.4330006      -72.0179977      0.436276436    
         101          29  -30.3980007      -71.5729980      0.716975629    
         114          58  -30.1389999      -72.1409988      0.501733899    
         116          59  -30.1019993      -72.1589966      0.596932530    
