          15           3  -31.9669991      -71.1250000      0.923599660    
          16          27  -31.9309998      -71.6139984      0.833465576    
          17          60  -31.8850002      -72.2860031      0.526593208    
          20          66  -31.8250008      -72.4049988      0.293236971    
          23          26  -31.8059998      -71.5869980      0.811729491    
          30          17  -31.6870003      -71.3970032      0.905892491    
          44          46  -31.4109993      -71.9729996      0.562160969    
          50          12  -31.3299999      -71.2770004      0.879887104    
          50          55  -31.2950001      -72.1490021      0.748995245    
          55          64  -31.1970005      -72.3259964      0.504557908    
          66          47  -31.0130005      -71.9700012      0.565873623    
          72          22  -30.9260006      -71.4589996      0.621918201    
          75           9  -30.8820000      -71.1940002      0.852220356    
          77          35  -30.8250008      -71.7170029      0.731192946    
          83           2  -30.7420006      -71.0459976       1.00000000    
          83          16  -30.7320004      -71.3280029      0.894970000    
          93          68  -30.5079994      -72.3649979      0.418056905    
         101          48  -30.3820000      -71.9540024      0.547568142    
         113          69  -30.1469994      -72.3629990      0.416268349    
         121          56  -30.0149994      -72.0940018      0.625591576    
