           3          46  -32.1489983      -72.0149994      0.661006749    
           3          55  -32.1409988      -72.1989975      0.400330544    
           6          13  -32.1220016      -71.3379974      0.773267806    
           8          27  -32.0750008      -71.6220016      0.917111874    
          12          69  -31.9669991      -72.4749985      0.371297598    
          36          51  -31.5510006      -72.0830002      0.637952924    
          37          16  -31.5610008      -71.3700027      0.834902465    
          40          29  -31.4969997      -71.6320038      0.781101108    
          41          24  -31.4829998      -71.5289993      0.826607049    
          42          40  -31.4519997      -71.8529968      0.725619376    
          56          53  -31.1879997      -72.1019974      0.452077210    
          58          15  -31.1830006      -71.3310013      0.817957938    
          60          50  -31.1189995      -72.0370026      0.477696389    
          75          70  -30.8309994      -72.4250031      0.538568139    
          89          25  -30.6170006      -71.5039978      0.906107426    
          94          63  -30.4950008      -72.2630005      0.550032854    
         100          29  -30.4160004      -71.5739975      0.712165356    
         110          51  -30.2169991      -72.0049973      0.561988890    
         111          21  -30.2240009      -71.4029999      0.939506233    
         119           4  -30.0919991      -71.0559998       1.00000000    
