           3           4  -32.1829987      -71.1559982      0.945743799    
           7          33  -32.0880013      -71.7450027      0.595004320    
          10          15  -32.0480003      -71.3750000      0.960348845    
          13          43  -31.9720001      -71.9440002      0.638224602    
          13          47  -31.9680004      -72.0250015      0.872774541    
          15          31  -31.9459991      -71.6969986      0.663053811    
          15          49  -31.9309998      -72.0640030      0.863421321    
          27          42  -31.7199993      -71.9089966      0.641587198    
          32          46  -31.6270008      -71.9850006      0.509602010    
          39          20  -31.5219994      -71.4499969      0.879762292    
          46          14  -31.3999996      -71.3209991      0.691791356    
          61          38  -31.1110001      -71.7929993      0.495355010    
          67          41  -31.0009995      -71.8479996      0.650383770    
          73          68  -30.8689995      -72.3870010      0.385231942    
          76          24  -30.8519993      -71.4960022      0.594697833    
          81          66  -30.7259998      -72.3369980      0.385155499    
          81          68  -30.7250004      -72.3779984      0.392455578    
          94          70  -30.4890003      -72.4039993      0.508401811    
          96          51  -30.4699993      -72.0199966      0.596364498    
         115          34  -30.1410007      -71.6600037      0.790723324    
