          10          30  -32.0369987      -71.6809998      0.681260705    
          28          25  -31.7159996      -71.5619965      0.849208534    
          31          19  -31.6669998      -71.4369965      0.935059249    
          32          27  -31.6429996      -71.5989990      0.821815848    
          36          16  -31.5790005      -71.3710022       1.00000000    
          37          12  -31.5639992      -71.2890015      0.561771989    
          38          11  -31.5470009      -71.2679977      0.437179953    
          54          59  -31.2189999      -72.2259979      0.639312983    
          62          34  -31.0960007      -71.7109985      0.763437748    
          64          58  -31.0400009      -72.1949997      0.731240213    
          72          53  -30.8999996      -72.0849991      0.796849668    
          75          17  -30.8759995      -71.3560028      0.929494321    
          85          26  -30.6879997      -71.5279999      0.854860067    
          88          38  -30.6250000      -71.7659988      0.817070067    
          92          34  -30.5559998      -71.6819992      0.911920428    
         103          43  -30.3500004      -71.8519974      0.593418896    
         114           2  -30.1840000      -71.0199966      0.893247366    
         115          55  -30.1240005      -72.0800018      0.582299709    
         118          12  -30.1040001      -71.2170029      0.907559812    
         120          33  -30.0520000      -71.6350021      0.753735900    
