           2          36  -32.1759987      -71.8119965      0.628743649    
           3          57  -32.1399994      -72.2399979      0.655465841    
          23          17  -31.8129997      -71.4029999      0.781657696    
          23          59  -31.7779999      -72.2590027      0.621967554    
          25          21  -31.7740002      -71.4830017      0.783467352    
          25          59  -31.7420006      -72.2570038      0.432726353    
          32          40  -31.6320000      -71.8629990      0.716896117    
          33          42  -31.6119995      -71.9029999      0.601882935    
          44          35  -31.4200001      -71.7490005      0.582428694    
          45          62  -31.3789997      -72.2959976      0.479282707    
          60          66  -31.1049995      -72.3610001      0.594900370    
          63          15  -31.0930004      -71.3259964      0.823486745    
          83          43  -30.7110004      -71.8720016      0.770047784    
         106          59  -30.2819996      -72.1699982      0.530771136    
         108           4  -30.2900009      -71.0650024       1.00000000    
         108          42  -30.2609997      -71.8270035      0.669319987    
         114          61  -30.1359997      -72.2009964      0.629889369    
         119          16  -30.0830002      -71.2959976      0.864360929    
         119          68  -30.0400009      -72.3359985      0.473623216    
         120          51  -30.0370007      -71.9950027      0.660345495    
