           4          66  -32.1129990      -72.4229965      0.467143893    
          15           8  -31.9640007      -71.2269974      0.959598720    
          20          14  -31.8689995      -71.3450012      0.896679640    
          20          36  -31.8519993      -71.7939987      0.733861744    
          24          68  -31.7509995      -72.4410019      0.309563309    
          30          19  -31.6849995      -71.4380035      0.872075200    
          33          12  -31.6359997      -71.2919998       1.00000000    
          35          34  -31.5830002      -71.7379990      0.729410231    
          38          54  -31.5119991      -72.1409988      0.441444039    
          41          41  -31.4689999      -71.8740005      0.540409982    
          66           3  -31.0480003      -71.0810013      0.623786330    
          67           8  -31.0259991      -71.1809998      0.715254903    
          70          64  -30.9260006      -72.3089981      0.414137304    
          77          49  -30.8139992      -71.9990005      0.503358722    
          81          22  -30.7639999      -71.4509964      0.851615071    
          98           5  -30.4699993      -71.0940018      0.943451107    
         100          59  -30.3899994      -72.1760025      0.508917212    
         105          26  -30.3279991      -71.5090027      0.774584293    
         109          43  -30.2420006      -71.8460007      0.683976650    
         114           2  -30.1840000      -71.0199966      0.887209237    
