          11          20  -32.0270004      -71.4759979      0.714745104    
          11          52  -32.0000000      -72.1299973      0.472575516    
          24           1  -31.8059998      -71.0759964       1.00000000    
          25          57  -31.7430000      -72.2160034      0.652901828    
          31           2  -31.6800003      -71.0910034      0.914791107    
          34          37  -31.5979996      -71.8000031      0.758197844    
          42          38  -31.4540005      -71.8119965      0.761589468    
          49          22  -31.3400002      -71.4810028      0.863254011    
          61          65  -31.0879993      -72.3389969      0.489781141    
          62          14  -31.1119995      -71.3069992      0.866603971    
          62          22  -31.1060009      -71.4690018      0.825745225    
          67          39  -31.0020008      -71.8069992      0.694939613    
          75          16  -30.8759995      -71.3349991      0.624718487    
          78          21  -30.8180008      -71.4339981      0.852481723    
          84          47  -30.6889992      -71.9520035      0.725529253    
          89          30  -30.6130009      -71.6050034      0.955164850    
          94          53  -30.5039997      -72.0619965      0.555505276    
         105          60  -30.2989998      -72.1910019      0.600708783    
         116          43  -30.1159992      -71.8389969      0.730752349    
         117          62  -30.0809994      -72.2180023      0.634904921    
