          13          23  -31.9880009      -71.5350037      0.603319764    
          17          14  -31.9230003      -71.3479996      0.745605946    
          19          15  -31.8859997      -71.3659973      0.548490644    
          22          22  -31.8269997      -71.5059967      0.740422785    
          28          14  -31.7250004      -71.3379974      0.750256717    
          31           7  -31.6760006      -71.1930008      0.736785471    
          36           6  -31.5869999      -71.1679993      0.745354831    
          50          33  -31.3129997      -71.7030029      0.703374743    
          64           5  -31.0830002      -71.1230011       1.00000000    
          66           3  -31.0480003      -71.0810013      0.842352211    
          67          36  -31.0049992      -71.7470016      0.732882321    
          73          22  -30.9080009      -71.4580002      0.384524018    
          74          19  -30.8920002      -71.3970032      0.420539320    
          84          65  -30.6730003      -72.3140030      0.451334059    
          87          38  -30.6429996      -71.7669983      0.540604651    
          94          16  -30.5340004      -71.3180008      0.767607629    
          96          20  -30.4950008      -71.3970032      0.673187137    
          98          51  -30.4330006      -72.0179977      0.492511690    
         101          63  -30.3689995      -72.2549973      0.417938858    
         116          59  -30.1019993      -72.1589966      0.450655967    
