           1          34  -32.1959991      -71.7720032      0.716538727    
           7          54  -32.0699997      -72.1750031      0.553662300    
           8           4  -32.0929985      -71.1520004      0.894524276    
          21          42  -31.8290005      -71.9150009      0.527381241    
          22          28  -31.8220005      -71.6289978      0.851600230    
          23          17  -31.8129997      -71.4029999      0.663956106    
          27          41  -31.7210007      -71.8880005      0.626267910    
          28          21  -31.7189999      -71.4800034      0.914628983    
          29          13  -31.7080002      -71.3160019      0.631646931    
          35           3  -31.6070004      -71.1080017      0.705710649    
          35          52  -31.5680008      -72.1039963      0.325105578    
          51           2  -31.3190002      -71.0729980       1.00000000    
          71          16  -30.9480000      -71.3389969      0.918705404    
          76           5  -30.8659992      -71.1129990      0.776270092    
          81          39  -30.7500000      -71.7939987      0.518222094    
          82           5  -30.7579994      -71.1070023      0.824302137    
          91          17  -30.5869999      -71.3410034      0.846109152    
         100          59  -30.3899994      -72.1760025      0.589651167    
         106          11  -30.3209991      -71.2070007      0.900455892    
         116          37  -30.1210003      -71.7190018      0.629481256    
