           5          12  -32.1409988      -71.3180008      0.848355830    
          14          47  -31.9500008      -72.0240021      0.599027991    
          22          48  -31.8050003      -72.0360031      0.478369325    
          30          34  -31.6730003      -71.7429962      0.756293595    
          36          12  -31.5820007      -71.2900009      0.888244689    
          44          29  -31.4249992      -71.6279984      0.777355433    
          48          48  -31.3369999      -72.0090027      0.471574068    
          64          11  -31.0779991      -71.2440033       1.00000000    
          66          71  -30.9920006      -72.4550018      0.450945914    
          75          48  -30.8500004      -71.9810028      0.694551408    
          77          49  -30.8139992      -71.9990005      0.596464336    
          85          62  -30.6580009      -72.2529984      0.529052377    
          86          25  -30.6709995      -71.5070038      0.781749964    
          91          37  -30.5709991      -71.7429962      0.643442035    
          91          64  -30.5480003      -72.2860031      0.484473914    
          97          30  -30.4689999      -71.5970001      0.507137597    
         102          67  -30.3470001      -72.3349991      0.445190251    
         110          42  -30.2250004      -71.8249969      0.791495502    
         113          38  -30.1739998      -71.7419968      0.610163212    
         116          14  -30.1389999      -71.2580032      0.702154338    
