          21          48  -31.8230000      -72.0370026      0.670095861    
          30          63  -31.6480007      -72.3330002      0.553164542    
          35          69  -31.5520000      -72.4489975      0.564708769    
          38          10  -31.5480003      -71.2470016      0.982773244    
          42          60  -31.4340000      -72.2590027      0.650019109    
          44          46  -31.4109993      -71.9729996      0.595990241    
          47          62  -31.3430004      -72.2939987      0.903635442    
          48           9  -31.3680000      -71.2180023      0.910039485    
          50          42  -31.3059998      -71.8850021      0.547958314    
          56          34  -31.2049999      -71.7170029      0.766754925    
          62           3  -31.1200008      -71.0839996       1.00000000    
          75          19  -30.8740005      -71.3960037      0.986162007    
          78          38  -30.8050003      -71.7760010      0.743639648    
          79          20  -30.8010006      -71.4120026      0.846505463    
          87          16  -30.6599998      -71.3249969      0.855311632    
          89          50  -30.5970001      -72.0070038      0.521641135    
          92          46  -30.5459995      -71.9229965      0.530463815    
         100          11  -30.4290009      -71.2119980      0.914804637    
         104          69  -30.3090000      -72.3730011      0.685400903    
         120          38  -30.0480003      -71.7350006      0.743135035    
