          13          25  -31.9869995      -71.5759964      0.834472775    
          18          50  -31.8759995      -72.0810013      0.747117519    
          24          36  -31.7789993      -71.7900009      0.722056329    
          25          52  -31.7479992      -72.1149979      0.630267560    
          30           8  -31.6930008      -71.2139969       1.00000000    
          35          66  -31.5550003      -72.3880005      0.698206544    
          45          39  -31.3990002      -71.8300018      0.667433143    
          50           6  -31.3339996      -71.1549988      0.808737218    
          51          63  -31.2700005      -72.3099976      0.727482855    
          52          36  -31.2749996      -71.7620010      0.697562277    
          56          33  -31.2049999      -71.6969986      0.697779238    
          59           4  -31.1739998      -71.1070023      0.981165588    
          77          48  -30.8139992      -71.9789963      0.744874656    
          78          62  -30.7840004      -72.2600021      0.502142191    
          86          23  -30.6730003      -71.4660034      0.744877040    
          89          50  -30.5970001      -72.0070038      0.600601852    
         115          48  -30.1299992      -71.9400024      0.666897058    
         118          51  -30.0730000      -71.9970016      0.628303885    
         119          37  -30.0669994      -71.7160034      0.434253156    
         120          37  -30.0489998      -71.7149963      0.346078485    
