           3          69  -32.1290016      -72.4860001      0.547546744    
          10          14  -32.0489998      -71.3539963      0.808492422    
          16          70  -31.8939991      -72.4909973      0.361463130    
          25          35  -31.7619991      -71.7679977      0.779630601    
          30          13  -31.6900005      -71.3160019      0.831188977    
          32          25  -31.6439991      -71.5579987      0.882638335    
          35          23  -31.5919991      -71.5139999      0.777146518    
          35          54  -31.5660000      -72.1449966      0.768978357    
          35          68  -31.5529995      -72.4290009      0.502845943    
          41          70  -31.4430008      -72.4629974      0.382842630    
          60          21  -31.1429996      -71.4499969       1.00000000    
          76          54  -30.8269997      -72.1009979      0.584381402    
          86          56  -30.6450005      -72.1309967      0.492725879    
          86          56  -30.6450005      -72.1309967      0.492725879    
          90          44  -30.5839996      -71.8850021      0.821369350    
         100          68  -30.3820000      -72.3570023      0.561628997    
         102          23  -30.3840008      -71.4520035      0.813503027    
         106          45  -30.2940006      -71.8889999      0.618062019    
         112          14  -30.2110004      -71.2620010      0.773720026    
         119          14  -30.0849991      -71.2559967      0.804573178    
