          18           2  -31.9139996      -71.1019974      0.558652937    
          28          25  -31.7159996      -71.5619965      0.610346496    
          31          19  -31.6669998      -71.4369965      0.579407632    
          31          27  -31.6609993      -71.5999985       1.00000000    
          32          27  -31.6429996      -71.5989990      0.967114687    
          38          11  -31.5470009      -71.2679977      0.559361637    
          38          61  -31.5060005      -72.2839966      0.329109430    
          53          39  -31.2539997      -71.8219986      0.426221579    
          54          24  -31.2490005      -71.5169983      0.299994946    
          56           5  -31.2269993      -71.1299973      0.609430611    
          59           2  -31.1749992      -71.0670013      0.627659678    
          68          20  -30.9990005      -71.4229965      0.520149589    
          75          17  -30.8759995      -71.3560028      0.651223838    
          84          35  -30.6989994      -71.7099991      0.435626477    
          85          26  -30.6879997      -71.5279999      0.446732730    
         103          43  -30.3500004      -71.8519974      0.489157110    
         109          70  -30.2180004      -72.3870010      0.303892493    
         114           2  -30.1840000      -71.0199966      0.621078789    
         115          55  -30.1240005      -72.0800018      0.410075992    
         120          33  -30.0520000      -71.6350021      0.500977755    
