          13          46  -31.9689999      -72.0049973      0.612035513    
          17          34  -31.9069996      -71.7559967      0.644816697    
          26           3  -31.7689991      -71.1149979      0.898916721    
          30          10  -31.6919994      -71.2539978      0.784816802    
          45          58  -31.3820000      -72.2149963      0.499184638    
          46          37  -31.3820000      -71.7880020      0.677992880    
          46          44  -31.3759995      -71.9300003      0.574546754    
          51          21  -31.3050003      -71.4589996      0.789060533    
          65           4  -31.0650005      -71.1019974      0.619656622    
          67          10  -31.0249996      -71.2210007      0.769937217    
          67          42  -31.0000000      -71.8679962      0.663067758    
          76          27  -30.8500004      -71.5559998      0.671268523    
          77          15  -30.8409996      -71.3130035      0.636652827    
          93          18  -30.5499992      -71.3590012       1.00000000    
          98          31  -30.4500008      -71.6159973      0.745114684    
         100          48  -30.3999996      -71.9550018      0.621974826    
         101           3  -30.4169998      -71.0510025      0.884481966    
         105          66  -30.2940006      -72.3109970      0.560559571    
         117           6  -30.1270008      -71.0970001      0.873412311    
         120          42  -30.0450001      -71.8150024      0.595443130    
