          13          64  -31.9529991      -72.3720016      0.610888541    
          17          53  -31.8910007      -72.1429977      0.534651697    
          24           1  -31.8059998      -71.0759964      0.991517186    
          25          57  -31.7430000      -72.2160034      0.536219537    
          31           2  -31.6800003      -71.0910034      0.880059183    
          33          57  -31.5990009      -72.2080002      0.359564096    
          34          37  -31.5979996      -71.8000031      0.714029968    
          41          47  -31.4640007      -71.9960022      0.613369167    
          56          45  -31.1949997      -71.9400024      0.733403742    
          62          14  -31.1119995      -71.3069992      0.729995131    
          62          22  -31.1060009      -71.4690018      0.791365862    
          66           9  -31.0440006      -71.2020035       1.00000000    
          67          39  -31.0020008      -71.8069992      0.650703192    
          78          21  -30.8180008      -71.4339981      0.793496668    
          93          11  -30.5559998      -71.2190018      0.809805214    
          94          53  -30.5039997      -72.0619965      0.558649659    
          98          59  -30.4260006      -72.1780014      0.585278034    
         106          18  -30.3160000      -71.3479996      0.908426285    
         116          43  -30.1159992      -71.8389969      0.717296660    
         117          62  -30.0809994      -72.2180023      0.652940571    
