           2          31  -32.1800003      -71.7099991      0.711169600    
           8          22  -32.0789986      -71.5199966      0.735285163    
          27          26  -31.7339993      -71.5830002      0.710979998    
          30          13  -31.6900005      -71.3160019      0.875135303    
          35           4  -31.6060009      -71.1279984       1.00000000    
          37          22  -31.5569992      -71.4919968      0.734159887    
          54          56  -31.2220001      -72.1650009      0.568729997    
          60          44  -31.1240005      -71.9160004      0.399966687    
          66          36  -31.0230007      -71.7480011      0.659729183    
          67          44  -30.9979992      -71.9079971      0.476586103    
          73          16  -30.9120007      -71.3369980      0.770587921    
          79          25  -30.7970009      -71.5130005      0.912524700    
          82           8  -30.7560005      -71.1679993      0.734067798    
          87          58  -30.6259995      -72.1699982      0.600472331    
          92          53  -30.5400009      -72.0640030      0.345149517    
          94          19  -30.5319996      -71.3789978      0.894577980    
         106          14  -30.3190002      -71.2669983      0.874687016    
         109          32  -30.2509995      -71.6259995      0.663102269    
         116          67  -30.0949993      -72.3190002      0.457676888    
         118          42  -30.0809994      -71.8170013      0.647801280    
