           1          49  -32.1829987      -72.0790024      0.765826225    
          16          45  -31.9160004      -71.9810028      0.538847804    
          18          30  -31.8929996      -71.6729965      0.635105073    
          23           6  -31.8209991      -71.1790009       1.00000000    
          26          31  -31.7479992      -71.6859970      0.726260364    
          27          43  -31.7199993      -71.9290009      0.568263590    
          30          64  -31.6469994      -72.3529968      0.639280319    
          39          50  -31.4969997      -72.0589981      0.630199969    
          49          58  -31.3099995      -72.2109985      0.590199888    
          64          12  -31.0779991      -71.2649994      0.741690576    
          64          54  -31.0429993      -72.1139984      0.539604783    
          66           7  -31.0450001      -71.1620026      0.900609732    
          74          26  -30.8869991      -71.5380020      0.591933429    
          79          20  -30.8010006      -71.4120026      0.917847991    
          86          66  -30.6359997      -72.3320007      0.580911636    
         102          21  -30.3859997      -71.4110031      0.842319846    
         105           3  -30.3449993      -71.0469971      0.865927994    
         107          21  -30.2959995      -71.4069977      0.798773646    
         117          22  -30.1149998      -71.4179993      0.693145812    
         121          65  -30.0070000      -72.2740021      0.598033309    
