          10          32  -32.0349998      -71.7220001      0.769569814    
          12          52  -31.9820004      -72.1279984      0.653370917    
          14          52  -31.9459991      -72.1259995      0.534955621    
          24          62  -31.7570000      -72.3190002      0.576391399    
          25          61  -31.7399998      -72.2979965      0.666811943    
          30          37  -31.6709995      -71.8040009      0.757845104    
          49          18  -31.3430004      -71.4000015      0.902227581    
          64          71  -31.0279999      -72.4570007      0.369854569    
          68          10  -31.0070000      -71.2210007      0.904542863    
          84          62  -30.6760006      -72.2539978      0.427539676    
          88          60  -30.6060009      -72.2089996      0.751606941    
          92          22  -30.5650005      -71.4410019      0.709899008    
          93          13  -30.5540009      -71.2590027      0.768108547    
          95           6  -30.5230007      -71.1159973      0.961967051    
         101          20  -30.4050007      -71.3919983      0.774176657    
         105          37  -30.3190002      -71.7300034      0.764046848    
         106           2  -30.3279991      -71.0260010      0.825302064    
         110           9  -30.2509995      -71.1630020      0.872313142    
         120          39  -30.0470009      -71.7549973      0.593172073    
         121          54  -30.0160007      -72.0540009      0.750300467    
