           1           1  -31.7269993      -71.7409973       2.7223635697737336E-002
           1           2  -31.7269993      -71.7409973       2.7223594021052122E-002
           1           3  -31.7269993      -71.7409973       2.7223614510148764E-002
           1           4  -31.7269993      -71.7409973       2.8208399831783026E-002
           1           5  -31.7269993      -71.7409973       2.8208384464960545E-002
           1           6  -31.7269993      -71.7409973       2.7223614510148764E-002
           1           7  -31.7269993      -71.7409973       2.7223635697737336E-002
           1           8  -31.7269993      -71.7409973       2.7223635697737336E-002
           1           9  -31.7269993      -71.7409973       2.7223614510148764E-002
           1          10  -31.7269993      -71.7409973       2.7223614510148764E-002
           1          11  -31.7269993      -71.7409973       2.7223594021052122E-002
           2           1  -31.7089996      -71.7409973       3.3636040054261684E-002
           2           2  -31.7089996      -71.7409973       3.3636029344052076E-002
           2           3  -31.7089996      -71.7409973       3.3636023290455341E-002
           2           4  -31.7089996      -71.7409973       3.3636037260293961E-002
           2           5  -31.7089996      -71.7409973       3.3636009320616722E-002
           2           6  -31.7089996      -71.7409973       3.3636044710874557E-002
           2           7  -31.7089996      -71.7409973       3.3636040054261684E-002
           2           8  -31.7089996      -71.7409973       3.3636040054261684E-002
           2           9  -31.7089996      -71.7409973       3.6527819931507111E-002
           2          10  -31.7089996      -71.7409973       3.3636007457971573E-002
           2          11  -31.7089996      -71.7409973       3.3636029344052076E-002
           3           1  -31.6910000      -71.7409973       3.9651596918702126E-002
           3           2  -31.6910000      -71.7409973       3.9651606231927872E-002
           3           3  -31.6910000      -71.7409973       3.9651596918702126E-002
           3           4  -31.6910000      -71.7409973       4.0111490525305271E-002
           3           5  -31.6910000      -71.7409973       4.0111490525305271E-002
           3           6  -31.6910000      -71.7409973       3.9651600643992424E-002
           3           7  -31.6910000      -71.7409973       3.9651596918702126E-002
           3           8  -31.6910000      -71.7409973       3.9651601575314999E-002
           3           9  -31.6910000      -71.7409973       3.9651601575314999E-002
           3          10  -31.6910000      -71.7409973       3.9651601575314999E-002
           3          11  -31.6910000      -71.7409973       3.9651606231927872E-002
           4           1  -31.6730003      -71.7409973       3.8046122179366648E-002
           4           2  -31.6730003      -71.7409973       3.8046138361096382E-002
           4           3  -31.6730003      -71.7409973       3.8046130910515785E-002
           4           4  -31.6730003      -71.7409973       3.8046119734644890E-002
           4           5  -31.6730003      -71.7409973       3.8046122179366648E-002
           4           6  -31.6730003      -71.7409973       3.8046121597290039E-002
           4           7  -31.6730003      -71.7409973       3.8046122179366648E-002
           4           8  -31.6730003      -71.7409973       3.8046122179366648E-002
           4           9  -31.6730003      -71.7409973       3.3758328761905432E-002
           4          10  -31.6730003      -71.7409973       3.8046121597290039E-002
           4          11  -31.6730003      -71.7409973       3.8046138361096382E-002
           5           1  -31.6550007      -71.7409973       2.3859036737121642E-002
           5           2  -31.6550007      -71.7409973       2.3859074921347201E-002
           5           3  -31.6550007      -71.7409973       2.3859058623202145E-002
           5           4  -31.6550007      -71.7409973       2.3859051172621548E-002
           5           5  -31.6550007      -71.7409973       2.3859036737121642E-002
           5           6  -31.6550007      -71.7409973       2.3859042325057089E-002
           5           7  -31.6550007      -71.7409973       2.3859036737121642E-002
           5           8  -31.6550007      -71.7409973       2.3859058623202145E-002
           5           9  -31.6550007      -71.7409973       2.3859049309976399E-002
           5          10  -31.6550007      -71.7409973       2.3859036737121642E-002
           5          11  -31.6550007      -71.7409973       2.3859074921347201E-002
           6           1  -31.6369991      -71.7409973       2.1918913815170527E-002
           6           2  -31.6369991      -71.7409973       2.1918928716331720E-002
           6           3  -31.6369991      -71.7409973       2.1918913815170527E-002
           6           4  -31.6369991      -71.7409973       2.1918924991041422E-002
           6           5  -31.6369991      -71.7409973       2.1918913815170527E-002
           6           6  -31.6369991      -71.7409973       2.1918924991041422E-002
           6           7  -31.6369991      -71.7409973       2.1918913815170527E-002
           6           8  -31.6369991      -71.7409973       2.1918923128396273E-002
           6           9  -31.6369991      -71.7409973       2.0958346314728260E-002
           6          10  -31.6369991      -71.7409973       3.2973844063235447E-003
           6          11  -31.6369991      -71.7409973       3.2973874331219122E-003
           7           1  -31.6189995      -71.7409973       2.8089376166462898E-002
           7           2  -31.6189995      -71.7409973       2.8089371277019382E-002
           7           3  -31.6189995      -71.7409973       2.8089378960430622E-002
           7           4  -31.6189995      -71.7409973       2.8089385479688644E-002
           7           5  -31.6189995      -71.7409973       2.3570566670969129E-002
           7           6  -31.6189995      -71.7409973       2.8089364757761359E-002
           7           7  -31.6189995      -71.7409973       2.8089376166462898E-002
           7           8  -31.6189995      -71.7409973       2.8089376166462898E-002
           7           9  -31.6189995      -71.7409973       2.8089387807995081E-002
           7          10  -31.6189995      -71.7409973       2.8089376166462898E-002
           7          11  -31.6189995      -71.7409973       2.8089371277019382E-002
           8           1  -31.6009998      -71.7409973       4.0160187520086765E-002
           8           2  -31.6009998      -71.7409973       4.0160170290619135E-002
           8           3  -31.6009998      -71.7409973       4.0160180651582778E-002
           8           4  -31.6009998      -71.7409973       4.0160188451409340E-002
           8           5  -31.6009998      -71.7409973       4.0160187520086765E-002
           8           6  -31.6009998      -71.7409973       4.0160186239518225E-002
           8           7  -31.6009998      -71.7409973       4.0160187520086765E-002
           8           8  -31.6009998      -71.7409973       4.0160187520086765E-002
           8           9  -31.6009998      -71.7409973       3.7390607409179211E-002
           8          10  -31.6009998      -71.7409973       4.0160182514227927E-002
           8          11  -31.6009998      -71.7409973       4.0160174015909433E-002
           9           1  -31.5830002      -71.7409973       3.8266214076429605E-002
           9           2  -31.5830002      -71.7409973       3.8266221527010202E-002
           9           3  -31.5830002      -71.7409973       3.8266214076429605E-002
           9           4  -31.5830002      -71.7409973       3.9077798486687243E-002
           9           5  -31.5830002      -71.7409973       3.9077805937267840E-002
           9           6  -31.5830002      -71.7409973       3.8266223389655352E-002
           9           7  -31.5830002      -71.7409973       3.8266214076429605E-002
           9           8  -31.5830002      -71.7409973       3.8266215939074755E-002
           9           9  -31.5830002      -71.7409973       3.8266215939074755E-002
           9          10  -31.5830002      -71.7409973       3.8266215939074755E-002
           9          11  -31.5830002      -71.7409973       3.8266221527010202E-002
          10           1  -31.5650005      -71.7409973       3.3081754110753536E-002
          10           2  -31.5650005      -71.7409973       3.4302326850593090E-002
          10           3  -31.5650005      -71.7409973       3.3081744797527790E-002
          10           4  -31.5650005      -71.7409973       3.3081756904721260E-002
          10           5  -31.5650005      -71.7409973       3.3081743633374572E-002
          10           6  -31.5650005      -71.7409973       3.3081744797527790E-002
          10           7  -31.5650005      -71.7409973       3.3081754110753536E-002
          10           8  -31.5650005      -71.7409973       3.3081754110753536E-002
          10           9  -31.5650005      -71.7409973       3.5408164840191603E-002
          10          10  -31.5650005      -71.7409973       3.4302325919270515E-002
          10          11  -31.5650005      -71.7409973       3.3081743866205215E-002
          11           1  -31.5470009      -71.7409973       2.6643212011549622E-002
          11           2  -31.5470009      -71.7409973       2.6643218530807644E-002
          11           3  -31.5470009      -71.7409973       2.6643214805517346E-002
          11           4  -31.5470009      -71.7409973       2.7737534255720675E-002
          11           5  -31.5470009      -71.7409973       2.7737537049688399E-002
          11           6  -31.5470009      -71.7409973       2.6643214805517346E-002
          11           7  -31.5470009      -71.7409973       2.6643212011549622E-002
          11           8  -31.5470009      -71.7409973       2.6643212011549622E-002
          11           9  -31.5470009      -71.7409973       2.6643214805517346E-002
          11          10  -31.5470009      -71.7409973       2.6643214805517346E-002
          11          11  -31.5470009      -71.7409973       2.6643218530807644E-002
