   23.4470863      0.632633865               3          37
   23.9647236      0.653155386              10          36
   18.7883434      0.775442600              40          46
   19.8236198      0.793778658              43          44
   8.43558121      0.490201563              45          66
   16.2001534      0.731096387              47          51
   15.1648760      0.706696332              54          53
   11.0237713      0.516178846              59          61
   13.6119623      0.643212259              69          56
   24.4823627      0.769584298              79          35
   9.47085762      0.869233966              79          64
   10.5061340      0.839508712              80          62
   17.7530670      0.730129361              91          48
   23.4470863      0.703807175               3          37
   17.7530670      0.781261444              13          48
   15.1648760      0.697971463              26          53
   18.7883434      0.717911124              40          46
   16.2001534      0.749088824              41          51
   16.2001534      0.771411657              47          51
   14.6472378      0.834665596              49          54
   15.1648760      0.742650509              54          53
   6.88266754      0.644887209              56          69
   24.4823627      0.948312104              79          35
   9.47085762      0.861576259              79          64
   10.5061340      0.777355134              80          62
   24.4823627      0.886806190              92          35
   6.88266754      0.485358417             117          69
   17.7530670      0.823222220              13          48
   15.1648760      0.734370589              26          53
   24.4823627      0.892624497              32          35
   16.2001534      0.750618994              41          51
   14.6472378      0.701855600              49          54
   6.88266754      0.633930624              56          69
   9.47085762      0.661747038              67          64
   17.2354279      0.563656867              74          49
   24.4823627      0.772178292              92          35
   6.88266754      0.519992530             117          69
   19.8236198      0.756958604             118          44
   6.88266754      0.496589661              19          69
   24.4823627      0.778581798              32          35
   20.3412571      0.603446960              49          43
   19.3059807      0.559520662              67          45
   9.47085762      0.586587369              67          64
   17.2354279      0.532283545              74          49
   12.5766859      0.552935779              82          58
   6.36502838      0.519782901              88          70
   19.8236198      0.619516432             118          44
   6.88266754      0.466319799              19          69
   17.7530670      0.773622394              42          48
   20.3412571      0.731542408              49          43
   17.2354279      0.576896846              61          49
   19.3059807      0.686149836              67          45
   21.3765335      0.566359758              75          41
   12.5766859      0.532132506              82          58
   6.36502838      0.480159074              88          70
   25.0000000      0.750082552              99          34
   22.9294472      0.865456402             115          38
   23.9647236      0.723572791              12          36
   17.7530670      0.695922077              42          48
   17.2354279      0.567134559              61          49
   21.3765335      0.725070953              75          41
   15.1648760      0.589627624              86          53
   19.3059807      0.660405397              91          45
   8.95321846      0.726447821              91          65
   25.0000000      0.875815928              99          34
   22.9294472      0.633186936             115          38
   17.2354279      0.505608141             121          49
   13.6119623      0.674198091               8          56
   23.9647236      0.727736413              12          36
   22.9294472      0.724558234              18          38
   15.1648760      0.562524796              37          53
   16.2001534      0.589776993              63          51
   13.0943241      0.535822392              71          57
   18.2707043      0.599696040              73          47
   15.1648760      0.551524699              86          53
   19.3059807      0.627875686              91          45
   8.95321846      0.589075267              91          65
   8.95321846      0.630475640              99          65
   17.2354279      0.544983923             121          49
   13.6119623      0.838040233               8          56
   18.2707043      0.689087391              13          47
   22.9294472      0.826708376              18          38
   18.7883434      0.721476376              32          46
   15.1648760      0.525809586              37          53
   22.9294472      0.655400515              61          38
   16.2001534      0.529711545              63          51
   21.3765335      0.905611575              67          41
   13.0943241      0.578523815              71          57
   18.2707043      0.535553694              73          47
   8.43558121      0.460051239              81          66
   7.40030479      0.364995658              81          68
   16.2001534      0.635462642              96          51
   8.95321846      0.675100029              99          65
   20.3412571      0.473899484              13          43
   18.2707043      0.792409062              13          47
   17.2354279      0.837392807              15          49
   20.8588943      0.702525795              27          42
   18.7883434      0.492575884              32          46
   22.9294472      0.540735960              61          38
   21.3765335      0.714996099              67          41
   7.40030479      0.402111292              73          68
   8.43558121      0.427909702              81          66
   7.40030479      0.307492852              81          68
   6.36502838      0.499167502              94          70
   16.2001534      0.610311866              96          51
   25.0000000      0.784252763             115          34
   7.91794395      0.529324174               4          67
   7.91794395      0.411867559              10          67
   20.3412571      0.474338740              13          43
   17.2354279      0.657221437              15          49
   9.98849583      0.612684667              26          63
   20.8588943      0.727338493              27          42
   21.3765335      0.690969110              49          41
   24.4823627      0.580919325              51          35
   22.9294472      0.709313154              69          38
   7.40030479      0.414788485              73          68
   6.36502838      0.466554493              84          70
   6.36502838      0.529508233              94          70
   25.0000000      0.800007820             115          34
   7.91794395      0.643271744               4          67
   15.6825142      0.710526764               7          52
   7.91794395      0.495488971              10          67
   19.8236198      0.772050381              15          44
   10.5061340      0.647699475              17          62
   9.98849583      0.673449636              26          63
   21.3765335      0.798244119              49          41
   24.4823627      0.691549480              51          35
   22.9294472      0.787837446              69          38
   14.1296005      0.700797975              71          55
   6.36502838      0.580726266              82          70
   6.36502838      0.585514486              84          70
   11.0237713      0.551558614              89          61
   15.6825142      0.516698599               7          52
   19.8236198      0.493217021              15          44
   10.5061340      0.659013569              17          62
   14.1296005      0.654996455              44          55
   18.2707043      0.571130097              50          47
   20.8588943      0.671769619              64          42
   14.1296005      0.582920074              71          55
   17.2354279      0.682245970              81          49
   6.36502838      0.493681341              82          70
   12.5766859      0.510483742              89          58
   11.0237713      0.385852575              89          61
   22.4118099      0.670009673              91          39
   14.1296005      0.674907386              44          55
   18.2707043      0.649515569              50          47
   6.88266754      0.635022402              56          69
   20.8588943      0.608728886              64          42
   17.2354279      0.681268990              81          49
   9.98849583      0.582622409              84          63
   7.91794395      0.579598248              85          67
   12.5766859      0.476053268              89          58
   22.4118099      0.526394665              91          39
   23.4470863      0.472946584              92          37
   9.47085762      0.616126478              98          64
   18.7883434      0.494371086             110          46
   16.2001534      0.646212757             114          51
   19.8236198      0.608105302              42          44
   6.88266754      0.571970642              56          69
   14.6472378      0.579769850              75          54
   9.98849583      0.507228434              84          63
   7.91794395      0.513215899              85          67
   15.1648760      0.399418145              90          53
   23.4470863      0.638440967              92          37
   9.47085762      0.595958769              98          64
   18.7883434      0.526193380             110          46
   17.2354279      0.550179124             113          49
   16.2001534      0.550739408             114          51
   22.9294472      0.796228886              22          38
   11.5414095      0.622641683              39          60
   19.8236198      0.808192849              42          44
   21.8941708      0.888747096              44          40
   21.8941708      0.605847836              57          40
   17.7530670      0.596731663              57          48
   14.6472378      0.648840249              75          54
   15.1648760      0.587905943              90          53
   17.2354279      0.661229610             113          49
   13.6119623      0.450211823              17          56
   22.9294472      0.768282115              22          38
   24.4823627      0.807594955              33          35
   11.5414095      0.509563386              39          60
   21.8941708      0.922450125              44          40
   18.7883434      0.534176409              51          46
   21.8941708      0.604768515              57          40
   17.7530670      0.591290712              57          48
   8.95321846      0.629801333              64          65
   16.7177906      0.698686898              66          50
   14.1296005      0.505556703              86          55
   23.9647236      0.765076935              98          36
   14.1296005      0.577649832             102          55
   8.43558121      0.503098667               4          66
   13.6119623      0.673195660              17          56
   23.9647236      0.783765256              20          36
   7.40030479      0.601920545              24          68
   24.4823627      0.804519594              33          35
   18.7883434      0.734755516              51          46
   8.95321846      0.677239418              64          65
   16.7177906      0.635203779              66          50
   17.2354279      0.600954652              77          49
   14.1296005      0.567638397              86          55
   23.9647236      0.676159918              98          36
   14.1296005      0.596968234             102          55
   20.3412571      0.619627655             109          43
   8.43558121      0.470513970               4          66
   23.9647236      0.729838371              20          36
   7.40030479      0.417382777              24          68
   25.0000000      0.815268517              35          34
   14.6472378      0.551560402              38          54
   21.3765335      0.730897248              41          41
   9.47085762      0.531102657              70          64
   17.2354279      0.473100156              77          49
   12.0590477      0.647594392             100          59
   20.3412571      0.705746949             109          43
   7.91794395      0.582930207               4          67
   25.0000000      0.688388228              19          34
   19.8236198      0.575435817              20          44
   25.0000000      0.766383410              35          34
   14.6472378      0.411956698              38          54
   21.3765335      0.488645107              41          41
   20.8588943      0.727239788              50          42
   9.47085762      0.519895673              70          64
   20.8588943      0.563008904              75          42
   12.0590477      0.600284040             100          59
   19.3059807      0.649483144             109          45
   7.91794395      0.506047070               4          67
   25.0000000      0.798843801              19          34
   19.8236198      0.714138925              20          44
   25.0000000      0.807667792              40          34
   17.7530670      0.800128460              46          48
   11.5414095      0.604367018              46          60
   20.8588943      0.716532409              50          42
   11.5414095      0.588794172              71          60
   20.8588943      0.644951344              75          42
   6.36502838      0.475104064              87          70
   19.3059807      0.583598137             109          45
   21.3765335      0.532638550              32          41
   12.5766859      0.677373767              35          58
   25.0000000      0.748252988              40          34
   17.7530670      0.754648268              46          48
   11.5414095      0.638454497              46          60
   13.6119623      0.558479786              66          56
   11.5414095      0.678091168              71          60
   12.0590477      0.640474379              74          59
   17.7530670      0.612630546              79          48
   6.36502838      0.512470722              87          70
   18.2707043      0.523243725             102          47
   8.95321846      0.605487347             102          65
   12.5766859      0.579957426              16          58
   21.3765335      0.706379473              32          41
   14.1296005      0.535127878              32          55
   12.5766859      0.644070804              35          58
   17.2354279      0.592471361              44          49
   9.47085762      0.402454972              49          64
   13.6119623      0.584046364              66          56
   17.7530670      0.724352479              68          48
   12.0590477      0.577904642              74          59
   22.4118099      0.655681431              78          39
   17.7530670      0.627158940              79          48
   21.8941708      0.711478949              87          40
   18.2707043      0.618182003             102          47
   8.95321846      0.599589229             102          65
   21.8941708      0.749695837             118          40
   12.5766859      0.552768946              16          58
   17.7530670      0.710740268              22          48
   14.1296005      0.493585706              32          55
   17.2354279      0.572193742              44          49
   9.47085762      0.521714032              49          64
   5.84739113      0.588867307              66          71
   17.7530670      0.624605834              68          48
   17.7530670      0.840238988              75          48
   17.2354279      0.798100233              77          49
   22.4118099      0.777452230              78          39
   21.8941708      0.731052160              87          40
   7.91794395      0.451215476             102          67
   20.8588943      0.734209001             110          42
   22.9294472      0.792052865             113          38
   21.8941708      0.750241458             118          40
   18.2707043      0.661289096              14          47
   17.7530670      0.535218716              22          48
   25.0000000      0.796083152              30          34
   17.7530670      0.547974408              48          48
   5.84739113      0.453319639              66          71
   17.7530670      0.844389200              75          48
   17.2354279      0.698963463              77          49
   10.5061340      0.556698799              85          62
   23.4470863      0.634684622              91          37
   9.47085762      0.519160211              91          64
   7.91794395      0.548080325             102          67
   20.8588943      0.773521960             110          42
   22.9294472      0.752204597             113          38
   18.2707043      0.681264162              14          47
   25.0000000      0.754653156              30          34
   17.7530670      0.630021811              48          48
   10.5061340      0.473490238              85          62
   23.4470863      0.612914205              91          37
   9.47085762      0.531706393              91          64
   10.5061340      0.586697638             102          62
   20.8588943      0.622005224             106          42
   9.98849583      0.431176335               8          63
   10.5061340      0.597762406             102          62
   20.8588943      0.621868074             106          42
   9.98849583      0.474038273               8          63
   17.2354279      0.614094615              12          49
   6.36502838      0.358987540              83          70
   14.1296005      0.433236033              84          55
   25.0000000      0.582073867              89          34
   19.3059807      0.397863567              91          45
   17.2354279      0.518194616              12          49
   12.0590477      0.566742778              54          59
   25.0000000      0.713971257              62          34
   12.5766859      0.727230906              64          58
   15.1648760      0.651752770              72          53
   6.36502838      0.422415823              83          70
   14.1296005      0.502291501              84          55
   22.9294472      0.844205081              88          38
   25.0000000      0.898489654              89          34
   19.3059807      0.579479277              91          45
   25.0000000      0.881101251              92          34
   12.0590477      0.665433049              54          59
   25.0000000      0.728328049              62          34
   12.5766859      0.631588519              64          58
   15.1648760      0.623293996              72          53
   22.9294472      0.778015375              88          38
   25.0000000      0.766927481              92          34
   20.3412571      0.556349039             103          43
   14.1296005      0.567621768             115          55
   11.0237713      0.302770406              38          61
   22.4118099      0.393886089              53          39
   24.4823627      0.436095536              84          35
   20.3412571      0.441833049             103          43
   6.36502838      0.322705090             109          70
   14.1296005      0.395552456             115          55
   11.0237713      0.622156620              38          61
   7.40030479      0.392308325              41          68
   22.4118099      0.568705738              53          39
   17.7530670      0.678102732              65          48
   10.5061340      0.439484507              70          62
   24.4823627      0.732882261              84          35
   20.8588943      0.645623684              88          42
   11.0237713      0.518909037              88          61
   15.6825142      0.572600424              98          52
   6.36502838      0.499166131             109          70
   11.0237713      0.512287199               6          61
   23.9647236      0.788371861              11          36
   9.98849583      0.649364293              24          63
   18.7883434      0.675727487              25          46
   7.40030479      0.445621103              41          68
   17.7530670      0.607398391              65          48
   10.5061340      0.547482550              70          62
   20.8588943      0.672931075              88          42
   11.0237713      0.542007685              88          61
   15.6825142      0.656695306              98          52
   10.5061340      0.568270326             103          62
   9.98849583      0.705675781             120          63
   11.0237713      0.462158114               6          61
   23.9647236      0.888760865              11          36
   21.8941708      0.687279820              17          40
   9.98849583      0.556666732              24          63
   18.7883434      0.739922345              25          46
   21.3765335      0.730262101              38          41
   23.4470863      0.697210491              81          37
   9.98849583      0.649251819              91          63
   10.5061340      0.415608138             103          62
   13.6119623      0.528638601             105          56
   18.2707043      0.781364977             109          47
   9.98849583      0.725167274             120          63
   21.8941708      0.696523011              17          40
   7.40030479      0.471192449              28          68
   21.3765335      0.719629765              38          41
   9.98849583      0.641245306              42          63
   13.6119623      0.589171946              46          56
   18.7883434      0.719582975              59          46
   5.84739113      0.649387240              68          71
   15.6825142      0.501234531              69          52
   19.3059807      0.573899150              75          45
   16.2001534      0.611467123              77          51
   23.4470863      0.670880139              81          37
   7.91794395      0.652639806              90          67
   9.98849583      0.717391551              91          63
   13.6119623      0.729825020             105          56
   18.2707043      0.739298880             109          47
   7.40030479      0.549735248              28          68
   6.36502838      0.618048012              34          70
   11.0237713      0.577645659              37          61
   9.98849583      0.560683310              42          63
   13.6119623      0.582342029              46          56
   19.8236198      0.585267842              48          44
   7.40030479      0.469622165              54          68
   23.4470863      0.587019265              56          37
   18.7883434      0.634260237              59          46
   5.84739113      0.545960486              68          71
   15.6825142      0.502268195              69          52
   19.3059807      0.552910507              75          45
   16.2001534      0.546047807              77          51
   7.40030479      0.432350725              79          68
   7.91794395      0.537409842              90          67
   16.7177906      0.487552285              18          50
   15.6825142      0.404796451              18          52
   6.36502838      0.476080775              34          70
   11.0237713      0.631388307              37          61
   19.8236198      0.669625580              48          44
   7.40030479      0.504953921              54          68
   23.4470863      0.579985440              56          37
   7.40030479      0.353860855              79          68
   16.7177906      0.664707124              80          50
   23.4470863      0.635171115              84          37
   17.7530670      0.590180695              94          48
   9.47085762      0.546034396              13          64
   15.1648760      0.557139397              17          53
   16.7177906      0.609200239              18          50
   15.6825142      0.422004789              18          52
   13.0943241      0.655609131              33          57
   18.2707043      0.634257615              41          47
   19.3059807      0.588219583              56          45
   16.7177906      0.616088152              80          50
   23.4470863      0.736212075              84          37
   17.7530670      0.676722050              94          48
   12.0590477      0.475759625              98          59
   9.47085762      0.518311560              13          64
   15.1648760      0.604145765              17          53
   13.0943241      0.601793885              25          57
   13.0943241      0.487216949              33          57
   23.4470863      0.688818336              34          37
   18.2707043      0.593915522              41          47
   19.3059807      0.562380314              56          45
   22.4118099      0.624280810              67          39
   15.1648760      0.549568832              94          53
   12.0590477      0.617444098              98          59
   20.3412571      0.625340104             116          43
   10.5061340      0.531649292             117          62
   15.6825142      0.599145055              11          52
   13.0943241      0.689314485              25          57
   23.4470863      0.800632775              34          37
   22.9294472      0.754027009              42          38
   8.95321846      0.620686650              61          65
   22.4118099      0.600306988              67          39
   18.2707043      0.726522028              84          47
   15.1648760      0.561783433              94          53
   11.5414095      0.616209149             105          60
   20.3412571      0.704768360             116          43
   10.5061340      0.544484019             117          62
   12.0590477      0.518894136              10          59
   15.6825142      0.561200380              11          52
   19.3059807      0.597053468              26          45
   18.2707043      0.710488021              29          47
   17.7530670      0.560701370              40          48
   22.9294472      0.712526917              42          38
   18.7883434      0.806481361              55          46
   8.95321846      0.682237387              61          65
   18.2707043      0.743469477              84          47
   18.7883434      0.784621537              86          46
   16.2001534      0.664897263              88          51
   11.5414095      0.614158392             105          60
   21.8941708      0.781144977             111          40
   12.0590477      0.696181357              10          59
   19.3059807      0.580287039              26          45
   18.2707043      0.598831832              29          47
   11.5414095      0.531214774              29          60
   9.98849583      0.656034708              36          63
   15.1648760      0.565634131              39          53
   17.7530670      0.453640521              40          48
   18.7883434      0.723589003              55          46
   18.7883434      0.661739826              86          46
   16.2001534      0.636844337              88          51
   21.8941708      0.709928751              93          40
   21.8941708      0.678758740             111          40
   13.0943241      0.706494212              19          57
   11.5414095      0.597973466              29          60
   9.98849583      0.525424778              36          63
   15.1648760      0.598337352              39          53
   22.4118099      0.890124619              88          39
   19.3059807      0.680552900              88          45
   21.8941708      0.797321975              93          40
   8.95321846      0.654434443             105          65
   10.5061340      0.595684588               2          62
   13.0943241      0.564359963              19          57
   13.6119623      0.577681720              55          56
   25.0000000      0.763620973              74          34
   22.4118099      0.845501184              88          39
   19.3059807      0.725564241              88          45
   8.95321846      0.699158728             105          65
   19.8236198      0.582404077             117          44
   23.9647236      0.647957623             119          36
   10.5061340      0.619124830               2          62
   6.36502838      0.597399950              47          70
   7.91794395      0.351546764              54          67
   13.6119623      0.760358155              55          56
   25.0000000      0.676370621              74          34
   16.7177906      0.659541905              86          50
   13.6119623      0.625594318              96          56
   19.8236198      0.500967920             117          44
   23.9647236      0.680370569             119          36
   6.36502838      0.655563474              47          70
   7.91794395      0.542446434              54          67
   16.7177906      0.801705599              86          50
   15.1648760      0.650801420              89          53
   13.6119623      0.695051670              96          56
   15.6825142      0.655338764              97          52
   15.1648760      0.569268942              89          53
   15.6825142      0.515549719              97          52
   9.47085762      0.594321847             105          64
   13.6119623      0.592935801             106          56
   17.7530670      0.472185194              60          48
   15.1648760      0.462742895              62          53
   20.8588943      0.466757745              94          42
   25.0000000      0.436751753             103          34
   9.47085762      0.478524208             105          64
   13.6119623      0.479178548             106          56
   23.9647236      0.709478617              23          36
   25.0000000      0.719579756              30          34
   24.4823627      0.762539804              48          35
   17.7530670      0.640029192              60          48
   15.1648760      0.537214160              62          53
   20.8588943      0.619985282              94          42
   17.2354279      0.599165857              99          49
   25.0000000      0.743864834             103          34
   25.0000000      0.698465705              17          34
   23.9647236      0.733705699              23          36
   25.0000000      0.878874123              30          34
   19.8236198      0.681334913              46          44
   24.4823627      0.867241204              48          35
   17.2354279      0.592926025              99          49
   20.8588943      0.694944859             120          42
   18.7883434      0.568230510              13          46
   25.0000000      0.703807652              17          34
   12.5766859      0.537247539              45          58
   23.4470863      0.601286829              46          37
   19.8236198      0.584791780              46          44
   20.8588943      0.661088407              67          42
   17.7530670      0.698129416             100          48
   8.43558121      0.509829581             105          66
   20.8588943      0.538954914             120          42
   18.7883434      0.735615611              13          46
   12.5766859      0.431961596              45          58
   23.4470863      0.636186838              46          37
   18.2707043      0.669046164              52          47
   16.2001534      0.463952690              55          51
   20.8588943      0.735961378              67          42
   8.43558121      0.597791672              95          66
   19.3059807      0.531298101              96          45
   17.7530670      0.678193629             100          48
   8.43558121      0.569908142             105          66
   7.40030479      0.540138543               3          68
   18.7883434      0.659475982              25          46
   9.98849583      0.682436287              32          63
   19.3059807      0.652846992              46          45
   16.2001534      0.568136573              49          51
   18.2707043      0.707548797              52          47
   16.2001534      0.541693389              55          51
   12.5766859      0.551551402              82          58
   8.43558121      0.674543381              95          66
   19.3059807      0.500318110              96          45
   15.6825142      0.595773995             109          52
   19.8236198      0.652813196             117          44
   7.40030479      0.477607191               3          68
   7.40030479      0.455277652              13          68
   18.7883434      0.696400583              25          46
   9.98849583      0.565017104              32          63
   19.3059807      0.665176749              46          45
   16.2001534      0.477042437              49          51
   22.4118099      0.578524649              76          39
   12.5766859      0.628954530              82          58
   18.2707043      0.634150207              88          47
   15.6825142      0.548069537             109          52
   20.8588943      0.893356323             117          42
   19.8236198      0.840761840             117          44
   7.40030479      0.354483634              13          68
   9.98849583      0.583898246              20          63
   9.47085762      0.487684309              27          64
   14.6472378      0.402856171              40          54
   24.4823627      0.625909209              65          35
   23.4470863       1.00000000              68          37
   22.9294472      0.982507527              68          38
   22.4118099      0.375759035              76          39
   22.9294472      0.457017571              82          38
   18.2707043      0.456806093              88          47
   15.1648760      0.395815045              89          53
   19.3059807      0.516197801              95          45
   20.8588943      0.636084676             101          42
   20.8588943      0.532448888             117          42
   9.98849583      0.542263746              20          63
   13.0943241      0.480365306              24          57
   9.47085762      0.516254783              27          64
   20.3412571      0.506475568              40          43
   14.6472378      0.492601186              40          54
   18.7883434      0.551588237              57          46
   24.4823627      0.592296839              65          35
   23.4470863       1.00000000              68          37
   22.9294472      0.988447070              68          38
   22.9294472      0.514414549              82          38
   18.2707043      0.427861899              89          47
   15.1648760      0.390231431              89          53
   19.3059807      0.456910968              95          45
   20.8588943      0.452964664             101          42
   18.2707043      0.459964871             110          47
   20.8588943      0.691745043               6          42
   13.0943241      0.532181323              24          57
   17.7530670      0.751773179              27          48
   20.3412571      0.783694625              40          43
   18.7883434      0.734137475              57          46
   21.8941708      0.731381834              60          40
   18.2707043      0.563509822              89          47
   13.0943241      0.599549234              92          57
   9.98849583      0.629427493             105          63
   18.2707043      0.646760285             110          47
   12.0590477      0.641465425             120          59
   20.8588943      0.642353117               6          42
   17.7530670      0.638811111              27          48
   21.8941708      0.670421124              60          40
   23.4470863      0.698414028              74          37
   13.0943241      0.594342411              92          57
   9.98849583      0.655758142             105          63
   16.2001534      0.702536225             114          51
   9.98849583      0.466788739             116          63
   12.0590477      0.595570922             120          59
   23.9647236      0.764628708             121          36
   13.0943241      0.619022727               3          57
   21.8941708      0.886492133              32          40
   20.8588943      0.826965511              33          42
   10.5061340      0.602201283              45          62
   23.4470863      0.698332787              74          37
   12.0590477      0.652786613             106          59
   20.8588943      0.472603023             108          42
   16.2001534      0.805049896             114          51
   9.98849583      0.654766381             116          63
   7.40030479      0.554500639             119          68
   23.9647236      0.790682375             121          36
   23.9647236      0.759938538               2          36
   13.0943241      0.690916896               3          57
   12.0590477      0.512866974              23          59
   12.0590477      0.493053257              25          59
   21.8941708      0.905682981              32          40
   20.8588943      0.756981194              33          42
   24.4823627      0.745430827              44          35
   10.5061340      0.631991982              45          62
   8.43558121      0.628502369              60          66
   20.3412571      0.736119747              83          43
   12.0590477      0.584041297             106          59
   20.8588943      0.660752594             108          42
   11.0237713      0.596958220             114          61
   7.40030479      0.566405952             119          68
   16.2001534      0.609734356             120          51
   23.9647236      0.748203933               2          36
   13.0943241      0.750583827              17          57
   12.0590477      0.479827255              23          59
   12.0590477      0.418628305              25          59
   24.4823627      0.779844522              44          35
   22.9294472      0.747281671              47          38
   8.43558121      0.502033710              60          66
   24.4823627      0.721554458              65          35
   20.8588943      0.662655830              67          42
   13.6119623      0.650111794              75          56
   20.3412571      0.587121129              83          43
   8.43558121      0.565495372             100          66
   11.0237713      0.574853361             114          61
   16.2001534      0.563203394             120          51
   13.0943241      0.578226328              17          57
   24.4823627      0.712111950              22          35
   20.3412571      0.494709373              44          43
   22.9294472      0.695388675              47          38
   24.4823627      0.692018092              65          35
   20.8588943      0.677779913              67          42
   13.6119623      0.665783823              75          56
   11.0237713      0.624730647              90          61
   8.43558121      0.663084805             100          66
   24.4823627      0.812294185              22          35
   17.2354279      0.636058271              24          49
   16.2001534      0.516124427              30          51
   20.3412571      0.557718217              44          43
   25.0000000      0.690899432              80          34
   11.0237713      0.654250145              90          61
   8.43558121      0.496504784              99          66
   21.8941708      0.747132540             117          40
   23.9647236      0.707102895              24          36
   17.2354279      0.634810805              24          49
   16.2001534      0.489490271              30          51
   8.43558121      0.674022377              35          66
   9.98849583      0.828993797              51          63
   10.5061340      0.618177474              78          62
   25.0000000      0.662989438              80          34
   16.7177906      0.601077318              89          50
   8.43558121      0.525359929              99          66
   17.7530670      0.537128568             115          48
   21.8941708      0.704286873             117          40
   16.2001534      0.627342045             118          51
   23.4470863      0.677891433             120          37
   16.7177906      0.726742864              18          50
   23.9647236      0.697330236              24          36
   15.6825142      0.571107328              25          52
   8.43558121      0.626748502              35          66
   22.4118099      0.647874653              45          39
   9.98849583      0.586520970              51          63
   23.9647236      0.639912665              52          36
   17.7530670      0.653864682              77          48
   10.5061340      0.514992714              78          62
   16.7177906      0.633489430              89          50
   17.7530670      0.640108347             115          48
   16.2001534      0.630513072             118          51
   23.4470863      0.306580245             119          37
   23.4470863      0.222695529             120          37
   6.88266754      0.368018538               3          69
   16.7177906      0.668983638              18          50
   24.4823627      0.766982138              25          35
   15.6825142      0.535385072              25          52
   6.36502838      0.440325469              41          70
   22.4118099      0.648291767              45          39
   23.9647236      0.638614118              52          36
   17.7530670      0.702062607              77          48
   13.6119623      0.570118964              86          56
   13.6119623      0.570118964              86          56
   23.4470863      0.704613388             119          37
   6.88266754      0.462677777               3          69
   6.36502838      0.509076655              16          70
   24.4823627      0.813162506              25          35
   14.6472378      0.661252975              35          54
   7.40030479      0.500646532              35          68
   6.36502838      0.448698133              41          70
   14.6472378      0.676507175              76          54
   13.6119623      0.581636369              86          56
   13.6119623      0.581636369              86          56
   19.8236198      0.717415273              90          44
   7.40030479      0.541995466             100          68
   19.3059807      0.711771905             106          45
   23.9647236      0.836581230               6          36
   6.36502838      0.596550465              16          70
   5.84739113      0.627417922              30          71
   14.6472378      0.746420920              35          54
   7.40030479      0.553198576              35          68
   14.6472378      0.671383440              76          54
   25.0000000      0.935223758              80          34
   19.8236198      0.631310463              90          44
   9.47085762      0.631535172              96          64
   7.40030479      0.540793121             100          68
   19.3059807      0.658392549             106          45
   18.7883434      0.651765287               3          46
   23.9647236      0.819251001               6          36
   5.84739113      0.602887809              30          71
   16.2001534      0.712358773              36          51
   16.7177906      0.559308231              60          50
   6.36502838      0.581373394              75          70
   25.0000000      0.916929603              80          34
   9.98849583      0.886481464              94          63
   9.47085762      0.776582241              96          64
   18.7883434      0.673734009               3          46
   14.1296005      0.616134286               3          55
   6.88266754      0.443378150              12          69
   16.2001534      0.519436836              36          51
   21.8941708      0.891334355              42          40
   15.1648760      0.383531213              56          53
   16.7177906      0.655561924              60          50
   6.36502838      0.489273667              75          70
   9.98849583      0.646996915              94          63
   16.2001534      0.707293212             110          51
   14.1296005      0.627745688               3          55
   6.88266754      0.473455667              12          69
   21.8941708      0.865389168              42          40
   11.5414095      0.688663244              42          60
   18.7883434      0.678506136              44          46
   10.5061340      0.592324197              47          62
   20.8588943      0.627840340              50          42
   25.0000000      0.905710876              56          34
   15.1648760      0.658478618              56          53
   16.2001534      0.732739568             110          51
   17.7530670      0.635626733              21          48
   9.98849583      0.419193447              30          63
   6.88266754      0.591619253              35          69
   11.5414095      0.592951417              42          60
   18.7883434      0.631392837              44          46
   10.5061340      0.695309877              47          62
   20.8588943      0.598390222              50          42
   25.0000000      0.783044875              56          34
   22.9294472      0.725628972              78          38
   16.7177906      0.502059221              89          50
   18.7883434      0.584758401              92          46
   6.88266754      0.498446077             104          69
   22.9294472      0.703053474             120          38
   9.47085762      0.673968911              12          64
   17.7530670      0.713930249              21          48
   9.98849583      0.522322476              30          63
   6.88266754      0.496148020              35          69
   16.7177906      0.671438098              44          50
   23.4470863      0.726489246              71          37
   22.9294472      0.760433555              78          38
   6.36502838      0.558828294              82          70
   19.8236198      0.647577643              86          44
   13.0943241      0.707767546              88          57
   16.7177906      0.617686570              89          50
   18.7883434      0.556217611              92          46
   6.88266754      0.469376087             104          69
   22.9294472      0.714871764             120          38
   15.6825142      0.534514368              12          52
   9.47085762      0.738466978              12          64
   15.6825142      0.594809949              14          52
   10.5061340      0.310501695              24          62
   11.0237713      0.327545583              25          61
   16.7177906      0.612468243              44          50
   5.84739113      0.577286482              64          71
   23.4470863      0.703564286              71          37
   6.36502838      0.493581504              82          70
   10.5061340      0.792862594              84          62
   19.8236198      0.653805792              86          44
   13.0943241      0.715662777              88          57
   11.5414095      0.559474826              88          60
   23.4470863      0.721730590             105          37
   22.4118099      0.719562769             120          39
   15.6825142      0.629487097              12          52
   15.6825142      0.687777877              14          52
   10.5061340      0.389128268              24          62
   11.0237713      0.355915576              25          61
   23.4470863      0.763516068              30          37
   5.84739113      0.563850045              64          71
   10.5061340      0.564985275              84          62
   11.5414095      0.688031673              88          60
   23.4470863      0.863927722             105          37
   22.4118099      0.905842960             120          39
   14.6472378      0.830057144             121          54
   25.0000000      0.808847189              23          34
   23.4470863      0.681366622              30          37
   18.2707043      0.670650423              35          47
   9.98849583      0.614484549              67          63
   17.2354279      0.721388221              68          49
   6.88266754      0.442608505              84          69
   12.0590477      0.595195174              91          59
   12.0590477      0.656749487              98          59
   20.8588943      0.693977416             106          42
   14.6472378      0.713641822             121          54
   15.1648760      0.471567929              21          53
   25.0000000      0.767645895              23          34
   18.2707043      0.569158435              35          47
   13.0943241      0.558129132              38          57
   25.0000000      0.675561905              67          34
   9.98849583      0.563095868              67          63
   17.2354279      0.554812670              68          49
   6.88266754      0.433242142              84          69
   12.0590477      0.543049455              91          59
   14.6472378      0.502796054              95          54
   12.0590477      0.517039359              98          59
   20.8588943      0.624501348             106          42
   17.7530670      0.475503057              17          48
   5.84739113      0.534775376              20          71
   15.1648760      0.505362570              21          53
   16.7177906      0.689605534              24          50
   13.0943241      0.509059787              38          57
   19.3059807      0.675942481              49          45
   25.0000000      0.734598696              67          34
   17.2354279      0.687761068              86          49
   14.6472378      0.575423419              95          54
   14.6472378      0.571963489               1          54
   17.7530670      0.596627891              17          48
   19.3059807      0.592656732              18          45
   5.84739113      0.708978951              20          71
   16.7177906      0.658690691              24          50
   19.3059807      0.591691434              49          45
   17.7530670      0.508927166              51          48
   22.4118099      0.749534726              69          39
   17.2354279      0.613137424              86          49
   13.6119623      0.493974745             106          56
   14.6472378      0.481892079               1          54
   19.3059807      0.595134795              18          45
   17.7530670      0.490654647              51          48
   19.8236198      0.520372450              60          44
   23.9647236      0.634085298              66          36
   19.8236198      0.656319916              67          44
   22.4118099      0.732536256              69          39
   12.5766859      0.550364077              87          58
   15.1648760      0.478581160              92          53
   13.6119623      0.584587991             106          56
   13.6119623      0.542872608              54          56
   19.8236198      0.506228864              60          44
   23.9647236      0.656710029              66          36
   19.8236198      0.611736178              67          44
   12.5766859      0.653866053              87          58
   15.1648760      0.520662427              92          53
   7.91794395      0.549937487             116          67
   20.8588943      0.630311310             118          42
   22.9294472      0.704310000               1          38
   23.9647236      0.407131284               2          36
   25.0000000      0.875369072              52          34
   13.6119623      0.613478363              54          56
   13.6119623      0.572134495              65          56
   20.3412571      0.602362216             103          43
   7.91794395      0.546253979             116          67
   20.8588943      0.620517433             118          42
   22.9294472      0.590115130               1          38
   23.9647236      0.481698424               2          36
   15.6825142      0.701865256              18          52
   25.0000000      0.823660791              52          34
   13.6119623      0.672864318              65          56
   7.91794395      0.566007793              87          67
   20.3412571      0.748099029             103          43
   12.5766859      0.607949734             114          58
   15.6825142      0.709812701              18          52
   7.91794395      0.556565881              87          67
   16.2001534      0.488140076              98          51
   12.5766859      0.680013895             114          58
   12.0590477      0.702400804             116          59
   23.9647236      0.658208072              67          36
   8.95321846      0.596084714              84          65
   22.9294472      0.638226688              87          38
   16.2001534      0.532060921              98          51
   9.98849583      0.543752670             101          63
   12.0590477      0.494807780             116          59
   19.3059807      0.582955897              16          45
   20.3412571      0.594035208              27          43
   12.5766859      0.471761584              49          58
   23.9647236      0.707097590              67          36
   8.95321846      0.627852082              84          65
   22.9294472      0.888893008              87          38
   9.98849583      0.552226961             101          63
   17.2354279      0.734080553               1          49
   19.3059807      0.519201696              16          45
   20.3412571      0.514320254              27          43
   9.47085762      0.665597677              30          64
   16.7177906      0.558416605              39          50
   12.5766859      0.556723475              49          58
   14.6472378      0.539455056              64          54
   8.43558121      0.555179775              86          66
   8.95321846      0.574659288             121          65
   17.2354279      0.784489274               1          49
   22.9294472      0.681903720              11          38
   13.6119623      0.614153445              19          56
   9.47085762      0.629569829              30          64
   16.7177906      0.634138107              39          50
   9.98849583      0.605857790              52          63
   15.1648760      0.648456514              55          53
   14.6472378      0.587103426              64          54
   7.40030479      0.470941365              72          68
   9.47085762      0.573255956              83          64
   8.43558121      0.571971595              86          66
   11.5414095      0.503151655             114          60
   11.5414095      0.484211743             118          60
   8.95321846      0.472170949             121          65
   25.0000000      0.772572279               1          34
   22.9294472      0.761392057              11          38
   12.0590477      0.531394064              17          59
   13.6119623      0.763727248              19          56
   21.8941708      0.844074190              26          40
   9.98849583      0.594516456              52          63
   15.1648760      0.595880806              55          53
   7.40030479      0.540158987              72          68
   9.47085762      0.829912901              83          64
   25.0000000      0.950644493              85          34
   6.88266754      0.523532748             110          69
   11.5414095      0.595586717             114          60
   15.1648760      0.626908898             118          53
   11.5414095      0.587011039             118          60
   25.0000000      0.817736208               1          34
   21.3765335      0.612360954              14          41
   17.2354279      0.621585011              14          49
   12.0590477      0.588693857              17          59
   21.8941708      0.709986210              26          40
   18.7883434      0.627537429              75          46
   25.0000000      0.811150372              85          34
   6.88266754      0.531682909             110          69
   15.1648760      0.458383203             118          53
   21.3765335      0.653573871              14          41
   17.2354279      0.636896908              14          49
   12.5766859      0.629294038              16          58
   25.0000000      0.742788613              20          34
   18.2707043      0.578561604              45          47
   6.36502838      0.445906937              45          70
   18.7883434      0.612385929              75          46
   7.40030479      0.395256490             102          68
   12.0590477      0.546694338             120          59
   12.5766859      0.717302144              16          58
   25.0000000      0.748942494              20          34
   18.2707043      0.560379624              45          47
   6.36502838      0.617737174              45          70
   8.43558121      0.494521439              59          66
   21.3765335      0.773699760              78          41
   25.0000000      0.861123919              91          34
   7.40030479      0.445430309             102          68
   15.1648760      0.574147165             116          53
   12.0590477      0.519428790             120          59
   25.0000000      0.781055689               1          34
   14.6472378      0.684629083               7          54
   8.43558121      0.452454656              59          66
   21.3765335      0.816039920              78          41
   22.4118099      0.663324118              81          39
   25.0000000      0.813360393              91          34
   12.0590477      0.524168193             100          59
   15.1648760      0.566571236             116          53
   25.0000000      0.896955311               1          34
   14.6472378      0.670423806               7          54
   20.8588943      0.568677962              21          42
   21.3765335      0.702766955              27          41
   15.6825142      0.559371114              35          52
   22.4118099      0.767517328              81          39
   12.0590477      0.557852685             100          59
   23.4470863      0.666888833             116          37
   20.3412571      0.733691216              13          43
   11.5414095      0.551472962              17          60
   20.8588943      0.535784841              21          42
   21.3765335      0.724114358              27          41
   7.40030479      0.460173041              29          68
   15.6825142      0.518526673              35          52
   8.95321846      0.437998563              52          65
   14.1296005      0.571718454              60          55
   13.6119623      0.540932715              85          56
   23.4470863      0.563098013             116          37
   20.3412571      0.628518641              13          43
   11.5414095      0.604488432              17          60
   7.40030479      0.392896563              29          68
   8.95321846      0.395358920              52          65
   9.47085762      0.530806422              55          64
   14.1296005      0.504447043              60          55
   18.2707043      0.597968578              66          47
   13.6119623      0.621678829              85          56
   7.40030479      0.454585046              93          68
   17.7530670      0.626845837             101          48
   6.88266754      0.437079668             113          69
   13.6119623      0.596353889             121          56
   11.5414095      0.488120884              17          60
   8.43558121      0.511939347              20          66
   18.7883434      0.611873388              44          46
   14.1296005      0.498975009              50          55
   9.47085762      0.577225983              55          64
   18.2707043      0.550405443              66          47
   24.4823627      0.682095885              77          35
   7.40030479      0.473602086              93          68
   17.7530670      0.640484273             101          48
   6.88266754      0.438418567             113          69
   13.6119623      0.582241952             121          56
   20.8588943      0.606295228               5          42
   25.0000000      0.908138275              15          34
   11.5414095      0.634649694              17          60
   20.3412571      0.799752712              18          43
   8.43558121      0.532204032              20          66
   12.5766859      0.423171401              30          58
   18.7883434      0.654859602              44          46
   14.1296005      0.617113590              50          55
   7.91794395      0.698990047              60          67
   24.4823627      0.748237789              77          35
   20.8588943      0.624714136               5          42
   25.0000000      0.779469132              15          34
   20.3412571      0.690709412              18          43
   12.5766859      0.638224959              30          58
   23.4470863      0.603881061              36          37
   7.91794395      0.437071443              53          67
   13.0943241      0.588446438              55          57
   7.91794395      0.457439631              60          67
   14.6472378      0.477634192              68          54
   9.98849583      0.481585324              23          63
   23.4470863      0.582682371              36          37
   23.4470863      0.645590603              45          37
   12.5766859      0.495764434              53          58
   7.91794395      0.450760394              53          67
   12.0590477      0.437544793              54          59
   13.0943241      0.417049527              55          57
   12.0590477      0.386810273              55          59
   14.6472378      0.525579154              68          54
   5.84739113      0.511351526               7          71
   19.8236198      0.689026892               8          44
   9.98849583      0.535647035              23          63
   12.5766859      0.593929410              30          58
   12.0590477      0.341024995              31          59
   23.4470863      0.702106059              45          37
   10.5061340      0.676179349              49          62
   12.5766859      0.689487934              53          58
   12.0590477      0.604402125              54          59
   12.0590477      0.556692362              55          59
   10.5061340      0.583835423              63          62
   15.1648760      0.594298959              78          53
   15.6825142      0.634732366             110          52
