   8.43558121      0.490201563              45          66
   9.47085762      0.869233966              79          64
   6.88266754      0.644887209              56          69
   9.47085762      0.861576259              79          64
   6.88266754      0.485358417             117          69
   6.88266754      0.633930624              56          69
   9.47085762      0.661747038              67          64
   6.88266754      0.519992530             117          69
   6.88266754      0.496589661              19          69
   9.47085762      0.586587369              67          64
   6.36502838      0.519782901              88          70
   6.88266754      0.466319799              19          69
   6.36502838      0.480159074              88          70
   8.95321846      0.726447821              91          65
   8.95321846      0.589075267              91          65
   8.95321846      0.630475640              99          65
   8.43558121      0.460051239              81          66
   7.40030479      0.364995658              81          68
   8.95321846      0.675100029              99          65
   7.40030479      0.402111292              73          68
   8.43558121      0.427909702              81          66
   7.40030479      0.307492852              81          68
   6.36502838      0.499167502              94          70
   7.91794395      0.529324174               4          67
   7.91794395      0.411867559              10          67
   9.98849583      0.612684667              26          63
   7.40030479      0.414788485              73          68
   6.36502838      0.466554493              84          70
   6.36502838      0.529508233              94          70
   7.91794395      0.643271744               4          67
   7.91794395      0.495488971              10          67
   9.98849583      0.673449636              26          63
   6.36502838      0.580726266              82          70
   6.36502838      0.585514486              84          70
   6.36502838      0.493681341              82          70
   6.88266754      0.635022402              56          69
   9.98849583      0.582622409              84          63
   7.91794395      0.579598248              85          67
   9.47085762      0.616126478              98          64
   6.88266754      0.571970642              56          69
   9.98849583      0.507228434              84          63
   7.91794395      0.513215899              85          67
   9.47085762      0.595958769              98          64
   8.95321846      0.629801333              64          65
   8.43558121      0.503098667               4          66
   7.40030479      0.601920545              24          68
   8.95321846      0.677239418              64          65
   8.43558121      0.470513970               4          66
   7.40030479      0.417382777              24          68
   9.47085762      0.531102657              70          64
   7.91794395      0.582930207               4          67
   9.47085762      0.519895673              70          64
   7.91794395      0.506047070               4          67
   6.36502838      0.475104064              87          70
   6.36502838      0.512470722              87          70
   8.95321846      0.605487347             102          65
   9.47085762      0.402454972              49          64
   8.95321846      0.599589229             102          65
   9.47085762      0.521714032              49          64
   5.84739113      0.588867307              66          71
   7.91794395      0.451215476             102          67
   5.84739113      0.453319639              66          71
   9.47085762      0.519160211              91          64
   7.91794395      0.548080325             102          67
   9.47085762      0.531706393              91          64
   9.98849583      0.431176335               8          63
   9.98849583      0.474038273               8          63
   6.36502838      0.358987540              83          70
   6.36502838      0.422415823              83          70
   6.36502838      0.322705090             109          70
   7.40030479      0.392308325              41          68
   6.36502838      0.499166131             109          70
   9.98849583      0.649364293              24          63
   7.40030479      0.445621103              41          68
   9.98849583      0.705675781             120          63
   9.98849583      0.556666732              24          63
   9.98849583      0.649251819              91          63
   9.98849583      0.725167274             120          63
   7.40030479      0.471192449              28          68
   9.98849583      0.641245306              42          63
   5.84739113      0.649387240              68          71
   7.91794395      0.652639806              90          67
   9.98849583      0.717391551              91          63
   7.40030479      0.549735248              28          68
   6.36502838      0.618048012              34          70
   9.98849583      0.560683310              42          63
   7.40030479      0.469622165              54          68
   5.84739113      0.545960486              68          71
   7.40030479      0.432350725              79          68
   7.91794395      0.537409842              90          67
   6.36502838      0.476080775              34          70
   7.40030479      0.504953921              54          68
   7.40030479      0.353860855              79          68
   9.47085762      0.546034396              13          64
   9.47085762      0.518311560              13          64
   8.95321846      0.620686650              61          65
   8.95321846      0.682237387              61          65
   9.98849583      0.656034708              36          63
   9.98849583      0.525424778              36          63
   8.95321846      0.654434443             105          65
   8.95321846      0.699158728             105          65
   6.36502838      0.597399950              47          70
   7.91794395      0.351546764              54          67
   6.36502838      0.655563474              47          70
   7.91794395      0.542446434              54          67
   9.47085762      0.594321847             105          64
   9.47085762      0.478524208             105          64
   8.43558121      0.509829581             105          66
   8.43558121      0.597791672              95          66
   8.43558121      0.569908142             105          66
   7.40030479      0.540138543               3          68
   9.98849583      0.682436287              32          63
   8.43558121      0.674543381              95          66
   7.40030479      0.477607191               3          68
   7.40030479      0.455277652              13          68
   9.98849583      0.565017104              32          63
   7.40030479      0.354483634              13          68
   9.98849583      0.583898246              20          63
   9.47085762      0.487684309              27          64
   9.98849583      0.542263746              20          63
   9.47085762      0.516254783              27          64
   9.98849583      0.629427493             105          63
   9.98849583      0.655758142             105          63
   9.98849583      0.466788739             116          63
   9.98849583      0.654766381             116          63
   7.40030479      0.554500639             119          68
   8.43558121      0.628502369              60          66
   7.40030479      0.566405952             119          68
   8.43558121      0.502033710              60          66
   8.43558121      0.565495372             100          66
   8.43558121      0.663084805             100          66
   8.43558121      0.496504784              99          66
   8.43558121      0.674022377              35          66
   9.98849583      0.828993797              51          63
   8.43558121      0.525359929              99          66
   8.43558121      0.626748502              35          66
   9.98849583      0.586520970              51          63
   6.88266754      0.368018538               3          69
   6.36502838      0.440325469              41          70
   6.88266754      0.462677777               3          69
   6.36502838      0.509076655              16          70
   7.40030479      0.500646532              35          68
   6.36502838      0.448698133              41          70
   7.40030479      0.541995466             100          68
   6.36502838      0.596550465              16          70
   5.84739113      0.627417922              30          71
   7.40030479      0.553198576              35          68
   9.47085762      0.631535172              96          64
   7.40030479      0.540793121             100          68
   5.84739113      0.602887809              30          71
   6.36502838      0.581373394              75          70
   9.98849583      0.886481464              94          63
   9.47085762      0.776582241              96          64
   6.88266754      0.443378150              12          69
   6.36502838      0.489273667              75          70
   9.98849583      0.646996915              94          63
   6.88266754      0.473455667              12          69
   9.98849583      0.419193447              30          63
   6.88266754      0.591619253              35          69
   6.88266754      0.498446077             104          69
   9.47085762      0.673968911              12          64
   9.98849583      0.522322476              30          63
   6.88266754      0.496148020              35          69
   6.36502838      0.558828294              82          70
   6.88266754      0.469376087             104          69
   9.47085762      0.738466978              12          64
   5.84739113      0.577286482              64          71
   6.36502838      0.493581504              82          70
   5.84739113      0.563850045              64          71
   9.98849583      0.614484549              67          63
   6.88266754      0.442608505              84          69
   9.98849583      0.563095868              67          63
   6.88266754      0.433242142              84          69
   5.84739113      0.534775376              20          71
   5.84739113      0.708978951              20          71
   7.91794395      0.549937487             116          67
   7.91794395      0.546253979             116          67
   7.91794395      0.566007793              87          67
   7.91794395      0.556565881              87          67
   8.95321846      0.596084714              84          65
   9.98849583      0.543752670             101          63
   8.95321846      0.627852082              84          65
   9.98849583      0.552226961             101          63
   9.47085762      0.665597677              30          64
   8.43558121      0.555179775              86          66
   8.95321846      0.574659288             121          65
   9.47085762      0.629569829              30          64
   9.98849583      0.605857790              52          63
   7.40030479      0.470941365              72          68
   9.47085762      0.573255956              83          64
   8.43558121      0.571971595              86          66
   8.95321846      0.472170949             121          65
   9.98849583      0.594516456              52          63
   7.40030479      0.540158987              72          68
   9.47085762      0.829912901              83          64
   6.88266754      0.523532748             110          69
   6.88266754      0.531682909             110          69
   6.36502838      0.445906937              45          70
   7.40030479      0.395256490             102          68
   6.36502838      0.617737174              45          70
   8.43558121      0.494521439              59          66
   7.40030479      0.445430309             102          68
   8.43558121      0.452454656              59          66
   7.40030479      0.460173041              29          68
   8.95321846      0.437998563              52          65
   7.40030479      0.392896563              29          68
   8.95321846      0.395358920              52          65
   9.47085762      0.530806422              55          64
   7.40030479      0.454585046              93          68
   6.88266754      0.437079668             113          69
   8.43558121      0.511939347              20          66
   9.47085762      0.577225983              55          64
   7.40030479      0.473602086              93          68
   6.88266754      0.438418567             113          69
   8.43558121      0.532204032              20          66
   7.91794395      0.698990047              60          67
   7.91794395      0.437071443              53          67
   7.91794395      0.457439631              60          67
   9.98849583      0.481585324              23          63
   7.91794395      0.450760394              53          67
   5.84739113      0.511351526               7          71
   9.98849583      0.535647035              23          63
