   33.7998466      0.874564409               2          17
   35.8703995      0.881792665              27          13
   33.2822113      0.966622233              42          18
   32.7645721       1.00000000             121          19
   35.8703995      0.880583465              27          13
   33.7998466      0.932575166             104          17
   34.8351250      0.972125411              19          15
   31.2116566       1.00000000              87          22
   33.7998466      0.991141558             104          17
   30.6940193      0.865090847             121          23
   34.8351250      0.890333593              19          15
   38.4585915      0.939998925              80           8
   31.2116566      0.887943625              87          22
   38.9762268      0.890594304             112           7
   32.2469330       1.00000000             118          20
   30.6940193      0.828446805             121          23
   35.3527603      0.889774144              15          14
   30.6940193      0.792079806              46          23
   30.1763802      0.718243539              52          24
   38.4585915      0.844366610              80           8
   34.8351250      0.726695120              93          15
   38.9762268      0.782394528             112           7
   32.2469330      0.947063863             118          20
   35.3527603      0.902658641              15          14
   30.6940193      0.803096473              46          23
   30.1763802      0.792973042              52          24
   36.3880386       1.00000000              89          12
   34.8351250      0.886835039              93          15
   32.7645721      0.870638430             115          19
   35.3527603      0.887639940              68          14
   36.3880386      0.956699967              89          12
   35.8703995      0.810431659             107          13
   32.7645721       1.00000000             115          19
   34.8351250      0.962221622              10          15
   35.3527603      0.904262006              46          14
   35.3527603       1.00000000              68          14
   35.8703995      0.946097314             107          13
   34.8351250      0.912894249              10          15
   32.2469330       1.00000000              39          20
   35.3527603      0.825115860              46          14
   30.1763802      0.846511066              76          24
   39.4938660      0.843388915              31           6
   32.2469330       1.00000000              39          20
   32.7645721      0.701602578              54          19
   30.1763802      0.740582287              76          24
   34.3174858       1.00000000               2          16
   39.4938660      0.946274042              31           6
   32.7645721      0.889007211              54          19
   30.1763802      0.912119329             101          24
   33.2822113      0.938735604             102          18
   34.3174858      0.922463238               2          16
   39.4938660      0.994462907              57           6
   30.1763802      0.793166876             101          24
   35.8703995      0.884961307             102          13
   33.2822113      0.885534763             102          18
   39.4938660      0.944820583              57           6
   35.8703995      0.972226799             102          13
   30.6940193      0.853988945             104          23
   31.7292957      0.853813648              37          21
   33.2822113      0.877037525              42          18
   35.3527603      0.834688604              82          14
   30.6940193      0.801245213             104          23
   39.4938660      0.918636501             111           6
   34.8351250      0.896744728             120          15
   33.7998466      0.874339342              22          17
   31.7292957      0.787833631              37          21
   33.2822113      0.886724055              42          18
   36.3880386      0.903026640              46          12
   34.8351250      0.861959875              67          15
   35.3527603      0.867817879              82          14
   39.4938660      0.889392495             111           6
   34.8351250      0.908445537             120          15
   33.7998466      0.920216560              22          17
   36.3880386      0.923600078              46          12
   34.8351250      0.781902254              67          15
   38.4585915      0.961304247             119           8
   38.4585915      0.922883272              15           8
   32.7645721       1.00000000              30          19
   31.2116566      0.941527784              81          22
   38.4585915      0.955361784             119           8
   38.4585915      0.863436759              15           8
   35.3527603      0.718833029              20          14
   32.7645721      0.955903172              30          19
   36.3880386      0.846782088              33          12
   38.4585915      0.762510180              67           8
   31.2116566      0.837966919              81          22
   33.7998466      0.991720259              17          17
   35.3527603      0.838704884              20          14
   36.3880386      0.832403004              33          12
   38.4585915      0.872370183              67           8
   36.3880386      0.554164648             113          12
   36.9056778      0.555617034             114          11
   33.7998466      0.903015971              17          17
   33.7998466      0.878469586              89          17
   34.8351250      0.893648505             100          15
   36.3880386      0.564036369             113          12
   36.9056778      0.562062442             114          11
   36.9056778      0.926452637              60          11
   38.4585915      0.976232231              76           8
   33.7998466      0.967542410              89          17
   34.8351250      0.858019829             100          15
   36.9056778      0.957132161              60          11
   38.4585915       1.00000000              76           8
   36.3880386      0.883710742              36          12
   35.3527603      0.905157566             116          14
   36.3880386      0.897866249               5          12
   36.3880386      0.967582941              36          12
   36.9056778       1.00000000              64          11
   35.3527603      0.882388651             116          14
   36.3880386      0.870651841               5          12
   35.8703995      0.939087510              22          13
   37.4233131       1.00000000              28          10
   36.9056778      0.843085170              64          11
   30.1763802      0.643924594              71          24
   35.8703995      0.819029868              79          13
   37.4233131      0.921765924              86          10
   36.3880386      0.853417635             101          12
   34.8351250      0.759289384             116          15
   37.4233131      0.838477552               8          10
   35.8703995      0.883267999              22          13
   37.4233131      0.945568562              28          10
   35.3527603      0.698217630              61          14
   30.1763802      0.794297516              71          24
   35.8703995      0.781237125              79          13
   39.4938660      0.887585282              84           6
   37.4233131      0.962203741              86          10
   30.1763802      0.767466962              92          24
   36.3880386       1.00000000             101          12
   34.8351250      0.823228538             116          15
   38.9762268      0.925536573               7           7
   37.4233131      0.760997295               8          10
   39.4938660      0.807702363              48           6
   35.3527603      0.682056606              61          14
   39.4938660      0.682815731              84           6
   30.1763802      0.674516499              92          24
   30.1763802      0.673153579              95          24
   38.9762268       1.00000000               7           7
   34.3174858      0.807758152              36          16
   36.3880386      0.869212985              37          12
   39.4938660      0.973993838              48           6
   30.1763802      0.754701614              95          24
   36.3880386      0.904053032             118          12
   32.7645721       1.00000000              31          19
   34.3174858      0.920085311              36          16
   36.3880386      0.475011706              37          12
   36.9056778      0.581577063              38          11
   33.7998466      0.852135062              75          17
   36.3880386      0.766685069             118          12
   32.7645721      0.648265719              31          19
   36.9056778      0.605461776              38          11
   30.1763802      0.527582407              54          24
   32.2469330      0.533453047              68          20
   33.7998466      0.587567508              75          17
   39.4938660      0.864673018              18           6
   33.7998466       1.00000000              20          17
   30.1763802      0.801632464              48          24
   30.1763802      0.800520241              54          24
   32.2469330      0.892689526              68          20
   39.4938660      0.925207198              18           6
   33.7998466      0.974291742              20          17
   33.7998466      0.890669763              27          17
   38.4585915       1.00000000              28           8
   30.6940193      0.936078966              31          23
   30.1763802      0.813380182              48          24
   33.7998466       1.00000000              27          17
   38.4585915      0.984963357              28           8
   30.6940193      0.940843821              31          23
   38.9762268      0.965896428              52           7
   34.8351250      0.942964375              75          15
   38.9762268      0.846486747              52           7
   34.8351250      0.797220767              75          15
   35.3527603      0.806120813              21          14
   37.9409523       1.00000000              56           9
   34.8351250      0.766752839              84          15
   35.3527603      0.805842698              21          14
   33.7998466      0.829592049              24          17
   37.9409523       1.00000000              51           9
   37.9409523      0.973750889              56           9
   34.8351250      0.776596248              70          15
   34.8351250      0.782811761              84          15
   37.4233131      0.896013081              94          10
   33.7998466      0.890602946              24          17
   37.9409523      0.946426868              51           9
   37.9409523      0.994632363              66           9
   34.8351250       1.00000000              70          15
   31.7292957      0.791340709              78          21
   36.9056778      0.693963408              93          11
   37.4233131      0.650558650              94          10
   33.2822113      0.932301164             106          18
   35.3527603      0.741841793              62          14
   31.2116566      0.840768337              62          22
   37.9409523      0.889310956              66           9
   31.7292957      0.805715561              78          21
   36.9056778      0.951874256              93          11
   33.2822113      0.856699169             106          18
   32.2469330      0.816883028              11          20
   31.2116566      0.824796855              49          22
   35.3527603      0.839577198              62          14
   31.2116566      0.894358575              62          22
   34.3174858      0.910087705              75          16
   31.7292957      0.932845891              78          21
   32.2469330       1.00000000              11          20
   31.2116566      0.820774257              49          22
   34.3174858      0.871909678              75          16
   31.7292957      0.968062282              78          21
   30.1763802      0.739015698              42          24
   35.8703995      0.807218552              65          13
   37.4233131       1.00000000             114          10
   30.1763802      0.760658324              42          24
   30.6940193      0.707304716              54          23
   35.8703995      0.863941789              65          13
   37.4233131      0.992542148             114          10
   30.1763802      0.955294549               4          24
   34.8351250      0.972546518              25          15
   31.7292957      0.970651150              36          21
   30.6940193      0.972539961              54          23
   34.3174858      0.848307669             115          16
   30.1763802      0.885328412               4          24
   34.8351250      0.878455937              25          15
   31.7292957      0.860475242              36          21
   36.3880386      0.871284187              40          12
   38.4585915      0.994918406              88           8
   33.7998466       1.00000000             112          17
   34.3174858      0.891682804             115          16
   36.3880386      0.999451816              40          12
   30.6940193      0.903462648              68          23
   38.4585915      0.933882177              88           8
   32.2469330      0.838781238              91          20
   33.7998466      0.930698514             112          17
   35.3527603      0.701374114               7          14
   31.2116566      0.965150833              52          22
   32.7645721       1.00000000              53          19
   30.6940193      0.868525445              68          23
   32.2469330      0.857470155              91          20
   35.3527603      0.556120157               7          14
   32.2469330      0.773551047               8          20
   30.6940193      0.630271673              26          23
   31.2116566      0.891375005              52          22
   32.7645721      0.932024896              53          19
   32.2469330       1.00000000              53          20
   34.3174858      0.795198739              54          16
   31.7292957      0.627713263              85          21
   30.1763802      0.619851649             111          24
   32.2469330      0.967158318               8          20
   30.6940193      0.671015620              26          23
   35.3527603      0.924399734              31          14
   32.2469330       1.00000000              53          20
   34.3174858      0.958401859              54          16
   35.3527603      0.861411989              80          14
   31.7292957      0.718810856              85          21
   36.3880386      0.893140018             106          12
   30.1763802      0.880540013             111          24
   36.3880386      0.814947665             121          12
   37.4233131      0.760049045              30          10
   35.3527603      0.878646076              31          14
   31.7292957      0.752204001              51          21
   34.8351250      0.847809196              77          15
   35.3527603      0.896776319              80          14
   33.2822113      0.965121448              93          18
   36.3880386      0.995699525             106          12
   39.4938660      0.986721694             117           6
   36.3880386       1.00000000             121          12
   37.4233131      0.798857927              30          10
   31.7292957      0.730027556              51          21
   37.4233131       1.00000000              67          10
   34.8351250      0.720135331              77          15
   33.2822113      0.915660501              93          18
   39.4938660      0.812284052             117           6
   36.3880386      0.845199406              29          12
   32.7645721      0.878218591              55          19
   37.4233131       1.00000000              67          10
   35.8703995      0.873392761              81          13
   33.7998466      0.939896643             112          17
   36.3880386       1.00000000              29          12
   32.7645721      0.912625074              55          19
   35.8703995      0.876353920              81          13
   33.7998466      0.986986339             112          17
   33.2822113      0.990813851             118          18
   33.7998466      0.837969065              38          17
   32.7645721      0.906026602              45          19
   37.9409523       1.00000000              46           9
   34.3174858      0.886596501              91          16
   33.2822113      0.856583416             100          18
   33.2822113      0.889558434             118          18
   33.7998466      0.650740862              38          17
   32.7645721      0.710109293              45          19
   37.9409523      0.697717726              46           9
   34.3174858      0.609490037              91          16
   33.2822113      0.698787451             100          18
   31.7292957      0.675602198              26          21
   33.7998466      0.632146955              28          17
   33.7998466      0.616151154              97          17
   31.7292957      0.961988032              26          21
   33.7998466       1.00000000              28          17
   31.7292957      0.916985631              51          21
   31.2116566      0.825899422              72          22
   33.7998466      0.957552433              97          17
   36.3880386      0.978735685             110          12
   35.8703995      0.804600298               7          13
   31.7292957      0.862574220              51          21
   35.3527603      0.720839858              72          14
   31.2116566      0.791169167              72          22
   33.2822113      0.811455250             108          18
   38.4585915      0.888861656             109           8
   36.3880386      0.984625340             110          12
   35.8703995      0.765193880               7          13
   31.7292957      0.822881222              25          21
   34.8351250      0.928732991              63          15
   35.3527603      0.857104361              72          14
   33.2822113      0.661217332             108          18
   38.4585915      0.837112665             109           8
   33.7998466      0.822167695              23          17
   31.7292957      0.825285137              25          21
   34.8351250      0.972796440              63          15
   34.3174858      0.892683387             119          16
   37.4233131       1.00000000              18          10
   33.7998466      0.766890228              23          17
   31.2116566      0.878093719              45          22
   38.4585915      0.861675322              65           8
   35.3527603      0.763837218              85          14
   34.3174858      0.792803526             119          16
   31.2116566      0.746827900               7          22
   37.4233131      0.999914050              18          10
   31.2116566      0.957610965              45          22
   38.4585915       1.00000000              65           8
   31.7292957      0.851363242              80          21
   35.3527603      0.932185292              85          14
   31.7292957      0.967707992              92          21
   35.8703995      0.878329217             110          13
   39.4938660      0.810399234               4           6
   31.2116566      0.842235506               7          22
   36.9056778      0.990655839              47          11
   35.8703995      0.821791768              67          13
   31.7292957      0.908122122              80          21
   31.7292957      0.921617627              92          21
   35.8703995      0.957528949             110          13
   39.4938660      0.816506505               4           6
   38.4585915      0.979963303              30           8
   36.9056778      0.888775826              47          11
   35.8703995      0.928383589              67          13
   38.4585915      0.971520603              30           8
   39.4938660      0.941720188              50           6
   30.6940193      0.827189445              86          23
   35.3527603      0.799574673              10          14
   35.8703995      0.934264064              30          13
   30.6940193      0.677407563              35          23
   39.4938660       1.00000000              50           6
   31.7292957      0.843838692              60          21
   30.6940193      0.851276338              86          23
   30.6940193      0.807587385             102          23
   35.3527603      0.747013509              10          14
   35.8703995      0.933544755              30          13
   30.6940193      0.966752768              35          23
   31.7292957      0.940484405              60          21
   30.6940193      0.925310493             102          23
   35.3527603      0.895248473             112          14
   35.3527603      0.873419404             119          14
   32.2469330      0.955368996               9          20
   37.9409523      0.878677905              19           9
   30.6940193      0.894221425              24          23
   31.2116566       1.00000000              43          22
   30.1763802      0.931104124              93          24
   34.3174858      0.908675611              98          16
   35.3527603      0.944048226             112          14
   35.3527603      0.882105529             119          14
   35.8703995      0.887083948               6          13
   32.2469330      0.911912024               9          20
   37.9409523      0.908761561              19           9
   30.6940193      0.974627197              24          23
   31.2116566       1.00000000              43          22
   34.8351250      0.899451971              58          15
   30.1763802      0.870021403              93          24
   34.3174858      0.914388835              98          16
   35.8703995      0.729034066               6          13
   34.3174858      0.912839890              37          16
   30.1763802      0.793968141              41          24
   34.8351250      0.861292005              58          15
   31.7292957      0.929421246             111          21
   34.3174858      0.872877896              37          16
   37.4233131      0.983265758              38          10
   30.1763802       1.00000000              41          24
   37.9409523      0.933715224              48           9
   32.7645721      0.960837483              75          19
   32.2469330      0.839672327              79          20
   36.9056778      0.964118779             100          11
   31.7292957      0.994327128             111          21
   37.4233131       1.00000000              38          10
   37.9409523      0.758099675              48           9
   32.7645721      0.904277921              75          19
   32.2469330      0.824787319              79          20
   34.3174858      0.821597099              87          16
   36.9056778      0.929099798             100          11
   33.7998466      0.996510327               5          17
   30.1763802      0.874337971              33          24
   32.2469330       1.00000000              56          20
   34.3174858      0.868737102              87          16
   33.7998466       1.00000000               5          17
   30.1763802      0.848440230              33          24
   32.2469330      0.916947722              56          20
   31.2116566      0.824802339              92          22
   33.2822113      0.919166744              49          18
   37.4233131       1.00000000              68          10
   31.2116566      0.885022521              92          22
   35.8703995      0.815613151              93          13
   39.4938660      0.952946484              95           6
   32.2469330      0.992040575             101          20
   37.9409523      0.968407869             110           9
   36.3880386      0.886678994               3          12
   33.2822113      0.832409143              49          18
   38.9762268       1.00000000              59           7
   37.4233131      0.851793051              68          10
   35.8703995      0.770276368              93          13
   39.4938660      0.825228512              95           6
   32.2469330      0.882230639             101          20
   37.9409523      0.829736292             110           9
   36.3880386      0.784296215               3          12
   32.2469330      0.875993907               6          20
   37.4233131       1.00000000              57          10
   38.9762268      0.910797536              59           7
   32.2469330      0.906372249               6          20
   34.8351250      0.768435061              18          15
   34.3174858      0.847925365              47          16
   37.4233131       1.00000000              57          10
   30.6940193      0.683073044              70          23
   32.2469330      0.865602434             115          20
   33.7998466      0.807969034               6          17
   34.8351250      0.802142560              18          15
   35.3527603      0.857282877              42          14
   34.3174858       1.00000000              47          16
   30.6940193      0.765283704              70          23
   38.4585915      0.887593627             106           8
   32.2469330      0.928024471             115          20
   33.7998466      0.812382758               6          17
   35.8703995      0.985208869              30          13
   35.3527603       1.00000000              42          14
   32.7645721      0.907389641              94          19
   38.4585915      0.832650244             106           8
   31.2116566      0.877043664               8          22
   35.8703995      0.802843869              30          13
   31.2116566      0.823861361              37          22
   34.3174858      0.921186268              73          16
   38.4585915      0.869610131              82           8
   32.7645721      0.918862462              94          19
   35.3527603      0.870898306             106          14
   31.2116566      0.752568722               8          22
   31.2116566      0.817488968              37          22
   31.7292957      0.891701639              44          21
   34.3174858      0.898963630              73          16
   30.6940193      0.918248534              81          23
   38.4585915      0.975385249              82           8
   30.6940193       1.00000000              91          23
   35.3527603      0.944514096             106          14
   34.3174858      0.706690431              28          16
   31.7292957      0.793817461              44          21
   36.9056778      0.899130583              55          11
   30.1763802      0.688833416              77          24
   30.6940193      0.757494748              81          23
   30.6940193      0.832835555              91          23
   37.4233131      0.924775779              92          10
   35.3527603      0.874156535              17          14
   34.8351250      0.892300785              19          15
   31.2116566      0.761984289              22          22
   35.3527603      0.840449452              28          14
   34.3174858      0.901555419              28          16
   38.9762268      0.864364982              31           7
   36.9056778       1.00000000              55          11
   30.1763802      0.748961568              77          24
   37.4233131      0.940139413              92          10
   32.2469330      0.852496803              96          20
   30.6940193      0.624119461              13          23
   35.3527603      0.775900483              17          14
   34.8351250      0.638854146              19          15
   31.2116566      0.691950858              22          22
   35.3527603      0.700674057              28          14
   38.9762268      0.712750793              31           7
   39.4938660      0.772409797              36           6
   31.2116566      0.576781094              73          22
   32.7645721      0.704747677              74          19
   34.3174858      0.748912513              94          16
   32.2469330      0.711191356              96          20
   30.6940193      0.809387922              13          23
   39.4938660      0.931048870              36           6
   36.3880386      0.890834033              64          12
   31.2116566      0.855207384              73          22
   32.7645721      0.840342939              74          19
   32.2469330      0.918096066              79          20
   34.3174858      0.830346704              94          16
   31.7292957      0.848330855             102          21
   31.2116566      0.789221346             117          22
   39.4938660       1.00000000              23           6
   36.3880386      0.869592965              64          12
   38.9762268      0.820123076              66           7
   32.2469330      0.881121337              79          20
   31.7292957      0.814051092             102          21
   31.7292957      0.832338095             107          21
   31.2116566      0.805081129             117          22
   39.4938660      0.933526397              23           6
   38.9762268      0.904352427              66           7
   37.9409523       1.00000000              92           9
   31.7292957      0.865719378             107          21
   33.7998466       1.00000000              28          17
   32.7645721      0.937734962              31          19
   30.6940193      0.950549603              60          23
   37.9409523      0.946007192              92           9
   33.7998466      0.904762685              28          17
   32.7645721      0.973473728              31          19
   30.6940193      0.817176461              60          23
   30.6940193      0.862267733              84          23
   38.9762268      0.941707253              94           7
   34.8351250      0.928462863             100          15
   37.4233131       1.00000000             118          10
   36.9056778      0.929220080              29          11
   30.6940193      0.696564853              84          23
   38.9762268      0.915129423              94           7
   34.8351250      0.837523282             100          15
   37.4233131       1.00000000             118          10
   36.9056778      0.974882543              29          11
   35.3527603      0.889411032              65          14
   33.7998466      0.878237069              81          17
   32.7645721      0.940687656              89          19
   31.7292957      0.860974014              28          21
   35.3527603      0.872293532              65          14
   34.3174858      0.707824171              71          16
   33.7998466      0.735189378              81          17
   32.7645721      0.929453671              89          19
   33.7998466       1.00000000              91          17
   33.7998466      0.920316756              23          17
   31.7292957      0.927809894              28          21
   35.8703995      0.734166801              29          13
   34.3174858      0.867971480              71          16
   33.7998466      0.959688962              91          17
   36.9056778      0.910529554             106          11
   33.7998466      0.933612883               9          17
   33.7998466      0.941796899              23          17
   35.8703995      0.768172324              29          13
   36.9056778      0.888244152             106          11
   33.7998466      0.950335860               9          17
   36.3880386       1.00000000              50          12
   31.2116566      0.793354154              72          22
   34.3174858      0.828942299              83          16
   33.7998466      0.806293130              30          17
   36.3880386      0.813289881              50          12
   31.2116566      0.851010442              72          22
   37.9409523      0.905484736              75           9
   34.3174858      0.883216858              83          16
   34.8351250      0.939176977              16          15
   33.7998466      0.818238854              30          17
   35.8703995      0.864953816              35          13
   37.9409523      0.892579019              75           9
   30.1763802      0.834545493              87          24
   38.4585915      0.873638868              99           8
   36.9056778      0.913300395             119          11
   34.8351250      0.882838130              16          15
   30.6940193      0.757730126              29          23
   35.8703995       1.00000000              35          13
   35.3527603      0.966558576              42          14
   30.6940193      0.725293219              74          23
   30.1763802      0.742507219              87          24
   37.9409523      0.897321045              94           9
   38.4585915      0.798814237              99           8
   36.9056778      0.820456982             119          11
   30.6940193      0.829740107              29          23
   35.3527603      0.757328391              42          14
   30.6940193      0.712363720              74          23
   36.9056778      0.920429528              84          11
   37.9409523      0.944550037              94           9
   36.9056778      0.970918536              84          11
