   23.4470863      0.632633865               3          37
   23.9647236      0.653155386              10          36
   24.4823627      0.769584298              79          35
   29.6587429      0.905591309             117          25
   23.4470863      0.703807175               3          37
   28.1058292      0.901660502              73          28
   24.4823627      0.948312104              79          35
   26.5529137      0.738782167              82          31
   24.4823627      0.886806190              92          35
   24.4823627      0.892624497              32          35
   28.1058292      0.978070617              73          28
   25.5176373      0.948896587              74          33
   27.0705528      0.996070504              80          30
   26.5529137      0.966437578              82          31
   24.4823627      0.772178292              92          35
   26.5529137      0.827866971             109          31
   24.4823627      0.778581798              32          35
   20.3412571      0.603446960              49          43
   25.5176373      0.775551677              74          33
   27.0705528      0.836645842              80          30
   25.5176373      0.805028141              80          33
   26.5529137      0.707613468             109          31
   20.3412571      0.731542408              49          43
   21.3765335      0.566359758              75          41
   25.5176373      0.697694361              80          33
   25.0000000      0.750082552              99          34
   22.9294472      0.865456402             115          38
   23.9647236      0.723572791              12          36
   27.5881901      0.790769458              67          29
   21.3765335      0.725070953              75          41
   25.0000000      0.875815928              99          34
   26.5529137      0.809515119             115          31
   22.9294472      0.633186936             115          38
   25.5176373      0.760151923             120          33
   23.9647236      0.727736413              12          36
   22.9294472      0.724558234              18          38
   26.5529137      0.839066625              59          31
   27.5881901      0.786634266              67          29
   26.5529137      0.800323606             115          31
   25.5176373      0.748951435             120          33
   22.9294472      0.826708376              18          38
   26.5529137      0.835801661              59          31
   22.9294472      0.655400515              61          38
   21.3765335      0.905611575              67          41
   25.5176373      0.696901202               7          33
   20.3412571      0.473899484              13          43
   26.5529137      0.804886937              15          31
   20.8588943      0.702525795              27          42
   22.9294472      0.540735960              61          38
   21.3765335      0.714996099              67          41
   25.0000000      0.784252763             115          34
   25.5176373      0.729787230               7          33
   20.3412571      0.474338740              13          43
   26.5529137      0.863841474              15          31
   20.8588943      0.727338493              27          42
   21.3765335      0.690969110              49          41
   24.4823627      0.580919325              51          35
   22.9294472      0.709313154              69          38
   25.0000000      0.800007820             115          34
   26.5529137      0.816634178             118          31
   21.3765335      0.798244119              49          41
   24.4823627      0.691549480              51          35
   22.9294472      0.787837446              69          38
   26.5529137      0.975839734             118          31
   26.5529137      0.724227250              58          31
   20.8588943      0.671769619              64          42
   22.4118099      0.670009673              91          39
   28.6234665      0.755116880              32          27
   26.5529137      0.765281260              58          31
   20.8588943      0.608728886              64          42
   22.4118099      0.526394665              91          39
   23.4470863      0.472946584              92          37
   28.6234665      0.794151008              32          27
   23.4470863      0.638440967              92          37
   22.9294472      0.796228886              22          38
   21.8941708      0.888747096              44          40
   21.8941708      0.605847836              57          40
   22.9294472      0.768282115              22          38
   27.0705528      0.886772752              25          30
   24.4823627      0.807594955              33          35
   21.8941708      0.922450125              44          40
   21.8941708      0.604768515              57          40
   23.9647236      0.765076935              98          36
   23.9647236      0.783765256              20          36
   27.0705528      0.808124125              25          30
   24.4823627      0.804519594              33          35
   23.9647236      0.676159918              98          36
   29.1411057      0.883376837             105          26
   20.3412571      0.619627655             109          43
   23.9647236      0.729838371              20          36
   25.0000000      0.815268517              35          34
   21.3765335      0.730897248              41          41
   29.1411057      0.774974287             105          26
   20.3412571      0.705746949             109          43
   26.0352764      0.838521779              14          32
   25.0000000      0.688388228              19          34
   25.0000000      0.766383410              35          34
   21.3765335      0.488645107              41          41
   20.8588943      0.727239788              50          42
   20.8588943      0.563008904              75          42
   26.0352764      0.883001983              14          32
   25.0000000      0.798843801              19          34
   28.6234665      0.765937686              29          27
   25.0000000      0.807667792              40          34
   20.8588943      0.716532409              50          42
   20.8588943      0.644951344              75          42
   28.6234665      0.766400158              29          27
   21.3765335      0.532638550              32          41
   25.0000000      0.748252988              40          34
   21.3765335      0.706379473              32          41
   26.0352764      0.714822352              47          32
   22.4118099      0.655681431              78          39
   21.8941708      0.711478949              87          40
   21.8941708      0.749695837             118          40
   27.5881901      0.777812302              44          29
   26.0352764      0.835346699              47          32
   22.4118099      0.777452230              78          39
   21.8941708      0.731052160              87          40
   20.8588943      0.734209001             110          42
   22.9294472      0.792052865             113          38
   21.8941708      0.750241458             118          40
   25.0000000      0.796083152              30          34
   27.5881901      0.737938762              44          29
   29.6587429      0.820282459              86          25
   23.4470863      0.634684622              91          37
   27.0705528      0.742807329              97          30
   20.8588943      0.773521960             110          42
   22.9294472      0.752204597             113          38
   25.0000000      0.754653156              30          34
   29.6587429      0.654426396              86          25
   23.4470863      0.612914205              91          37
   27.0705528      0.570198834              97          30
   20.8588943      0.622005224             106          42
   25.5176373      0.728213072              22          33
   29.1411057      0.752892733              37          26
   20.8588943      0.621868074             106          42
   26.5529137      0.662839651             111          31
   29.6587429      0.764383554             113          25
   25.5176373      0.612824380              22          33
   29.1411057       1.00000000              37          26
   29.1411057      0.934506893              38          26
   28.6234665      0.928941846              38          27
   25.0000000      0.582073867              89          34
   26.5529137      0.561840475             111          31
   29.6587429      0.603101909             113          25
   27.0705528      0.685874045              10          30
   29.1411057      0.542554379              38          26
   28.6234665      0.521414816              38          27
   25.0000000      0.713971257              62          34
   22.9294472      0.844205081              88          38
   25.0000000      0.898489654              89          34
   25.0000000      0.881101251              92          34
   27.0705528      0.722069025              10          30
   29.6587429      0.831205785              28          25
   28.6234665      0.808547199              32          27
   25.0000000      0.728328049              62          34
   29.1411057      0.840006173              85          26
   22.9294472      0.778015375              88          38
   25.0000000      0.766927481              92          34
   20.3412571      0.556349039             103          43
   25.5176373      0.759575188             120          33
   29.6587429      0.613121450              28          25
   28.6234665       1.00000000              31          27
   28.6234665      0.997632623              32          27
   22.4118099      0.393886089              53          39
   24.4823627      0.436095536              84          35
   29.1411057      0.496780485              85          26
   20.3412571      0.441833049             103          43
   25.5176373      0.584476352             120          33
   28.6234665      0.916333437              31          27
   29.6587429      0.940362394              36          25
   22.4118099      0.568705738              53          39
   24.4823627      0.732882261              84          35
   20.8588943      0.645623684              88          42
   23.9647236      0.788371861              11          36
   29.6587429      0.953958750              36          25
   20.8588943      0.672931075              88          42
   29.1411057      0.924677968             118          26
   27.5881901      0.768089354               9          29
   23.9647236      0.888760865              11          36
   27.5881901      0.734701753              15          29
   21.8941708      0.687279820              17          40
   21.3765335      0.730262101              38          41
   23.4470863      0.697210491              81          37
   29.1411057      0.880038381             118          26
   27.5881901      0.703085124               9          29
   27.5881901      0.753977299              15          29
   21.8941708      0.696523011              17          40
   21.3765335      0.719629765              38          41
   23.4470863      0.670880139              81          37
   23.4470863      0.587019265              56          37
   26.0352764      0.697109103              83          32
   27.0705528      0.686778724              26          30
   23.4470863      0.579985440              56          37
   26.0352764      0.810442686              83          32
   23.4470863      0.635171115              84          37
   27.0705528      0.779755831              26          30
   23.4470863      0.736212075              84          37
   23.4470863      0.688818336              34          37
   22.4118099      0.624280810              67          39
   20.3412571      0.625340104             116          43
   23.4470863      0.800632775              34          37
   22.9294472      0.754027009              42          38
   22.4118099      0.600306988              67          39
   27.0705528      0.872551799              89          30
   20.3412571      0.704768360             116          43
   29.6587429      0.969478488               4          25
   22.9294472      0.712526917              42          38
   27.0705528      0.735376537              72          30
   27.0705528      0.753340006              89          30
   21.8941708      0.781144977             111          40
   29.6587429      0.828274786               4          25
   28.1058292      0.845178962              18          28
   25.5176373      0.720190287              63          33
   27.0705528      0.742605209              72          30
   21.8941708      0.709928751              93          40
   21.8941708      0.678758740             111          40
   28.1058292      0.813112438              18          28
   29.1411057      0.772164106              56          26
   25.5176373      0.816510379              63          33
   26.5529137      0.727788866              77          31
   22.4118099      0.890124619              88          39
   21.8941708      0.797321975              93          40
   27.0705528      0.844748914              94          30
   27.0705528      0.719223857             103          30
   29.1411057      0.882264197              56          26
   25.0000000      0.763620973              74          34
   26.5529137      0.672054052              77          31
   22.4118099      0.845501184              88          39
   27.0705528      0.855390131              94          30
   27.0705528      0.772071123             103          30
   23.9647236      0.647957623             119          36
   29.6587429      0.884180963              42          25
   25.0000000      0.676370621              74          34
   27.5881901      0.909466922              88          29
   27.0705528      0.790982783             116          30
   23.9647236      0.680370569             119          36
   26.5529137      0.735260367              27          31
   29.1411057      0.659636199              30          26
   29.6587429      0.940509021              42          25
   27.5881901      0.902151346              88          29
   29.6587429      0.855252206             107          25
   27.0705528      0.920194924             116          30
   26.5529137      0.619103432              27          31
   29.1411057      0.596683979              30          26
   29.1411057      0.772562921              38          26
   28.1058292      0.846256495              50          28
   29.6587429      0.951757848              89          25
   26.5529137      0.841660440              99          31
   26.0352764      0.805180907             102          32
   29.6587429      0.781461716             107          25
   29.1411057      0.587429583              38          26
   28.1058292      0.670642674              50          28
   29.6587429      0.681228757              89          25
   20.8588943      0.466757745              94          42
   26.5529137      0.577932894              99          31
   26.0352764      0.474943876             102          32
   25.0000000      0.436751753             103          34
   28.1058292      0.835490763              15          28
   23.9647236      0.709478617              23          36
   25.0000000      0.719579756              30          34
   26.5529137      0.883041501              45          31
   24.4823627      0.762539804              48          35
   20.8588943      0.619985282              94          42
   25.0000000      0.743864834             103          34
   28.1058292      0.764199555              15          28
   25.0000000      0.698465705              17          34
   23.9647236      0.733705699              23          36
   25.0000000      0.878874123              30          34
   26.5529137      0.904208958              45          31
   24.4823627      0.867241204              48          35
   26.5529137      0.835935235              98          31
   20.8588943      0.694944859             120          42
   25.0000000      0.703807652              17          34
   23.4470863      0.601286829              46          37
   20.8588943      0.661088407              67          42
   28.6234665      0.715107083              76          27
   26.5529137      0.822957635              98          31
   20.8588943      0.538954914             120          42
   27.0705528      0.759064496              40          30
   23.4470863      0.636186838              46          37
   20.8588943      0.735961378              67          42
   28.6234665      0.933484375              76          27
   27.5881901      0.774006546              83          29
   27.0705528      0.749145567              40          30
   27.5881901      0.746473312              83          29
   26.0352764      0.897560358             120          32
   26.5529137      0.799941897              37          31
   22.4118099      0.578524649              76          39
   20.8588943      0.893356323             117          42
   26.0352764      0.854721904             120          32
   26.5529137      0.614421546              37          31
   24.4823627      0.625909209              65          35
   23.4470863       1.00000000              68          37
   22.9294472      0.982507527              68          38
   22.4118099      0.375759035              76          39
   22.9294472      0.457017571              82          38
   20.8588943      0.636084676             101          42
   20.8588943      0.532448888             117          42
   28.1058292      0.528719127              23          28
   20.3412571      0.506475568              40          43
   28.6234665      0.564817965              61          27
   24.4823627      0.592296839              65          35
   23.4470863       1.00000000              68          37
   22.9294472      0.988447070              68          38
   22.9294472      0.514414549              82          38
   20.8588943      0.452964664             101          42
   20.8588943      0.691745043               6          42
   28.1058292      0.767268062              23          28
   20.3412571      0.783694625              40          43
   21.8941708      0.731381834              60          40
   28.6234665      0.878547490              61          27
   29.1411057      0.756719351               3          26
   20.8588943      0.642353117               6          42
   21.8941708      0.670421124              60          40
   23.4470863      0.698414028              74          37
   23.9647236      0.764628708             121          36
   29.1411057      0.832422853               3          26
   21.8941708      0.886492133              32          40
   20.8588943      0.826965511              33          42
   23.4470863      0.698332787              74          37
   20.8588943      0.472603023             108          42
   23.9647236      0.790682375             121          36
   23.9647236      0.759938538               2          36
   21.8941708      0.905682981              32          40
   20.8588943      0.756981194              33          42
   24.4823627      0.745430827              44          35
   20.3412571      0.736119747              83          43
   20.8588943      0.660752594             108          42
   23.9647236      0.748203933               2          36
   24.4823627      0.779844522              44          35
   22.9294472      0.747281671              47          38
   24.4823627      0.721554458              65          35
   20.8588943      0.662655830              67          42
   20.3412571      0.587121129              83          43
   24.4823627      0.712111950              22          35
   20.3412571      0.494709373              44          43
   22.9294472      0.695388675              47          38
   24.4823627      0.692018092              65          35
   20.8588943      0.677779913              67          42
   28.1058292      0.643479586              75          28
   25.5176373      0.818206370              87          33
   26.0352764      0.856354654             100          32
   24.4823627      0.812294185              22          35
   20.3412571      0.557718217              44          43
   28.1058292      0.704095542              75          28
   26.5529137      0.956519127              79          31
   25.0000000      0.690899432              80          34
   25.5176373      0.854927242              87          33
   26.0352764      0.801782906             100          32
   21.8941708      0.747132540             117          40
   23.9647236      0.707102895              24          36
   26.5529137      0.733581126              79          31
   25.0000000      0.662989438              80          34
   21.8941708      0.704286873             117          40
   23.4470863      0.677891433             120          37
   29.6587429      0.875169218              13          25
   23.9647236      0.697330236              24          36
   22.4118099      0.647874653              45          39
   23.9647236      0.639912665              52          36
   25.5176373      0.734791756              56          33
   23.4470863      0.306580245             119          37
   23.4470863      0.222695529             120          37
   29.6587429      0.905278206              13          25
   24.4823627      0.766982138              25          35
   22.4118099      0.648291767              45          39
   23.9647236      0.638614118              52          36
   25.5176373      0.906726778              56          33
   23.4470863      0.704613388             119          37
   24.4823627      0.813162506              25          35
   29.6587429       1.00000000              32          25
   23.9647236      0.836581230               6          36
   29.6587429      0.901006699              32          25
   25.0000000      0.935223758              80          34
   23.9647236      0.819251001               6          36
   27.5881901      0.823419750              40          29
   25.0000000      0.916929603              80          34
   29.6587429      0.853476107              89          25
   28.6234665      0.780211270               8          27
   27.5881901      0.785544217              40          29
   21.8941708      0.891334355              42          40
   29.6587429      0.831650078              89          25
   27.5881901      0.818435550             100          29
   28.6234665      0.817320764               8          27
   21.8941708      0.865389168              42          40
   20.8588943      0.627840340              50          42
   25.0000000      0.905710876              56          34
   27.5881901      0.771361232             100          29
   20.8588943      0.598390222              50          42
   25.0000000      0.783044875              56          34
   22.9294472      0.725628972              78          38
   22.9294472      0.703053474             120          38
   26.5529137      0.841947079               4          31
   23.4470863      0.726489246              71          37
   22.9294472      0.760433555              78          38
   22.9294472      0.714871764             120          38
   26.5529137      0.868764758               4          31
   23.4470863      0.703564286              71          37
   23.4470863      0.721730590             105          37
   22.4118099      0.719562769             120          39
   26.0352764      0.795430839              10          32
   23.4470863      0.763516068              30          37
   23.4470863      0.863927722             105          37
   22.4118099      0.905842960             120          39
   26.0352764      0.633218765              10          32
   25.0000000      0.808847189              23          34
   23.4470863      0.681366622              30          37
   20.8588943      0.693977416             106          42
   28.6234665      0.638905406              20          27
   25.0000000      0.767645895              23          34
   25.0000000      0.675561905              67          34
   27.0705528      0.713884950              93          30
   20.8588943      0.624501348             106          42
   28.6234665      0.727907538              20          27
   25.0000000      0.734598696              67          34
   28.6234665      0.805950046              84          27
   27.0705528      0.606663406              93          30
   26.0352764      0.628949523               8          32
   22.4118099      0.749534726              69          39
   28.6234665      0.838824093              84          27
   29.1411057      0.856378675              97          26
   26.0352764      0.794771791               8          32
   23.9647236      0.634085298              66          36
   22.4118099      0.732536256              69          39
   29.6587429      0.918664813              79          25
   29.1411057      0.887805760              97          26
   26.0352764      0.760354161             109          32
   26.5529137      0.698404849               2          31
   29.1411057      0.830202401              27          26
   23.9647236      0.656710029              66          36
   29.6587429      0.933548212              79          25
   26.0352764      0.829509139             109          32
   20.8588943      0.630311310             118          42
   22.9294472      0.704310000               1          38
   26.5529137      0.835030854               2          31
   23.9647236      0.407131284               2          36
   29.1411057      0.858702242              27          26
   25.0000000      0.875369072              52          34
   26.0352764      0.832123578              54          32
   20.3412571      0.602362216             103          43
   20.8588943      0.620517433             118          42
   22.9294472      0.590115130               1          38
   23.9647236      0.481698424               2          36
   26.0352764      0.852392673              49          32
   25.0000000      0.823660791              52          34
   26.0352764      0.762546599              54          32
   27.5881901      0.915838242             101          29
   20.3412571      0.748099029             103          43
   26.0352764      0.250357240              49          32
   25.5176373      0.393802255              50          33
   27.5881901      0.792429745             101          29
   25.5176373      0.740601838              50          33
   23.9647236      0.658208072              67          36
   22.9294472      0.638226688              87          38
   27.0705528      0.711609483              18          30
   26.5529137      0.667815566              26          31
   20.3412571      0.594035208              27          43
   23.9647236      0.707097590              67          36
   29.1411057       1.00000000              74          26
   22.9294472      0.888893008              87          38
   27.0705528      0.676009774              18          30
   26.5529137      0.725560308              26          31
   20.3412571      0.514320254              27          43
   29.1411057      0.790713727              74          26
   22.9294472      0.681903720              11          38
   25.5176373      0.797458231              21          33
   25.0000000      0.772572279               1          34
   22.9294472      0.761392057              11          38
   25.5176373      0.850878239              21          33
   21.8941708      0.844074190              26          40
   25.0000000      0.950644493              85          34
   25.0000000      0.817736208               1          34
   21.3765335      0.612360954              14          41
   21.8941708      0.709986210              26          40
   26.0352764      0.810201406              34          32
   26.0352764      0.819431424              41          32
   25.0000000      0.811150372              85          34
   28.6234665      0.768182397             117          27
   21.3765335      0.653573871              14          41
   25.0000000      0.742788613              20          34
   26.0352764      0.654867113              34          32
   26.0352764      0.804989517              41          32
   27.0705528      0.682847142             113          30
   28.6234665      0.871880472             117          27
   28.1058292      0.841744900             119          28
   25.0000000      0.748942494              20          34
   21.3765335      0.773699760              78          41
   27.5881901      0.720369935              85          29
   25.0000000      0.861123919              91          34
   29.6587429      0.861901999             107          25
   27.0705528      0.691798806             113          30
   28.1058292      0.718061149             119          28
   25.0000000      0.781055689               1          34
   28.1058292      0.808922648              22          28
   21.3765335      0.816039920              78          41
   22.4118099      0.663324118              81          39
   27.5881901      0.631467283              85          29
   25.0000000      0.813360393              91          34
   29.6587429      0.830692291             107          25
   25.0000000      0.896955311               1          34
   20.8588943      0.568677962              21          42
   28.1058292      0.878027618              22          28
   21.3765335      0.702766955              27          41
   22.4118099      0.767517328              81          39
   23.4470863      0.666888833             116          37
   20.3412571      0.733691216              13          43
   20.8588943      0.535784841              21          42
   21.3765335      0.724114358              27          41
   27.5881901      0.774570942              41          29
   27.5881901      0.734424531              90          29
   25.5176373      0.750755727             114          33
   23.4470863      0.563098013             116          37
   20.3412571      0.628518641              13          43
   28.6234665      0.704951465              16          27
   27.5881901      0.765377522              41          29
   27.5881901      0.758778274              90          29
   25.5176373      0.776367366             114          33
   28.6234665      0.741381705              16          27
   29.1411057      0.878098309              23          26
   24.4823627      0.682095885              77          35
   20.8588943      0.606295228               5          42
   25.0000000      0.908138275              15          34
   20.3412571      0.799752712              18          43
   29.1411057      0.929576218              23          26
   24.4823627      0.748237789              77          35
   20.8588943      0.624714136               5          42
   25.0000000      0.779469132              15          34
   20.3412571      0.690709412              18          43
   23.4470863      0.603881061              36          37
   28.6234665      0.804347098              61          27
   27.5881901      0.620540023              87          29
   28.6234665      0.813552558              25          27
   23.4470863      0.582682371              36          37
   23.4470863      0.645590603              45          37
   25.5176373      0.698046863              53          33
   28.6234665      0.853403926              61          27
   27.5881901      0.706454039              87          29
   27.0705528      0.827675462              11          30
   28.6234665      0.735272050              13          27
   28.6234665      0.795610487              25          27
   23.4470863      0.702106059              45          37
   25.5176373      0.868176281              53          33
