   18.7883434      0.775442600              40          46
   19.8236198      0.793778658              43          44
   16.2001534      0.731096387              47          51
   15.1648760      0.706696332              54          53
   11.0237713      0.516178846              59          61
   13.6119623      0.643212259              69          56
   10.5061340      0.839508712              80          62
   17.7530670      0.730129361              91          48
   17.7530670      0.781261444              13          48
   15.1648760      0.697971463              26          53
   18.7883434      0.717911124              40          46
   16.2001534      0.749088824              41          51
   16.2001534      0.771411657              47          51
   14.6472378      0.834665596              49          54
   15.1648760      0.742650509              54          53
   10.5061340      0.777355134              80          62
   17.7530670      0.823222220              13          48
   15.1648760      0.734370589              26          53
   16.2001534      0.750618994              41          51
   14.6472378      0.701855600              49          54
   17.2354279      0.563656867              74          49
   19.8236198      0.756958604             118          44
   19.3059807      0.559520662              67          45
   17.2354279      0.532283545              74          49
   12.5766859      0.552935779              82          58
   19.8236198      0.619516432             118          44
   17.7530670      0.773622394              42          48
   17.2354279      0.576896846              61          49
   19.3059807      0.686149836              67          45
   12.5766859      0.532132506              82          58
   17.7530670      0.695922077              42          48
   17.2354279      0.567134559              61          49
   15.1648760      0.589627624              86          53
   19.3059807      0.660405397              91          45
   17.2354279      0.505608141             121          49
   13.6119623      0.674198091               8          56
   15.1648760      0.562524796              37          53
   16.2001534      0.589776993              63          51
   13.0943241      0.535822392              71          57
   18.2707043      0.599696040              73          47
   15.1648760      0.551524699              86          53
   19.3059807      0.627875686              91          45
   17.2354279      0.544983923             121          49
   13.6119623      0.838040233               8          56
   18.2707043      0.689087391              13          47
   18.7883434      0.721476376              32          46
   15.1648760      0.525809586              37          53
   16.2001534      0.529711545              63          51
   13.0943241      0.578523815              71          57
   18.2707043      0.535553694              73          47
   16.2001534      0.635462642              96          51
   18.2707043      0.792409062              13          47
   17.2354279      0.837392807              15          49
   18.7883434      0.492575884              32          46
   16.2001534      0.610311866              96          51
   17.2354279      0.657221437              15          49
   15.6825142      0.710526764               7          52
   19.8236198      0.772050381              15          44
   10.5061340      0.647699475              17          62
   14.1296005      0.700797975              71          55
   11.0237713      0.551558614              89          61
   15.6825142      0.516698599               7          52
   19.8236198      0.493217021              15          44
   10.5061340      0.659013569              17          62
   14.1296005      0.654996455              44          55
   18.2707043      0.571130097              50          47
   14.1296005      0.582920074              71          55
   17.2354279      0.682245970              81          49
   12.5766859      0.510483742              89          58
   11.0237713      0.385852575              89          61
   14.1296005      0.674907386              44          55
   18.2707043      0.649515569              50          47
   17.2354279      0.681268990              81          49
   12.5766859      0.476053268              89          58
   18.7883434      0.494371086             110          46
   16.2001534      0.646212757             114          51
   19.8236198      0.608105302              42          44
   14.6472378      0.579769850              75          54
   15.1648760      0.399418145              90          53
   18.7883434      0.526193380             110          46
   17.2354279      0.550179124             113          49
   16.2001534      0.550739408             114          51
   11.5414095      0.622641683              39          60
   19.8236198      0.808192849              42          44
   17.7530670      0.596731663              57          48
   14.6472378      0.648840249              75          54
   15.1648760      0.587905943              90          53
   17.2354279      0.661229610             113          49
   13.6119623      0.450211823              17          56
   11.5414095      0.509563386              39          60
   18.7883434      0.534176409              51          46
   17.7530670      0.591290712              57          48
   16.7177906      0.698686898              66          50
   14.1296005      0.505556703              86          55
   14.1296005      0.577649832             102          55
   13.6119623      0.673195660              17          56
   18.7883434      0.734755516              51          46
   16.7177906      0.635203779              66          50
   17.2354279      0.600954652              77          49
   14.1296005      0.567638397              86          55
   14.1296005      0.596968234             102          55
   14.6472378      0.551560402              38          54
   17.2354279      0.473100156              77          49
   12.0590477      0.647594392             100          59
   19.8236198      0.575435817              20          44
   14.6472378      0.411956698              38          54
   12.0590477      0.600284040             100          59
   19.3059807      0.649483144             109          45
   19.8236198      0.714138925              20          44
   17.7530670      0.800128460              46          48
   11.5414095      0.604367018              46          60
   11.5414095      0.588794172              71          60
   19.3059807      0.583598137             109          45
   12.5766859      0.677373767              35          58
   17.7530670      0.754648268              46          48
   11.5414095      0.638454497              46          60
   13.6119623      0.558479786              66          56
   11.5414095      0.678091168              71          60
   12.0590477      0.640474379              74          59
   17.7530670      0.612630546              79          48
   18.2707043      0.523243725             102          47
   12.5766859      0.579957426              16          58
   14.1296005      0.535127878              32          55
   12.5766859      0.644070804              35          58
   17.2354279      0.592471361              44          49
   13.6119623      0.584046364              66          56
   17.7530670      0.724352479              68          48
   12.0590477      0.577904642              74          59
   17.7530670      0.627158940              79          48
   18.2707043      0.618182003             102          47
   12.5766859      0.552768946              16          58
   17.7530670      0.710740268              22          48
   14.1296005      0.493585706              32          55
   17.2354279      0.572193742              44          49
   17.7530670      0.624605834              68          48
   17.7530670      0.840238988              75          48
   17.2354279      0.798100233              77          49
   18.2707043      0.661289096              14          47
   17.7530670      0.535218716              22          48
   17.7530670      0.547974408              48          48
   17.7530670      0.844389200              75          48
   17.2354279      0.698963463              77          49
   10.5061340      0.556698799              85          62
   18.2707043      0.681264162              14          47
   17.7530670      0.630021811              48          48
   10.5061340      0.473490238              85          62
   10.5061340      0.586697638             102          62
   10.5061340      0.597762406             102          62
   17.2354279      0.614094615              12          49
   14.1296005      0.433236033              84          55
   19.3059807      0.397863567              91          45
   17.2354279      0.518194616              12          49
   12.0590477      0.566742778              54          59
   12.5766859      0.727230906              64          58
   15.1648760      0.651752770              72          53
   14.1296005      0.502291501              84          55
   19.3059807      0.579479277              91          45
   12.0590477      0.665433049              54          59
   12.5766859      0.631588519              64          58
   15.1648760      0.623293996              72          53
   14.1296005      0.567621768             115          55
   11.0237713      0.302770406              38          61
   14.1296005      0.395552456             115          55
   11.0237713      0.622156620              38          61
   17.7530670      0.678102732              65          48
   10.5061340      0.439484507              70          62
   11.0237713      0.518909037              88          61
   15.6825142      0.572600424              98          52
   11.0237713      0.512287199               6          61
   18.7883434      0.675727487              25          46
   17.7530670      0.607398391              65          48
   10.5061340      0.547482550              70          62
   11.0237713      0.542007685              88          61
   15.6825142      0.656695306              98          52
   10.5061340      0.568270326             103          62
   11.0237713      0.462158114               6          61
   18.7883434      0.739922345              25          46
   10.5061340      0.415608138             103          62
   13.6119623      0.528638601             105          56
   18.2707043      0.781364977             109          47
   13.6119623      0.589171946              46          56
   18.7883434      0.719582975              59          46
   15.6825142      0.501234531              69          52
   19.3059807      0.573899150              75          45
   16.2001534      0.611467123              77          51
   13.6119623      0.729825020             105          56
   18.2707043      0.739298880             109          47
   11.0237713      0.577645659              37          61
   13.6119623      0.582342029              46          56
   19.8236198      0.585267842              48          44
   18.7883434      0.634260237              59          46
   15.6825142      0.502268195              69          52
   19.3059807      0.552910507              75          45
   16.2001534      0.546047807              77          51
   16.7177906      0.487552285              18          50
   15.6825142      0.404796451              18          52
   11.0237713      0.631388307              37          61
   19.8236198      0.669625580              48          44
   16.7177906      0.664707124              80          50
   17.7530670      0.590180695              94          48
   15.1648760      0.557139397              17          53
   16.7177906      0.609200239              18          50
   15.6825142      0.422004789              18          52
   13.0943241      0.655609131              33          57
   18.2707043      0.634257615              41          47
   19.3059807      0.588219583              56          45
   16.7177906      0.616088152              80          50
   17.7530670      0.676722050              94          48
   12.0590477      0.475759625              98          59
   15.1648760      0.604145765              17          53
   13.0943241      0.601793885              25          57
   13.0943241      0.487216949              33          57
   18.2707043      0.593915522              41          47
   19.3059807      0.562380314              56          45
   15.1648760      0.549568832              94          53
   12.0590477      0.617444098              98          59
   10.5061340      0.531649292             117          62
   15.6825142      0.599145055              11          52
   13.0943241      0.689314485              25          57
   18.2707043      0.726522028              84          47
   15.1648760      0.561783433              94          53
   11.5414095      0.616209149             105          60
   10.5061340      0.544484019             117          62
   12.0590477      0.518894136              10          59
   15.6825142      0.561200380              11          52
   19.3059807      0.597053468              26          45
   18.2707043      0.710488021              29          47
   17.7530670      0.560701370              40          48
   18.7883434      0.806481361              55          46
   18.2707043      0.743469477              84          47
   18.7883434      0.784621537              86          46
   16.2001534      0.664897263              88          51
   11.5414095      0.614158392             105          60
   12.0590477      0.696181357              10          59
   19.3059807      0.580287039              26          45
   18.2707043      0.598831832              29          47
   11.5414095      0.531214774              29          60
   15.1648760      0.565634131              39          53
   17.7530670      0.453640521              40          48
   18.7883434      0.723589003              55          46
   18.7883434      0.661739826              86          46
   16.2001534      0.636844337              88          51
   13.0943241      0.706494212              19          57
   11.5414095      0.597973466              29          60
   15.1648760      0.598337352              39          53
   19.3059807      0.680552900              88          45
   10.5061340      0.595684588               2          62
   13.0943241      0.564359963              19          57
   13.6119623      0.577681720              55          56
   19.3059807      0.725564241              88          45
   19.8236198      0.582404077             117          44
   10.5061340      0.619124830               2          62
   13.6119623      0.760358155              55          56
   16.7177906      0.659541905              86          50
   13.6119623      0.625594318              96          56
   19.8236198      0.500967920             117          44
   16.7177906      0.801705599              86          50
   15.1648760      0.650801420              89          53
   13.6119623      0.695051670              96          56
   15.6825142      0.655338764              97          52
   15.1648760      0.569268942              89          53
   15.6825142      0.515549719              97          52
   13.6119623      0.592935801             106          56
   17.7530670      0.472185194              60          48
   15.1648760      0.462742895              62          53
   13.6119623      0.479178548             106          56
   17.7530670      0.640029192              60          48
   15.1648760      0.537214160              62          53
   17.2354279      0.599165857              99          49
   19.8236198      0.681334913              46          44
   17.2354279      0.592926025              99          49
   18.7883434      0.568230510              13          46
   12.5766859      0.537247539              45          58
   19.8236198      0.584791780              46          44
   17.7530670      0.698129416             100          48
   18.7883434      0.735615611              13          46
   12.5766859      0.431961596              45          58
   18.2707043      0.669046164              52          47
   16.2001534      0.463952690              55          51
   19.3059807      0.531298101              96          45
   17.7530670      0.678193629             100          48
   18.7883434      0.659475982              25          46
   19.3059807      0.652846992              46          45
   16.2001534      0.568136573              49          51
   18.2707043      0.707548797              52          47
   16.2001534      0.541693389              55          51
   12.5766859      0.551551402              82          58
   19.3059807      0.500318110              96          45
   15.6825142      0.595773995             109          52
   19.8236198      0.652813196             117          44
   18.7883434      0.696400583              25          46
   19.3059807      0.665176749              46          45
   16.2001534      0.477042437              49          51
   12.5766859      0.628954530              82          58
   18.2707043      0.634150207              88          47
   15.6825142      0.548069537             109          52
   19.8236198      0.840761840             117          44
   14.6472378      0.402856171              40          54
   18.2707043      0.456806093              88          47
   15.1648760      0.395815045              89          53
   19.3059807      0.516197801              95          45
   13.0943241      0.480365306              24          57
   14.6472378      0.492601186              40          54
   18.7883434      0.551588237              57          46
   18.2707043      0.427861899              89          47
   15.1648760      0.390231431              89          53
   19.3059807      0.456910968              95          45
   18.2707043      0.459964871             110          47
   13.0943241      0.532181323              24          57
   17.7530670      0.751773179              27          48
   18.7883434      0.734137475              57          46
   18.2707043      0.563509822              89          47
   13.0943241      0.599549234              92          57
   18.2707043      0.646760285             110          47
   12.0590477      0.641465425             120          59
   17.7530670      0.638811111              27          48
   13.0943241      0.594342411              92          57
   16.2001534      0.702536225             114          51
   12.0590477      0.595570922             120          59
   13.0943241      0.619022727               3          57
   10.5061340      0.602201283              45          62
   12.0590477      0.652786613             106          59
   16.2001534      0.805049896             114          51
   13.0943241      0.690916896               3          57
   12.0590477      0.512866974              23          59
   12.0590477      0.493053257              25          59
   10.5061340      0.631991982              45          62
   12.0590477      0.584041297             106          59
   11.0237713      0.596958220             114          61
   16.2001534      0.609734356             120          51
   13.0943241      0.750583827              17          57
   12.0590477      0.479827255              23          59
   12.0590477      0.418628305              25          59
   13.6119623      0.650111794              75          56
   11.0237713      0.574853361             114          61
   16.2001534      0.563203394             120          51
   13.0943241      0.578226328              17          57
   13.6119623      0.665783823              75          56
   11.0237713      0.624730647              90          61
   17.2354279      0.636058271              24          49
   16.2001534      0.516124427              30          51
   11.0237713      0.654250145              90          61
   17.2354279      0.634810805              24          49
   16.2001534      0.489490271              30          51
   10.5061340      0.618177474              78          62
   16.7177906      0.601077318              89          50
   17.7530670      0.537128568             115          48
   16.2001534      0.627342045             118          51
   16.7177906      0.726742864              18          50
   15.6825142      0.571107328              25          52
   17.7530670      0.653864682              77          48
   10.5061340      0.514992714              78          62
   16.7177906      0.633489430              89          50
   17.7530670      0.640108347             115          48
   16.2001534      0.630513072             118          51
   16.7177906      0.668983638              18          50
   15.6825142      0.535385072              25          52
   17.7530670      0.702062607              77          48
   13.6119623      0.570118964              86          56
   13.6119623      0.570118964              86          56
   14.6472378      0.661252975              35          54
   14.6472378      0.676507175              76          54
   13.6119623      0.581636369              86          56
   13.6119623      0.581636369              86          56
   19.8236198      0.717415273              90          44
   19.3059807      0.711771905             106          45
   14.6472378      0.746420920              35          54
   14.6472378      0.671383440              76          54
   19.8236198      0.631310463              90          44
   19.3059807      0.658392549             106          45
   18.7883434      0.651765287               3          46
   16.2001534      0.712358773              36          51
   16.7177906      0.559308231              60          50
   18.7883434      0.673734009               3          46
   14.1296005      0.616134286               3          55
   16.2001534      0.519436836              36          51
   15.1648760      0.383531213              56          53
   16.7177906      0.655561924              60          50
   16.2001534      0.707293212             110          51
   14.1296005      0.627745688               3          55
   11.5414095      0.688663244              42          60
   18.7883434      0.678506136              44          46
   10.5061340      0.592324197              47          62
   15.1648760      0.658478618              56          53
   16.2001534      0.732739568             110          51
   17.7530670      0.635626733              21          48
   11.5414095      0.592951417              42          60
   18.7883434      0.631392837              44          46
   10.5061340      0.695309877              47          62
   16.7177906      0.502059221              89          50
   18.7883434      0.584758401              92          46
   17.7530670      0.713930249              21          48
   16.7177906      0.671438098              44          50
   19.8236198      0.647577643              86          44
   13.0943241      0.707767546              88          57
   16.7177906      0.617686570              89          50
   18.7883434      0.556217611              92          46
   15.6825142      0.534514368              12          52
   15.6825142      0.594809949              14          52
   10.5061340      0.310501695              24          62
   11.0237713      0.327545583              25          61
   16.7177906      0.612468243              44          50
   10.5061340      0.792862594              84          62
   19.8236198      0.653805792              86          44
   13.0943241      0.715662777              88          57
   11.5414095      0.559474826              88          60
   15.6825142      0.629487097              12          52
   15.6825142      0.687777877              14          52
   10.5061340      0.389128268              24          62
   11.0237713      0.355915576              25          61
   10.5061340      0.564985275              84          62
   11.5414095      0.688031673              88          60
   14.6472378      0.830057144             121          54
   18.2707043      0.670650423              35          47
   17.2354279      0.721388221              68          49
   12.0590477      0.595195174              91          59
   12.0590477      0.656749487              98          59
   14.6472378      0.713641822             121          54
   15.1648760      0.471567929              21          53
   18.2707043      0.569158435              35          47
   13.0943241      0.558129132              38          57
   17.2354279      0.554812670              68          49
   12.0590477      0.543049455              91          59
   14.6472378      0.502796054              95          54
   12.0590477      0.517039359              98          59
   17.7530670      0.475503057              17          48
   15.1648760      0.505362570              21          53
   16.7177906      0.689605534              24          50
   13.0943241      0.509059787              38          57
   19.3059807      0.675942481              49          45
   17.2354279      0.687761068              86          49
   14.6472378      0.575423419              95          54
   14.6472378      0.571963489               1          54
   17.7530670      0.596627891              17          48
   19.3059807      0.592656732              18          45
   16.7177906      0.658690691              24          50
   19.3059807      0.591691434              49          45
   17.7530670      0.508927166              51          48
   17.2354279      0.613137424              86          49
   13.6119623      0.493974745             106          56
   14.6472378      0.481892079               1          54
   19.3059807      0.595134795              18          45
   17.7530670      0.490654647              51          48
   19.8236198      0.520372450              60          44
   19.8236198      0.656319916              67          44
   12.5766859      0.550364077              87          58
   15.1648760      0.478581160              92          53
   13.6119623      0.584587991             106          56
   13.6119623      0.542872608              54          56
   19.8236198      0.506228864              60          44
   19.8236198      0.611736178              67          44
   12.5766859      0.653866053              87          58
   15.1648760      0.520662427              92          53
   13.6119623      0.613478363              54          56
   13.6119623      0.572134495              65          56
   15.6825142      0.701865256              18          52
   13.6119623      0.672864318              65          56
   12.5766859      0.607949734             114          58
   15.6825142      0.709812701              18          52
   16.2001534      0.488140076              98          51
   12.5766859      0.680013895             114          58
   12.0590477      0.702400804             116          59
   16.2001534      0.532060921              98          51
   12.0590477      0.494807780             116          59
   19.3059807      0.582955897              16          45
   12.5766859      0.471761584              49          58
   17.2354279      0.734080553               1          49
   19.3059807      0.519201696              16          45
   16.7177906      0.558416605              39          50
   12.5766859      0.556723475              49          58
   14.6472378      0.539455056              64          54
   17.2354279      0.784489274               1          49
   13.6119623      0.614153445              19          56
   16.7177906      0.634138107              39          50
   15.1648760      0.648456514              55          53
   14.6472378      0.587103426              64          54
   11.5414095      0.503151655             114          60
   11.5414095      0.484211743             118          60
   12.0590477      0.531394064              17          59
   13.6119623      0.763727248              19          56
   15.1648760      0.595880806              55          53
   11.5414095      0.595586717             114          60
   15.1648760      0.626908898             118          53
   11.5414095      0.587011039             118          60
   17.2354279      0.621585011              14          49
   12.0590477      0.588693857              17          59
   18.7883434      0.627537429              75          46
   15.1648760      0.458383203             118          53
   17.2354279      0.636896908              14          49
   12.5766859      0.629294038              16          58
   18.2707043      0.578561604              45          47
   18.7883434      0.612385929              75          46
   12.0590477      0.546694338             120          59
   12.5766859      0.717302144              16          58
   18.2707043      0.560379624              45          47
   15.1648760      0.574147165             116          53
   12.0590477      0.519428790             120          59
   14.6472378      0.684629083               7          54
   12.0590477      0.524168193             100          59
   15.1648760      0.566571236             116          53
   14.6472378      0.670423806               7          54
   15.6825142      0.559371114              35          52
   12.0590477      0.557852685             100          59
   11.5414095      0.551472962              17          60
   15.6825142      0.518526673              35          52
   14.1296005      0.571718454              60          55
   13.6119623      0.540932715              85          56
   11.5414095      0.604488432              17          60
   14.1296005      0.504447043              60          55
   18.2707043      0.597968578              66          47
   13.6119623      0.621678829              85          56
   17.7530670      0.626845837             101          48
   13.6119623      0.596353889             121          56
   11.5414095      0.488120884              17          60
   18.7883434      0.611873388              44          46
   14.1296005      0.498975009              50          55
   18.2707043      0.550405443              66          47
   17.7530670      0.640484273             101          48
   13.6119623      0.582241952             121          56
   11.5414095      0.634649694              17          60
   12.5766859      0.423171401              30          58
   18.7883434      0.654859602              44          46
   14.1296005      0.617113590              50          55
   12.5766859      0.638224959              30          58
   13.0943241      0.588446438              55          57
   14.6472378      0.477634192              68          54
   12.5766859      0.495764434              53          58
   12.0590477      0.437544793              54          59
   13.0943241      0.417049527              55          57
   12.0590477      0.386810273              55          59
   14.6472378      0.525579154              68          54
   19.8236198      0.689026892               8          44
   12.5766859      0.593929410              30          58
   12.0590477      0.341024995              31          59
   10.5061340      0.676179349              49          62
   12.5766859      0.689487934              53          58
   12.0590477      0.604402125              54          59
   12.0590477      0.556692362              55          59
   10.5061340      0.583835423              63          62
   15.1648760      0.594298959              78          53
   15.6825142      0.634732366             110          52
