   41.5644188      0.999463141              17           2
   40.0115051      0.973082840             109           5
   41.5644188       1.00000000              17           2
   40.0115051      0.987208962             109           5
   41.0467834      0.898525655             109           3
   41.5644188      0.939171791              89           2
   41.0467834       1.00000000             109           3
   41.5644188      0.968594968              89           2
   40.5291443      0.900368690               3           4
   40.5291443      0.936988533               3           4
   41.0467834      0.983758628             102           3
   40.5291443       1.00000000              89           4
   41.0467834      0.784218192             102           3
   41.5644188       1.00000000              27           2
   40.5291443      0.910448730              89           4
   41.5644188       1.00000000              27           2
   42.0820541      0.910793185             117           1
   41.0467834       1.00000000              75           3
   42.0820541      0.949224412              81           1
   42.0820541      0.969650149             117           1
   41.0467834      0.935287595              75           3
   42.0820541       1.00000000              81           1
   41.5644188      0.960461736             114           2
   41.0467834      0.795437157              66           3
   40.0115051       1.00000000              98           5
   41.5644188      0.937034965             114           2
   41.0467834      0.861754060              66           3
   40.0115051       1.00000000              98           5
   41.5644188      0.966026783              38           2
   41.5644188       1.00000000             115           2
   41.5644188      0.871467233              29           2
   41.5644188      0.695198953              38           2
   41.5644188       1.00000000             115           2
   41.5644188      0.988212109              29           2
   42.0820541      0.948263526             103           1
   42.0820541       1.00000000             103           1
   40.5291443      0.855480552             120           4
   40.0115051      0.917315602               4           5
   40.5291443      0.885871828             120           4
   40.0115051      0.774589598               4           5
   41.5644188      0.855732918             114           2
   41.5644188      0.657032251              18           2
   40.0115051      0.612028599              56           5
   41.5644188      0.584944367              59           2
   41.5644188      0.668191254             114           2
   41.5644188      0.913876116              18           2
   40.0115051      0.917333543              56           5
   41.5644188      0.790605724              59           2
   40.5291443       1.00000000             120           4
   40.5291443      0.851068497             120           4
   42.0820541      0.877751648              24           1
   41.5644188       1.00000000              31           2
   42.0820541       1.00000000              24           1
   41.5644188      0.995626509              31           2
   40.5291443      0.939801216             108           4
   40.5291443      0.974769413             108           4
   40.5291443       1.00000000             118           4
   41.0467834      0.979807377              65           3
   40.5291443       1.00000000             118           4
   41.0467834      0.971776009              65           3
   41.0467834       1.00000000              39           3
   41.0467834      0.975062788              47           3
   42.0820541      0.964115322              52           1
   41.0467834      0.894519985              39           3
   41.0467834      0.840537429              47           3
   42.0820541      0.752349555              52           1
   40.5291443      0.949463964              65           4
   41.0467834      0.989975631              26           3
   40.5291443      0.865050793              65           4
   41.0467834      0.918249130             101           3
   41.0467834      0.893941522              26           3
   41.0467834      0.981076419             101           3
   40.0115051      0.945812464              98           5
   40.0115051      0.903079033              98           5
   40.5291443      0.964581668             119           4
   40.5291443      0.993232727             108           4
   40.5291443       1.00000000             119           4
   40.5291443       1.00000000             108           4
   41.5644188      0.929534197              15           2
   41.5644188      0.761513412              15           2
   40.5291443       1.00000000              59           4
   40.5291443       1.00000000              59           4
   40.5291443      0.997768164             119           4
   40.5291443       1.00000000             119           4
   41.0467834      0.868575811              62           3
   41.0467834      0.881990850              62           3
   41.5644188      0.867590666             106           2
   41.5644188      0.847474813             106           2
   40.0115051      0.794251263              18           5
   42.0820541      0.866469204              65           1
   40.0115051      0.838967264              18           5
   42.0820541      0.892524660              65           1
   40.5291443      0.879336774              35           4
   40.5291443       1.00000000              35           4
   40.5291443      0.998846471              75           4
   40.5291443      0.895761549              75           4
   40.0115051       1.00000000              84           5
   40.0115051      0.926320493              64           5
   40.0115051      0.896237254              84           5
   40.0115051       1.00000000              64           5
   41.0467834      0.867970288              66           3
   41.0467834      0.910094380              66           3
   41.0467834      0.944950342             105           3
   41.0467834      0.929038823             105           3
   41.0467834      0.982256174             109           3
   41.0467834      0.902628541             109           3
   41.0467834      0.971807778              16           3
   41.0467834      0.974695206              16           3
   41.0467834       1.00000000             116           3
   41.5644188      0.964986563              51           2
   40.0115051      0.856835604              76           5
   41.0467834      0.876230240             116           3
   40.5291443      0.874835849               8           4
   41.0467834      0.952389479              35           3
   41.5644188       1.00000000              51           2
   40.0115051      0.946535528              76           5
   40.0115051      0.968473852              82           5
   40.5291443      0.974435389               8           4
   41.0467834      0.911805987              35           3
   40.0115051       1.00000000              82           5
   41.0467834      0.921888232              15           3
   41.5644188       1.00000000              83           2
   41.0467834       1.00000000              15           3
   41.5644188      0.957018673              83           2
   40.5291443       1.00000000               8           4
   40.5291443      0.894252658              48           4
   40.5291443      0.923764288               8           4
   40.5291443       1.00000000              48           4
