          16           3  -31.9489994      -71.1240005      0.974695206    
          16          58  -31.9050007      -72.2470016      0.717302144    
          20          34  -31.8530006      -71.7529984      0.748942494    
          29          11  -31.7089996      -71.2760010      0.974882543    
          45          47  -31.3920002      -71.9919968      0.560379624    
          45          70  -31.3710003      -72.4580002      0.617737174    
          59          66  -31.1229992      -72.3619995      0.494521439    
          65          14  -31.0580006      -71.3040009      0.889411032    
          78          41  -30.8020000      -71.8369980      0.773699760    
          81          17  -30.7670002      -71.3499985      0.878237069    
          85          29  -30.6860008      -71.5879974      0.720369935    
          89          19  -30.6219997      -71.3830032      0.940687656    
          91          34  -30.5739994      -71.6829987      0.861123919    
         102          68  -30.3460007      -72.3550034      0.445430309    
         107          25  -30.2929993      -71.4869995      0.861901999    
         113          30  -30.1809998      -71.5820007      0.691798806    
         116           3  -30.1469994      -71.0380020       1.00000000    
         116          53  -30.1070004      -72.0390015      0.574147165    
         119          28  -30.0739994      -71.5360031      0.718061149    
         120          59  -30.0300007      -72.1549988      0.519428790    
