           2          36  -32.1759987      -71.8119965      0.759938538    
           3          57  -32.1399994      -72.2399979      0.690916896    
          23          17  -31.8129997      -71.4029999      0.822167695    
          23          59  -31.7779999      -72.2590027      0.512866974    
          25          21  -31.7740002      -71.4830017      0.825285137    
          25          59  -31.7420006      -72.2570038      0.493053257    
          32          40  -31.6320000      -71.8629990      0.905682981    
          33          42  -31.6119995      -71.9029999      0.756981194    
          44          35  -31.4200001      -71.7490005      0.745430827    
          45          62  -31.3789997      -72.2959976      0.631991982    
          60          66  -31.1049995      -72.3610001      0.628502369    
          63          15  -31.0930004      -71.3259964      0.972796440    
          83          43  -30.7110004      -71.8720016      0.736119747    
         106          59  -30.2819996      -72.1699982      0.584041297    
         108           4  -30.2900009      -71.0650024       1.00000000    
         108          42  -30.2609997      -71.8270035      0.660752594    
         114          61  -30.1359997      -72.2009964      0.596958220    
         119          16  -30.0830002      -71.2959976      0.892683387    
         119          68  -30.0400009      -72.3359985      0.566405952    
         120          51  -30.0370007      -71.9950027      0.609734356    
