           4          67  -32.1119995      -72.4440002      0.506047070    
          14          32  -31.9629993      -71.7180023      0.883001983    
          17          17  -31.9209995      -71.4089966      0.903015971    
          19          34  -31.8710003      -71.7539978      0.798843801    
          20          44  -31.8449993      -71.9570007      0.714138925    
          29          27  -31.6970005      -71.6009979      0.765937686    
          38           2  -31.5529995      -71.0849991      0.966026783    
          40          34  -31.4930000      -71.7330017      0.807667792    
          46          48  -31.3729992      -72.0110016      0.800128460    
          46          60  -31.3619995      -72.2539978      0.604367018    
          50          42  -31.3059998      -71.8850021      0.716532409    
          71          60  -30.9120007      -72.2269974      0.588794172    
          75          42  -30.8560009      -71.8600006      0.644951344    
          87          70  -30.6149998      -72.4110031      0.475104064    
          89          17  -30.6229992      -71.3430023      0.878469586    
         100          15  -30.4260006      -71.2929993      0.893648505    
         109          45  -30.2399998      -71.8860016      0.583598137    
         113          12  -30.1940002      -71.2210007      0.564036369    
         114          11  -30.1770000      -71.1999969      0.562062442    
         115           2  -30.1660004      -71.0189972       1.00000000    
