          13          46  -31.9689999      -72.0049973      0.568230510    
          17          34  -31.9069996      -71.7559967      0.703807652    
          26           3  -31.7689991      -71.1149979      0.989975631    
          30          10  -31.6919994      -71.2539978      0.798857927    
          45          58  -31.3820000      -72.2149963      0.537247539    
          46          37  -31.3820000      -71.7880020      0.601286829    
          46          44  -31.3759995      -71.9300003      0.584791780    
          51          21  -31.3050003      -71.4589996      0.730027556    
          65           4  -31.0650005      -71.1019974      0.865050793    
          67          10  -31.0249996      -71.2210007       1.00000000    
          67          42  -31.0000000      -71.8679962      0.661088407    
          76          27  -30.8500004      -71.5559998      0.715107083    
          77          15  -30.8409996      -71.3130035      0.720135331    
          93          18  -30.5499992      -71.3590012      0.915660501    
          98          31  -30.4500008      -71.6159973      0.822957635    
         100          48  -30.3999996      -71.9550018      0.698129416    
         101           3  -30.4169998      -71.0510025      0.918249130    
         105          66  -30.2940006      -72.3109970      0.509829581    
         117           6  -30.1270008      -71.0970001      0.812284052    
         120          42  -30.0450001      -71.8150024      0.538954914    
