           3          69  -32.1290016      -72.4860001      0.368018538    
          10          14  -32.0489998      -71.3539963      0.799574673    
          13          25  -31.9869995      -71.5759964      0.905278206    
          18          50  -31.8759995      -72.0810013      0.668983638    
          25          35  -31.7619991      -71.7679977      0.766982138    
          25          52  -31.7479992      -72.1149979      0.535385072    
          30          13  -31.6900005      -71.3160019      0.934264064    
          35          23  -31.5919991      -71.5139999      0.677407563    
          41          70  -31.4430008      -72.4629974      0.440325469    
          45          39  -31.3990002      -71.8300018      0.648291767    
          50           6  -31.3339996      -71.1549988       1.00000000    
          52          36  -31.2749996      -71.7620010      0.638614118    
          56          33  -31.2049999      -71.6969986      0.906726778    
          60          21  -31.1429996      -71.4499969      0.843838692    
          77          48  -30.8139992      -71.9789963      0.702062607    
          86          23  -30.6730003      -71.4660034      0.851276338    
          86          56  -30.6450005      -72.1309967      0.570118964    
          86          56  -30.6450005      -72.1309967      0.570118964    
         102          23  -30.3840008      -71.4520035      0.807587385    
         119          37  -30.0669994      -71.7160034      0.704613388    
