          18           2  -31.9139996      -71.1019974      0.657032251    
          28          25  -31.7159996      -71.5619965      0.613121450    
          31          19  -31.6669998      -71.4369965      0.648265719    
          31          27  -31.6609993      -71.5999985       1.00000000    
          32          27  -31.6429996      -71.5989990      0.997632623    
          38          11  -31.5470009      -71.2679977      0.605461776    
          38          61  -31.5060005      -72.2839966      0.302770406    
          53          39  -31.2539997      -71.8219986      0.393886089    
          54          24  -31.2490005      -71.5169983      0.527582407    
          56           5  -31.2269993      -71.1299973      0.612028599    
          59           2  -31.1749992      -71.0670013      0.584944367    
          68          20  -30.9990005      -71.4229965      0.533453047    
          75          17  -30.8759995      -71.3560028      0.587567508    
          84          35  -30.6989994      -71.7099991      0.436095536    
          85          26  -30.6879997      -71.5279999      0.496780485    
         103          43  -30.3500004      -71.8519974      0.441833049    
         109          70  -30.2180004      -72.3870010      0.322705090    
         114           2  -30.1840000      -71.0199966      0.668191254    
         115          55  -30.1240005      -72.0800018      0.395552456    
         120          33  -30.0520000      -71.6350021      0.584476352    
