           8           4  -32.0929985      -71.1520004       1.00000000    
          23          63  -31.7740002      -72.3410034      0.481585324    
          25          27  -31.7689991      -71.6050034      0.813552558    
          29          23  -31.7000008      -71.5199966      0.829740107    
          36          37  -31.5620003      -71.7979965      0.582682371    
          42          14  -31.4729996      -71.3249969      0.757328391    
          45          37  -31.3999996      -71.7890015      0.645590603    
          48           4  -31.3719997      -71.1169968      0.894252658    
          53          33  -31.2590008      -71.6999969      0.698046863    
          53          58  -31.2380009      -72.2060013      0.495764434    
          53          67  -31.2299995      -72.3889999      0.450760394    
          54          59  -31.2189999      -72.2259979      0.437544793    
          55          57  -31.2029991      -72.1839981      0.417049527    
          55          59  -31.2010002      -72.2239990      0.386810273    
          61          27  -31.1200008      -71.5709991      0.853403926    
          68          54  -30.9710007      -72.1090012      0.525579154    
          74          23  -30.8889999      -71.4779968      0.712363720    
          84          11  -30.7180004      -71.2269974      0.920429528    
          87          29  -30.6499996      -71.5859985      0.706454039    
          94           9  -30.5389996      -71.1770020      0.944550037    
