           1          34  -32.1959991      -71.7720032      0.817736208    
          14          41  -31.9549999      -71.9020004      0.612360954    
          14          49  -31.9489994      -72.0650024      0.621585011    
          17          59  -31.8859997      -72.2659988      0.588693857    
          26          40  -31.7399998      -71.8690033      0.709986210    
          28          17  -31.7229996      -71.3990021      0.904762685    
          31          19  -31.6669998      -71.4369965      0.973473728    
          34          32  -31.6030006      -71.6979980      0.810201406    
          41          32  -31.4759998      -71.6910019      0.819431424    
          60          23  -31.1410007      -71.4909973      0.817176461    
          75          46  -30.8519993      -71.9410019      0.627537429    
          84          23  -30.7089996      -71.4680023      0.862267733    
          85          34  -30.6819992      -71.6890030      0.811150372    
          94           7  -30.5410004      -71.1370010      0.941707253    
         100          15  -30.4260006      -71.2929993      0.928462863    
         109           3  -30.2730007      -71.0439987      0.902628541    
         110          69  -30.2010002      -72.3659973      0.531682909    
         117          27  -30.1110001      -71.5179977      0.768182397    
         118          10  -30.1060009      -71.1770020       1.00000000    
         118          53  -30.0709991      -72.0370026      0.458383203    
