           4          31  -32.1440010      -71.7080002      0.868764758    
           5          17  -32.1370010      -71.4199982       1.00000000    
          12          52  -31.9820004      -72.1279984      0.534514368    
          12          64  -31.9710007      -72.3730011      0.738466978    
          14          52  -31.9459991      -72.1259995      0.594809949    
          24          62  -31.7570000      -72.3190002      0.310501695    
          25          61  -31.7399998      -72.2979965      0.327545583    
          33          24  -31.6270008      -71.5370026      0.848440230    
          44          50  -31.4069996      -72.0540009      0.612468243    
          56          20  -31.2159996      -71.4339981      0.916947722    
          64          71  -31.0279999      -72.4570007      0.577286482    
          71          37  -30.9319992      -71.7630005      0.703564286    
          82          70  -30.7049999      -72.4169998      0.493581504    
          84          62  -30.6760006      -72.2539978      0.792862594    
          86          44  -30.6560001      -71.8889999      0.653805792    
          88          57  -30.6079998      -72.1490021      0.715662777    
          88          60  -30.6060009      -72.2089996      0.559474826    
          92          22  -30.5650005      -71.4410019      0.824802339    
         105          37  -30.3190002      -71.7300034      0.721730590    
         120          39  -30.0470009      -71.7549973      0.719562769    
