           6          42  -32.0989990      -71.9300003      0.691745043    
          23          28  -31.8040009      -71.6279984      0.767268062    
          24          57  -31.7609997      -72.2170029      0.532181323    
          26          21  -31.7560005      -71.4820023      0.961988032    
          27          48  -31.7150002      -72.0309982      0.751773179    
          28          17  -31.7229996      -71.3990021       1.00000000    
          40          43  -31.4850006      -71.9160004      0.783694625    
          51          21  -31.3050003      -71.4589996      0.916985631    
          57          46  -31.1770000      -71.9589996      0.734137475    
          60          40  -31.1280003      -71.8349991      0.731381834    
          61          27  -31.1200008      -71.5709991      0.878547490    
          72          22  -30.9260006      -71.4589996      0.825899422    
          89          47  -30.5990009      -71.9469986      0.563509822    
          92          57  -30.5359993      -72.1449966      0.599549234    
          97          17  -30.4790001      -71.3359985      0.957552433    
          98           5  -30.4699993      -71.0940018      0.945812464    
         105          63  -30.2970009      -72.2509995      0.629427493    
         110          12  -30.2479992      -71.2239990      0.978735685    
         110          47  -30.2210007      -71.9250031      0.646760285    
         120          59  -30.0300007      -72.1549988      0.641465425    
