          10          30  -32.0369987      -71.6809998      0.722069025    
          28          25  -31.7159996      -71.5619965      0.831205785    
          31          19  -31.6669998      -71.4369965       1.00000000    
          32          27  -31.6429996      -71.5989990      0.808547199    
          36          16  -31.5790005      -71.3710022      0.920085311    
          37          12  -31.5639992      -71.2890015      0.475011706    
          38          11  -31.5470009      -71.2679977      0.581577063    
          54          59  -31.2189999      -72.2259979      0.665433049    
          62          34  -31.0960007      -71.7109985      0.728328049    
          64          58  -31.0400009      -72.1949997      0.631588519    
          72          53  -30.8999996      -72.0849991      0.623293996    
          75          17  -30.8759995      -71.3560028      0.852135062    
          85          26  -30.6879997      -71.5279999      0.840006173    
          88          38  -30.6250000      -71.7659988      0.778015375    
          92          34  -30.5559998      -71.6819992      0.766927481    
         103          43  -30.3500004      -71.8519974      0.556349039    
         114           2  -30.1840000      -71.0199966      0.855732918    
         115          55  -30.1240005      -72.0800018      0.567621768    
         118          12  -30.1040001      -71.2170029      0.766685069    
         120          33  -30.0520000      -71.6350021      0.759575188    
