           6          20  -32.1170006      -71.4810028      0.906372249    
          17          48  -31.8950005      -72.0419998      0.475503057    
          18           5  -31.9120007      -71.1630020      0.838967264    
          18          15  -31.9039993      -71.3669968      0.768435061    
          20          27  -31.8589993      -71.6100006      0.727907538    
          20          71  -31.8209991      -72.5070038      0.534775376    
          21          53  -31.8190002      -72.1389999      0.505362570    
          24          50  -31.7679996      -72.0749969      0.689605534    
          38          57  -31.5090008      -72.2020035      0.509059787    
          47          16  -31.3810005      -71.3610001      0.847925365    
          49          45  -31.3209991      -71.9469986      0.675942481    
          57          10  -31.2049999      -71.2300034       1.00000000    
          65           1  -31.0680008      -71.0410004      0.892524660    
          67          34  -31.0060005      -71.7060013      0.734598696    
          70          23  -30.9610004      -71.4810028      0.683073044    
          84          27  -30.7059994      -71.5490036      0.805950046    
          86          49  -30.6509991      -71.9899979      0.687761068    
          93          30  -30.5410004      -71.6009979      0.606663406    
          95          54  -30.4850006      -72.0810013      0.575423419    
         115          20  -30.1520004      -71.3789978      0.865602434    
