          18           2  -31.9139996      -71.1019974      0.913876116    
          18           6  -31.9109993      -71.1839981      0.864673018    
          20          17  -31.8670006      -71.4059982       1.00000000    
          31          27  -31.6609993      -71.5999985      0.916333437    
          36          25  -31.5720005      -71.5540009      0.940362394    
          38          61  -31.5060005      -72.2839966      0.622156620    
          41          68  -31.4449997      -72.4219971      0.392308325    
          48          24  -31.3570004      -71.5220032      0.801632464    
          53          39  -31.2539997      -71.8219986      0.568705738    
          54          24  -31.2490005      -71.5169983      0.800520241    
          56           5  -31.2269993      -71.1299973      0.917333543    
          59           2  -31.1749992      -71.0670013      0.790605724    
          65          48  -31.0310001      -71.9909973      0.678102732    
          68          20  -30.9990005      -71.4229965      0.892689526    
          70          62  -30.9279995      -72.2689972      0.439484507    
          84          35  -30.6989994      -71.7099991      0.732882261    
          88          42  -30.6210003      -71.8470001      0.645623684    
          88          61  -30.6049995      -72.2289963      0.518909037    
          98          52  -30.4330006      -72.0380020      0.572600424    
         109          70  -30.2180004      -72.3870010      0.499166131    
