          20          63  -31.8279991      -72.3440018      0.542263746    
          23          28  -31.8040009      -71.6279984      0.528719127    
          24          57  -31.7609997      -72.2170029      0.480365306    
          26          21  -31.7560005      -71.4820023      0.675602198    
          27          64  -31.7010002      -72.3570023      0.516254783    
          28          17  -31.7229996      -71.3990021      0.632146955    
          40          43  -31.4850006      -71.9160004      0.506475568    
          40          54  -31.4759998      -72.1389999      0.492601186    
          57          46  -31.1770000      -71.9589996      0.551588237    
          61          27  -31.1200008      -71.5709991      0.564817965    
          65          35  -31.0419998      -71.7289963      0.592296839    
          68          37  -30.9860001      -71.7659988       1.00000000    
          68          38  -30.9850006      -71.7860031      0.988447070    
          82          38  -30.7329998      -71.7720032      0.514414549    
          89          47  -30.5990009      -71.9469986      0.427861899    
          89          53  -30.5939999      -72.0670013      0.390231431    
          95          45  -30.4930000      -71.9000015      0.456910968    
          97          17  -30.4790001      -71.3359985      0.616151154    
         101          42  -30.3869991      -71.8339996      0.452964664    
         110          47  -30.2210007      -71.9250031      0.459964871    
