          22          17  -31.8309994      -71.4039993      0.874339342    
          22          38  -31.8139992      -71.8320007      0.796228886    
          37          21  -31.5569992      -71.4720001      0.787833631    
          39          60  -31.4880009      -72.2620010      0.622641683    
          42          18  -31.4699993      -71.4059982      0.886724055    
          42          44  -31.4480000      -71.9339981      0.808192849    
          44          40  -31.4160004      -71.8509979      0.888747096    
          46          12  -31.4020004      -71.2809982      0.903026640    
          57          40  -31.1819992      -71.8379974      0.605847836    
          57          48  -31.1749992      -72.0000000      0.596731663    
          67          15  -31.0209999      -71.3229980      0.861959875    
          75           3  -30.8859997      -71.0729980       1.00000000    
          75          54  -30.8449993      -72.1019974      0.648840249    
          81           1  -30.7789993      -71.0279999      0.949224412    
          82          14  -30.7520008      -71.2890015      0.867817879    
          90          53  -30.5760002      -72.0660019      0.587905943    
         111           6  -30.2350006      -71.1019974      0.889392495    
         113          49  -30.1650009      -71.9619980      0.661229610    
         117           1  -30.1299992      -70.9970016      0.969650149    
         120          15  -30.0660000      -71.2750015      0.908445537    
