           5          12  -32.1409988      -71.3180008      0.897866249    
          14          47  -31.9500008      -72.0240021      0.661289096    
          22          48  -31.8050003      -72.0360031      0.535218716    
          30          34  -31.6730003      -71.7429962      0.796083152    
          36          12  -31.5820007      -71.2900009      0.967582941    
          44          29  -31.4249992      -71.6279984      0.737938762    
          48          48  -31.3369999      -72.0090027      0.547974408    
          64          11  -31.0779991      -71.2440033       1.00000000    
          66          71  -30.9920006      -72.4550018      0.453319639    
          75          48  -30.8500004      -71.9810028      0.844389200    
          77          49  -30.8139992      -71.9990005      0.698963463    
          85          62  -30.6580009      -72.2529984      0.556698799    
          86          25  -30.6709995      -71.5070038      0.820282459    
          91          37  -30.5709991      -71.7429962      0.634684622    
          91          64  -30.5480003      -72.2860031      0.519160211    
          97          30  -30.4689999      -71.5970001      0.742807329    
         102          67  -30.3470001      -72.3349991      0.548080325    
         110          42  -30.2250004      -71.8249969      0.773521960    
         113          38  -30.1739998      -71.7419968      0.752204597    
         116          14  -30.1389999      -71.2580032      0.882388651    
