           9          29  -32.0550003      -71.6620026      0.703085124    
          15          29  -31.9470005      -71.6559982      0.753977299    
          17          40  -31.9020004      -71.8779984      0.696523011    
          28          68  -31.6790009      -72.4369965      0.471192449    
          38          41  -31.5230007      -71.8769989      0.719629765    
          42          63  -31.4319992      -72.3199997      0.641245306    
          46          56  -31.3659992      -72.1729965      0.589171946    
          52           7  -31.2980003      -71.1740036      0.846486747    
          59          46  -31.1399994      -71.9570007      0.719582975    
          68          71  -30.9559994      -72.4530029      0.649387240    
          69          52  -30.9549999      -72.0680008      0.501234531    
          75          15  -30.8770008      -71.3150024      0.797220767    
          75          45  -30.8530006      -71.9209976      0.573899150    
          77          51  -30.8120003      -72.0390015      0.611467123    
          81          37  -30.7520008      -71.7529984      0.670880139    
          90          67  -30.5629997      -72.3479996      0.652639806    
          91          63  -30.5489998      -72.2659988      0.717391551    
         105          56  -30.3029995      -72.1110001      0.729825020    
         109          47  -30.2390003      -71.9260025      0.739298880    
         120           4  -30.0739994      -71.0550003       1.00000000    
