           8           4  -32.0929985      -71.1520004      0.974435389    
           9          17  -32.0649986      -71.4169998      0.933612883    
          13          43  -31.9720001      -71.9440002      0.733691216    
          17          60  -31.8850002      -72.2860031      0.551472962    
          21          42  -31.8290005      -71.9150009      0.535784841    
          23          17  -31.8129997      -71.4029999      0.941796899    
          27          41  -31.7210007      -71.8880005      0.724114358    
          29          13  -31.7080002      -71.3160019      0.768172324    
          29          68  -31.6609993      -72.4359970      0.460173041    
          35           3  -31.6070004      -71.1080017      0.911805987    
          35          52  -31.5680008      -72.1039963      0.518526673    
          41          29  -31.4790001      -71.6309967      0.774570942    
          52          65  -31.2500000      -72.3489990      0.437998563    
          60          55  -31.1149998      -72.1380005      0.571718454    
          82           5  -30.7579994      -71.1070023       1.00000000    
          85          56  -30.6630001      -72.1320038      0.540932715    
          90          29  -30.5960007      -71.5830002      0.734424531    
         106          11  -30.3209991      -71.2070007      0.888244152    
         114          33  -30.1599998      -71.6409988      0.750755727    
         116          37  -30.1210003      -71.7190018      0.563098013    
