           4           5  -32.1640015      -71.1760025      0.917315602    
           8          10  -32.0880013      -71.2740021      0.838477552    
           8          63  -32.0439987      -72.3570023      0.431176335    
          22          13  -31.8339996      -71.3229980      0.883267999    
          22          33  -31.8180008      -71.7310028      0.728213072    
          28          10  -31.7280006      -71.2559967      0.945568562    
          37          26  -31.5529995      -71.5729980      0.752892733    
          61          14  -31.1299992      -71.3079987      0.698217630    
          71          24  -30.9419994      -71.5009995      0.794297516    
          79          13  -30.8059998      -71.2710037      0.781237125    
          84           6  -30.7220001      -71.1259995      0.887585282    
          86          10  -30.6830006      -71.2050018      0.962203741    
          92          24  -30.5639992      -71.4810028      0.767466962    
         101          12  -30.4109993      -71.2320023       1.00000000    
         102          62  -30.3519993      -72.2340012      0.597762406    
         106          42  -30.2970009      -71.8290024      0.621868074    
         111          31  -30.2159996      -71.6039963      0.662839651    
         113          25  -30.1849995      -71.4820023      0.764383554    
         116          15  -30.1380005      -71.2779999      0.823228538    
         120           4  -30.0739994      -71.0550003      0.885871828    
