           3          12  -32.1769981      -71.3199997      0.784296215    
           6          20  -32.1170006      -71.4810028      0.875993907    
          18           5  -31.9120007      -71.1630020      0.794251263    
          20          27  -31.8589993      -71.6100006      0.638905406    
          21          53  -31.8190002      -72.1389999      0.471567929    
          23          34  -31.7989998      -71.7500000      0.767645895    
          35          47  -31.5720005      -72.0019989      0.569158435    
          38          57  -31.5090008      -72.2020035      0.558129132    
          57          10  -31.2049999      -71.2300034       1.00000000    
          59           7  -31.1709995      -71.1679993      0.910797536    
          65           1  -31.0680008      -71.0410004      0.866469204    
          67          34  -31.0060005      -71.7060013      0.675561905    
          67          63  -30.9810009      -72.2919998      0.563095868    
          68          49  -30.9759998      -72.0080032      0.554812670    
          84          69  -30.6700001      -72.3949966      0.433242142    
          91          59  -30.5529995      -72.1859970      0.543049455    
          93          30  -30.5410004      -71.6009979      0.713884950    
          95          54  -30.4850006      -72.0810013      0.502796054    
          98          59  -30.4260006      -72.1780014      0.517039359    
         106          42  -30.2970009      -71.8290024      0.624501348    
