          13          48  -31.9669991      -72.0459976      0.823222220    
          19          15  -31.8859997      -71.3659973      0.972125411    
          26          53  -31.7290001      -72.1340027      0.734370589    
          32          35  -31.6359997      -71.7610016      0.892624497    
          41          51  -31.4599991      -72.0770035      0.750618994    
          49          54  -31.3139992      -72.1299973      0.701855600    
          56          69  -31.1739998      -72.4260025      0.633930624    
          67          64  -30.9799995      -72.3119965      0.661747038    
          73          28  -30.9029999      -71.5800018      0.978070617    
          74          33  -30.8810005      -71.6790009      0.948896587    
          74          49  -30.8680000      -72.0019989      0.563656867    
          80          30  -30.7749996      -71.6129990      0.996070504    
          82          31  -30.7380009      -71.6309967      0.966437578    
          87          22  -30.6550007      -71.4449997       1.00000000    
          92          35  -30.5550003      -71.7020035      0.772178292    
         104          17  -30.3530006      -71.3290024      0.991141558    
         109          31  -30.2520008      -71.6060028      0.827866971    
         117          69  -30.0750008      -72.3580017      0.519992530    
         118          44  -30.0790005      -71.8570023      0.756958604    
         121          23  -30.0419998      -71.4339981      0.865090847    
