           5          42  -32.1170006      -71.9319992      0.606295228    
          15           3  -31.9669991      -71.1250000       1.00000000    
          15          34  -31.9430008      -71.7580032      0.908138275    
          16          15  -31.9400005      -71.3690033      0.939176977    
          17          60  -31.8850002      -72.2860031      0.634649694    
          18          43  -31.8820000      -71.9380035      0.799752712    
          20          66  -31.8250008      -72.4049988      0.532204032    
          23          26  -31.8059998      -71.5869980      0.929576218    
          30          17  -31.6870003      -71.3970032      0.818238854    
          30          58  -31.6520004      -72.2310028      0.423171401    
          35          13  -31.5990009      -71.3109970      0.864953816    
          44          46  -31.4109993      -71.9729996      0.654859602    
          50          55  -31.2950001      -72.1490021      0.617113590    
          60          67  -31.1040001      -72.3809967      0.698990047    
          75           9  -30.8820000      -71.1940002      0.892579019    
          77          35  -30.8250008      -71.7170029      0.748237789    
          83           2  -30.7420006      -71.0459976      0.957018673    
          87          24  -30.6539993      -71.4860001      0.834545493    
          99           8  -30.4500008      -71.1529999      0.873638868    
         119          11  -30.0869999      -71.1959991      0.913300395    
