           4          25  -32.1489983      -71.5849991      0.828274786    
          10          59  -32.0120010      -72.2740021      0.696181357    
          18          28  -31.8939991      -71.6330032      0.845178962    
          26          45  -31.7360001      -71.9710007      0.580287039    
          29          47  -31.6800003      -72.0090027      0.598831832    
          29          60  -31.6690006      -72.2730026      0.531214774    
          36          63  -31.5400009      -72.3259964      0.656034708    
          39          53  -31.4950008      -72.1200027      0.565634131    
          40          48  -31.4810009      -72.0169983      0.453640521    
          42          24  -31.4650002      -71.5279999      0.739015698    
          55          46  -31.2129993      -71.9609985      0.723589003    
          63          33  -31.0790005      -71.6900024      0.720190287    
          65          13  -31.0590000      -71.2839966      0.807218552    
          72          30  -30.9190006      -71.6210022      0.742605209    
          86          46  -30.6539993      -71.9290009      0.661739826    
          88          51  -30.6140003      -72.0279999      0.636844337    
          93          40  -30.5330009      -71.8020020      0.709928751    
         108           4  -30.2900009      -71.0650024      0.939801216    
         111          40  -30.2089996      -71.7839966      0.678758740    
         114          10  -30.1779995      -71.1800003       1.00000000    
