           3          69  -32.1290016      -72.4860001      0.462677777    
          10          14  -32.0489998      -71.3539963      0.747013509    
          16          70  -31.8939991      -72.4909973      0.509076655    
          25          35  -31.7619991      -71.7679977      0.813162506    
          30          13  -31.6900005      -71.3160019      0.933544755    
          32          25  -31.6439991      -71.5579987       1.00000000    
          35          23  -31.5919991      -71.5139999      0.966752768    
          35          54  -31.5660000      -72.1449966      0.661252975    
          35          68  -31.5529995      -72.4290009      0.500646532    
          41          70  -31.4430008      -72.4629974      0.448698133    
          60          21  -31.1429996      -71.4499969      0.940484405    
          76          54  -30.8269997      -72.1009979      0.676507175    
          86          56  -30.6450005      -72.1309967      0.581636369    
          86          56  -30.6450005      -72.1309967      0.581636369    
          90          44  -30.5839996      -71.8850021      0.717415273    
         100          68  -30.3820000      -72.3570023      0.541995466    
         102          23  -30.3840008      -71.4520035      0.925310493    
         106          45  -30.2940006      -71.8889999      0.711771905    
         112          14  -30.2110004      -71.2620010      0.895248473    
         119          14  -30.0849991      -71.2559967      0.873419404    
