          15           3  -31.9669991      -71.1250000      0.921888232    
          16          27  -31.9309998      -71.6139984      0.741381705    
          17          60  -31.8850002      -72.2860031      0.488120884    
          20          66  -31.8250008      -72.4049988      0.511939347    
          23          26  -31.8059998      -71.5869980      0.878098309    
          30          17  -31.6870003      -71.3970032      0.806293130    
          44          46  -31.4109993      -71.9729996      0.611873388    
          50          12  -31.3299999      -71.2770004      0.813289881    
          50          55  -31.2950001      -72.1490021      0.498975009    
          55          64  -31.1970005      -72.3259964      0.577225983    
          66          47  -31.0130005      -71.9700012      0.550405443    
          72          22  -30.9260006      -71.4589996      0.851010442    
          75           9  -30.8820000      -71.1940002      0.905484736    
          77          35  -30.8250008      -71.7170029      0.682095885    
          83           2  -30.7420006      -71.0459976       1.00000000    
          83          16  -30.7320004      -71.3280029      0.883216858    
          93          68  -30.5079994      -72.3649979      0.473602086    
         101          48  -30.3820000      -71.9540024      0.640484273    
         113          69  -30.1469994      -72.3629990      0.438418567    
         121          56  -30.0149994      -72.0940018      0.582241952    
