          18          28  -31.8939991      -71.6330032      0.813112438    
          19          57  -31.8509998      -72.2229996      0.706494212    
          29          60  -31.6690006      -72.2730026      0.597973466    
          36          63  -31.5400009      -72.3259964      0.525424778    
          39          53  -31.4950008      -72.1200027      0.598337352    
          42          24  -31.4650002      -71.5279999      0.760658324    
          54          23  -31.2490005      -71.4960022      0.707304716    
          56          26  -31.2110004      -71.5550003      0.772164106    
          63          33  -31.0790005      -71.6900024      0.816510379    
          65          13  -31.0590000      -71.2839966      0.863941789    
          77          31  -30.8290005      -71.6360016      0.727788866    
          88          39  -30.6240005      -71.7870026      0.890124619    
          88          45  -30.6189995      -71.9069977      0.680552900    
          93          40  -30.5330009      -71.8020020      0.797321975    
          94          30  -30.5230007      -71.5999985      0.844748914    
         103          30  -30.3610001      -71.5910034      0.719223857    
         105          65  -30.2950001      -72.2910004      0.654434443    
         108           4  -30.2900009      -71.0650024      0.974769413    
         114          10  -30.1779995      -71.1800003      0.992542148    
         118           4  -30.1100006      -71.0559998       1.00000000    
