           7          14  -32.1030006      -71.3570023      0.701374114    
          27          31  -31.7299995      -71.6849976      0.619103432    
          30          26  -31.6800003      -71.5800018      0.596683979    
          38          26  -31.5349998      -71.5719986      0.772562921    
          39           3  -31.5349998      -71.1039963      0.894519985    
          47           3  -31.3910007      -71.0970001      0.840537429    
          50          28  -31.3180008      -71.6019974      0.846256495    
          52           1  -31.3020000      -71.0520020      0.752349555    
          52          22  -31.2859993      -71.4779968      0.965150833    
          53          19  -31.2709999      -71.4160004       1.00000000    
          68          23  -30.9969997      -71.4830017      0.868525445    
          89          25  -30.6170006      -71.5039978      0.951757848    
          89          53  -30.5939999      -72.0670013      0.569268942    
          91          20  -30.5849991      -71.4010010      0.857470155    
          97          52  -30.4510002      -72.0390015      0.515549719    
          99          31  -30.4319992      -71.6149979      0.841660440    
         102          32  -30.3770008      -71.6320038      0.805180907    
         105          64  -30.2959995      -72.2710037      0.594321847    
         106          56  -30.2849998      -72.1100006      0.592935801    
         107          25  -30.2929993      -71.4869995      0.781461716    
