          29           2  -31.7159996      -71.0920029      0.871467233    
          29          27  -31.6970005      -71.6009979      0.766400158    
          32          41  -31.6310005      -71.8830032      0.532638550    
          35          58  -31.5620003      -72.2259979      0.677373767    
          38           2  -31.5529995      -71.0849991      0.695198953    
          40          34  -31.4930000      -71.7330017      0.748252988    
          46          48  -31.3729992      -72.0110016      0.754648268    
          46          60  -31.3619995      -72.2539978      0.638454497    
          60          11  -31.1499996      -71.2480011      0.926452637    
          66          56  -31.0060005      -72.1520004      0.558479786    
          71          60  -30.9120007      -72.2269974      0.678091168    
          74          59  -30.8589993      -72.2040024      0.640474379    
          76           8  -30.8640003      -71.1729965      0.976232231    
          79          48  -30.7779999      -71.9769974      0.612630546    
          87          70  -30.6149998      -72.4110031      0.512470722    
          89          17  -30.6229992      -71.3430023      0.967542410    
         100          15  -30.4260006      -71.2929993      0.858019829    
         102          47  -30.3649998      -71.9329987      0.523243725    
         102          65  -30.3490009      -72.2949982      0.605487347    
         115           2  -30.1660004      -71.0189972       1.00000000    
