2 17 -32.1910019 -71.4229965 0.874564409 1
3 37 -32.1570015 -71.8310013 0.632633865 1
10 36 -32.0320015 -71.8040009 0.653155386 1
17 2 -31.9319992 -71.1029968 0.999463141 1
27 13 -31.7439995 -71.3180008 0.881792665 1
40 46 -31.4829998 -71.9769974 0.775442600 1
42 18 -31.4699993 -71.4059982 0.966622233 1
43 44 -31.4300003 -71.9329987 0.793778658 1
45 66 -31.3750000 -72.3769989 0.490201563 1
47 51 -31.3519993 -72.0709991 0.731096387 1
54 53 -31.2240009 -72.1039963 0.706696332 1
59 61 -31.1270008 -72.2610016 0.516178846 1
69 56 -30.9519997 -72.1490021 0.643212259 1
79 35 -30.7889996 -71.7149963 0.769584298 1
79 64 -30.7639999 -72.2990036 0.869233966 1
80 62 -30.7479992 -72.2580032 0.839508712 1
91 48 -30.5620003 -71.9649963 0.730129361 1
109 5 -30.2719994 -71.0839996 0.973082840 1
117 25 -30.1119995 -71.4779968 0.905591309 1
121 19 -30.0450001 -71.3539963 1.00000000 1
3 37 -32.1570015 -71.8310013 0.703807175 2
13 48 -31.9669991 -72.0459976 0.781261444 2
17 2 -31.9319992 -71.1029968 1.00000000 2
26 53 -31.7290001 -72.1340027 0.697971463 2
27 13 -31.7439995 -71.3180008 0.880583465 2
40 46 -31.4829998 -71.9769974 0.717911124 2
41 51 -31.4599991 -72.0770035 0.749088824 2
47 51 -31.3519993 -72.0709991 0.771411657 2
49 54 -31.3139992 -72.1299973 0.834665596 2
54 53 -31.2240009 -72.1039963 0.742650509 2
56 69 -31.1739998 -72.4260025 0.644887209 2
73 28 -30.9029999 -71.5800018 0.901660502 2
79 35 -30.7889996 -71.7149963 0.948312104 2
79 64 -30.7639999 -72.2990036 0.861576259 2
80 62 -30.7479992 -72.2580032 0.777355134 2
82 31 -30.7380009 -71.6309967 0.738782167 2
92 35 -30.5550003 -71.7020035 0.886806190 2
104 17 -30.3530006 -71.3290024 0.932575166 2
109 5 -30.2719994 -71.0839996 0.987208962 2
117 69 -30.0750008 -72.3580017 0.485358417 2
13 48 -31.9669991 -72.0459976 0.823222220 3
19 15 -31.8859997 -71.3659973 0.972125411 3
26 53 -31.7290001 -72.1340027 0.734370589 3
32 35 -31.6359997 -71.7610016 0.892624497 3
41 51 -31.4599991 -72.0770035 0.750618994 3
49 54 -31.3139992 -72.1299973 0.701855600 3
56 69 -31.1739998 -72.4260025 0.633930624 3
67 64 -30.9799995 -72.3119965 0.661747038 3
73 28 -30.9029999 -71.5800018 0.978070617 3
74 33 -30.8810005 -71.6790009 0.948896587 3
74 49 -30.8680000 -72.0019989 0.563656867 3
80 30 -30.7749996 -71.6129990 0.996070504 3
82 31 -30.7380009 -71.6309967 0.966437578 3
87 22 -30.6550007 -71.4449997 1.00000000 3
92 35 -30.5550003 -71.7020035 0.772178292 3
104 17 -30.3530006 -71.3290024 0.991141558 3
109 31 -30.2520008 -71.6060028 0.827866971 3
117 69 -30.0750008 -72.3580017 0.519992530 3
118 44 -30.0790005 -71.8570023 0.756958604 3
121 23 -30.0419998 -71.4339981 0.865090847 3
19 15 -31.8859997 -71.3659973 0.890333593 4
19 69 -31.8400002 -72.4670029 0.496589661 4
32 35 -31.6359997 -71.7610016 0.778581798 4
49 43 -31.3230000 -71.9069977 0.603446960 4
67 45 -30.9969997 -71.9290009 0.559520662 4
67 64 -30.9799995 -72.3119965 0.586587369 4
74 33 -30.8810005 -71.6790009 0.775551677 4
74 49 -30.8680000 -72.0019989 0.532283545 4
80 8 -30.7919998 -71.1699982 0.939998925 4
80 30 -30.7749996 -71.6129990 0.836645842 4
80 33 -30.7730007 -71.6740036 0.805028141 4
82 58 -30.7159996 -72.1750031 0.552935779 4
87 22 -30.6550007 -71.4449997 0.887943625 4
88 70 -30.5970001 -72.4100037 0.519782901 4
109 3 -30.2730007 -71.0439987 0.898525655 4
109 31 -30.2520008 -71.6060028 0.707613468 4
112 7 -30.2159996 -71.1220016 0.890594304 4
118 20 -30.0979996 -71.3769989 1.00000000 4
118 44 -30.0790005 -71.8570023 0.619516432 4
121 23 -30.0419998 -71.4339981 0.828446805 4
15 14 -31.9589996 -71.3499985 0.889774144 5
19 69 -31.8400002 -72.4670029 0.466319799 5
42 48 -31.4449997 -72.0149994 0.773622394 5
46 23 -31.3939991 -71.5039978 0.792079806 5
49 43 -31.3230000 -71.9069977 0.731542408 5
52 24 -31.2849998 -71.5189972 0.718243539 5
61 49 -31.1019993 -72.0159988 0.576896846 5
67 45 -30.9969997 -71.9290009 0.686149836 5
75 41 -30.8560009 -71.8399963 0.566359758 5
80 8 -30.7919998 -71.1699982 0.844366610 5
80 33 -30.7730007 -71.6740036 0.697694361 5
82 58 -30.7159996 -72.1750031 0.532132506 5
88 70 -30.5970001 -72.4100037 0.480159074 5
89 2 -30.6340008 -71.0410004 0.939171791 5
93 15 -30.5529995 -71.2990036 0.726695120 5
99 34 -30.4300003 -71.6750031 0.750082552 5
109 3 -30.2730007 -71.0439987 1.00000000 5
112 7 -30.2159996 -71.1220016 0.782394528 5
115 38 -30.1380005 -71.7399979 0.865456402 5
118 20 -30.0979996 -71.3769989 0.947063863 5
12 36 -31.9960003 -71.8020020 0.723572791 6
15 14 -31.9589996 -71.3499985 0.902658641 6
42 48 -31.4449997 -72.0149994 0.695922077 6
46 23 -31.3939991 -71.5039978 0.803096473 6
52 24 -31.2849998 -71.5189972 0.792973042 6
61 49 -31.1019993 -72.0159988 0.567134559 6
67 29 -31.0100002 -71.6050034 0.790769458 6
75 41 -30.8560009 -71.8399963 0.725070953 6
86 53 -30.6480007 -72.0699997 0.589627624 6
89 2 -30.6340008 -71.0410004 0.968594968 6
89 12 -30.6270008 -71.2419968 1.00000000 6
91 45 -30.5650005 -71.9039993 0.660405397 6
91 65 -30.5470009 -72.3059998 0.726447821 6
93 15 -30.5529995 -71.2990036 0.886835039 6
99 34 -30.4300003 -71.6750031 0.875815928 6
115 19 -30.1529999 -71.3590012 0.870638430 6
115 31 -30.1439991 -71.5999985 0.809515119 6
115 38 -30.1380005 -71.7399979 0.633186936 6
120 33 -30.0520000 -71.6350021 0.760151923 6
121 49 -30.0209999 -71.9540024 0.505608141 6
8 56 -32.0499992 -72.2139969 0.674198091 7
12 36 -31.9960003 -71.8020020 0.727736413 7
18 38 -31.8859997 -71.8369980 0.724558234 7
37 53 -31.5310001 -72.1220016 0.562524796 7
59 31 -31.1529999 -71.6539993 0.839066625 7
63 51 -31.0639992 -72.0540009 0.589776993 7
67 29 -31.0100002 -71.6050034 0.786634266 7
68 14 -31.0039997 -71.3010025 0.887639940 7
71 57 -30.9150009 -72.1669998 0.535822392 7
73 47 -30.8869991 -71.9629974 0.599696040 7
86 53 -30.6480007 -72.0699997 0.551524699 7
89 12 -30.6270008 -71.2419968 0.956699967 7
91 45 -30.5650005 -71.9039993 0.627875686 7
91 65 -30.5470009 -72.3059998 0.589075267 7
99 65 -30.4029999 -72.2979965 0.630475640 7
107 13 -30.3020000 -71.2460022 0.810431659 7
115 19 -30.1529999 -71.3590012 1.00000000 7
115 31 -30.1439991 -71.5999985 0.800323606 7
120 33 -30.0520000 -71.6350021 0.748951435 7
121 49 -30.0209999 -71.9540024 0.544983923 7
3 4 -32.1829987 -71.1559982 0.900368690 8
8 56 -32.0499992 -72.2139969 0.838040233 8
10 15 -32.0480003 -71.3750000 0.962221622 8
13 47 -31.9680004 -72.0250015 0.689087391 8
18 38 -31.8859997 -71.8369980 0.826708376 8
32 46 -31.6270008 -71.9850006 0.721476376 8
37 53 -31.5310001 -72.1220016 0.525809586 8
46 14 -31.3999996 -71.3209991 0.904262006 8
59 31 -31.1529999 -71.6539993 0.835801661 8
61 38 -31.1110001 -71.7929993 0.655400515 8
63 51 -31.0639992 -72.0540009 0.529711545 8
67 41 -31.0009995 -71.8479996 0.905611575 8
68 14 -31.0039997 -71.3010025 1.00000000 8
71 57 -30.9150009 -72.1669998 0.578523815 8
73 47 -30.8869991 -71.9629974 0.535553694 8
81 66 -30.7259998 -72.3369980 0.460051239 8
81 68 -30.7250004 -72.3779984 0.364995658 8
96 51 -30.4699993 -72.0199966 0.635462642 8
99 65 -30.4029999 -72.2979965 0.675100029 8
107 13 -30.3020000 -71.2460022 0.946097314 8
3 4 -32.1829987 -71.1559982 0.936988533 9
7 33 -32.0880013 -71.7450027 0.696901202 9
10 15 -32.0480003 -71.3750000 0.912894249 9
13 43 -31.9720001 -71.9440002 0.473899484 9
13 47 -31.9680004 -72.0250015 0.792409062 9
15 31 -31.9459991 -71.6969986 0.804886937 9
15 49 -31.9309998 -72.0640030 0.837392807 9
27 42 -31.7199993 -71.9089966 0.702525795 9
32 46 -31.6270008 -71.9850006 0.492575884 9
39 20 -31.5219994 -71.4499969 1.00000000 9
46 14 -31.3999996 -71.3209991 0.825115860 9
61 38 -31.1110001 -71.7929993 0.540735960 9
67 41 -31.0009995 -71.8479996 0.714996099 9
73 68 -30.8689995 -72.3870010 0.402111292 9
76 24 -30.8519993 -71.4960022 0.846511066 9
81 66 -30.7259998 -72.3369980 0.427909702 9
81 68 -30.7250004 -72.3779984 0.307492852 9
94 70 -30.4890003 -72.4039993 0.499167502 9
96 51 -30.4699993 -72.0199966 0.610311866 9
115 34 -30.1410007 -71.6600037 0.784252763 9
4 67 -32.1119995 -72.4440002 0.529324174 10
7 33 -32.0880013 -71.7450027 0.729787230 10
10 67 -32.0040016 -72.4369965 0.411867559 10
13 43 -31.9720001 -71.9440002 0.474338740 10
15 31 -31.9459991 -71.6969986 0.863841474 10
15 49 -31.9309998 -72.0640030 0.657221437 10
26 63 -31.7199993 -72.3369980 0.612684667 10
27 42 -31.7199993 -71.9089966 0.727338493 10
31 6 -31.6770000 -71.1719971 0.843388915 10
39 20 -31.5219994 -71.4499969 1.00000000 10
49 41 -31.3250008 -71.8659973 0.690969110 10
51 35 -31.2940006 -71.7419968 0.580919325 10
54 19 -31.2520008 -71.4150009 0.701602578 10
69 38 -30.9669991 -71.7850037 0.709313154 10
73 68 -30.8689995 -72.3870010 0.414788485 10
76 24 -30.8519993 -71.4960022 0.740582287 10
84 70 -30.6690006 -72.4150009 0.466554493 10
94 70 -30.4890003 -72.4039993 0.529508233 10
115 34 -30.1410007 -71.6600037 0.800007820 10
118 31 -30.0900002 -71.5970001 0.816634178 10
2 16 -32.1920013 -71.4029999 1.00000000 11
4 67 -32.1119995 -72.4440002 0.643271744 11
7 52 -32.0719986 -72.1340027 0.710526764 11
10 67 -32.0040016 -72.4369965 0.495488971 11
15 44 -31.9349995 -71.9619980 0.772050381 11
17 62 -31.8829994 -72.3270035 0.647699475 11
26 63 -31.7199993 -72.3369980 0.673449636 11
31 6 -31.6770000 -71.1719971 0.946274042 11
49 41 -31.3250008 -71.8659973 0.798244119 11
51 35 -31.2940006 -71.7419968 0.691549480 11
54 19 -31.2520008 -71.4150009 0.889007211 11
69 38 -30.9669991 -71.7850037 0.787837446 11
71 55 -30.9160004 -72.1259995 0.700797975 11
82 70 -30.7049999 -72.4169998 0.580726266 11
84 70 -30.6690006 -72.4150009 0.585514486 11
89 61 -30.5869999 -72.2279968 0.551558614 11
101 24 -30.4020004 -71.4729996 0.912119329 11
102 3 -30.3990002 -71.0500031 0.983758628 11
102 18 -30.3880005 -71.3509979 0.938735604 11
118 31 -30.0900002 -71.5970001 0.975839734 11
2 16 -32.1920013 -71.4029999 0.922463238 12
7 52 -32.0719986 -72.1340027 0.516698599 12
15 44 -31.9349995 -71.9619980 0.493217021 12
17 62 -31.8829994 -72.3270035 0.659013569 12
44 55 -31.4029999 -72.1549988 0.654996455 12
50 47 -31.3020000 -71.9869995 0.571130097 12
57 6 -31.2080002 -71.1490021 0.994462907 12
58 31 -31.1709995 -71.6549988 0.724227250 12
64 42 -31.0540009 -71.8710022 0.671769619 12
71 55 -30.9160004 -72.1259995 0.582920074 12
81 49 -30.7420006 -71.9950027 0.682245970 12
82 70 -30.7049999 -72.4169998 0.493681341 12
89 4 -30.6329994 -71.0810013 1.00000000 12
89 58 -30.5890007 -72.1679993 0.510483742 12
89 61 -30.5869999 -72.2279968 0.385852575 12
91 39 -30.5699997 -71.7839966 0.670009673 12
101 24 -30.4020004 -71.4729996 0.793166876 12
102 3 -30.3990002 -71.0500031 0.784218192 12
102 13 -30.3920002 -71.2509995 0.884961307 12
102 18 -30.3880005 -71.3509979 0.885534763 12
27 2 -31.7520008 -71.0940018 1.00000000 13
32 27 -31.6429996 -71.5989990 0.755116880 13
44 55 -31.4029999 -72.1549988 0.674907386 13
50 47 -31.3020000 -71.9869995 0.649515569 13
56 69 -31.1739998 -72.4260025 0.635022402 13
57 6 -31.2080002 -71.1490021 0.944820583 13
58 31 -31.1709995 -71.6549988 0.765281260 13
64 42 -31.0540009 -71.8710022 0.608728886 13
81 49 -30.7420006 -71.9950027 0.681268990 13
84 63 -30.6749992 -72.2740021 0.582622409 13
85 67 -30.6529999 -72.3529968 0.579598248 13
89 4 -30.6329994 -71.0810013 0.910448730 13
89 58 -30.5890007 -72.1679993 0.476053268 13
91 39 -30.5699997 -71.7839966 0.526394665 13
92 37 -30.5529995 -71.7419968 0.472946584 13
98 64 -30.4220009 -72.2789993 0.616126478 13
102 13 -30.3920002 -71.2509995 0.972226799 13
104 23 -30.3479996 -71.4499969 0.853988945 13
110 46 -30.2220001 -71.9049988 0.494371086 13
114 51 -30.1450005 -72.0009995 0.646212757 13
27 2 -31.7520008 -71.0940018 1.00000000 14
32 27 -31.6429996 -71.5989990 0.794151008 14
37 21 -31.5569992 -71.4720001 0.853813648 14
42 18 -31.4699993 -71.4059982 0.877037525 14
42 44 -31.4480000 -71.9339981 0.608105302 14
56 69 -31.1739998 -72.4260025 0.571970642 14
75 54 -30.8449993 -72.1019974 0.579769850 14
82 14 -30.7520008 -71.2890015 0.834688604 14
84 63 -30.6749992 -72.2740021 0.507228434 14
85 67 -30.6529999 -72.3529968 0.513215899 14
90 53 -30.5760002 -72.0660019 0.399418145 14
92 37 -30.5529995 -71.7419968 0.638440967 14
98 64 -30.4220009 -72.2789993 0.595958769 14
104 23 -30.3479996 -71.4499969 0.801245213 14
110 46 -30.2220001 -71.9049988 0.526193380 14
111 6 -30.2350006 -71.1019974 0.918636501 14
113 49 -30.1650009 -71.9619980 0.550179124 14
114 51 -30.1450005 -72.0009995 0.550739408 14
117 1 -30.1299992 -70.9970016 0.910793185 14
120 15 -30.0660000 -71.2750015 0.896744728 14
22 17 -31.8309994 -71.4039993 0.874339342 15
22 38 -31.8139992 -71.8320007 0.796228886 15
37 21 -31.5569992 -71.4720001 0.787833631 15
39 60 -31.4880009 -72.2620010 0.622641683 15
42 18 -31.4699993 -71.4059982 0.886724055 15
42 44 -31.4480000 -71.9339981 0.808192849 15
44 40 -31.4160004 -71.8509979 0.888747096 15
46 12 -31.4020004 -71.2809982 0.903026640 15
57 40 -31.1819992 -71.8379974 0.605847836 15
57 48 -31.1749992 -72.0000000 0.596731663 15
67 15 -31.0209999 -71.3229980 0.861959875 15
75 3 -30.8859997 -71.0729980 1.00000000 15
75 54 -30.8449993 -72.1019974 0.648840249 15
81 1 -30.7789993 -71.0279999 0.949224412 15
82 14 -30.7520008 -71.2890015 0.867817879 15
90 53 -30.5760002 -72.0660019 0.587905943 15
111 6 -30.2350006 -71.1019974 0.889392495 15
113 49 -30.1650009 -71.9619980 0.661229610 15
117 1 -30.1299992 -70.9970016 0.969650149 15
120 15 -30.0660000 -71.2750015 0.908445537 15
17 56 -31.8880005 -72.2050018 0.450211823 16
22 17 -31.8309994 -71.4039993 0.920216560 16
22 38 -31.8139992 -71.8320007 0.768282115 16
25 30 -31.7660007 -71.6660004 0.886772752 16
33 35 -31.6180000 -71.7600021 0.807594955 16
39 60 -31.4880009 -72.2620010 0.509563386 16
44 40 -31.4160004 -71.8509979 0.922450125 16
46 12 -31.4020004 -71.2809982 0.923600078 16
51 46 -31.2849998 -71.9649963 0.534176409 16
57 40 -31.1819992 -71.8379974 0.604768515 16
57 48 -31.1749992 -72.0000000 0.591290712 16
64 65 -31.0340004 -72.3359985 0.629801333 16
66 50 -31.0109997 -72.0309982 0.698686898 16
67 15 -31.0209999 -71.3229980 0.781902254 16
75 3 -30.8859997 -71.0729980 0.935287595 16
81 1 -30.7789993 -71.0279999 1.00000000 16
86 55 -30.6459999 -72.1110001 0.505556703 16
98 36 -30.4459991 -71.7160034 0.765076935 16
102 55 -30.3579998 -72.0940018 0.577649832 16
119 8 -30.0890007 -71.1360016 0.961304247 16
4 66 -32.1129990 -72.4229965 0.503098667 17
15 8 -31.9640007 -71.2269974 0.922883272 17
17 56 -31.8880005 -72.2050018 0.673195660 17
20 36 -31.8519993 -71.7939987 0.783765256 17
24 68 -31.7509995 -72.4410019 0.601920545 17
25 30 -31.7660007 -71.6660004 0.808124125 17
30 19 -31.6849995 -71.4380035 1.00000000 17
33 35 -31.6180000 -71.7600021 0.804519594 17
51 46 -31.2849998 -71.9649963 0.734755516 17
64 65 -31.0340004 -72.3359985 0.677239418 17
66 50 -31.0109997 -72.0309982 0.635203779 17
77 49 -30.8139992 -71.9990005 0.600954652 17
81 22 -30.7639999 -71.4509964 0.941527784 17
86 55 -30.6459999 -72.1110001 0.567638397 17
98 36 -30.4459991 -71.7160034 0.676159918 17
102 55 -30.3579998 -72.0940018 0.596968234 17
105 26 -30.3279991 -71.5090027 0.883376837 17
109 43 -30.2420006 -71.8460007 0.619627655 17
114 2 -30.1840000 -71.0199966 0.960461736 17
119 8 -30.0890007 -71.1360016 0.955361784 17
4 66 -32.1129990 -72.4229965 0.470513970 18
15 8 -31.9640007 -71.2269974 0.863436759 18
20 14 -31.8689995 -71.3450012 0.718833029 18
20 36 -31.8519993 -71.7939987 0.729838371 18
24 68 -31.7509995 -72.4410019 0.417382777 18
30 19 -31.6849995 -71.4380035 0.955903172 18
33 12 -31.6359997 -71.2919998 0.846782088 18
35 34 -31.5830002 -71.7379990 0.815268517 18
38 54 -31.5119991 -72.1409988 0.551560402 18
41 41 -31.4689999 -71.8740005 0.730897248 18
66 3 -31.0480003 -71.0810013 0.795437157 18
67 8 -31.0259991 -71.1809998 0.762510180 18
70 64 -30.9260006 -72.3089981 0.531102657 18
77 49 -30.8139992 -71.9990005 0.473100156 18
81 22 -30.7639999 -71.4509964 0.837966919 18
98 5 -30.4699993 -71.0940018 1.00000000 18
100 59 -30.3899994 -72.1760025 0.647594392 18
105 26 -30.3279991 -71.5090027 0.774974287 18
109 43 -30.2420006 -71.8460007 0.705746949 18
114 2 -30.1840000 -71.0199966 0.937034965 18
4 67 -32.1119995 -72.4440002 0.582930207 19
14 32 -31.9629993 -71.7180023 0.838521779 19
17 17 -31.9209995 -71.4089966 0.991720259 19
19 34 -31.8710003 -71.7539978 0.688388228 19
20 14 -31.8689995 -71.3450012 0.838704884 19
20 44 -31.8449993 -71.9570007 0.575435817 19
33 12 -31.6359997 -71.2919998 0.832403004 19
35 34 -31.5830002 -71.7379990 0.766383410 19
38 54 -31.5119991 -72.1409988 0.411956698 19
41 41 -31.4689999 -71.8740005 0.488645107 19
50 42 -31.3059998 -71.8850021 0.727239788 19
66 3 -31.0480003 -71.0810013 0.861754060 19
67 8 -31.0259991 -71.1809998 0.872370183 19
70 64 -30.9260006 -72.3089981 0.519895673 19
75 42 -30.8560009 -71.8600006 0.563008904 19
98 5 -30.4699993 -71.0940018 1.00000000 19
100 59 -30.3899994 -72.1760025 0.600284040 19
109 45 -30.2399998 -71.8860016 0.649483144 19
113 12 -30.1940002 -71.2210007 0.554164648 19
114 11 -30.1770000 -71.1999969 0.555617034 19
4 67 -32.1119995 -72.4440002 0.506047070 20
14 32 -31.9629993 -71.7180023 0.883001983 20
17 17 -31.9209995 -71.4089966 0.903015971 20
19 34 -31.8710003 -71.7539978 0.798843801 20
20 44 -31.8449993 -71.9570007 0.714138925 20
29 27 -31.6970005 -71.6009979 0.765937686 20
38 2 -31.5529995 -71.0849991 0.966026783 20
40 34 -31.4930000 -71.7330017 0.807667792 20
46 48 -31.3729992 -72.0110016 0.800128460 20
46 60 -31.3619995 -72.2539978 0.604367018 20
50 42 -31.3059998 -71.8850021 0.716532409 20
71 60 -30.9120007 -72.2269974 0.588794172 20
75 42 -30.8560009 -71.8600006 0.644951344 20
87 70 -30.6149998 -72.4110031 0.475104064 20
89 17 -30.6229992 -71.3430023 0.878469586 20
100 15 -30.4260006 -71.2929993 0.893648505 20
109 45 -30.2399998 -71.8860016 0.583598137 20
113 12 -30.1940002 -71.2210007 0.564036369 20
114 11 -30.1770000 -71.1999969 0.562062442 20
115 2 -30.1660004 -71.0189972 1.00000000 20
29 2 -31.7159996 -71.0920029 0.871467233 21
29 27 -31.6970005 -71.6009979 0.766400158 21
32 41 -31.6310005 -71.8830032 0.532638550 21
35 58 -31.5620003 -72.2259979 0.677373767 21
38 2 -31.5529995 -71.0849991 0.695198953 21
40 34 -31.4930000 -71.7330017 0.748252988 21
46 48 -31.3729992 -72.0110016 0.754648268 21
46 60 -31.3619995 -72.2539978 0.638454497 21
60 11 -31.1499996 -71.2480011 0.926452637 21
66 56 -31.0060005 -72.1520004 0.558479786 21
71 60 -30.9120007 -72.2269974 0.678091168 21
74 59 -30.8589993 -72.2040024 0.640474379 21
76 8 -30.8640003 -71.1729965 0.976232231 21
79 48 -30.7779999 -71.9769974 0.612630546 21
87 70 -30.6149998 -72.4110031 0.512470722 21
89 17 -30.6229992 -71.3430023 0.967542410 21
100 15 -30.4260006 -71.2929993 0.858019829 21
102 47 -30.3649998 -71.9329987 0.523243725 21
102 65 -30.3490009 -72.2949982 0.605487347 21
115 2 -30.1660004 -71.0189972 1.00000000 21
16 58 -31.9050007 -72.2470016 0.579957426 22
29 2 -31.7159996 -71.0920029 0.988212109 22
32 41 -31.6310005 -71.8830032 0.706379473 22
32 55 -31.6189995 -72.1679993 0.535127878 22
35 58 -31.5620003 -72.2259979 0.644070804 22
44 49 -31.4080009 -72.0329971 0.592471361 22
47 32 -31.3680000 -71.6859970 0.714822352 22
49 64 -31.3050003 -72.3320007 0.402454972 22
60 11 -31.1499996 -71.2480011 0.957132161 22
66 56 -31.0060005 -72.1520004 0.584046364 22
68 48 -30.9769993 -71.9879990 0.724352479 22
74 59 -30.8589993 -72.2040024 0.577904642 22
76 8 -30.8640003 -71.1729965 1.00000000 22
78 39 -30.8040009 -71.7959976 0.655681431 22
79 48 -30.7779999 -71.9769974 0.627158940 22
87 40 -30.6410007 -71.8079987 0.711478949 22
102 47 -30.3649998 -71.9329987 0.618182003 22
102 65 -30.3490009 -72.2949982 0.599589229 22
103 1 -30.3829994 -71.0090027 0.948263526 22
118 40 -30.0820007 -71.7770004 0.749695837 22
16 58 -31.9050007 -72.2470016 0.552768946 23
22 48 -31.8050003 -72.0360031 0.710740268 23
32 55 -31.6189995 -72.1679993 0.493585706 23
36 12 -31.5820007 -71.2900009 0.883710742 23
44 29 -31.4249992 -71.6279984 0.777812302 23
44 49 -31.4080009 -72.0329971 0.572193742 23
47 32 -31.3680000 -71.6859970 0.835346699 23
49 64 -31.3050003 -72.3320007 0.521714032 23
66 71 -30.9920006 -72.4550018 0.588867307 23
68 48 -30.9769993 -71.9879990 0.624605834 23
75 48 -30.8500004 -71.9810028 0.840238988 23
77 49 -30.8139992 -71.9990005 0.798100233 23
78 39 -30.8040009 -71.7959976 0.777452230 23
87 40 -30.6410007 -71.8079987 0.731052160 23
102 67 -30.3470001 -72.3349991 0.451215476 23
103 1 -30.3829994 -71.0090027 1.00000000 23
110 42 -30.2250004 -71.8249969 0.734209001 23
113 38 -30.1739998 -71.7419968 0.792052865 23
116 14 -30.1389999 -71.2580032 0.905157566 23
118 40 -30.0820007 -71.7770004 0.750241458 23
5 12 -32.1409988 -71.3180008 0.897866249 24
14 47 -31.9500008 -72.0240021 0.661289096 24
22 48 -31.8050003 -72.0360031 0.535218716 24
30 34 -31.6730003 -71.7429962 0.796083152 24
36 12 -31.5820007 -71.2900009 0.967582941 24
44 29 -31.4249992 -71.6279984 0.737938762 24
48 48 -31.3369999 -72.0090027 0.547974408 24
64 11 -31.0779991 -71.2440033 1.00000000 24
66 71 -30.9920006 -72.4550018 0.453319639 24
75 48 -30.8500004 -71.9810028 0.844389200 24
77 49 -30.8139992 -71.9990005 0.698963463 24
85 62 -30.6580009 -72.2529984 0.556698799 24
86 25 -30.6709995 -71.5070038 0.820282459 24
91 37 -30.5709991 -71.7429962 0.634684622 24
91 64 -30.5480003 -72.2860031 0.519160211 24
97 30 -30.4689999 -71.5970001 0.742807329 24
102 67 -30.3470001 -72.3349991 0.548080325 24
110 42 -30.2250004 -71.8249969 0.773521960 24
113 38 -30.1739998 -71.7419968 0.752204597 24
116 14 -30.1389999 -71.2580032 0.882388651 24
5 12 -32.1409988 -71.3180008 0.870651841 25
14 47 -31.9500008 -72.0240021 0.681264162 25
22 13 -31.8339996 -71.3229980 0.939087510 25
28 10 -31.7280006 -71.2559967 1.00000000 25
30 34 -31.6730003 -71.7429962 0.754653156 25
48 48 -31.3369999 -72.0090027 0.630021811 25
64 11 -31.0779991 -71.2440033 0.843085170 25
71 24 -30.9419994 -71.5009995 0.643924594 25
79 13 -30.8059998 -71.2710037 0.819029868 25
85 62 -30.6580009 -72.2529984 0.473490238 25
86 10 -30.6830006 -71.2050018 0.921765924 25
86 25 -30.6709995 -71.5070038 0.654426396 25
91 37 -30.5709991 -71.7429962 0.612914205 25
91 64 -30.5480003 -72.2860031 0.531706393 25
97 30 -30.4689999 -71.5970001 0.570198834 25
101 12 -30.4109993 -71.2320023 0.853417635 25
102 62 -30.3519993 -72.2340012 0.586697638 25
106 42 -30.2970009 -71.8290024 0.622005224 25
116 15 -30.1380005 -71.2779999 0.759289384 25
120 4 -30.0739994 -71.0550003 0.855480552 25
4 5 -32.1640015 -71.1760025 0.917315602 26
8 10 -32.0880013 -71.2740021 0.838477552 26
8 63 -32.0439987 -72.3570023 0.431176335 26
22 13 -31.8339996 -71.3229980 0.883267999 26
22 33 -31.8180008 -71.7310028 0.728213072 26
28 10 -31.7280006 -71.2559967 0.945568562 26
37 26 -31.5529995 -71.5729980 0.752892733 26
61 14 -31.1299992 -71.3079987 0.698217630 26
71 24 -30.9419994 -71.5009995 0.794297516 26
79 13 -30.8059998 -71.2710037 0.781237125 26
84 6 -30.7220001 -71.1259995 0.887585282 26
86 10 -30.6830006 -71.2050018 0.962203741 26
92 24 -30.5639992 -71.4810028 0.767466962 26
101 12 -30.4109993 -71.2320023 1.00000000 26
102 62 -30.3519993 -72.2340012 0.597762406 26
106 42 -30.2970009 -71.8290024 0.621868074 26
111 31 -30.2159996 -71.6039963 0.662839651 26
113 25 -30.1849995 -71.4820023 0.764383554 26
116 15 -30.1380005 -71.2779999 0.823228538 26
120 4 -30.0739994 -71.0550003 0.885871828 26
4 5 -32.1640015 -71.1760025 0.774589598 27
7 7 -32.1080017 -71.2139969 0.925536573 27
8 10 -32.0880013 -71.2740021 0.760997295 27
8 63 -32.0439987 -72.3570023 0.474038273 27
12 49 -31.9850006 -72.0670013 0.614094615 27
22 33 -31.8180008 -71.7310028 0.612824380 27
37 26 -31.5529995 -71.5729980 1.00000000 27
38 26 -31.5349998 -71.5719986 0.934506893 27
38 27 -31.5349998 -71.5930023 0.928941846 27
48 6 -31.3700008 -71.1569977 0.807702363 27
61 14 -31.1299992 -71.3079987 0.682056606 27
83 70 -30.6870003 -72.4160004 0.358987540 27
84 6 -30.7220001 -71.1259995 0.682815731 27
84 55 -30.6819992 -72.1129990 0.433236033 27
89 34 -30.6100006 -71.6849976 0.582073867 27
91 45 -30.5650005 -71.9039993 0.397863567 27
92 24 -30.5639992 -71.4810028 0.674516499 27
95 24 -30.5100002 -71.4779968 0.673153579 27
111 31 -30.2159996 -71.6039963 0.561840475 27
113 25 -30.1849995 -71.4820023 0.603101909 27
7 7 -32.1080017 -71.2139969 1.00000000 28
10 30 -32.0369987 -71.6809998 0.685874045 28
12 49 -31.9850006 -72.0670013 0.518194616 28
36 16 -31.5790005 -71.3710022 0.807758152 28
37 12 -31.5639992 -71.2890015 0.869212985 28
38 26 -31.5349998 -71.5719986 0.542554379 28
38 27 -31.5349998 -71.5930023 0.521414816 28
48 6 -31.3700008 -71.1569977 0.973993838 28
54 59 -31.2189999 -72.2259979 0.566742778 28
62 34 -31.0960007 -71.7109985 0.713971257 28
64 58 -31.0400009 -72.1949997 0.727230906 28
72 53 -30.8999996 -72.0849991 0.651752770 28
83 70 -30.6870003 -72.4160004 0.422415823 28
84 55 -30.6819992 -72.1129990 0.502291501 28
88 38 -30.6250000 -71.7659988 0.844205081 28
89 34 -30.6100006 -71.6849976 0.898489654 28
91 45 -30.5650005 -71.9039993 0.579479277 28
92 34 -30.5559998 -71.6819992 0.881101251 28
95 24 -30.5100002 -71.4779968 0.754701614 28
118 12 -30.1040001 -71.2170029 0.904053032 28
10 30 -32.0369987 -71.6809998 0.722069025 29
28 25 -31.7159996 -71.5619965 0.831205785 29
31 19 -31.6669998 -71.4369965 1.00000000 29
32 27 -31.6429996 -71.5989990 0.808547199 29
36 16 -31.5790005 -71.3710022 0.920085311 29
37 12 -31.5639992 -71.2890015 0.475011706 29
38 11 -31.5470009 -71.2679977 0.581577063 29
54 59 -31.2189999 -72.2259979 0.665433049 29
62 34 -31.0960007 -71.7109985 0.728328049 29
64 58 -31.0400009 -72.1949997 0.631588519 29
72 53 -30.8999996 -72.0849991 0.623293996 29
75 17 -30.8759995 -71.3560028 0.852135062 29
85 26 -30.6879997 -71.5279999 0.840006173 29
88 38 -30.6250000 -71.7659988 0.778015375 29
92 34 -30.5559998 -71.6819992 0.766927481 29
103 43 -30.3500004 -71.8519974 0.556349039 29
114 2 -30.1840000 -71.0199966 0.855732918 29
115 55 -30.1240005 -72.0800018 0.567621768 29
118 12 -30.1040001 -71.2170029 0.766685069 29
120 33 -30.0520000 -71.6350021 0.759575188 29
18 2 -31.9139996 -71.1019974 0.657032251 30
28 25 -31.7159996 -71.5619965 0.613121450 30
31 19 -31.6669998 -71.4369965 0.648265719 30
31 27 -31.6609993 -71.5999985 1.00000000 30
32 27 -31.6429996 -71.5989990 0.997632623 30
38 11 -31.5470009 -71.2679977 0.605461776 30
38 61 -31.5060005 -72.2839966 0.302770406 30
53 39 -31.2539997 -71.8219986 0.393886089 30
54 24 -31.2490005 -71.5169983 0.527582407 30
56 5 -31.2269993 -71.1299973 0.612028599 30
59 2 -31.1749992 -71.0670013 0.584944367 30
68 20 -30.9990005 -71.4229965 0.533453047 30
75 17 -30.8759995 -71.3560028 0.587567508 30
84 35 -30.6989994 -71.7099991 0.436095536 30
85 26 -30.6879997 -71.5279999 0.496780485 30
103 43 -30.3500004 -71.8519974 0.441833049 30
109 70 -30.2180004 -72.3870010 0.322705090 30
114 2 -30.1840000 -71.0199966 0.668191254 30
115 55 -30.1240005 -72.0800018 0.395552456 30
120 33 -30.0520000 -71.6350021 0.584476352 30
18 2 -31.9139996 -71.1019974 0.913876116 31
18 6 -31.9109993 -71.1839981 0.864673018 31
20 17 -31.8670006 -71.4059982 1.00000000 31
31 27 -31.6609993 -71.5999985 0.916333437 31
36 25 -31.5720005 -71.5540009 0.940362394 31
38 61 -31.5060005 -72.2839966 0.622156620 31
41 68 -31.4449997 -72.4219971 0.392308325 31
48 24 -31.3570004 -71.5220032 0.801632464 31
53 39 -31.2539997 -71.8219986 0.568705738 31
54 24 -31.2490005 -71.5169983 0.800520241 31
56 5 -31.2269993 -71.1299973 0.917333543 31
59 2 -31.1749992 -71.0670013 0.790605724 31
65 48 -31.0310001 -71.9909973 0.678102732 31
68 20 -30.9990005 -71.4229965 0.892689526 31
70 62 -30.9279995 -72.2689972 0.439484507 31
84 35 -30.6989994 -71.7099991 0.732882261 31
88 42 -30.6210003 -71.8470001 0.645623684 31
88 61 -30.6049995 -72.2289963 0.518909037 31
98 52 -30.4330006 -72.0380020 0.572600424 31
109 70 -30.2180004 -72.3870010 0.499166131 31
6 61 -32.0820007 -72.3190002 0.512287199 32
11 36 -32.0139999 -71.8030014 0.788371861 32
18 6 -31.9109993 -71.1839981 0.925207198 32
20 17 -31.8670006 -71.4059982 0.974291742 32
24 63 -31.7560005 -72.3399963 0.649364293 32
25 46 -31.7530003 -71.9919968 0.675727487 32
27 17 -31.7409992 -71.4000015 0.890669763 32
28 8 -31.7290001 -71.2160034 1.00000000 32
31 23 -31.6639996 -71.5179977 0.936078966 32
36 25 -31.5720005 -71.5540009 0.953958750 32
41 68 -31.4449997 -72.4219971 0.445621103 32
48 24 -31.3570004 -71.5220032 0.813380182 32
65 48 -31.0310001 -71.9909973 0.607398391 32
70 62 -30.9279995 -72.2689972 0.547482550 32
88 42 -30.6210003 -71.8470001 0.672931075 32
88 61 -30.6049995 -72.2289963 0.542007685 32
98 52 -30.4330006 -72.0380020 0.656695306 32
103 62 -30.3339996 -72.2330017 0.568270326 32
118 26 -30.0939999 -71.4970016 0.924677968 32
120 63 -30.0259991 -72.2350006 0.705675781 32
6 61 -32.0820007 -72.3190002 0.462158114 33
9 29 -32.0550003 -71.6620026 0.768089354 33
11 36 -32.0139999 -71.8030014 0.888760865 33
15 29 -31.9470005 -71.6559982 0.734701753 33
17 40 -31.9020004 -71.8779984 0.687279820 33
24 63 -31.7560005 -72.3399963 0.556666732 33
25 46 -31.7530003 -71.9919968 0.739922345 33
27 17 -31.7409992 -71.4000015 1.00000000 33
28 8 -31.7290001 -71.2160034 0.984963357 33
31 23 -31.6639996 -71.5179977 0.940843821 33
38 41 -31.5230007 -71.8769989 0.730262101 33
52 7 -31.2980003 -71.1740036 0.965896428 33
75 15 -30.8770008 -71.3150024 0.942964375 33
81 37 -30.7520008 -71.7529984 0.697210491 33
91 63 -30.5489998 -72.2659988 0.649251819 33
103 62 -30.3339996 -72.2330017 0.415608138 33
105 56 -30.3029995 -72.1110001 0.528638601 33
109 47 -30.2390003 -71.9260025 0.781364977 33
118 26 -30.0939999 -71.4970016 0.880038381 33
120 63 -30.0259991 -72.2350006 0.725167274 33
9 29 -32.0550003 -71.6620026 0.703085124 34
15 29 -31.9470005 -71.6559982 0.753977299 34
17 40 -31.9020004 -71.8779984 0.696523011 34
28 68 -31.6790009 -72.4369965 0.471192449 34
38 41 -31.5230007 -71.8769989 0.719629765 34
42 63 -31.4319992 -72.3199997 0.641245306 34
46 56 -31.3659992 -72.1729965 0.589171946 34
52 7 -31.2980003 -71.1740036 0.846486747 34
59 46 -31.1399994 -71.9570007 0.719582975 34
68 71 -30.9559994 -72.4530029 0.649387240 34
69 52 -30.9549999 -72.0680008 0.501234531 34
75 15 -30.8770008 -71.3150024 0.797220767 34
75 45 -30.8530006 -71.9209976 0.573899150 34
77 51 -30.8120003 -72.0390015 0.611467123 34
81 37 -30.7520008 -71.7529984 0.670880139 34
90 67 -30.5629997 -72.3479996 0.652639806 34
91 63 -30.5489998 -72.2659988 0.717391551 34
105 56 -30.3029995 -72.1110001 0.729825020 34
109 47 -30.2390003 -71.9260025 0.739298880 34
120 4 -30.0739994 -71.0550003 1.00000000 34
21 14 -31.8509998 -71.3440018 0.806120813 35
28 68 -31.6790009 -72.4369965 0.549735248 35
34 70 -31.5690002 -72.4710007 0.618048012 35
37 61 -31.5240002 -72.2850037 0.577645659 35
42 63 -31.4319992 -72.3199997 0.560683310 35
46 56 -31.3659992 -72.1729965 0.582342029 35
48 44 -31.3400002 -71.9280014 0.585267842 35
54 68 -31.2110004 -72.4079971 0.469622165 35
56 9 -31.2240009 -71.2109985 1.00000000 35
56 37 -31.2019997 -71.7779999 0.587019265 35
59 46 -31.1399994 -71.9570007 0.634260237 35
68 71 -30.9559994 -72.4530029 0.545960486 35
69 52 -30.9549999 -72.0680008 0.502268195 35
75 45 -30.8530006 -71.9209976 0.552910507 35
77 51 -30.8120003 -72.0390015 0.546047807 35
79 68 -30.7609997 -72.3799973 0.432350725 35
83 32 -30.7199993 -71.6510010 0.697109103 35
84 15 -30.7150002 -71.3069992 0.766752839 35
90 67 -30.5629997 -72.3479996 0.537409842 35
120 4 -30.0739994 -71.0550003 0.851068497 35
18 50 -31.8759995 -72.0810013 0.487552285 36
18 52 -31.8740005 -72.1220016 0.404796451 36
21 14 -31.8509998 -71.3440018 0.805842698 36
24 17 -31.7950001 -71.4029999 0.829592049 36
26 30 -31.7479992 -71.6660004 0.686778724 36
34 70 -31.5690002 -72.4710007 0.476080775 36
37 61 -31.5240002 -72.2850037 0.631388307 36
48 44 -31.3400002 -71.9280014 0.669625580 36
51 9 -31.3139992 -71.2149963 1.00000000 36
54 68 -31.2110004 -72.4079971 0.504953921 36
56 9 -31.2240009 -71.2109985 0.973750889 36
56 37 -31.2019997 -71.7779999 0.579985440 36
70 15 -30.9669991 -71.3199997 0.776596248 36
79 68 -30.7609997 -72.3799973 0.353860855 36
80 50 -30.7590008 -72.0159988 0.664707124 36
83 32 -30.7199993 -71.6510010 0.810442686 36
84 15 -30.7150002 -71.3069992 0.782811761 36
84 37 -30.6980000 -71.7500000 0.635171115 36
94 10 -30.5380001 -71.1979980 0.896013081 36
94 48 -30.5079994 -71.9619980 0.590180695 36
13 64 -31.9529991 -72.3720016 0.546034396 37
17 53 -31.8910007 -72.1429977 0.557139397 37
18 50 -31.8759995 -72.0810013 0.609200239 37
18 52 -31.8740005 -72.1220016 0.422004789 37
24 17 -31.7950001 -71.4029999 0.890602946 37
26 30 -31.7479992 -71.6660004 0.779755831 37
33 57 -31.5990009 -72.2080002 0.655609131 37
41 47 -31.4640007 -71.9960022 0.634257615 37
51 9 -31.3139992 -71.2149963 0.946426868 37
56 45 -31.1949997 -71.9400024 0.588219583 37
66 9 -31.0440006 -71.2020035 0.994632363 37
70 15 -30.9669991 -71.3199997 1.00000000 37
78 21 -30.8180008 -71.4339981 0.791340709 37
80 50 -30.7590008 -72.0159988 0.616088152 37
84 37 -30.6980000 -71.7500000 0.736212075 37
93 11 -30.5559998 -71.2190018 0.693963408 37
94 10 -30.5380001 -71.1979980 0.650558650 37
94 48 -30.5079994 -71.9619980 0.676722050 37
98 59 -30.4260006 -72.1780014 0.475759625 37
106 18 -30.3160000 -71.3479996 0.932301164 37
13 64 -31.9529991 -72.3720016 0.518311560 38
17 53 -31.8910007 -72.1429977 0.604145765 38
24 1 -31.8059998 -71.0759964 0.877751648 38
25 57 -31.7430000 -72.2160034 0.601793885 38
31 2 -31.6800003 -71.0910034 1.00000000 38
33 57 -31.5990009 -72.2080002 0.487216949 38
34 37 -31.5979996 -71.8000031 0.688818336 38
41 47 -31.4640007 -71.9960022 0.593915522 38
56 45 -31.1949997 -71.9400024 0.562380314 38
62 14 -31.1119995 -71.3069992 0.741841793 38
62 22 -31.1060009 -71.4690018 0.840768337 38
66 9 -31.0440006 -71.2020035 0.889310956 38
67 39 -31.0020008 -71.8069992 0.624280810 38
78 21 -30.8180008 -71.4339981 0.805715561 38
93 11 -30.5559998 -71.2190018 0.951874256 38
94 53 -30.5039997 -72.0619965 0.549568832 38
98 59 -30.4260006 -72.1780014 0.617444098 38
106 18 -30.3160000 -71.3479996 0.856699169 38
116 43 -30.1159992 -71.8389969 0.625340104 38
117 62 -30.0809994 -72.2180023 0.531649292 38
11 20 -32.0270004 -71.4759979 0.816883028 39
11 52 -32.0000000 -72.1299973 0.599145055 39
24 1 -31.8059998 -71.0759964 1.00000000 39
25 57 -31.7430000 -72.2160034 0.689314485 39
31 2 -31.6800003 -71.0910034 0.995626509 39
34 37 -31.5979996 -71.8000031 0.800632775 39
42 38 -31.4540005 -71.8119965 0.754027009 39
49 22 -31.3400002 -71.4810028 0.824796855 39
61 65 -31.0879993 -72.3389969 0.620686650 39
62 14 -31.1119995 -71.3069992 0.839577198 39
62 22 -31.1060009 -71.4690018 0.894358575 39
67 39 -31.0020008 -71.8069992 0.600306988 39
75 16 -30.8759995 -71.3349991 0.910087705 39
78 21 -30.8180008 -71.4339981 0.932845891 39
84 47 -30.6889992 -71.9520035 0.726522028 39
89 30 -30.6130009 -71.6050034 0.872551799 39
94 53 -30.5039997 -72.0619965 0.561783433 39
105 60 -30.2989998 -72.1910019 0.616209149 39
116 43 -30.1159992 -71.8389969 0.704768360 39
117 62 -30.0809994 -72.2180023 0.544484019 39
4 25 -32.1489983 -71.5849991 0.969478488 40
10 59 -32.0120010 -72.2740021 0.518894136 40
11 20 -32.0270004 -71.4759979 1.00000000 40
11 52 -32.0000000 -72.1299973 0.561200380 40
26 45 -31.7360001 -71.9710007 0.597053468 40
29 47 -31.6800003 -72.0090027 0.710488021 40
40 48 -31.4810009 -72.0169983 0.560701370 40
42 38 -31.4540005 -71.8119965 0.712526917 40
49 22 -31.3400002 -71.4810028 0.820774257 40
55 46 -31.2129993 -71.9609985 0.806481361 40
61 65 -31.0879993 -72.3389969 0.682237387 40
72 30 -30.9190006 -71.6210022 0.735376537 40
75 16 -30.8759995 -71.3349991 0.871909678 40
78 21 -30.8180008 -71.4339981 0.968062282 40
84 47 -30.6889992 -71.9520035 0.743469477 40
86 46 -30.6539993 -71.9290009 0.784621537 40
88 51 -30.6140003 -72.0279999 0.664897263 40
89 30 -30.6130009 -71.6050034 0.753340006 40
105 60 -30.2989998 -72.1910019 0.614158392 40
111 40 -30.2089996 -71.7839966 0.781144977 40
4 25 -32.1489983 -71.5849991 0.828274786 41
10 59 -32.0120010 -72.2740021 0.696181357 41
18 28 -31.8939991 -71.6330032 0.845178962 41
26 45 -31.7360001 -71.9710007 0.580287039 41
29 47 -31.6800003 -72.0090027 0.598831832 41
29 60 -31.6690006 -72.2730026 0.531214774 41
36 63 -31.5400009 -72.3259964 0.656034708 41
39 53 -31.4950008 -72.1200027 0.565634131 41
40 48 -31.4810009 -72.0169983 0.453640521 41
42 24 -31.4650002 -71.5279999 0.739015698 41
55 46 -31.2129993 -71.9609985 0.723589003 41
63 33 -31.0790005 -71.6900024 0.720190287 41
65 13 -31.0590000 -71.2839966 0.807218552 41
72 30 -30.9190006 -71.6210022 0.742605209 41
86 46 -30.6539993 -71.9290009 0.661739826 41
88 51 -30.6140003 -72.0279999 0.636844337 41
93 40 -30.5330009 -71.8020020 0.709928751 41
108 4 -30.2900009 -71.0650024 0.939801216 41
111 40 -30.2089996 -71.7839966 0.678758740 41
114 10 -30.1779995 -71.1800003 1.00000000 41
18 28 -31.8939991 -71.6330032 0.813112438 42
19 57 -31.8509998 -72.2229996 0.706494212 42
29 60 -31.6690006 -72.2730026 0.597973466 42
36 63 -31.5400009 -72.3259964 0.525424778 42
39 53 -31.4950008 -72.1200027 0.598337352 42
42 24 -31.4650002 -71.5279999 0.760658324 42
54 23 -31.2490005 -71.4960022 0.707304716 42
56 26 -31.2110004 -71.5550003 0.772164106 42
63 33 -31.0790005 -71.6900024 0.816510379 42
65 13 -31.0590000 -71.2839966 0.863941789 42
77 31 -30.8290005 -71.6360016 0.727788866 42
88 39 -30.6240005 -71.7870026 0.890124619 42
88 45 -30.6189995 -71.9069977 0.680552900 42
93 40 -30.5330009 -71.8020020 0.797321975 42
94 30 -30.5230007 -71.5999985 0.844748914 42
103 30 -30.3610001 -71.5910034 0.719223857 42
105 65 -30.2950001 -72.2910004 0.654434443 42
108 4 -30.2900009 -71.0650024 0.974769413 42
114 10 -30.1779995 -71.1800003 0.992542148 42
118 4 -30.1100006 -71.0559998 1.00000000 42
2 62 -32.1529999 -72.3440018 0.595684588 43
4 24 -32.1500015 -71.5640030 0.955294549 43
19 57 -31.8509998 -72.2229996 0.564359963 43
25 15 -31.7779999 -71.3610001 0.972546518 43
36 21 -31.5750008 -71.4729996 0.970651150 43
54 23 -31.2490005 -71.4960022 0.972539961 43
55 56 -31.2040005 -72.1640015 0.577681720 43
56 26 -31.2110004 -71.5550003 0.882264197 43
65 3 -31.0660000 -71.0820007 0.979807377 43
74 34 -30.8799992 -71.6999969 0.763620973 43
77 31 -30.8290005 -71.6360016 0.672054052 43
88 39 -30.6240005 -71.7870026 0.845501184 43
88 45 -30.6189995 -71.9069977 0.725564241 43
94 30 -30.5230007 -71.5999985 0.855390131 43
103 30 -30.3610001 -71.5910034 0.772071123 43
105 65 -30.2950001 -72.2910004 0.699158728 43
115 16 -30.1550007 -71.2990036 0.848307669 43
117 44 -30.0970001 -71.8580017 0.582404077 43
118 4 -30.1100006 -71.0559998 1.00000000 43
119 36 -30.0680008 -71.6959991 0.647957623 43
2 62 -32.1529999 -72.3440018 0.619124830 44
4 24 -32.1500015 -71.5640030 0.885328412 44
25 15 -31.7779999 -71.3610001 0.878455937 44
36 21 -31.5750008 -71.4729996 0.860475242 44
40 12 -31.5100002 -71.2860031 0.871284187 44
42 25 -31.4640007 -71.5479965 0.884180963 44
47 70 -31.3349991 -72.4560013 0.597399950 44
54 67 -31.2119999 -72.3880005 0.351546764 44
55 56 -31.2040005 -72.1640015 0.760358155 44
65 3 -31.0660000 -71.0820007 0.971776009 44
74 34 -30.8799992 -71.6999969 0.676370621 44
86 50 -30.6509991 -72.0100021 0.659541905 44
88 8 -30.6480007 -71.1630020 0.994918406 44
88 29 -30.6320000 -71.5849991 0.909466922 44
96 56 -30.4650002 -72.1200027 0.625594318 44
112 17 -30.2089996 -71.3219986 1.00000000 44
115 16 -30.1550007 -71.2990036 0.891682804 44
116 30 -30.1270008 -71.5790024 0.790982783 44
117 44 -30.0970001 -71.8580017 0.500967920 44
119 36 -30.0680008 -71.6959991 0.680370569 44
27 31 -31.7299995 -71.6849976 0.735260367 45
30 26 -31.6800003 -71.5800018 0.659636199 45
39 3 -31.5349998 -71.1039963 1.00000000 45
40 12 -31.5100002 -71.2860031 0.999451816 45
42 25 -31.4640007 -71.5479965 0.940509021 45
47 3 -31.3910007 -71.0970001 0.975062788 45
47 70 -31.3349991 -72.4560013 0.655563474 45
52 1 -31.3020000 -71.0520020 0.964115322 45
54 67 -31.2119999 -72.3880005 0.542446434 45
68 23 -30.9969997 -71.4830017 0.903462648 45
86 50 -30.6509991 -72.0100021 0.801705599 45
88 8 -30.6480007 -71.1630020 0.933882177 45
88 29 -30.6320000 -71.5849991 0.902151346 45
89 53 -30.5939999 -72.0670013 0.650801420 45
91 20 -30.5849991 -71.4010010 0.838781238 45
96 56 -30.4650002 -72.1200027 0.695051670 45
97 52 -30.4510002 -72.0390015 0.655338764 45
107 25 -30.2929993 -71.4869995 0.855252206 45
112 17 -30.2089996 -71.3219986 0.930698514 45
116 30 -30.1270008 -71.5790024 0.920194924 45
7 14 -32.1030006 -71.3570023 0.701374114 46
27 31 -31.7299995 -71.6849976 0.619103432 46
30 26 -31.6800003 -71.5800018 0.596683979 46
38 26 -31.5349998 -71.5719986 0.772562921 46
39 3 -31.5349998 -71.1039963 0.894519985 46
47 3 -31.3910007 -71.0970001 0.840537429 46
50 28 -31.3180008 -71.6019974 0.846256495 46
52 1 -31.3020000 -71.0520020 0.752349555 46
52 22 -31.2859993 -71.4779968 0.965150833 46
53 19 -31.2709999 -71.4160004 1.00000000 46
68 23 -30.9969997 -71.4830017 0.868525445 46
89 25 -30.6170006 -71.5039978 0.951757848 46
89 53 -30.5939999 -72.0670013 0.569268942 46
91 20 -30.5849991 -71.4010010 0.857470155 46
97 52 -30.4510002 -72.0390015 0.515549719 46
99 31 -30.4319992 -71.6149979 0.841660440 46
102 32 -30.3770008 -71.6320038 0.805180907 46
105 64 -30.2959995 -72.2710037 0.594321847 46
106 56 -30.2849998 -72.1100006 0.592935801 46
107 25 -30.2929993 -71.4869995 0.781461716 46
7 14 -32.1030006 -71.3570023 0.556120157 47
8 20 -32.0810013 -71.4789963 0.773551047 47
26 23 -31.7539997 -71.5230026 0.630271673 47
38 26 -31.5349998 -71.5719986 0.587429583 47
50 28 -31.3180008 -71.6019974 0.670642674 47
52 22 -31.2859993 -71.4779968 0.891375005 47
53 19 -31.2709999 -71.4160004 0.932024896 47
53 20 -31.2700005 -71.4369965 1.00000000 47
54 16 -31.2549992 -71.3550034 0.795198739 47
60 48 -31.1210003 -71.9970016 0.472185194 47
62 53 -31.0799999 -72.0960007 0.462742895 47
85 21 -30.6919994 -71.4270020 0.627713263 47
89 25 -30.6170006 -71.5039978 0.681228757 47
94 42 -30.5130005 -71.8410034 0.466757745 47
99 31 -30.4319992 -71.6149979 0.577932894 47
102 32 -30.3770008 -71.6320038 0.474943876 47
103 34 -30.3579998 -71.6709976 0.436751753 47
105 64 -30.2959995 -72.2710037 0.478524208 47
106 56 -30.2849998 -72.1100006 0.479178548 47
111 24 -30.2210007 -71.4629974 0.619851649 47
8 20 -32.0810013 -71.4789963 0.967158318 48
15 28 -31.9480000 -71.6350021 0.835490763 48
23 36 -31.7980003 -71.7910004 0.709478617 48
26 23 -31.7539997 -71.5230026 0.671015620 48
30 34 -31.6730003 -71.7429962 0.719579756 48
31 14 -31.6709995 -71.3349991 0.924399734 48
45 31 -31.4050007 -71.6669998 0.883041501 48
48 35 -31.3479996 -71.7450027 0.762539804 48
53 20 -31.2700005 -71.4369965 1.00000000 48
54 16 -31.2549992 -71.3550034 0.958401859 48
60 48 -31.1210003 -71.9970016 0.640029192 48
62 53 -31.0799999 -72.0960007 0.537214160 48
80 14 -30.7880001 -71.2910004 0.861411989 48
85 21 -30.6919994 -71.4270020 0.718810856 48
94 42 -30.5130005 -71.8410034 0.619985282 48
99 49 -30.4169998 -71.9769974 0.599165857 48
103 34 -30.3579998 -71.6709976 0.743864834 48
106 12 -30.3209991 -71.2269974 0.893140018 48
111 24 -30.2210007 -71.4629974 0.880540013 48
121 12 -30.0499992 -71.2139969 0.814947665 48
15 28 -31.9480000 -71.6350021 0.764199555 49
17 34 -31.9069996 -71.7559967 0.698465705 49
23 36 -31.7980003 -71.7910004 0.733705699 49
30 10 -31.6919994 -71.2539978 0.760049045 49
30 34 -31.6730003 -71.7429962 0.878874123 49
31 14 -31.6709995 -71.3349991 0.878646076 49
45 31 -31.4050007 -71.6669998 0.904208958 49
46 44 -31.3759995 -71.9300003 0.681334913 49
48 35 -31.3479996 -71.7450027 0.867241204 49
51 21 -31.3050003 -71.4589996 0.752204001 49
65 4 -31.0650005 -71.1019974 0.949463964 49
77 15 -30.8409996 -71.3130035 0.847809196 49
80 14 -30.7880001 -71.2910004 0.896776319 49
93 18 -30.5499992 -71.3590012 0.965121448 49
98 31 -30.4500008 -71.6159973 0.835935235 49
99 49 -30.4169998 -71.9769974 0.592926025 49
106 12 -30.3209991 -71.2269974 0.995699525 49
117 6 -30.1270008 -71.0970001 0.986721694 49
120 42 -30.0450001 -71.8150024 0.694944859 49
121 12 -30.0499992 -71.2139969 1.00000000 49
13 46 -31.9689999 -72.0049973 0.568230510 50
17 34 -31.9069996 -71.7559967 0.703807652 50
26 3 -31.7689991 -71.1149979 0.989975631 50
30 10 -31.6919994 -71.2539978 0.798857927 50
45 58 -31.3820000 -72.2149963 0.537247539 50
46 37 -31.3820000 -71.7880020 0.601286829 50
46 44 -31.3759995 -71.9300003 0.584791780 50
51 21 -31.3050003 -71.4589996 0.730027556 50
65 4 -31.0650005 -71.1019974 0.865050793 50
67 10 -31.0249996 -71.2210007 1.00000000 50
67 42 -31.0000000 -71.8679962 0.661088407 50
76 27 -30.8500004 -71.5559998 0.715107083 50
77 15 -30.8409996 -71.3130035 0.720135331 50
93 18 -30.5499992 -71.3590012 0.915660501 50
98 31 -30.4500008 -71.6159973 0.822957635 50
100 48 -30.3999996 -71.9550018 0.698129416 50
101 3 -30.4169998 -71.0510025 0.918249130 50
105 66 -30.2940006 -72.3109970 0.509829581 50
117 6 -30.1270008 -71.0970001 0.812284052 50
120 42 -30.0450001 -71.8150024 0.538954914 50
13 46 -31.9689999 -72.0049973 0.735615611 51
26 3 -31.7689991 -71.1149979 0.893941522 51
29 12 -31.7080002 -71.2959976 0.845199406 51
40 30 -31.4960003 -71.6520004 0.759064496 51
45 58 -31.3820000 -72.2149963 0.431961596 51
46 37 -31.3820000 -71.7880020 0.636186838 51
52 47 -31.2660007 -71.9850006 0.669046164 51
55 19 -31.2339993 -71.4140015 0.878218591 51
55 51 -31.2080002 -72.0619965 0.463952690 51
67 10 -31.0249996 -71.2210007 1.00000000 51
67 42 -31.0000000 -71.8679962 0.735961378 51
76 27 -30.8500004 -71.5559998 0.933484375 51
81 13 -30.7700005 -71.2699966 0.873392761 51
83 29 -30.7220001 -71.5899963 0.774006546 51
95 66 -30.4740009 -72.3219986 0.597791672 51
96 45 -30.4750004 -71.8990021 0.531298101 51
100 48 -30.3999996 -71.9550018 0.678193629 51
101 3 -30.4169998 -71.0510025 0.981076419 51
105 66 -30.2940006 -72.3109970 0.569908142 51
112 17 -30.2089996 -71.3219986 0.939896643 51
3 68 -32.1300011 -72.4649963 0.540138543 52
25 46 -31.7530003 -71.9919968 0.659475982 52
29 12 -31.7080002 -71.2959976 1.00000000 52
32 63 -31.6119995 -72.3310013 0.682436287 52
40 30 -31.4960003 -71.6520004 0.749145567 52
46 45 -31.3759995 -71.9499969 0.652846992 52
49 51 -31.3160000 -72.0690002 0.568136573 52
52 47 -31.2660007 -71.9850006 0.707548797 52
55 19 -31.2339993 -71.4140015 0.912625074 52
55 51 -31.2080002 -72.0619965 0.541693389 52
81 13 -30.7700005 -71.2699966 0.876353920 52
82 58 -30.7159996 -72.1750031 0.551551402 52
83 29 -30.7220001 -71.5899963 0.746473312 52
95 66 -30.4740009 -72.3219986 0.674543381 52
96 45 -30.4750004 -71.8990021 0.500318110 52
109 52 -30.2339993 -72.0260010 0.595773995 52
112 17 -30.2089996 -71.3219986 0.986986339 52
117 44 -30.0970001 -71.8580017 0.652813196 52
118 18 -30.1000004 -71.3369980 0.990813851 52
120 32 -30.0529995 -71.6149979 0.897560358 52
3 68 -32.1300011 -72.4649963 0.477607191 53
13 68 -31.9489994 -72.4540024 0.455277652 53
25 46 -31.7530003 -71.9919968 0.696400583 53
32 63 -31.6119995 -72.3310013 0.565017104 53
37 31 -31.5489998 -71.6750031 0.799941897 53
38 17 -31.5419998 -71.3899994 0.837969065 53
45 19 -31.4150009 -71.4240036 0.906026602 53
46 9 -31.4039993 -71.2200012 1.00000000 53
46 45 -31.3759995 -71.9499969 0.665176749 53
49 51 -31.3160000 -72.0690002 0.477042437 53
76 39 -30.8400002 -71.7979965 0.578524649 53
82 58 -30.7159996 -72.1750031 0.628954530 53
88 47 -30.6170006 -71.9479980 0.634150207 53
91 16 -30.5879993 -71.3209991 0.886596501 53
100 18 -30.4239998 -71.3529968 0.856583416 53
109 52 -30.2339993 -72.0260010 0.548069537 53
117 42 -30.0990009 -71.8180008 0.893356323 53
117 44 -30.0970001 -71.8580017 0.840761840 53
118 18 -30.1000004 -71.3369980 0.889558434 53
120 32 -30.0529995 -71.6149979 0.854721904 53
13 68 -31.9489994 -72.4540024 0.354483634 54
20 63 -31.8279991 -72.3440018 0.583898246 54
27 64 -31.7010002 -72.3570023 0.487684309 54
37 31 -31.5489998 -71.6750031 0.614421546 54
38 17 -31.5419998 -71.3899994 0.650740862 54
40 54 -31.4759998 -72.1389999 0.402856171 54
45 19 -31.4150009 -71.4240036 0.710109293 54
46 9 -31.4039993 -71.2200012 0.697717726 54
65 35 -31.0419998 -71.7289963 0.625909209 54
68 37 -30.9860001 -71.7659988 1.00000000 54
68 38 -30.9850006 -71.7860031 0.982507527 54
76 39 -30.8400002 -71.7979965 0.375759035 54
82 38 -30.7329998 -71.7720032 0.457017571 54
88 47 -30.6170006 -71.9479980 0.456806093 54
89 53 -30.5939999 -72.0670013 0.395815045 54
91 16 -30.5879993 -71.3209991 0.609490037 54
95 45 -30.4930000 -71.9000015 0.516197801 54
100 18 -30.4239998 -71.3529968 0.698787451 54
101 42 -30.3869991 -71.8339996 0.636084676 54
117 42 -30.0990009 -71.8180008 0.532448888 54
20 63 -31.8279991 -72.3440018 0.542263746 55
23 28 -31.8040009 -71.6279984 0.528719127 55
24 57 -31.7609997 -72.2170029 0.480365306 55
26 21 -31.7560005 -71.4820023 0.675602198 55
27 64 -31.7010002 -72.3570023 0.516254783 55
28 17 -31.7229996 -71.3990021 0.632146955 55
40 43 -31.4850006 -71.9160004 0.506475568 55
40 54 -31.4759998 -72.1389999 0.492601186 55
57 46 -31.1770000 -71.9589996 0.551588237 55
61 27 -31.1200008 -71.5709991 0.564817965 55
65 35 -31.0419998 -71.7289963 0.592296839 55
68 37 -30.9860001 -71.7659988 1.00000000 55
68 38 -30.9850006 -71.7860031 0.988447070 55
82 38 -30.7329998 -71.7720032 0.514414549 55
89 47 -30.5990009 -71.9469986 0.427861899 55
89 53 -30.5939999 -72.0670013 0.390231431 55
95 45 -30.4930000 -71.9000015 0.456910968 55
97 17 -30.4790001 -71.3359985 0.616151154 55
101 42 -30.3869991 -71.8339996 0.452964664 55
110 47 -30.2210007 -71.9250031 0.459964871 55
6 42 -32.0989990 -71.9300003 0.691745043 56
23 28 -31.8040009 -71.6279984 0.767268062 56
24 57 -31.7609997 -72.2170029 0.532181323 56
26 21 -31.7560005 -71.4820023 0.961988032 56
27 48 -31.7150002 -72.0309982 0.751773179 56
28 17 -31.7229996 -71.3990021 1.00000000 56
40 43 -31.4850006 -71.9160004 0.783694625 56
51 21 -31.3050003 -71.4589996 0.916985631 56
57 46 -31.1770000 -71.9589996 0.734137475 56
60 40 -31.1280003 -71.8349991 0.731381834 56
61 27 -31.1200008 -71.5709991 0.878547490 56
72 22 -30.9260006 -71.4589996 0.825899422 56
89 47 -30.5990009 -71.9469986 0.563509822 56
92 57 -30.5359993 -72.1449966 0.599549234 56
97 17 -30.4790001 -71.3359985 0.957552433 56
98 5 -30.4699993 -71.0940018 0.945812464 56
105 63 -30.2970009 -72.2509995 0.629427493 56
110 12 -30.2479992 -71.2239990 0.978735685 56
110 47 -30.2210007 -71.9250031 0.646760285 56
120 59 -30.0300007 -72.1549988 0.641465425 56
3 26 -32.1660004 -71.6060028 0.756719351 57
6 42 -32.0989990 -71.9300003 0.642353117 57
7 13 -32.1040001 -71.3369980 0.804600298 57
27 48 -31.7150002 -72.0309982 0.638811111 57
51 21 -31.3050003 -71.4589996 0.862574220 57
60 40 -31.1280003 -71.8349991 0.670421124 57
72 14 -30.9319992 -71.2979965 0.720839858 57
72 22 -30.9260006 -71.4589996 0.791169167 57
74 37 -30.8780003 -71.7600021 0.698414028 57
92 57 -30.5359993 -72.1449966 0.594342411 57
98 5 -30.4699993 -71.0940018 0.903079033 57
105 63 -30.2970009 -72.2509995 0.655758142 57
108 18 -30.2800007 -71.3460007 0.811455250 57
109 8 -30.2689991 -71.1439972 0.888861656 57
110 12 -30.2479992 -71.2239990 0.984625340 57
114 51 -30.1450005 -72.0009995 0.702536225 57
116 63 -30.0990009 -72.2389984 0.466788739 57
119 4 -30.0919991 -71.0559998 0.964581668 57
120 59 -30.0300007 -72.1549988 0.595570922 57
121 36 -30.0319996 -71.6940002 0.764628708 57
3 26 -32.1660004 -71.6060028 0.832422853 58
3 57 -32.1399994 -72.2399979 0.619022727 58
7 13 -32.1040001 -71.3369980 0.765193880 58
25 21 -31.7740002 -71.4830017 0.822881222 58
32 40 -31.6320000 -71.8629990 0.886492133 58
33 42 -31.6119995 -71.9029999 0.826965511 58
45 62 -31.3789997 -72.2959976 0.602201283 58
63 15 -31.0930004 -71.3259964 0.928732991 58
72 14 -30.9319992 -71.2979965 0.857104361 58
74 37 -30.8780003 -71.7600021 0.698332787 58
106 59 -30.2819996 -72.1699982 0.652786613 58
108 4 -30.2900009 -71.0650024 0.993232727 58
108 18 -30.2800007 -71.3460007 0.661217332 58
108 42 -30.2609997 -71.8270035 0.472603023 58
109 8 -30.2689991 -71.1439972 0.837112665 58
114 51 -30.1450005 -72.0009995 0.805049896 58
116 63 -30.0990009 -72.2389984 0.654766381 58
119 4 -30.0919991 -71.0559998 1.00000000 58
119 68 -30.0400009 -72.3359985 0.554500639 58
121 36 -30.0319996 -71.6940002 0.790682375 58
2 36 -32.1759987 -71.8119965 0.759938538 59
3 57 -32.1399994 -72.2399979 0.690916896 59
23 17 -31.8129997 -71.4029999 0.822167695 59
23 59 -31.7779999 -72.2590027 0.512866974 59
25 21 -31.7740002 -71.4830017 0.825285137 59
25 59 -31.7420006 -72.2570038 0.493053257 59
32 40 -31.6320000 -71.8629990 0.905682981 59
33 42 -31.6119995 -71.9029999 0.756981194 59
44 35 -31.4200001 -71.7490005 0.745430827 59
45 62 -31.3789997 -72.2959976 0.631991982 59
60 66 -31.1049995 -72.3610001 0.628502369 59
63 15 -31.0930004 -71.3259964 0.972796440 59
83 43 -30.7110004 -71.8720016 0.736119747 59
106 59 -30.2819996 -72.1699982 0.584041297 59
108 4 -30.2900009 -71.0650024 1.00000000 59
108 42 -30.2609997 -71.8270035 0.660752594 59
114 61 -30.1359997 -72.2009964 0.596958220 59
119 16 -30.0830002 -71.2959976 0.892683387 59
119 68 -30.0400009 -72.3359985 0.566405952 59
120 51 -30.0370007 -71.9950027 0.609734356 59
2 36 -32.1759987 -71.8119965 0.748203933 60
17 57 -31.8869991 -72.2249985 0.750583827 60
18 10 -31.9080009 -71.2649994 1.00000000 60
23 17 -31.8129997 -71.4029999 0.766890228 60
23 59 -31.7779999 -72.2590027 0.479827255 60
25 59 -31.7420006 -72.2570038 0.418628305 60
44 35 -31.4200001 -71.7490005 0.779844522 60
45 22 -31.4120007 -71.4850006 0.878093719 60
47 38 -31.3630009 -71.8069992 0.747281671 60
60 66 -31.1049995 -72.3610001 0.502033710 60
65 8 -31.0629997 -71.1829987 0.861675322 60
65 35 -31.0419998 -71.7289963 0.721554458 60
67 42 -31.0000000 -71.8679962 0.662655830 60
75 56 -30.8439999 -72.1419983 0.650111794 60
83 43 -30.7110004 -71.8720016 0.587121129 60
85 14 -30.6980000 -71.2860031 0.763837218 60
100 66 -30.3840008 -72.3170013 0.565495372 60
114 61 -30.1359997 -72.2009964 0.574853361 60
119 16 -30.0830002 -71.2959976 0.792803526 60
120 51 -30.0370007 -71.9950027 0.563203394 60
7 22 -32.0970001 -71.5210037 0.746827900 61
17 57 -31.8869991 -72.2249985 0.578226328 61
18 10 -31.9080009 -71.2649994 0.999914050 61
22 35 -31.8160000 -71.7710037 0.712111950 61
44 43 -31.4130001 -71.9120026 0.494709373 61
45 22 -31.4120007 -71.4850006 0.957610965 61
47 38 -31.3630009 -71.8069992 0.695388675 61
65 8 -31.0629997 -71.1829987 1.00000000 61
65 35 -31.0419998 -71.7289963 0.692018092 61
67 42 -31.0000000 -71.8679962 0.677779913 61
75 28 -30.8670006 -71.5780029 0.643479586 61
75 56 -30.8439999 -72.1419983 0.665783823 61
80 21 -30.7819996 -71.4319992 0.851363242 61
85 14 -30.6980000 -71.2860031 0.932185292 61
87 33 -30.6469994 -71.6669998 0.818206370 61
90 61 -30.5690002 -72.2269974 0.624730647 61
92 21 -30.5660000 -71.4209976 0.967707992 61
100 32 -30.4130001 -71.6340027 0.856354654 61
100 66 -30.3840008 -72.3170013 0.663084805 61
110 13 -30.2479992 -71.2440033 0.878329217 61
4 6 -32.1629982 -71.1959991 0.810399234 62
7 22 -32.0970001 -71.5210037 0.842235506 62
15 2 -31.9680004 -71.1050034 0.929534197 62
22 35 -31.8160000 -71.7710037 0.812294185 62
24 49 -31.7679996 -72.0550003 0.636058271 62
30 51 -31.6590004 -72.0889969 0.516124427 62
44 43 -31.4130001 -71.9120026 0.557718217 62
47 11 -31.3850002 -71.2600021 0.990655839 62
67 13 -31.0230007 -71.2819977 0.821791768 62
75 28 -30.8670006 -71.5780029 0.704095542 62
79 31 -30.7929993 -71.6340027 0.956519127 62
80 21 -30.7819996 -71.4319992 0.908122122 62
80 34 -30.7719994 -71.6940002 0.690899432 62
87 33 -30.6469994 -71.6669998 0.854927242 62
90 61 -30.5690002 -72.2269974 0.654250145 62
92 21 -30.5660000 -71.4209976 0.921617627 62
99 66 -30.4020004 -72.3180008 0.496504784 62
100 32 -30.4130001 -71.6340027 0.801782906 62
110 13 -30.2479992 -71.2440033 0.957528949 62
117 40 -30.1000004 -71.7779999 0.747132540 62
4 6 -32.1629982 -71.1959991 0.816506505 63
15 2 -31.9680004 -71.1050034 0.761513412 63
24 36 -31.7789993 -71.7900009 0.707102895 63
24 49 -31.7679996 -72.0550003 0.634810805 63
30 8 -31.6930008 -71.2139969 0.979963303 63
30 51 -31.6590004 -72.0889969 0.489490271 63
35 66 -31.5550003 -72.3880005 0.674022377 63
47 11 -31.3850002 -71.2600021 0.888775826 63
51 63 -31.2700005 -72.3099976 0.828993797 63
59 4 -31.1739998 -71.1070023 1.00000000 63
67 13 -31.0230007 -71.2819977 0.928383589 63
78 62 -30.7840004 -72.2600021 0.618177474 63
79 31 -30.7929993 -71.6340027 0.733581126 63
80 34 -30.7719994 -71.6940002 0.662989438 63
89 50 -30.5970001 -72.0070038 0.601077318 63
99 66 -30.4020004 -72.3180008 0.525359929 63
115 48 -30.1299992 -71.9400024 0.537128568 63
117 40 -30.1000004 -71.7779999 0.704286873 63
118 51 -30.0730000 -71.9970016 0.627342045 63
120 37 -30.0489998 -71.7149963 0.677891433 63
13 25 -31.9869995 -71.5759964 0.875169218 64
18 50 -31.8759995 -72.0810013 0.726742864 64
24 36 -31.7789993 -71.7900009 0.697330236 64
25 52 -31.7479992 -72.1149979 0.571107328 64
30 8 -31.6930008 -71.2139969 0.971520603 64
35 66 -31.5550003 -72.3880005 0.626748502 64
45 39 -31.3990002 -71.8300018 0.647874653 64
50 6 -31.3339996 -71.1549988 0.941720188 64
51 63 -31.2700005 -72.3099976 0.586520970 64
52 36 -31.2749996 -71.7620010 0.639912665 64
56 33 -31.2049999 -71.6969986 0.734791756 64
59 4 -31.1739998 -71.1070023 1.00000000 64
77 48 -30.8139992 -71.9789963 0.653864682 64
78 62 -30.7840004 -72.2600021 0.514992714 64
86 23 -30.6730003 -71.4660034 0.827189445 64
89 50 -30.5970001 -72.0070038 0.633489430 64
115 48 -30.1299992 -71.9400024 0.640108347 64
118 51 -30.0730000 -71.9970016 0.630513072 64
119 37 -30.0669994 -71.7160034 0.306580245 64
120 37 -30.0489998 -71.7149963 0.222695529 64
3 69 -32.1290016 -72.4860001 0.368018538 65
10 14 -32.0489998 -71.3539963 0.799574673 65
13 25 -31.9869995 -71.5759964 0.905278206 65
18 50 -31.8759995 -72.0810013 0.668983638 65
25 35 -31.7619991 -71.7679977 0.766982138 65
25 52 -31.7479992 -72.1149979 0.535385072 65
30 13 -31.6900005 -71.3160019 0.934264064 65
35 23 -31.5919991 -71.5139999 0.677407563 65
41 70 -31.4430008 -72.4629974 0.440325469 65
45 39 -31.3990002 -71.8300018 0.648291767 65
50 6 -31.3339996 -71.1549988 1.00000000 65
52 36 -31.2749996 -71.7620010 0.638614118 65
56 33 -31.2049999 -71.6969986 0.906726778 65
60 21 -31.1429996 -71.4499969 0.843838692 65
77 48 -30.8139992 -71.9789963 0.702062607 65
86 23 -30.6730003 -71.4660034 0.851276338 65
86 56 -30.6450005 -72.1309967 0.570118964 65
86 56 -30.6450005 -72.1309967 0.570118964 65
102 23 -30.3840008 -71.4520035 0.807587385 65
119 37 -30.0669994 -71.7160034 0.704613388 65
3 69 -32.1290016 -72.4860001 0.462677777 66
10 14 -32.0489998 -71.3539963 0.747013509 66
16 70 -31.8939991 -72.4909973 0.509076655 66
25 35 -31.7619991 -71.7679977 0.813162506 66
30 13 -31.6900005 -71.3160019 0.933544755 66
32 25 -31.6439991 -71.5579987 1.00000000 66
35 23 -31.5919991 -71.5139999 0.966752768 66
35 54 -31.5660000 -72.1449966 0.661252975 66
35 68 -31.5529995 -72.4290009 0.500646532 66
41 70 -31.4430008 -72.4629974 0.448698133 66
60 21 -31.1429996 -71.4499969 0.940484405 66
76 54 -30.8269997 -72.1009979 0.676507175 66
86 56 -30.6450005 -72.1309967 0.581636369 66
86 56 -30.6450005 -72.1309967 0.581636369 66
90 44 -30.5839996 -71.8850021 0.717415273 66
100 68 -30.3820000 -72.3570023 0.541995466 66
102 23 -30.3840008 -71.4520035 0.925310493 66
106 45 -30.2940006 -71.8889999 0.711771905 66
112 14 -30.2110004 -71.2620010 0.895248473 66
119 14 -30.0849991 -71.2559967 0.873419404 66
6 36 -32.1040001 -71.8079987 0.836581230 67
9 20 -32.0629997 -71.4779968 0.955368996 67
16 70 -31.8939991 -72.4909973 0.596550465 67
19 9 -31.8910007 -71.2440033 0.878677905 67
24 23 -31.7900009 -71.5250015 0.894221425 67
30 71 -31.6399994 -72.4960022 0.627417922 67
32 25 -31.6439991 -71.5579987 0.901006699 67
35 54 -31.5660000 -72.1449966 0.746420920 67
35 68 -31.5529995 -72.4290009 0.553198576 67
43 22 -31.4480000 -71.4860001 1.00000000 67
76 54 -30.8269997 -72.1009979 0.671383440 67
80 34 -30.7719994 -71.6940002 0.935223758 67
90 44 -30.5839996 -71.8850021 0.631310463 67
93 24 -30.5459995 -71.4800034 0.931104124 67
96 64 -30.4580002 -72.2809982 0.631535172 67
98 16 -30.4619999 -71.3150024 0.908675611 67
100 68 -30.3820000 -72.3570023 0.540793121 67
106 45 -30.2940006 -71.8889999 0.658392549 67
112 14 -30.2110004 -71.2620010 0.944048226 67
119 14 -30.0849991 -71.2559967 0.882105529 67
3 46 -32.1489983 -72.0149994 0.651765287 68
6 13 -32.1220016 -71.3379974 0.887083948 68
6 36 -32.1040001 -71.8079987 0.819251001 68
9 20 -32.0629997 -71.4779968 0.911912024 68
19 9 -31.8910007 -71.2440033 0.908761561 68
24 23 -31.7900009 -71.5250015 0.974627197 68
30 71 -31.6399994 -72.4960022 0.602887809 68
36 51 -31.5510006 -72.0830002 0.712358773 68
40 29 -31.4969997 -71.6320038 0.823419750 68
43 22 -31.4480000 -71.4860001 1.00000000 68
58 15 -31.1830006 -71.3310013 0.899451971 68
60 50 -31.1189995 -72.0370026 0.559308231 68
75 70 -30.8309994 -72.4250031 0.581373394 68
80 34 -30.7719994 -71.6940002 0.916929603 68
89 25 -30.6170006 -71.5039978 0.853476107 68
93 24 -30.5459995 -71.4800034 0.870021403 68
94 63 -30.4950008 -72.2630005 0.886481464 68
96 64 -30.4580002 -72.2809982 0.776582241 68
98 16 -30.4619999 -71.3150024 0.914388835 68
119 4 -30.0919991 -71.0559998 0.997768164 68
3 46 -32.1489983 -72.0149994 0.673734009 69
3 55 -32.1409988 -72.1989975 0.616134286 69
6 13 -32.1220016 -71.3379974 0.729034066 69
8 27 -32.0750008 -71.6220016 0.780211270 69
12 69 -31.9669991 -72.4749985 0.443378150 69
36 51 -31.5510006 -72.0830002 0.519436836 69
37 16 -31.5610008 -71.3700027 0.912839890 69
40 29 -31.4969997 -71.6320038 0.785544217 69
41 24 -31.4829998 -71.5289993 0.793968141 69
42 40 -31.4519997 -71.8529968 0.891334355 69
56 53 -31.1879997 -72.1019974 0.383531213 69
58 15 -31.1830006 -71.3310013 0.861292005 69
60 50 -31.1189995 -72.0370026 0.655561924 69
75 70 -30.8309994 -72.4250031 0.489273667 69
89 25 -30.6170006 -71.5039978 0.831650078 69
94 63 -30.4950008 -72.2630005 0.646996915 69
100 29 -30.4160004 -71.5739975 0.818435550 69
110 51 -30.2169991 -72.0049973 0.707293212 69
111 21 -30.2240009 -71.4029999 0.929421246 69
119 4 -30.0919991 -71.0559998 1.00000000 69
3 55 -32.1409988 -72.1989975 0.627745688 70
8 27 -32.0750008 -71.6220016 0.817320764 70
12 69 -31.9669991 -72.4749985 0.473455667 70
37 16 -31.5610008 -71.3700027 0.872877896 70
38 10 -31.5480003 -71.2470016 0.983265758 70
41 24 -31.4829998 -71.5289993 1.00000000 70
42 40 -31.4519997 -71.8529968 0.865389168 70
42 60 -31.4340000 -72.2590027 0.688663244 70
44 46 -31.4109993 -71.9729996 0.678506136 70
47 62 -31.3430004 -72.2939987 0.592324197 70
48 9 -31.3680000 -71.2180023 0.933715224 70
50 42 -31.3059998 -71.8850021 0.627840340 70
56 34 -31.2049999 -71.7170029 0.905710876 70
56 53 -31.1879997 -72.1019974 0.658478618 70
75 19 -30.8740005 -71.3960037 0.960837483 70
79 20 -30.8010006 -71.4120026 0.839672327 70
100 11 -30.4290009 -71.2119980 0.964118779 70
100 29 -30.4160004 -71.5739975 0.771361232 70
110 51 -30.2169991 -72.0049973 0.732739568 70
111 21 -30.2240009 -71.4029999 0.994327128 70
21 48 -31.8230000 -72.0370026 0.635626733 71
30 63 -31.6480007 -72.3330002 0.419193447 71
35 69 -31.5520000 -72.4489975 0.591619253 71
38 10 -31.5480003 -71.2470016 1.00000000 71
42 60 -31.4340000 -72.2590027 0.592951417 71
44 46 -31.4109993 -71.9729996 0.631392837 71
47 62 -31.3430004 -72.2939987 0.695309877 71
48 9 -31.3680000 -71.2180023 0.758099675 71
50 42 -31.3059998 -71.8850021 0.598390222 71
56 34 -31.2049999 -71.7170029 0.783044875 71
62 3 -31.1200008 -71.0839996 0.868575811 71
75 19 -30.8740005 -71.3960037 0.904277921 71
78 38 -30.8050003 -71.7760010 0.725628972 71
79 20 -30.8010006 -71.4120026 0.824787319 71
87 16 -30.6599998 -71.3249969 0.821597099 71
89 50 -30.5970001 -72.0070038 0.502059221 71
92 46 -30.5459995 -71.9229965 0.584758401 71
100 11 -30.4290009 -71.2119980 0.929099798 71
104 69 -30.3090000 -72.3730011 0.498446077 71
120 38 -30.0480003 -71.7350006 0.703053474 71
4 31 -32.1440010 -71.7080002 0.841947079 72
5 17 -32.1370010 -71.4199982 0.996510327 72
12 64 -31.9710007 -72.3730011 0.673968911 72
21 48 -31.8230000 -72.0370026 0.713930249 72
30 63 -31.6480007 -72.3330002 0.522322476 72
33 24 -31.6270008 -71.5370026 0.874337971 72
35 69 -31.5520000 -72.4489975 0.496148020 72
44 50 -31.4069996 -72.0540009 0.671438098 72
56 20 -31.2159996 -71.4339981 1.00000000 72
62 3 -31.1200008 -71.0839996 0.881990850 72
71 37 -30.9319992 -71.7630005 0.726489246 72
78 38 -30.8050003 -71.7760010 0.760433555 72
82 70 -30.7049999 -72.4169998 0.558828294 72
86 44 -30.6560001 -71.8889999 0.647577643 72
87 16 -30.6599998 -71.3249969 0.868737102 72
88 57 -30.6079998 -72.1490021 0.707767546 72
89 50 -30.5970001 -72.0070038 0.617686570 72
92 46 -30.5459995 -71.9229965 0.556217611 72
104 69 -30.3090000 -72.3730011 0.469376087 72
120 38 -30.0480003 -71.7350006 0.714871764 72
4 31 -32.1440010 -71.7080002 0.868764758 73
5 17 -32.1370010 -71.4199982 1.00000000 73
12 52 -31.9820004 -72.1279984 0.534514368 73
12 64 -31.9710007 -72.3730011 0.738466978 73
14 52 -31.9459991 -72.1259995 0.594809949 73
24 62 -31.7570000 -72.3190002 0.310501695 73
25 61 -31.7399998 -72.2979965 0.327545583 73
33 24 -31.6270008 -71.5370026 0.848440230 73
44 50 -31.4069996 -72.0540009 0.612468243 73
56 20 -31.2159996 -71.4339981 0.916947722 73
64 71 -31.0279999 -72.4570007 0.577286482 73
71 37 -30.9319992 -71.7630005 0.703564286 73
82 70 -30.7049999 -72.4169998 0.493581504 73
84 62 -30.6760006 -72.2539978 0.792862594 73
86 44 -30.6560001 -71.8889999 0.653805792 73
88 57 -30.6079998 -72.1490021 0.715662777 73
88 60 -30.6060009 -72.2089996 0.559474826 73
92 22 -30.5650005 -71.4410019 0.824802339 73
105 37 -30.3190002 -71.7300034 0.721730590 73
120 39 -30.0470009 -71.7549973 0.719562769 73
10 32 -32.0349998 -71.7220001 0.795430839 74
12 52 -31.9820004 -72.1279984 0.629487097 74
14 52 -31.9459991 -72.1259995 0.687777877 74
24 62 -31.7570000 -72.3190002 0.389128268 74
25 61 -31.7399998 -72.2979965 0.355915576 74
30 37 -31.6709995 -71.8040009 0.763516068 74
49 18 -31.3430004 -71.4000015 0.919166744 74
64 71 -31.0279999 -72.4570007 0.563850045 74
68 10 -31.0070000 -71.2210007 1.00000000 74
84 62 -30.6760006 -72.2539978 0.564985275 74
88 60 -30.6060009 -72.2089996 0.688031673 74
92 22 -30.5650005 -71.4410019 0.885022521 74
93 13 -30.5540009 -71.2590027 0.815613151 74
95 6 -30.5230007 -71.1159973 0.952946484 74
101 20 -30.4050007 -71.3919983 0.992040575 74
105 37 -30.3190002 -71.7300034 0.863927722 74
106 2 -30.3279991 -71.0260010 0.867590666 74
110 9 -30.2509995 -71.1630020 0.968407869 74
120 39 -30.0470009 -71.7549973 0.905842960 74
121 54 -30.0160007 -72.0540009 0.830057144 74
3 12 -32.1769981 -71.3199997 0.886678994 75
10 32 -32.0349998 -71.7220001 0.633218765 75
23 34 -31.7989998 -71.7500000 0.808847189 75
30 37 -31.6709995 -71.8040009 0.681366622 75
35 47 -31.5720005 -72.0019989 0.670650423 75
49 18 -31.3430004 -71.4000015 0.832409143 75
59 7 -31.1709995 -71.1679993 1.00000000 75
67 63 -30.9810009 -72.2919998 0.614484549 75
68 10 -31.0070000 -71.2210007 0.851793051 75
68 49 -30.9759998 -72.0080032 0.721388221 75
84 69 -30.6700001 -72.3949966 0.442608505 75
91 59 -30.5529995 -72.1859970 0.595195174 75
93 13 -30.5540009 -71.2590027 0.770276368 75
95 6 -30.5230007 -71.1159973 0.825228512 75
98 59 -30.4260006 -72.1780014 0.656749487 75
101 20 -30.4050007 -71.3919983 0.882230639 75
106 2 -30.3279991 -71.0260010 0.847474813 75
106 42 -30.2970009 -71.8290024 0.693977416 75
110 9 -30.2509995 -71.1630020 0.829736292 75
121 54 -30.0160007 -72.0540009 0.713641822 75
3 12 -32.1769981 -71.3199997 0.784296215 76
6 20 -32.1170006 -71.4810028 0.875993907 76
18 5 -31.9120007 -71.1630020 0.794251263 76
20 27 -31.8589993 -71.6100006 0.638905406 76
21 53 -31.8190002 -72.1389999 0.471567929 76
23 34 -31.7989998 -71.7500000 0.767645895 76
35 47 -31.5720005 -72.0019989 0.569158435 76
38 57 -31.5090008 -72.2020035 0.558129132 76
57 10 -31.2049999 -71.2300034 1.00000000 76
59 7 -31.1709995 -71.1679993 0.910797536 76
65 1 -31.0680008 -71.0410004 0.866469204 76
67 34 -31.0060005 -71.7060013 0.675561905 76
67 63 -30.9810009 -72.2919998 0.563095868 76
68 49 -30.9759998 -72.0080032 0.554812670 76
84 69 -30.6700001 -72.3949966 0.433242142 76
91 59 -30.5529995 -72.1859970 0.543049455 76
93 30 -30.5410004 -71.6009979 0.713884950 76
95 54 -30.4850006 -72.0810013 0.502796054 76
98 59 -30.4260006 -72.1780014 0.517039359 76
106 42 -30.2970009 -71.8290024 0.624501348 76
6 20 -32.1170006 -71.4810028 0.906372249 77
17 48 -31.8950005 -72.0419998 0.475503057 77
18 5 -31.9120007 -71.1630020 0.838967264 77
18 15 -31.9039993 -71.3669968 0.768435061 77
20 27 -31.8589993 -71.6100006 0.727907538 77
20 71 -31.8209991 -72.5070038 0.534775376 77
21 53 -31.8190002 -72.1389999 0.505362570 77
24 50 -31.7679996 -72.0749969 0.689605534 77
38 57 -31.5090008 -72.2020035 0.509059787 77
47 16 -31.3810005 -71.3610001 0.847925365 77
49 45 -31.3209991 -71.9469986 0.675942481 77
57 10 -31.2049999 -71.2300034 1.00000000 77
65 1 -31.0680008 -71.0410004 0.892524660 77
67 34 -31.0060005 -71.7060013 0.734598696 77
70 23 -30.9610004 -71.4810028 0.683073044 77
84 27 -30.7059994 -71.5490036 0.805950046 77
86 49 -30.6509991 -71.9899979 0.687761068 77
93 30 -30.5410004 -71.6009979 0.606663406 77
95 54 -30.4850006 -72.0810013 0.575423419 77
115 20 -30.1520004 -71.3789978 0.865602434 77
1 54 -32.1780014 -72.1809998 0.571963489 78
6 17 -32.1189995 -71.4189987 0.807969034 78
8 32 -32.0709991 -71.7239990 0.628949523 78
17 48 -31.8950005 -72.0419998 0.596627891 78
18 15 -31.9039993 -71.3669968 0.802142560 78
18 45 -31.8799992 -71.9789963 0.592656732 78
20 71 -31.8209991 -72.5070038 0.708978951 78
24 50 -31.7679996 -72.0749969 0.658690691 78
42 14 -31.4729996 -71.3249969 0.857282877 78
47 16 -31.3810005 -71.3610001 1.00000000 78
49 45 -31.3209991 -71.9469986 0.591691434 78
51 48 -31.2830009 -72.0059967 0.508927166 78
69 39 -30.9659996 -71.8050003 0.749534726 78
70 23 -30.9610004 -71.4810028 0.765283704 78
84 27 -30.7059994 -71.5490036 0.838824093 78
86 49 -30.6509991 -71.9899979 0.613137424 78
97 26 -30.4720001 -71.5169983 0.856378675 78
106 8 -30.3239994 -71.1470032 0.887593627 78
106 56 -30.2849998 -72.1100006 0.493974745 78
115 20 -30.1520004 -71.3789978 0.928024471 78
1 54 -32.1780014 -72.1809998 0.481892079 79
6 17 -32.1189995 -71.4189987 0.812382758 79
8 32 -32.0709991 -71.7239990 0.794771791 79
18 45 -31.8799992 -71.9789963 0.595134795 79
30 13 -31.6900005 -71.3160019 0.985208869 79
35 4 -31.6060009 -71.1279984 0.879336774 79
42 14 -31.4729996 -71.3249969 1.00000000 79
51 48 -31.2830009 -72.0059967 0.490654647 79
60 44 -31.1240005 -71.9160004 0.520372450 79
66 36 -31.0230007 -71.7480011 0.634085298 79
67 44 -30.9979992 -71.9079971 0.656319916 79
69 39 -30.9659996 -71.8050003 0.732536256 79
79 25 -30.7970009 -71.5130005 0.918664813 79
87 58 -30.6259995 -72.1699982 0.550364077 79
92 53 -30.5400009 -72.0640030 0.478581160 79
94 19 -30.5319996 -71.3789978 0.907389641 79
97 26 -30.4720001 -71.5169983 0.887805760 79
106 8 -30.3239994 -71.1470032 0.832650244 79
106 56 -30.2849998 -72.1100006 0.584587991 79
109 32 -30.2509995 -71.6259995 0.760354161 79
2 31 -32.1800003 -71.7099991 0.698404849 80
8 22 -32.0789986 -71.5199966 0.877043664 80
27 26 -31.7339993 -71.5830002 0.830202401 80
30 13 -31.6900005 -71.3160019 0.802843869 80
35 4 -31.6060009 -71.1279984 1.00000000 80
37 22 -31.5569992 -71.4919968 0.823861361 80
54 56 -31.2220001 -72.1650009 0.542872608 80
60 44 -31.1240005 -71.9160004 0.506228864 80
66 36 -31.0230007 -71.7480011 0.656710029 80
67 44 -30.9979992 -71.9079971 0.611736178 80
73 16 -30.9120007 -71.3369980 0.921186268 80
79 25 -30.7970009 -71.5130005 0.933548212 80
82 8 -30.7560005 -71.1679993 0.869610131 80
87 58 -30.6259995 -72.1699982 0.653866053 80
92 53 -30.5400009 -72.0640030 0.520662427 80
94 19 -30.5319996 -71.3789978 0.918862462 80
106 14 -30.3190002 -71.2669983 0.870898306 80
109 32 -30.2509995 -71.6259995 0.829509139 80
116 67 -30.0949993 -72.3190002 0.549937487 80
118 42 -30.0809994 -71.8170013 0.630311310 80
1 38 -32.1920013 -71.8539963 0.704310000 81
2 31 -32.1800003 -71.7099991 0.835030854 81
2 36 -32.1759987 -71.8119965 0.407131284 81
8 22 -32.0789986 -71.5199966 0.752568722 81
27 26 -31.7339993 -71.5830002 0.858702242 81
37 22 -31.5569992 -71.4919968 0.817488968 81
44 21 -31.4309998 -71.4649963 0.891701639 81
52 34 -31.2770004 -71.7210007 0.875369072 81
54 32 -31.2420006 -71.6790009 0.832123578 81
54 56 -31.2220001 -72.1650009 0.613478363 81
65 56 -31.0240002 -72.1529999 0.572134495 81
73 16 -30.9120007 -71.3369980 0.898963630 81
75 4 -30.8850002 -71.0930023 0.998846471 81
81 23 -30.7630005 -71.4710007 0.918248534 81
82 8 -30.7560005 -71.1679993 0.975385249 81
91 23 -30.5830002 -71.4619980 1.00000000 81
103 43 -30.3500004 -71.8519974 0.602362216 81
106 14 -30.3190002 -71.2669983 0.944514096 81
116 67 -30.0949993 -72.3190002 0.546253979 81
118 42 -30.0809994 -71.8170013 0.620517433 81
1 38 -32.1920013 -71.8539963 0.590115130 82
2 36 -32.1759987 -71.8119965 0.481698424 82
18 52 -31.8740005 -72.1220016 0.701865256 82
28 16 -31.7229996 -71.3779984 0.706690431 82
44 21 -31.4309998 -71.4649963 0.793817461 82
49 32 -31.3320007 -71.6839981 0.852392673 82
52 34 -31.2770004 -71.7210007 0.823660791 82
54 32 -31.2420006 -71.6790009 0.762546599 82
55 11 -31.2409992 -71.2519989 0.899130583 82
65 56 -31.0240002 -72.1529999 0.672864318 82
75 4 -30.8850002 -71.0930023 0.895761549 82
77 24 -30.8339996 -71.4950027 0.688833416 82
81 23 -30.7630005 -71.4710007 0.757494748 82
84 5 -30.7220001 -71.1060028 1.00000000 82
87 67 -30.6170006 -72.3509979 0.566007793 82
91 23 -30.5830002 -71.4619980 0.832835555 82
92 10 -30.5739994 -71.1989975 0.924775779 82
101 29 -30.3980007 -71.5729980 0.915838242 82
103 43 -30.3500004 -71.8519974 0.748099029 82
114 58 -30.1389999 -72.1409988 0.607949734 82
17 14 -31.9230003 -71.3479996 0.874156535 83
18 52 -31.8740005 -72.1220016 0.709812701 83
19 15 -31.8859997 -71.3659973 0.892300785 83
22 22 -31.8269997 -71.5059967 0.761984289 83
28 14 -31.7250004 -71.3379974 0.840449452 83
28 16 -31.7229996 -71.3779984 0.901555419 83
31 7 -31.6760006 -71.1930008 0.864364982 83
49 32 -31.3320007 -71.6839981 0.250357240 83
50 33 -31.3129997 -71.7030029 0.393802255 83
55 11 -31.2409992 -71.2519989 1.00000000 83
64 5 -31.0830002 -71.1230011 0.926320493 83
77 24 -30.8339996 -71.4950027 0.748961568 83
84 5 -30.7220001 -71.1060028 0.896237254 83
87 67 -30.6170006 -72.3509979 0.556565881 83
92 10 -30.5739994 -71.1989975 0.940139413 83
96 20 -30.4950008 -71.3970032 0.852496803 83
98 51 -30.4330006 -72.0179977 0.488140076 83
101 29 -30.3980007 -71.5729980 0.792429745 83
114 58 -30.1389999 -72.1409988 0.680013895 83
116 59 -30.1019993 -72.1589966 0.702400804 83
13 23 -31.9880009 -71.5350037 0.624119461 84
17 14 -31.9230003 -71.3479996 0.775900483 84
19 15 -31.8859997 -71.3659973 0.638854146 84
22 22 -31.8269997 -71.5059967 0.691950858 84
28 14 -31.7250004 -71.3379974 0.700674057 84
31 7 -31.6760006 -71.1930008 0.712750793 84
36 6 -31.5869999 -71.1679993 0.772409797 84
50 33 -31.3129997 -71.7030029 0.740601838 84
64 5 -31.0830002 -71.1230011 1.00000000 84
66 3 -31.0480003 -71.0810013 0.867970288 84
67 36 -31.0049992 -71.7470016 0.658208072 84
73 22 -30.9080009 -71.4580002 0.576781094 84
74 19 -30.8920002 -71.3970032 0.704747677 84
84 65 -30.6730003 -72.3140030 0.596084714 84
87 38 -30.6429996 -71.7669983 0.638226688 84
94 16 -30.5340004 -71.3180008 0.748912513 84
96 20 -30.4950008 -71.3970032 0.711191356 84
98 51 -30.4330006 -72.0179977 0.532060921 84
101 63 -30.3689995 -72.2549973 0.543752670 84
116 59 -30.1019993 -72.1589966 0.494807780 84
13 23 -31.9880009 -71.5350037 0.809387922 85
16 45 -31.9160004 -71.9810028 0.582955897 85
18 30 -31.8929996 -71.6729965 0.711609483 85
26 31 -31.7479992 -71.6859970 0.667815566 85
27 43 -31.7199993 -71.9290009 0.594035208 85
36 6 -31.5869999 -71.1679993 0.931048870 85
49 58 -31.3099995 -72.2109985 0.471761584 85
64 12 -31.0779991 -71.2649994 0.890834033 85
66 3 -31.0480003 -71.0810013 0.910094380 85
67 36 -31.0049992 -71.7470016 0.707097590 85
73 22 -30.9080009 -71.4580002 0.855207384 85
74 19 -30.8920002 -71.3970032 0.840342939 85
74 26 -30.8869991 -71.5380020 1.00000000 85
79 20 -30.8010006 -71.4120026 0.918096066 85
84 65 -30.6730003 -72.3140030 0.627852082 85
87 38 -30.6429996 -71.7669983 0.888893008 85
94 16 -30.5340004 -71.3180008 0.830346704 85
101 63 -30.3689995 -72.2549973 0.552226961 85
102 21 -30.3859997 -71.4110031 0.848330855 85
117 22 -30.1149998 -71.4179993 0.789221346 85
1 49 -32.1829987 -72.0790024 0.734080553 86
16 45 -31.9160004 -71.9810028 0.519201696 86
18 30 -31.8929996 -71.6729965 0.676009774 86
23 6 -31.8209991 -71.1790009 1.00000000 86
26 31 -31.7479992 -71.6859970 0.725560308 86
27 43 -31.7199993 -71.9290009 0.514320254 86
30 64 -31.6469994 -72.3529968 0.665597677 86
39 50 -31.4969997 -72.0589981 0.558416605 86
49 58 -31.3099995 -72.2109985 0.556723475 86
64 12 -31.0779991 -71.2649994 0.869592965 86
64 54 -31.0429993 -72.1139984 0.539455056 86
66 7 -31.0450001 -71.1620026 0.820123076 86
74 26 -30.8869991 -71.5380020 0.790713727 86
79 20 -30.8010006 -71.4120026 0.881121337 86
86 66 -30.6359997 -72.3320007 0.555179775 86
102 21 -30.3859997 -71.4110031 0.814051092 86
105 3 -30.3449993 -71.0469971 0.944950342 86
107 21 -30.2959995 -71.4069977 0.832338095 86
117 22 -30.1149998 -71.4179993 0.805081129 86
121 65 -30.0070000 -72.2740021 0.574659288 86
1 49 -32.1829987 -72.0790024 0.784489274 87
11 38 -32.0120010 -71.8440018 0.681903720 87
19 56 -31.8519993 -72.2020035 0.614153445 87
21 33 -31.8360004 -71.7320023 0.797458231 87
23 6 -31.8209991 -71.1790009 0.933526397 87
30 64 -31.6469994 -72.3529968 0.629569829 87
39 50 -31.4969997 -72.0589981 0.634138107 87
52 63 -31.2520008 -72.3089981 0.605857790 87
55 53 -31.2059994 -72.1029968 0.648456514 87
64 54 -31.0429993 -72.1139984 0.587103426 87
66 7 -31.0450001 -71.1620026 0.904352427 87
72 68 -30.8869991 -72.3880005 0.470941365 87
83 64 -30.6919994 -72.2949982 0.573255956 87
86 66 -30.6359997 -72.3320007 0.571971595 87
92 9 -30.5750008 -71.1790009 1.00000000 87
105 3 -30.3449993 -71.0469971 0.929038823 87
107 21 -30.2959995 -71.4069977 0.865719378 87
114 60 -30.1369991 -72.1809998 0.503151655 87
118 60 -30.0650005 -72.1770020 0.484211743 87
121 65 -30.0070000 -72.2740021 0.472170949 87
1 34 -32.1959991 -71.7720032 0.772572279 88
11 38 -32.0120010 -71.8440018 0.761392057 88
17 59 -31.8859997 -72.2659988 0.531394064 88
19 56 -31.8519993 -72.2020035 0.763727248 88
21 33 -31.8360004 -71.7320023 0.850878239 88
26 40 -31.7399998 -71.8690033 0.844074190 88
28 17 -31.7229996 -71.3990021 1.00000000 88
31 19 -31.6669998 -71.4369965 0.937734962 88
52 63 -31.2520008 -72.3089981 0.594516456 88
55 53 -31.2059994 -72.1029968 0.595880806 88
60 23 -31.1410007 -71.4909973 0.950549603 88
72 68 -30.8869991 -72.3880005 0.540158987 88
83 64 -30.6919994 -72.2949982 0.829912901 88
85 34 -30.6819992 -71.6890030 0.950644493 88
92 9 -30.5750008 -71.1790009 0.946007192 88
109 3 -30.2730007 -71.0439987 0.982256174 88
110 69 -30.2010002 -72.3659973 0.523532748 88
114 60 -30.1369991 -72.1809998 0.595586717 88
118 53 -30.0709991 -72.0370026 0.626908898 88
118 60 -30.0650005 -72.1770020 0.587011039 88
1 34 -32.1959991 -71.7720032 0.817736208 89
14 41 -31.9549999 -71.9020004 0.612360954 89
14 49 -31.9489994 -72.0650024 0.621585011 89
17 59 -31.8859997 -72.2659988 0.588693857 89
26 40 -31.7399998 -71.8690033 0.709986210 89
28 17 -31.7229996 -71.3990021 0.904762685 89
31 19 -31.6669998 -71.4369965 0.973473728 89
34 32 -31.6030006 -71.6979980 0.810201406 89
41 32 -31.4759998 -71.6910019 0.819431424 89
60 23 -31.1410007 -71.4909973 0.817176461 89
75 46 -30.8519993 -71.9410019 0.627537429 89
84 23 -30.7089996 -71.4680023 0.862267733 89
85 34 -30.6819992 -71.6890030 0.811150372 89
94 7 -30.5410004 -71.1370010 0.941707253 89
100 15 -30.4260006 -71.2929993 0.928462863 89
109 3 -30.2730007 -71.0439987 0.902628541 89
110 69 -30.2010002 -72.3659973 0.531682909 89
117 27 -30.1110001 -71.5179977 0.768182397 89
118 10 -30.1060009 -71.1770020 1.00000000 89
118 53 -30.0709991 -72.0370026 0.458383203 89
14 41 -31.9549999 -71.9020004 0.653573871 90
14 49 -31.9489994 -72.0650024 0.636896908 90
16 3 -31.9489994 -71.1240005 0.971807778 90
16 58 -31.9050007 -72.2470016 0.629294038 90
20 34 -31.8530006 -71.7529984 0.742788613 90
29 11 -31.7089996 -71.2760010 0.929220080 90
34 32 -31.6030006 -71.6979980 0.654867113 90
41 32 -31.4759998 -71.6910019 0.804989517 90
45 47 -31.3920002 -71.9919968 0.578561604 90
45 70 -31.3710003 -72.4580002 0.445906937 90
75 46 -30.8519993 -71.9410019 0.612385929 90
84 23 -30.7089996 -71.4680023 0.696564853 90
94 7 -30.5410004 -71.1370010 0.915129423 90
100 15 -30.4260006 -71.2929993 0.837523282 90
102 68 -30.3460007 -72.3550034 0.395256490 90
113 30 -30.1809998 -71.5820007 0.682847142 90
117 27 -30.1110001 -71.5179977 0.871880472 90
118 10 -30.1060009 -71.1770020 1.00000000 90
119 28 -30.0739994 -71.5360031 0.841744900 90
120 59 -30.0300007 -72.1549988 0.546694338 90
16 3 -31.9489994 -71.1240005 0.974695206 91
16 58 -31.9050007 -72.2470016 0.717302144 91
20 34 -31.8530006 -71.7529984 0.748942494 91
29 11 -31.7089996 -71.2760010 0.974882543 91
45 47 -31.3920002 -71.9919968 0.560379624 91
45 70 -31.3710003 -72.4580002 0.617737174 91
59 66 -31.1229992 -72.3619995 0.494521439 91
65 14 -31.0580006 -71.3040009 0.889411032 91
78 41 -30.8020000 -71.8369980 0.773699760 91
81 17 -30.7670002 -71.3499985 0.878237069 91
85 29 -30.6860008 -71.5879974 0.720369935 91
89 19 -30.6219997 -71.3830032 0.940687656 91
91 34 -30.5739994 -71.6829987 0.861123919 91
102 68 -30.3460007 -72.3550034 0.445430309 91
107 25 -30.2929993 -71.4869995 0.861901999 91
113 30 -30.1809998 -71.5820007 0.691798806 91
116 3 -30.1469994 -71.0380020 1.00000000 91
116 53 -30.1070004 -72.0390015 0.574147165 91
119 28 -30.0739994 -71.5360031 0.718061149 91
120 59 -30.0300007 -72.1549988 0.519428790 91
1 34 -32.1959991 -71.7720032 0.781055689 92
7 54 -32.0699997 -72.1750031 0.684629083 92
22 28 -31.8220005 -71.6289978 0.808922648 92
28 21 -31.7189999 -71.4800034 0.860974014 92
51 2 -31.3190002 -71.0729980 0.964986563 92
59 66 -31.1229992 -72.3619995 0.452454656 92
65 14 -31.0580006 -71.3040009 0.872293532 92
71 16 -30.9480000 -71.3389969 0.707824171 92
76 5 -30.8659992 -71.1129990 0.856835604 92
78 41 -30.8020000 -71.8369980 0.816039920 92
81 17 -30.7670002 -71.3499985 0.735189378 92
81 39 -30.7500000 -71.7939987 0.663324118 92
85 29 -30.6860008 -71.5879974 0.631467283 92
89 19 -30.6219997 -71.3830032 0.929453671 92
91 17 -30.5869999 -71.3410034 1.00000000 92
91 34 -30.5739994 -71.6829987 0.813360393 92
100 59 -30.3899994 -72.1760025 0.524168193 92
107 25 -30.2929993 -71.4869995 0.830692291 92
116 3 -30.1469994 -71.0380020 0.876230240 92
116 53 -30.1070004 -72.0390015 0.566571236 92
1 34 -32.1959991 -71.7720032 0.896955311 93
7 54 -32.0699997 -72.1750031 0.670423806 93
8 4 -32.0929985 -71.1520004 0.874835849 93
21 42 -31.8290005 -71.9150009 0.568677962 93
22 28 -31.8220005 -71.6289978 0.878027618 93
23 17 -31.8129997 -71.4029999 0.920316756 93
27 41 -31.7210007 -71.8880005 0.702766955 93
28 21 -31.7189999 -71.4800034 0.927809894 93
29 13 -31.7080002 -71.3160019 0.734166801 93
35 3 -31.6070004 -71.1080017 0.952389479 93
35 52 -31.5680008 -72.1039963 0.559371114 93
51 2 -31.3190002 -71.0729980 1.00000000 93
71 16 -30.9480000 -71.3389969 0.867971480 93
76 5 -30.8659992 -71.1129990 0.946535528 93
81 39 -30.7500000 -71.7939987 0.767517328 93
82 5 -30.7579994 -71.1070023 0.968473852 93
91 17 -30.5869999 -71.3410034 0.959688962 93
100 59 -30.3899994 -72.1760025 0.557852685 93
106 11 -30.3209991 -71.2070007 0.910529554 93
116 37 -30.1210003 -71.7190018 0.666888833 93
8 4 -32.0929985 -71.1520004 0.974435389 94
9 17 -32.0649986 -71.4169998 0.933612883 94
13 43 -31.9720001 -71.9440002 0.733691216 94
17 60 -31.8850002 -72.2860031 0.551472962 94
21 42 -31.8290005 -71.9150009 0.535784841 94
23 17 -31.8129997 -71.4029999 0.941796899 94
27 41 -31.7210007 -71.8880005 0.724114358 94
29 13 -31.7080002 -71.3160019 0.768172324 94
29 68 -31.6609993 -72.4359970 0.460173041 94
35 3 -31.6070004 -71.1080017 0.911805987 94
35 52 -31.5680008 -72.1039963 0.518526673 94
41 29 -31.4790001 -71.6309967 0.774570942 94
52 65 -31.2500000 -72.3489990 0.437998563 94
60 55 -31.1149998 -72.1380005 0.571718454 94
82 5 -30.7579994 -71.1070023 1.00000000 94
85 56 -30.6630001 -72.1320038 0.540932715 94
90 29 -30.5960007 -71.5830002 0.734424531 94
106 11 -30.3209991 -71.2070007 0.888244152 94
114 33 -30.1599998 -71.6409988 0.750755727 94
116 37 -30.1210003 -71.7190018 0.563098013 94
9 17 -32.0649986 -71.4169998 0.950335860 95
13 43 -31.9720001 -71.9440002 0.628518641 95
16 27 -31.9309998 -71.6139984 0.704951465 95
17 60 -31.8850002 -72.2860031 0.604488432 95
29 68 -31.6609993 -72.4359970 0.392896563 95
41 29 -31.4790001 -71.6309967 0.765377522 95
50 12 -31.3299999 -71.2770004 1.00000000 95
52 65 -31.2500000 -72.3489990 0.395358920 95
55 64 -31.1970005 -72.3259964 0.530806422 95
60 55 -31.1149998 -72.1380005 0.504447043 95
66 47 -31.0130005 -71.9700012 0.597968578 95
72 22 -30.9260006 -71.4589996 0.793354154 95
83 16 -30.7320004 -71.3280029 0.828942299 95
85 56 -30.6630001 -72.1320038 0.621678829 95
90 29 -30.5960007 -71.5830002 0.758778274 95
93 68 -30.5079994 -72.3649979 0.454585046 95
101 48 -30.3820000 -71.9540024 0.626845837 95
113 69 -30.1469994 -72.3629990 0.437079668 95
114 33 -30.1599998 -71.6409988 0.776367366 95
121 56 -30.0149994 -72.0940018 0.596353889 95
15 3 -31.9669991 -71.1250000 0.921888232 96
16 27 -31.9309998 -71.6139984 0.741381705 96
17 60 -31.8850002 -72.2860031 0.488120884 96
20 66 -31.8250008 -72.4049988 0.511939347 96
23 26 -31.8059998 -71.5869980 0.878098309 96
30 17 -31.6870003 -71.3970032 0.806293130 96
44 46 -31.4109993 -71.9729996 0.611873388 96
50 12 -31.3299999 -71.2770004 0.813289881 96
50 55 -31.2950001 -72.1490021 0.498975009 96
55 64 -31.1970005 -72.3259964 0.577225983 96
66 47 -31.0130005 -71.9700012 0.550405443 96
72 22 -30.9260006 -71.4589996 0.851010442 96
75 9 -30.8820000 -71.1940002 0.905484736 96
77 35 -30.8250008 -71.7170029 0.682095885 96
83 2 -30.7420006 -71.0459976 1.00000000 96
83 16 -30.7320004 -71.3280029 0.883216858 96
93 68 -30.5079994 -72.3649979 0.473602086 96
101 48 -30.3820000 -71.9540024 0.640484273 96
113 69 -30.1469994 -72.3629990 0.438418567 96
121 56 -30.0149994 -72.0940018 0.582241952 96
5 42 -32.1170006 -71.9319992 0.606295228 97
15 3 -31.9669991 -71.1250000 1.00000000 97
15 34 -31.9430008 -71.7580032 0.908138275 97
16 15 -31.9400005 -71.3690033 0.939176977 97
17 60 -31.8850002 -72.2860031 0.634649694 97
18 43 -31.8820000 -71.9380035 0.799752712 97
20 66 -31.8250008 -72.4049988 0.532204032 97
23 26 -31.8059998 -71.5869980 0.929576218 97
30 17 -31.6870003 -71.3970032 0.818238854 97
30 58 -31.6520004 -72.2310028 0.423171401 97
35 13 -31.5990009 -71.3109970 0.864953816 97
44 46 -31.4109993 -71.9729996 0.654859602 97
50 55 -31.2950001 -72.1490021 0.617113590 97
60 67 -31.1040001 -72.3809967 0.698990047 97
75 9 -30.8820000 -71.1940002 0.892579019 97
77 35 -30.8250008 -71.7170029 0.748237789 97
83 2 -30.7420006 -71.0459976 0.957018673 97
87 24 -30.6539993 -71.4860001 0.834545493 97
99 8 -30.4500008 -71.1529999 0.873638868 97
119 11 -30.0869999 -71.1959991 0.913300395 97
5 42 -32.1170006 -71.9319992 0.624714136 98
15 34 -31.9430008 -71.7580032 0.779469132 98
16 15 -31.9400005 -71.3690033 0.882838130 98
18 43 -31.8820000 -71.9380035 0.690709412 98
29 23 -31.7000008 -71.5199966 0.757730126 98
30 58 -31.6520004 -72.2310028 0.638224959 98
35 13 -31.5990009 -71.3109970 1.00000000 98
36 37 -31.5620003 -71.7979965 0.603881061 98
42 14 -31.4729996 -71.3249969 0.966558576 98
53 67 -31.2299995 -72.3889999 0.437071443 98
55 57 -31.2029991 -72.1839981 0.588446438 98
60 67 -31.1040001 -72.3809967 0.457439631 98
61 27 -31.1200008 -71.5709991 0.804347098 98
68 54 -30.9710007 -72.1090012 0.477634192 98
74 23 -30.8889999 -71.4779968 0.725293219 98
87 24 -30.6539993 -71.4860001 0.742507219 98
87 29 -30.6499996 -71.5859985 0.620540023 98
94 9 -30.5389996 -71.1770020 0.897321045 98
99 8 -30.4500008 -71.1529999 0.798814237 98
119 11 -30.0869999 -71.1959991 0.820456982 98
8 4 -32.0929985 -71.1520004 1.00000000 99
23 63 -31.7740002 -72.3410034 0.481585324 99
25 27 -31.7689991 -71.6050034 0.813552558 99
29 23 -31.7000008 -71.5199966 0.829740107 99
36 37 -31.5620003 -71.7979965 0.582682371 99
42 14 -31.4729996 -71.3249969 0.757328391 99
45 37 -31.3999996 -71.7890015 0.645590603 99
48 4 -31.3719997 -71.1169968 0.894252658 99
53 33 -31.2590008 -71.6999969 0.698046863 99
53 58 -31.2380009 -72.2060013 0.495764434 99
53 67 -31.2299995 -72.3889999 0.450760394 99
54 59 -31.2189999 -72.2259979 0.437544793 99
55 57 -31.2029991 -72.1839981 0.417049527 99
55 59 -31.2010002 -72.2239990 0.386810273 99
61 27 -31.1200008 -71.5709991 0.853403926 99
68 54 -30.9710007 -72.1090012 0.525579154 99
74 23 -30.8889999 -71.4779968 0.712363720 99
84 11 -30.7180004 -71.2269974 0.920429528 99
87 29 -30.6499996 -71.5859985 0.706454039 99
94 9 -30.5389996 -71.1770020 0.944550037 99
7 71 -32.0550003 -72.5220032 0.511351526 100
8 4 -32.0929985 -71.1520004 0.923764288 100
8 44 -32.0610008 -71.9690018 0.689026892 100
11 30 -32.0190010 -71.6800003 0.827675462 100
13 27 -31.9850006 -71.6169968 0.735272050 100
23 63 -31.7740002 -72.3410034 0.535647035 100
25 27 -31.7689991 -71.6050034 0.795610487 100
30 58 -31.6520004 -72.2310028 0.593929410 100
31 59 -31.6329994 -72.2509995 0.341024995 100
45 37 -31.3999996 -71.7890015 0.702106059 100
48 4 -31.3719997 -71.1169968 1.00000000 100
49 62 -31.3069992 -72.2919998 0.676179349 100
53 33 -31.2590008 -71.6999969 0.868176281 100
53 58 -31.2380009 -72.2060013 0.689487934 100
54 59 -31.2189999 -72.2259979 0.604402125 100
55 59 -31.2010002 -72.2239990 0.556692362 100
63 62 -31.0540009 -72.2760010 0.583835423 100
78 53 -30.7919998 -72.0790024 0.594298959 100
84 11 -30.7180004 -71.2269974 0.970918536 100
110 52 -30.2159996 -72.0250015 0.634732366 100
