          19          15  -31.8859997      -71.3659973      0.890333593    
          19          69  -31.8400002      -72.4670029      0.496589661    
          32          35  -31.6359997      -71.7610016      0.778581798    
          49          43  -31.3230000      -71.9069977      0.603446960    
          67          45  -30.9969997      -71.9290009      0.559520662    
          67          64  -30.9799995      -72.3119965      0.586587369    
          74          33  -30.8810005      -71.6790009      0.775551677    
          74          49  -30.8680000      -72.0019989      0.532283545    
          80           8  -30.7919998      -71.1699982      0.939998925    
          80          30  -30.7749996      -71.6129990      0.836645842    
          80          33  -30.7730007      -71.6740036      0.805028141    
          82          58  -30.7159996      -72.1750031      0.552935779    
          87          22  -30.6550007      -71.4449997      0.887943625    
          88          70  -30.5970001      -72.4100037      0.519782901    
         109           3  -30.2730007      -71.0439987      0.898525655    
         109          31  -30.2520008      -71.6060028      0.707613468    
         112           7  -30.2159996      -71.1220016      0.890594304    
         118          20  -30.0979996      -71.3769989       1.00000000    
         118          44  -30.0790005      -71.8570023      0.619516432    
         121          23  -30.0419998      -71.4339981      0.828446805    
