           2          16  -32.1920013      -71.4029999      0.922463238    
           7          52  -32.0719986      -72.1340027      0.516698599    
          15          44  -31.9349995      -71.9619980      0.493217021    
          17          62  -31.8829994      -72.3270035      0.659013569    
          44          55  -31.4029999      -72.1549988      0.654996455    
          50          47  -31.3020000      -71.9869995      0.571130097    
          57           6  -31.2080002      -71.1490021      0.994462907    
          58          31  -31.1709995      -71.6549988      0.724227250    
          64          42  -31.0540009      -71.8710022      0.671769619    
          71          55  -30.9160004      -72.1259995      0.582920074    
          81          49  -30.7420006      -71.9950027      0.682245970    
          82          70  -30.7049999      -72.4169998      0.493681341    
          89           4  -30.6329994      -71.0810013       1.00000000    
          89          58  -30.5890007      -72.1679993      0.510483742    
          89          61  -30.5869999      -72.2279968      0.385852575    
          91          39  -30.5699997      -71.7839966      0.670009673    
         101          24  -30.4020004      -71.4729996      0.793166876    
         102           3  -30.3990002      -71.0500031      0.784218192    
         102          13  -30.3920002      -71.2509995      0.884961307    
         102          18  -30.3880005      -71.3509979      0.885534763    
