          27          31  -31.7299995      -71.6849976      0.735260367    
          30          26  -31.6800003      -71.5800018      0.659636199    
          39           3  -31.5349998      -71.1039963       1.00000000    
          40          12  -31.5100002      -71.2860031      0.999451816    
          42          25  -31.4640007      -71.5479965      0.940509021    
          47           3  -31.3910007      -71.0970001      0.975062788    
          47          70  -31.3349991      -72.4560013      0.655563474    
          52           1  -31.3020000      -71.0520020      0.964115322    
          54          67  -31.2119999      -72.3880005      0.542446434    
          68          23  -30.9969997      -71.4830017      0.903462648    
          86          50  -30.6509991      -72.0100021      0.801705599    
          88           8  -30.6480007      -71.1630020      0.933882177    
          88          29  -30.6320000      -71.5849991      0.902151346    
          89          53  -30.5939999      -72.0670013      0.650801420    
          91          20  -30.5849991      -71.4010010      0.838781238    
          96          56  -30.4650002      -72.1200027      0.695051670    
          97          52  -30.4510002      -72.0390015      0.655338764    
         107          25  -30.2929993      -71.4869995      0.855252206    
         112          17  -30.2089996      -71.3219986      0.930698514    
         116          30  -30.1270008      -71.5790024      0.920194924    
