          15          14  -31.9589996      -71.3499985      0.889774144    
          19          69  -31.8400002      -72.4670029      0.466319799    
          42          48  -31.4449997      -72.0149994      0.773622394    
          46          23  -31.3939991      -71.5039978      0.792079806    
          49          43  -31.3230000      -71.9069977      0.731542408    
          52          24  -31.2849998      -71.5189972      0.718243539    
          61          49  -31.1019993      -72.0159988      0.576896846    
          67          45  -30.9969997      -71.9290009      0.686149836    
          75          41  -30.8560009      -71.8399963      0.566359758    
          80           8  -30.7919998      -71.1699982      0.844366610    
          80          33  -30.7730007      -71.6740036      0.697694361    
          82          58  -30.7159996      -72.1750031      0.532132506    
          88          70  -30.5970001      -72.4100037      0.480159074    
          89           2  -30.6340008      -71.0410004      0.939171791    
          93          15  -30.5529995      -71.2990036      0.726695120    
          99          34  -30.4300003      -71.6750031      0.750082552    
         109           3  -30.2730007      -71.0439987       1.00000000    
         112           7  -30.2159996      -71.1220016      0.782394528    
         115          38  -30.1380005      -71.7399979      0.865456402    
         118          20  -30.0979996      -71.3769989      0.947063863    
