           3          46  -32.1489983      -72.0149994      0.651765287    
           6          13  -32.1220016      -71.3379974      0.887083948    
           6          36  -32.1040001      -71.8079987      0.819251001    
           9          20  -32.0629997      -71.4779968      0.911912024    
          19           9  -31.8910007      -71.2440033      0.908761561    
          24          23  -31.7900009      -71.5250015      0.974627197    
          30          71  -31.6399994      -72.4960022      0.602887809    
          36          51  -31.5510006      -72.0830002      0.712358773    
          40          29  -31.4969997      -71.6320038      0.823419750    
          43          22  -31.4480000      -71.4860001       1.00000000    
          58          15  -31.1830006      -71.3310013      0.899451971    
          60          50  -31.1189995      -72.0370026      0.559308231    
          75          70  -30.8309994      -72.4250031      0.581373394    
          80          34  -30.7719994      -71.6940002      0.916929603    
          89          25  -30.6170006      -71.5039978      0.853476107    
          93          24  -30.5459995      -71.4800034      0.870021403    
          94          63  -30.4950008      -72.2630005      0.886481464    
          96          64  -30.4580002      -72.2809982      0.776582241    
          98          16  -30.4619999      -71.3150024      0.914388835    
         119           4  -30.0919991      -71.0559998      0.997768164    
