          27           2  -31.7520008      -71.0940018       1.00000000    
          32          27  -31.6429996      -71.5989990      0.755116880    
          44          55  -31.4029999      -72.1549988      0.674907386    
          50          47  -31.3020000      -71.9869995      0.649515569    
          56          69  -31.1739998      -72.4260025      0.635022402    
          57           6  -31.2080002      -71.1490021      0.944820583    
          58          31  -31.1709995      -71.6549988      0.765281260    
          64          42  -31.0540009      -71.8710022      0.608728886    
          81          49  -30.7420006      -71.9950027      0.681268990    
          84          63  -30.6749992      -72.2740021      0.582622409    
          85          67  -30.6529999      -72.3529968      0.579598248    
          89           4  -30.6329994      -71.0810013      0.910448730    
          89          58  -30.5890007      -72.1679993      0.476053268    
          91          39  -30.5699997      -71.7839966      0.526394665    
          92          37  -30.5529995      -71.7419968      0.472946584    
          98          64  -30.4220009      -72.2789993      0.616126478    
         102          13  -30.3920002      -71.2509995      0.972226799    
         104          23  -30.3479996      -71.4499969      0.853988945    
         110          46  -30.2220001      -71.9049988      0.494371086    
         114          51  -30.1450005      -72.0009995      0.646212757    
