          29           2  -31.7159996      -71.0920029      0.801431835    
          29          27  -31.6970005      -71.6009979      0.835324526    
          32          41  -31.6310005      -71.8830032      0.718496799    
          35          58  -31.5620003      -72.2259979      0.704728782    
          38           2  -31.5529995      -71.0849991      0.855312169    
          40          34  -31.4930000      -71.7330017      0.709755778    
          46          48  -31.3729992      -72.0110016      0.712396562    
          46          60  -31.3619995      -72.2539978      0.716297269    
          60          11  -31.1499996      -71.2480011      0.858821094    
          66          56  -31.0060005      -72.1520004      0.685263753    
          71          60  -30.9120007      -72.2269974      0.593255460    
          74          59  -30.8589993      -72.2040024      0.575788558    
          76           8  -30.8640003      -71.1729965       1.00000000    
          79          48  -30.7779999      -71.9769974      0.703191876    
          87          70  -30.6149998      -72.4110031      0.772983074    
          89          17  -30.6229992      -71.3430023      0.934809625    
         100          15  -30.4260006      -71.2929993      0.884206831    
         102          47  -30.3649998      -71.9329987      0.617574692    
         102          65  -30.3490009      -72.2949982      0.817645907    
         115           2  -30.1660004      -71.0189972      0.965408266    
