           3           4  -32.1829987      -71.1559982      0.991121411    
           8          56  -32.0499992      -72.2139969      0.727598906    
          10          15  -32.0480003      -71.3750000      0.827856302    
          13          47  -31.9680004      -72.0250015      0.814733028    
          18          38  -31.8859997      -71.8369980      0.748637438    
          32          46  -31.6270008      -71.9850006      0.896231830    
          37          53  -31.5310001      -72.1220016      0.515573442    
          46          14  -31.3999996      -71.3209991       1.00000000    
          59          31  -31.1529999      -71.6539993      0.902835786    
          61          38  -31.1110001      -71.7929993      0.785662234    
          63          51  -31.0639992      -72.0540009      0.725095630    
          67          41  -31.0009995      -71.8479996      0.911646128    
          68          14  -31.0039997      -71.3010025      0.996222794    
          71          57  -30.9150009      -72.1669998      0.689528048    
          73          47  -30.8869991      -71.9629974      0.835147917    
          81          66  -30.7259998      -72.3369980      0.584811687    
          81          68  -30.7250004      -72.3779984      0.460031301    
          96          51  -30.4699993      -72.0199966      0.755009651    
          99          65  -30.4029999      -72.2979965      0.798231006    
         107          13  -30.3020000      -71.2460022      0.903034925    
