           4          67  -32.1119995      -72.4440002      0.732049108    
          14          32  -31.9629993      -71.7180023      0.901656210    
          17          17  -31.9209995      -71.4089966      0.831939876    
          19          34  -31.8710003      -71.7539978      0.743483007    
          20          14  -31.8689995      -71.3450012      0.738003135    
          20          44  -31.8449993      -71.9570007      0.496037781    
          33          12  -31.6359997      -71.2919998      0.776242375    
          35          34  -31.5830002      -71.7379990      0.730163217    
          38          54  -31.5119991      -72.1409988      0.775075853    
          41          41  -31.4689999      -71.8740005      0.737185776    
          50          42  -31.3059998      -71.8850021      0.760695994    
          66           3  -31.0480003      -71.0810013      0.855926275    
          67           8  -31.0259991      -71.1809998      0.769126475    
          70          64  -30.9260006      -72.3089981      0.696779609    
          75          42  -30.8560009      -71.8600006      0.759810388    
          98           5  -30.4699993      -71.0940018       1.00000000    
         100          59  -30.3899994      -72.1760025      0.675938547    
         109          45  -30.2399998      -71.8860016      0.743886709    
         113          12  -30.1940002      -71.2210007      0.594471812    
         114          11  -30.1770000      -71.1999969      0.656941354    
