          13          48  -31.9669991      -72.0459976      0.783660889    
          19          15  -31.8859997      -71.3659973      0.916067600    
          26          53  -31.7290001      -72.1340027      0.688516140    
          32          35  -31.6359997      -71.7610016      0.883384407    
          41          51  -31.4599991      -72.0770035      0.905963004    
          49          54  -31.3139992      -72.1299973      0.689277530    
          56          69  -31.1739998      -72.4260025      0.783747256    
          67          64  -30.9799995      -72.3119965      0.671933889    
          73          28  -30.9029999      -71.5800018       1.00000000    
          74          33  -30.8810005      -71.6790009      0.990688801    
          74          49  -30.8680000      -72.0019989      0.800145328    
          80          30  -30.7749996      -71.6129990      0.982734382    
          82          31  -30.7380009      -71.6309967      0.873718977    
          87          22  -30.6550007      -71.4449997      0.802137017    
          92          35  -30.5550003      -71.7020035      0.871481538    
         104          17  -30.3530006      -71.3290024      0.936495185    
         109          31  -30.2520008      -71.6060028      0.846314549    
         117          69  -30.0750008      -72.3580017      0.697374284    
         118          44  -30.0790005      -71.8570023      0.747195303    
         121          23  -30.0419998      -71.4339981      0.937531412    
