           3          37  -32.1570015      -71.8310013      0.744726419    
          13          48  -31.9669991      -72.0459976      0.746805072    
          17           2  -31.9319992      -71.1029968      0.971152723    
          26          53  -31.7290001      -72.1340027      0.658319056    
          27          13  -31.7439995      -71.3180008      0.961287022    
          40          46  -31.4829998      -71.9769974      0.719121993    
          41          51  -31.4599991      -72.0770035      0.838629484    
          47          51  -31.3519993      -72.0709991      0.859809995    
          49          54  -31.3139992      -72.1299973      0.791812301    
          54          53  -31.2240009      -72.1039963      0.785569549    
          56          69  -31.1739998      -72.4260025      0.703779221    
          73          28  -30.9029999      -71.5800018      0.902696073    
          79          35  -30.7889996      -71.7149963      0.935485780    
          79          64  -30.7639999      -72.2990036      0.927474082    
          80          62  -30.7479992      -72.2580032      0.943096757    
          82          31  -30.7380009      -71.6309967      0.932781219    
          92          35  -30.5550003      -71.7020035      0.803397298    
         104          17  -30.3530006      -71.3290024      0.827563882    
         109           5  -30.2719994      -71.0839996       1.00000000    
         117          69  -30.0750008      -72.3580017      0.689441919    
