           4           5  -32.1640015      -71.1760025      0.896515250    
           7           7  -32.1080017      -71.2139969       1.00000000    
           8          10  -32.0880013      -71.2740021      0.900413156    
           8          63  -32.0439987      -72.3570023      0.606086314    
          12          49  -31.9850006      -72.0670013      0.634773850    
          22          33  -31.8180008      -71.7310028      0.659133554    
          37          26  -31.5529995      -71.5729980      0.885437429    
          38          26  -31.5349998      -71.5719986      0.790901124    
          38          27  -31.5349998      -71.5930023      0.849711895    
          48           6  -31.3700008      -71.1569977      0.930948019    
          61          14  -31.1299992      -71.3079987      0.827530444    
          83          70  -30.6870003      -72.4160004      0.626400471    
          84           6  -30.7220001      -71.1259995      0.747999787    
          84          55  -30.6819992      -72.1129990      0.685426354    
          89          34  -30.6100006      -71.6849976      0.618836761    
          91          45  -30.5650005      -71.9039993      0.692948461    
          92          24  -30.5639992      -71.4810028      0.795136511    
          95          24  -30.5100002      -71.4779968      0.694232821    
         111          31  -30.2159996      -71.6039963      0.694233239    
         113          25  -30.1849995      -71.4820023      0.712664425    
