           4          67  -32.1119995      -72.4440002      0.755340815    
          14          32  -31.9629993      -71.7180023      0.844519734    
          17          17  -31.9209995      -71.4089966      0.904885173    
          19          34  -31.8710003      -71.7539978      0.821011543    
          20          44  -31.8449993      -71.9570007      0.617016375    
          29          27  -31.6970005      -71.6009979      0.799274325    
          38           2  -31.5529995      -71.0849991       1.00000000    
          40          34  -31.4930000      -71.7330017      0.744352281    
          46          48  -31.3729992      -72.0110016      0.671114266    
          46          60  -31.3619995      -72.2539978      0.681048512    
          50          42  -31.3059998      -71.8850021      0.725754917    
          71          60  -30.9120007      -72.2269974      0.725489855    
          75          42  -30.8560009      -71.8600006      0.819997251    
          87          70  -30.6149998      -72.4110031      0.769788563    
          89          17  -30.6229992      -71.3430023      0.821357071    
         100          15  -30.4260006      -71.2929993      0.846768081    
         109          45  -30.2399998      -71.8860016      0.737677157    
         113          12  -30.1940002      -71.2210007      0.686362326    
         114          11  -30.1770000      -71.1999969      0.642971218    
         115           2  -30.1660004      -71.0189972      0.951502502    
