          16          58  -31.9050007      -72.2470016      0.532432675    
          29           2  -31.7159996      -71.0920029      0.991620898    
          32          41  -31.6310005      -71.8830032      0.810868025    
          32          55  -31.6189995      -72.1679993      0.628722608    
          35          58  -31.5620003      -72.2259979      0.649858236    
          44          49  -31.4080009      -72.0329971      0.590302110    
          47          32  -31.3680000      -71.6859970      0.737524867    
          49          64  -31.3050003      -72.3320007      0.598371685    
          60          11  -31.1499996      -71.2480011      0.897622824    
          66          56  -31.0060005      -72.1520004      0.827931881    
          68          48  -30.9769993      -71.9879990      0.847080171    
          74          59  -30.8589993      -72.2040024      0.410182863    
          76           8  -30.8640003      -71.1729965      0.895054877    
          78          39  -30.8040009      -71.7959976      0.678440511    
          79          48  -30.7779999      -71.9769974      0.768349111    
          87          40  -30.6410007      -71.8079987      0.767560780    
         102          47  -30.3649998      -71.9329987      0.740683496    
         102          65  -30.3490009      -72.2949982      0.724001586    
         103           1  -30.3829994      -71.0090027       1.00000000    
         118          40  -30.0820007      -71.7770004      0.748997211    
