          17          56  -31.8880005      -72.2050018      0.627554476    
          22          17  -31.8309994      -71.4039993      0.946986854    
          22          38  -31.8139992      -71.8320007      0.770202339    
          25          30  -31.7660007      -71.6660004      0.710010648    
          33          35  -31.6180000      -71.7600021      0.808432341    
          39          60  -31.4880009      -72.2620010      0.814739466    
          44          40  -31.4160004      -71.8509979      0.886574447    
          46          12  -31.4020004      -71.2809982      0.959735036    
          51          46  -31.2849998      -71.9649963      0.754725218    
          57          40  -31.1819992      -71.8379974      0.688427448    
          57          48  -31.1749992      -72.0000000      0.600734651    
          64          65  -31.0340004      -72.3359985      0.716246128    
          66          50  -31.0109997      -72.0309982      0.691726983    
          67          15  -31.0209999      -71.3229980      0.943902016    
          75           3  -30.8859997      -71.0729980       1.00000000    
          81           1  -30.7789993      -71.0279999      0.920999706    
          86          55  -30.6459999      -72.1110001      0.783368528    
          98          36  -30.4459991      -71.7160034      0.752402186    
         102          55  -30.3579998      -72.0940018      0.773639023    
         119           8  -30.0890007      -71.1360016      0.971661747    
