           2          17  -32.1910019      -71.4229965      0.918367505    
           3          37  -32.1570015      -71.8310013      0.760744214    
          10          36  -32.0320015      -71.8040009      0.780072212    
          17           2  -31.9319992      -71.1029968      0.888470829    
          27          13  -31.7439995      -71.3180008      0.890150547    
          40          46  -31.4829998      -71.9769974      0.703883886    
          42          18  -31.4699993      -71.4059982      0.780122280    
          43          44  -31.4300003      -71.9329987      0.768842876    
          45          66  -31.3750000      -72.3769989      0.516795397    
          47          51  -31.3519993      -72.0709991      0.701094508    
          54          53  -31.2240009      -72.1039963      0.656027317    
          59          61  -31.1270008      -72.2610016      0.750560582    
          69          56  -30.9519997      -72.1490021      0.601031899    
          79          35  -30.7889996      -71.7149963      0.834825218    
          79          64  -30.7639999      -72.2990036      0.890050352    
          80          62  -30.7479992      -72.2580032      0.891668677    
          91          48  -30.5620003      -71.9649963      0.697655022    
         109           5  -30.2719994      -71.0839996      0.950391412    
         117          25  -30.1119995      -71.4779968      0.908562481    
         121          19  -30.0450001      -71.3539963      0.860593379    
