           5          12  -32.1409988      -71.3180008      0.987570345    
          14          47  -31.9500008      -72.0240021      0.597715259    
          22          48  -31.8050003      -72.0360031      0.615403354    
          30          34  -31.6730003      -71.7429962      0.803900898    
          36          12  -31.5820007      -71.2900009      0.894663692    
          44          29  -31.4249992      -71.6279984      0.815753937    
          48          48  -31.3369999      -72.0090027      0.592755616    
          64          11  -31.0779991      -71.2440033       1.00000000    
          66          71  -30.9920006      -72.4550018      0.740496457    
          75          48  -30.8500004      -71.9810028      0.922321081    
          77          49  -30.8139992      -71.9990005      0.823265553    
          85          62  -30.6580009      -72.2529984      0.526401281    
          86          25  -30.6709995      -71.5070038      0.863605917    
          91          37  -30.5709991      -71.7429962      0.785972595    
          91          64  -30.5480003      -72.2860031      0.733765066    
          97          30  -30.4689999      -71.5970001      0.799351811    
         102          67  -30.3470001      -72.3349991      0.669985175    
         110          42  -30.2250004      -71.8249969      0.670947552    
         113          38  -30.1739998      -71.7419968      0.927909255    
         116          14  -30.1389999      -71.2580032      0.899426639    
