   23.4470863      0.750784338               3          37
   23.9647236      0.678021014              10          36
   24.4823627      0.545993090              79          35
   29.6587429      0.758519769             117          25
   23.4470863      0.786082268               3          37
   28.1058292      0.731732070              73          28
   24.4823627      0.749665439              79          35
   26.5529137      0.794260144              82          31
   24.4823627      0.883252263              92          35
   24.4823627      0.764265954              32          35
   28.1058292      0.662025809              73          28
   25.5176373      0.675345600              74          33
   27.0705528      0.816555798              80          30
   26.5529137      0.904409468              82          31
   24.4823627      0.739668429              92          35
   26.5529137      0.592436671             109          31
   24.4823627      0.627074778              32          35
   20.3412571      0.568434834              49          43
   25.5176373      0.587627888              74          33
   27.0705528      0.899824142              80          30
   25.5176373      0.868712068              80          33
   26.5529137      0.556974530             109          31
   20.3412571      0.955161631              49          43
   21.3765335      0.562555671              75          41
   25.5176373      0.688223362              80          33
   25.0000000      0.744826674              99          34
   22.9294472       1.00000000             115          38
   23.9647236      0.768563271              12          36
   27.5881901      0.601597548              67          29
   21.3765335      0.779329419              75          41
   25.0000000      0.861917019              99          34
   26.5529137      0.781692326             115          31
   22.9294472      0.754386365             115          38
   25.5176373      0.841149211             120          33
   23.9647236      0.965372264              12          36
   22.9294472      0.862726152              18          38
   26.5529137      0.920445442              59          31
   27.5881901      0.795335352              67          29
   26.5529137      0.870756805             115          31
   25.5176373      0.817601681             120          33
   22.9294472      0.849070847              18          38
   26.5529137      0.763483822              59          31
   22.9294472      0.714856625              61          38
   21.3765335      0.786150157              67          41
   25.5176373      0.385074109               7          33
   20.3412571      0.647815764              13          43
   26.5529137      0.524602532              15          31
   20.8588943      0.595375478              27          42
   22.9294472      0.476723224              61          38
   21.3765335      0.566149473              67          41
   25.0000000      0.631646276             115          34
   25.5176373      0.647732198               7          33
   20.3412571      0.727903068              13          43
   26.5529137      0.822851658              15          31
   20.8588943      0.763924301              27          42
   21.3765335      0.923876703              49          41
   24.4823627      0.648724318              51          35
   22.9294472      0.828081131              69          38
   25.0000000      0.828688502             115          34
   26.5529137      0.890218794             118          31
   21.3765335      0.868941903              49          41
   24.4823627      0.772874355              51          35
   22.9294472      0.606082916              69          38
   26.5529137      0.976725399             118          31
   26.5529137      0.816066325              58          31
   20.8588943      0.843261302              64          42
   22.4118099      0.784635961              91          39
   28.6234665      0.818710804              32          27
   26.5529137      0.907718182              58          31
   20.8588943      0.832331300              64          42
   22.4118099      0.898800254              91          39
   23.4470863      0.950513065              92          37
   28.6234665      0.832581699              32          27
   23.4470863      0.848155141              92          37
   22.9294472      0.827556849              22          38
   21.8941708      0.833184898              44          40
   21.8941708      0.766479552              57          40
   22.9294472      0.792327404              22          38
   27.0705528      0.801149845              25          30
   24.4823627      0.810524166              33          35
   21.8941708       1.00000000              44          40
   21.8941708      0.718835235              57          40
   23.9647236      0.920399904              98          36
   23.9647236      0.803866804              20          36
   27.0705528      0.760991454              25          30
   24.4823627      0.773766458              33          35
   23.9647236      0.768084526              98          36
   29.1411057      0.767818153             105          26
   20.3412571      0.783183575             109          43
   23.9647236      0.876773894              20          36
   25.0000000      0.822458625              35          34
   21.3765335      0.689987063              41          41
   29.1411057      0.812581182             105          26
   20.3412571      0.838795841             109          43
   26.0352764      0.887683809              14          32
   25.0000000      0.689781666              19          34
   25.0000000      0.711369753              35          34
   21.3765335      0.519649982              41          41
   20.8588943      0.811427176              50          42
   20.8588943      0.582308710              75          42
   26.0352764      0.905490816              14          32
   25.0000000      0.800737560              19          34
   28.6234665      0.735799134              29          27
   25.0000000      0.724528074              40          34
   20.8588943      0.839149594              50          42
   20.8588943      0.857380867              75          42
   28.6234665      0.720809698              29          27
   21.3765335      0.727244854              32          41
   25.0000000      0.646933496              40          34
   21.3765335      0.830707908              32          41
   26.0352764      0.850767136              47          32
   22.4118099      0.805657923              78          39
   21.8941708      0.757558405              87          40
   21.8941708       1.00000000             118          40
   27.5881901      0.860917509              44          29
   26.0352764      0.905642688              47          32
   22.4118099      0.887402773              78          39
   21.8941708       1.00000000              87          40
   20.8588943      0.794905424             110          42
   22.9294472      0.828689933             113          38
   21.8941708      0.787576556             118          40
   25.0000000      0.919624329              30          34
   27.5881901      0.935451269              44          29
   29.6587429      0.852351427              86          25
   23.4470863      0.743458331              91          37
   27.0705528      0.728634238              97          30
   20.8588943      0.974690199             110          42
   22.9294472      0.883036435             113          38
   25.0000000      0.669232428              30          34
   29.6587429      0.515376031              86          25
   23.4470863      0.608490944              91          37
   27.0705528      0.649673462              97          30
   20.8588943      0.756752253             106          42
   25.5176373      0.686294734              22          33
   29.1411057      0.688900709              37          26
   20.8588943      0.683907449             106          42
   26.5529137      0.565954626             111          31
   29.6587429      0.528108895             113          25
   25.5176373      0.529605091              22          33
   29.1411057      0.992590249              37          26
   29.1411057      0.931920052              38          26
   28.6234665      0.921328425              38          27
   25.0000000      0.468637317              89          34
   26.5529137      0.529179215             111          31
   29.6587429      0.504008174             113          25
   27.0705528      0.610495090              10          30
   29.1411057      0.562287450              38          26
   28.6234665      0.548359394              38          27
   25.0000000      0.602429390              62          34
   22.9294472      0.987356961              88          38
   25.0000000      0.771753907              89          34
   25.0000000      0.637142658              92          34
   27.0705528      0.758794188              10          30
   29.6587429      0.873972774              28          25
   28.6234665      0.846787035              32          27
   25.0000000      0.910832345              62          34
   29.1411057      0.851154983              85          26
   22.9294472      0.978796303              88          38
   25.0000000       1.00000000              92          34
   20.3412571      0.663672686             103          43
   25.5176373      0.804534972             120          33
   29.6587429      0.606077969              28          25
   28.6234665       1.00000000              31          27
   28.6234665      0.961398125              32          27
   22.4118099      0.458892792              53          39
   24.4823627      0.425857037              84          35
   29.1411057      0.396755904              85          26
   20.3412571      0.575701773             103          43
   25.5176373      0.580158710             120          33
   28.6234665      0.892150044              31          27
   29.6587429      0.890597761              36          25
   22.4118099      0.700499892              53          39
   24.4823627      0.959698498              84          35
   20.8588943       1.00000000              88          42
   23.9647236      0.892727852              11          36
   29.6587429      0.761961579              36          25
   20.8588943      0.767626822              88          42
   29.1411057      0.816902578             118          26
   27.5881901      0.609088600               9          29
   23.9647236      0.926876366              11          36
   27.5881901      0.750725806              15          29
   21.8941708      0.751219690              17          40
   21.3765335      0.742605865              38          41
   23.4470863      0.842289269              81          37
   29.1411057      0.700362027             118          26
   27.5881901      0.582851112               9          29
   27.5881901      0.661256611              15          29
   21.8941708      0.595398664              17          40
   21.3765335      0.709819019              38          41
   23.4470863      0.950413764              81          37
   23.4470863      0.773999214              56          37
   26.0352764      0.907035172              83          32
   27.0705528      0.784983993              26          30
   23.4470863      0.861889243              56          37
   26.0352764      0.968249559              83          32
   23.4470863      0.672902763              84          37
   27.0705528      0.775985658              26          30
   23.4470863      0.797311723              84          37
   23.4470863      0.866455793              34          37
   22.4118099      0.767113149              67          39
   20.3412571      0.895307422             116          43
   23.4470863      0.881812394              34          37
   22.9294472      0.874603391              42          38
   22.4118099      0.797231913              67          39
   27.0705528      0.964013994              89          30
   20.3412571      0.872752309             116          43
   29.6587429      0.770226419               4          25
   22.9294472      0.874217451              42          38
   27.0705528      0.890630484              72          30
   27.0705528      0.691854775              89          30
   21.8941708      0.993569195             111          40
   29.6587429      0.574872971               4          25
   28.1058292      0.827452302              18          28
   25.5176373      0.711771309              63          33
   27.0705528      0.886903286              72          30
   21.8941708      0.994710743              93          40
   21.8941708      0.834611297             111          40
   28.1058292      0.712293983              18          28
   29.1411057      0.636966825              56          26
   25.5176373      0.727846682              63          33
   26.5529137      0.753794491              77          31
   22.4118099      0.780588567              88          39
   21.8941708       1.00000000              93          40
   27.0705528      0.809130311              94          30
   27.0705528      0.811469913             103          30
   29.1411057      0.682780623              56          26
   25.0000000      0.871076822              74          34
   26.5529137      0.696404755              77          31
   22.4118099      0.778108001              88          39
   27.0705528      0.742579639              94          30
   27.0705528      0.822561800             103          30
   23.9647236      0.794031620             119          36
   29.6587429      0.672002614              42          25
   25.0000000      0.689839125              74          34
   27.5881901      0.912086844              88          29
   27.0705528      0.842351198             116          30
   23.9647236      0.816349089             119          36
   26.5529137      0.607556999              27          31
   29.1411057      0.627328277              30          26
   29.6587429      0.770005643              42          25
   27.5881901      0.856477082              88          29
   29.6587429      0.623553455             107          25
   27.0705528      0.910480440             116          30
   26.5529137      0.642739892              27          31
   29.1411057      0.593261302              30          26
   29.1411057      0.764301360              38          26
   28.1058292      0.909180462              50          28
   29.6587429      0.994264841              89          25
   26.5529137      0.780535758              99          31
   26.0352764      0.850360632             102          32
   29.6587429      0.768590927             107          25
   29.1411057      0.591774940              38          26
   28.1058292      0.663950264              50          28
   29.6587429      0.677754104              89          25
   20.8588943      0.597482204              94          42
   26.5529137      0.534642339              99          31
   26.0352764      0.503555059             102          32
   25.0000000      0.442831278             103          34
   28.1058292      0.710756838              15          28
   23.9647236      0.860005021              23          36
   25.0000000      0.763858855              30          34
   26.5529137      0.899272919              45          31
   24.4823627      0.833228350              48          35
   20.8588943      0.739060819              94          42
   25.0000000      0.717825353             103          34
   28.1058292      0.650753200              15          28
   25.0000000      0.673360765              17          34
   23.9647236      0.866844356              23          36
   25.0000000      0.799296856              30          34
   26.5529137       1.00000000              45          31
   24.4823627      0.913001060              48          35
   26.5529137      0.857814312              98          31
   20.8588943      0.895044029             120          42
   25.0000000      0.790920615              17          34
   23.4470863      0.879068911              46          37
   20.8588943      0.996127725              67          42
   28.6234665      0.701110482              76          27
   26.5529137      0.941301048              98          31
   20.8588943      0.831250727             120          42
   27.0705528      0.848770678              40          30
   23.4470863      0.730775118              46          37
   20.8588943       1.00000000              67          42
   28.6234665      0.927973747              76          27
   27.5881901      0.951752067              83          29
   27.0705528      0.750904262              40          30
   27.5881901      0.768065989              83          29
   26.0352764      0.612685263             120          32
   26.5529137      0.847797573              37          31
   22.4118099      0.615010798              76          39
   20.8588943      0.738022208             117          42
   26.0352764      0.789489150             120          32
   26.5529137      0.512904644              37          31
   24.4823627      0.558580756              65          35
   23.4470863      0.983203709              68          37
   22.9294472       1.00000000              68          38
   22.4118099      0.290145874              76          39
   22.9294472      0.469296485              82          38
   20.8588943      0.634695947             101          42
   20.8588943      0.555896461             117          42
   28.1058292      0.553240955              23          28
   20.3412571      0.605814576              40          43
   28.6234665      0.591783524              61          27
   24.4823627      0.540250242              65          35
   23.4470863       1.00000000              68          37
   22.9294472      0.997690916              68          38
   22.9294472      0.615275621              82          38
   20.8588943      0.581073046             101          42
   20.8588943      0.805467308               6          42
   28.1058292      0.857367992              23          28
   20.3412571      0.885493994              40          43
   21.8941708      0.948146582              60          40
   28.6234665      0.885284662              61          27
   29.1411057      0.696455598               3          26
   20.8588943      0.595317662               6          42
   21.8941708      0.775232494              60          40
   23.4470863      0.725199580              74          37
   23.9647236      0.729450881             121          36
   29.1411057      0.710305572               3          26
   21.8941708      0.795702577              32          40
   20.8588943      0.782323301              33          42
   23.4470863      0.822390676              74          37
   20.8588943      0.651567400             108          42
   23.9647236      0.760707200             121          36
   23.9647236      0.720063150               2          36
   21.8941708      0.880590677              32          40
   20.8588943      0.741390109              33          42
   24.4823627      0.636490643              44          35
   20.3412571      0.863384068              83          43
   20.8588943      0.795815945             108          42
   23.9647236      0.970445275               2          36
   24.4823627      0.862167895              44          35
   22.9294472      0.902388632              47          38
   24.4823627      0.790483952              65          35
   20.8588943      0.923398852              67          42
   20.3412571      0.870393157              83          43
   24.4823627      0.748557508              22          35
   20.3412571      0.817318261              44          43
   22.9294472      0.801251590              47          38
   24.4823627      0.787678123              65          35
   20.8588943      0.934248030              67          42
   28.1058292      0.765919030              75          28
   25.5176373      0.704542816              87          33
   26.0352764      0.918871820             100          32
   24.4823627      0.829549611              22          35
   20.3412571      0.817995131              44          43
   28.1058292      0.650635660              75          28
   26.5529137      0.956775665              79          31
   25.0000000      0.626539886              80          34
   25.5176373      0.797555447              87          33
   26.0352764      0.970875800             100          32
   21.8941708      0.757087111             117          40
   23.9647236      0.590914369              24          36
   26.5529137      0.627676785              79          31
   25.0000000      0.429790020              80          34
   21.8941708      0.648363888             117          40
   23.4470863      0.673237622             120          37
   29.6587429      0.706583858              13          25
   23.9647236      0.763934255              24          36
   22.4118099      0.693193972              45          39
   23.9647236      0.707426548              52          36
   25.5176373      0.771078467              56          33
   23.4470863      0.468168736             119          37
   23.4470863      0.331048816             120          37
   29.6587429      0.938444257              13          25
   24.4823627      0.828522384              25          35
   22.4118099      0.880178094              45          39
   23.9647236      0.736879945              52          36
   25.5176373      0.982070208              56          33
   23.4470863      0.964705169             119          37
   24.4823627      0.830734015              25          35
   29.6587429      0.878422022              32          25
   23.9647236      0.776483536               6          36
   29.6587429      0.722179174              32          25
   25.0000000      0.923379302              80          34
   23.9647236      0.673935950               6          36
   27.5881901      0.727282226              40          29
   25.0000000      0.925865352              80          34
   29.6587429      0.696458638              89          25
   28.6234665      0.912519336               8          27
   27.5881901      0.835060179              40          29
   21.8941708      0.882114828              42          40
   29.6587429      0.817671299              89          25
   27.5881901      0.797162890             100          29
   28.6234665      0.699986100               8          27
   21.8941708      0.727989376              42          40
   20.8588943      0.426296502              50          42
   25.0000000      0.578616858              56          34
   27.5881901      0.636114120             100          29
   20.8588943      0.538733900              50          42
   25.0000000      0.604161501              56          34
   22.9294472      0.709216654              78          38
   22.9294472      0.749674082             120          38
   26.5529137      0.953539371               4          31
   23.4470863      0.716746449              71          37
   22.9294472      0.870251238              78          38
   22.9294472      0.757011890             120          38
   26.5529137      0.933082640               4          31
   23.4470863      0.659379661              71          37
   23.4470863      0.740066051             105          37
   22.4118099      0.649937153             120          39
   26.0352764      0.754679620              10          32
   23.4470863      0.798259914              30          37
   23.4470863      0.791164637             105          37
   22.4118099      0.670122921             120          39
   26.0352764      0.651874304              10          32
   25.0000000      0.779989779              23          34
   23.4470863      0.793733060              30          37
   20.8588943      0.893048286             106          42
   28.6234665      0.761366427              20          27
   25.0000000      0.771995068              23          34
   25.0000000      0.578158081              67          34
   27.0705528      0.876800954              93          30
   20.8588943      0.821377575             106          42
   28.6234665      0.697482049              20          27
   25.0000000      0.578356326              67          34
   28.6234665      0.816289306              84          27
   27.0705528      0.667440295              93          30
   26.0352764      0.698887050               8          32
   22.4118099      0.856882453              69          39
   28.6234665      0.719828308              84          27
   29.1411057      0.776963890              97          26
   26.0352764      0.827383757               8          32
   23.9647236      0.742208242              66          36
   22.4118099      0.789663911              69          39
   29.6587429      0.988021493              79          25
   29.1411057      0.965137243              97          26
   26.0352764      0.816083848             109          32
   26.5529137      0.841869831               2          31
   29.1411057      0.764760435              27          26
   23.9647236      0.751405001              66          36
   29.6587429      0.968484163              79          25
   26.0352764      0.800655842             109          32
   20.8588943      0.737470806             118          42
   22.9294472      0.904579163               1          38
   26.5529137      0.913265049               2          31
   23.9647236      0.728758991               2          36
   29.1411057      0.751499057              27          26
   25.0000000      0.743379235              52          34
   26.0352764      0.709399045              54          32
   20.3412571      0.676896036             103          43
   20.8588943      0.691715062             118          42
   22.9294472      0.824111938               1          38
   23.9647236      0.905686080               2          36
   26.0352764      0.859333277              49          32
   25.0000000      0.860228002              52          34
   26.0352764      0.708629727              54          32
   27.5881901      0.952288270             101          29
   20.3412571      0.718974769             103          43
   26.0352764      0.395866305              49          32
   25.5176373      0.577021718              50          33
   27.5881901      0.795566142             101          29
   25.5176373      0.834058404              50          33
   23.9647236      0.868350148              67          36
   22.9294472      0.750288606              87          38
   27.0705528      0.655589759              18          30
   26.5529137      0.720661104              26          31
   20.3412571      0.643250704              27          43
   23.9647236      0.746512890              67          36
   29.1411057      0.697444797              74          26
   22.9294472      0.938408613              87          38
   27.0705528      0.671294928              18          30
   26.5529137      0.788993359              26          31
   20.3412571      0.696623325              27          43
   29.1411057      0.577277303              74          26
   22.9294472      0.904086173              11          38
   25.5176373      0.853125870              21          33
   25.0000000      0.687690377               1          34
   22.9294472       1.00000000              11          38
   25.5176373      0.639911354              21          33
   21.8941708      0.799101233              26          40
   25.0000000      0.825098157              85          34
   25.0000000      0.712386966               1          34
   21.3765335      0.571033776              14          41
   21.8941708      0.880028188              26          40
   26.0352764      0.738293290              34          32
   26.0352764      0.752539337              41          32
   25.0000000      0.854158103              85          34
   28.6234665      0.839449704             117          27
   21.3765335      0.653848231              14          41
   25.0000000      0.708342969              20          34
   26.0352764      0.729062736              34          32
   26.0352764      0.749487877              41          32
   27.0705528      0.711726189             113          30
   28.6234665      0.820651233             117          27
   28.1058292      0.833319545             119          28
   25.0000000      0.816700459              20          34
   21.3765335      0.877466500              78          41
   27.5881901      0.755902171              85          29
   25.0000000      0.781095207              91          34
   29.6587429      0.929954946             107          25
   27.0705528      0.759360194             113          30
   28.1058292      0.786250234             119          28
   25.0000000      0.824058771               1          34
   28.1058292      0.885075629              22          28
   21.3765335      0.815059543              78          41
   22.4118099      0.734260619              81          39
   27.5881901      0.616224527              85          29
   25.0000000      0.769668221              91          34
   29.6587429      0.931399286             107          25
   25.0000000      0.921048880               1          34
   20.8588943      0.693820894              21          42
   28.1058292      0.969928920              22          28
   21.3765335      0.825728655              27          41
   22.4118099      0.732300103              81          39
   23.4470863      0.873613238             116          37
   20.3412571      0.847902477              13          43
   20.8588943      0.714603007              21          42
   21.3765335      0.818067551              27          41
   27.5881901      0.807312369              41          29
   27.5881901      0.791468680              90          29
   25.5176373      0.892601013             114          33
   23.4470863      0.855594218             116          37
   20.3412571      0.754839242              13          43
   28.6234665      0.726963997              16          27
   27.5881901      0.719028056              41          29
   27.5881901      0.773137450              90          29
   25.5176373      0.765060306             114          33
   28.6234665      0.925066233              16          27
   29.1411057      0.891686797              23          26
   24.4823627      0.806193054              77          35
   20.8588943      0.762163222               5          42
   25.0000000      0.964472830              15          34
   20.3412571      0.941598833              18          43
   29.1411057      0.749697924              23          26
   24.4823627      0.679835618              77          35
   20.8588943      0.904271841               5          42
   25.0000000      0.903070331              15          34
   20.3412571      0.945233643              18          43
   23.4470863      0.857319772              36          37
   28.6234665      0.911657512              61          27
   27.5881901      0.910575271              87          29
   28.6234665      0.855437875              25          27
   23.4470863      0.774307251              36          37
   23.4470863      0.547974825              45          37
   25.5176373      0.645936072              53          33
   28.6234665      0.738157928              61          27
   27.5881901      0.638803005              87          29
   27.0705528      0.638551056              11          30
   28.6234665      0.629316747              13          27
   28.6234665      0.661568642              25          27
   23.4470863      0.658004642              45          37
   25.5176373      0.762585521              53          33
