   33.7998466      0.819094241               2          17
   41.5644188      0.756265521              17           2
   35.8703995      0.715318024              27          13
   33.2822113      0.673822105              42          18
   40.0115051      0.775337458             109           5
   29.6587429      0.758519769             117          25
   32.7645721      0.822716832             121          19
   41.5644188      0.679113865              17           2
   35.8703995      0.746305287              27          13
   28.1058292      0.731732070              73          28
   26.5529137      0.794260144              82          31
   33.7998466      0.714034855             104          17
   40.0115051      0.746101975             109           5
   34.8351250      0.735301375              19          15
   28.1058292      0.662025809              73          28
   25.5176373      0.675345600              74          33
   27.0705528      0.816555798              80          30
   26.5529137      0.904409468              82          31
   31.2116566      0.895296335              87          22
   33.7998466      0.691720009             104          17
   26.5529137      0.592436671             109          31
   30.6940193      0.438067168             121          23
   34.8351250      0.617548704              19          15
   25.5176373      0.587627888              74          33
   38.4585915      0.686445177              80           8
   27.0705528      0.899824142              80          30
   25.5176373      0.868712068              80          33
   31.2116566      0.569238901              87          22
   41.0467834      0.594299734             109           3
   26.5529137      0.556974530             109          31
   38.9762268      0.604205549             112           7
   32.2469330      0.705731988             118          20
   30.6940193      0.569095373             121          23
   35.3527603      0.811371386              15          14
   30.6940193      0.725151539              46          23
   30.1763802      0.614229262              52          24
   38.4585915      0.688447416              80           8
   25.5176373      0.688223362              80          33
   41.5644188      0.627437115              89           2
   34.8351250      0.687759280              93          15
   41.0467834      0.818880796             109           3
   38.9762268      0.565759957             112           7
   32.2469330      0.838117719             118          20
   35.3527603      0.732259393              15          14
   30.6940193      0.730749726              46          23
   30.1763802      0.680548310              52          24
   27.5881901      0.601597548              67          29
   41.5644188      0.830144644              89           2
   36.3880386      0.781804860              89          12
   34.8351250      0.696691036              93          15
   32.7645721      0.651007831             115          19
   26.5529137      0.781692326             115          31
   25.5176373      0.841149211             120          33
   26.5529137      0.920445442              59          31
   27.5881901      0.795335352              67          29
   35.3527603      0.846355617              68          14
   36.3880386      0.848228514              89          12
   35.8703995      0.602427423             107          13
   32.7645721       1.00000000             115          19
   26.5529137      0.870756805             115          31
   25.5176373      0.817601681             120          33
   40.5291443      0.656284750               3           4
   34.8351250      0.782031119              10          15
   35.3527603      0.707627177              46          14
   26.5529137      0.763483822              59          31
   35.3527603      0.783051908              68          14
   35.8703995      0.716739118             107          13
   40.5291443      0.653132498               3           4
   25.5176373      0.385074109               7          33
   34.8351250      0.628908455              10          15
   26.5529137      0.524602532              15          31
   32.2469330      0.603950024              39          20
   35.3527603      0.539428234              46          14
   30.1763802      0.562771440              76          24
   25.5176373      0.647732198               7          33
   26.5529137      0.822851658              15          31
   39.4938660      0.780551255              31           6
   32.2469330      0.813833416              39          20
   32.7645721      0.647302449              54          19
   30.1763802      0.672234714              76          24
   26.5529137      0.890218794             118          31
   34.3174858      0.657408297               2          16
   39.4938660      0.723576367              31           6
   32.7645721      0.761078537              54          19
   30.1763802      0.417391807             101          24
   41.0467834      0.584598541             102           3
   33.2822113      0.720766723             102          18
   26.5529137      0.976725399             118          31
   34.3174858      0.919019699               2          16
   39.4938660      0.878823161              57           6
   26.5529137      0.816066325              58          31
   40.5291443      0.865752518              89           4
   30.1763802      0.500557065             101          24
   41.0467834      0.626325548             102           3
   35.8703995      0.858847380             102          13
   33.2822113      0.860458791             102          18
   41.5644188      0.817281127              27           2
   28.6234665      0.818710804              32          27
   39.4938660      0.817957640              57           6
   26.5529137      0.907718182              58          31
   40.5291443      0.936807334              89           4
   35.8703995      0.819596946             102          13
   30.6940193      0.902494252             104          23
   41.5644188      0.843845367              27           2
   28.6234665      0.832581699              32          27
   31.7292957      0.915129900              37          21
   33.2822113      0.892154813              42          18
   35.3527603      0.830901623              82          14
   30.6940193      0.815301716             104          23
   39.4938660      0.839680374             111           6
   42.0820541      0.795735121             117           1
   34.8351250      0.845871985             120          15
   33.7998466      0.869325101              22          17
   31.7292957      0.828119934              37          21
   33.2822113      0.773696840              42          18
   36.3880386      0.776454329              46          12
   34.8351250      0.949524641              67          15
   41.0467834      0.824841559              75           3
   42.0820541      0.827746153              81           1
   35.3527603      0.835851848              82          14
   39.4938660      0.707727075             111           6
   42.0820541      0.759385526             117           1
   34.8351250      0.792137861             120          15
   33.7998466      0.974788606              22          17
   27.0705528      0.801149845              25          30
   36.3880386      0.843580484              46          12
   34.8351250      0.797915518              67          15
   41.0467834      0.727663517              75           3
   42.0820541      0.840373695              81           1
   38.4585915      0.858977258             119           8
   38.4585915      0.748110354              15           8
   27.0705528      0.760991454              25          30
   32.7645721      0.854789138              30          19
   31.2116566       1.00000000              81          22
   29.1411057      0.767818153             105          26
   41.5644188      0.778375745             114           2
   38.4585915      0.763526618             119           8
   38.4585915       1.00000000              15           8
   35.3527603      0.808492184              20          14
   32.7645721      0.887122929              30          19
   36.3880386      0.800475001              33          12
   41.0467834      0.640456140              66           3
   38.4585915      0.601241052              67           8
   31.2116566      0.834075689              81          22
   40.0115051      0.894831657              98           5
   29.1411057      0.812581182             105          26
   41.5644188      0.876975894             114           2
   26.0352764      0.887683809              14          32
   33.7998466      0.936340094              17          17
   35.3527603      0.917808115              20          14
   36.3880386      0.581090510              33          12
   41.0467834      0.552856445              66           3
   38.4585915      0.651858389              67           8
   40.0115051      0.777635217              98           5
   36.3880386      0.502954006             113          12
   36.9056778      0.399887741             114          11
   26.0352764      0.905490816              14          32
   33.7998466      0.809390664              17          17
   28.6234665      0.735799134              29          27
   41.5644188      0.965264499              38           2
   33.7998466      0.815223038              89          17
   34.8351250      0.864039063             100          15
   36.3880386      0.527328551             113          12
   36.9056778      0.567375004             114          11
   41.5644188      0.891353846             115           2
   41.5644188      0.676971436              29           2
   28.6234665      0.720809698              29          27
   41.5644188      0.680594027              38           2
   36.9056778      0.746119678              60          11
   38.4585915      0.861090004              76           8
   33.7998466      0.836125910              89          17
   34.8351250      0.761600256             100          15
   41.5644188      0.800651848             115           2
   41.5644188      0.702974200              29           2
   26.0352764      0.850767136              47          32
   36.9056778      0.799527705              60          11
   38.4585915      0.828050375              76           8
   42.0820541      0.890444219             103           1
   36.3880386      0.840155661              36          12
   27.5881901      0.860917509              44          29
   26.0352764      0.905642688              47          32
   42.0820541      0.842597127             103           1
   35.3527603      0.709250331             116          14
   36.3880386      0.836128533               5          12
   36.3880386      0.902483940              36          12
   27.5881901      0.935451269              44          29
   36.9056778      0.939541698              64          11
   29.6587429      0.852351427              86          25
   27.0705528      0.728634238              97          30
   35.3527603      0.671554804             116          14
   36.3880386      0.790588737               5          12
   35.8703995       1.00000000              22          13
   37.4233131      0.883063436              28          10
   36.9056778      0.636451304              64          11
   30.1763802      0.549743533              71          24
   35.8703995      0.724949062              79          13
   37.4233131      0.680505216              86          10
   29.6587429      0.515376031              86          25
   27.0705528      0.649673462              97          30
   36.3880386      0.655065894             101          12
   34.8351250      0.661864579             116          15
   40.5291443      0.633098066             120           4
   40.0115051      0.816931427               4           5
   37.4233131      0.669060647               8          10
   35.8703995       1.00000000              22          13
   25.5176373      0.686294734              22          33
   37.4233131      0.739259839              28          10
   29.1411057      0.688900709              37          26
   35.3527603      0.681754351              61          14
   30.1763802      0.663595974              71          24
   35.8703995      0.701978743              79          13
   39.4938660      0.536697209              84           6
   37.4233131      0.644246519              86          10
   30.1763802      0.517768741              92          24
   36.3880386      0.823379397             101          12
   26.5529137      0.565954626             111          31
   29.6587429      0.528108895             113          25
   34.8351250      0.759432912             116          15
   40.5291443      0.761705875             120           4
   40.0115051      0.615362644               4           5
   38.9762268      0.777790487               7           7
   37.4233131      0.690296710               8          10
   25.5176373      0.529605091              22          33
   29.1411057      0.992590249              37          26
   29.1411057      0.931920052              38          26
   28.6234665      0.921328425              38          27
   39.4938660      0.517752647              48           6
   35.3527603      0.656356275              61          14
   39.4938660      0.518421233              84           6
   30.1763802      0.519382894              92          24
   30.1763802      0.345743716              95          24
   26.5529137      0.529179215             111          31
   29.6587429      0.504008174             113          25
   38.9762268      0.794401467               7           7
   27.0705528      0.610495090              10          30
   34.3174858      0.641951740              36          16
   36.3880386      0.616482496              37          12
   29.1411057      0.562287450              38          26
   28.6234665      0.548359394              38          27
   39.4938660      0.515731454              48           6
   30.1763802      0.301721483              95          24
   36.3880386      0.576385438             118          12
   27.0705528      0.758794188              10          30
   29.6587429      0.873972774              28          25
   32.7645721      0.888011217              31          19
   28.6234665      0.846787035              32          27
   34.3174858      0.909715593              36          16
   36.3880386      0.510066330              37          12
   36.9056778      0.412027925              38          11
   33.7998466      0.912096560              75          17
   29.1411057      0.851154983              85          26
   41.5644188      0.807922006             114           2
   36.3880386      0.814625621             118          12
   25.5176373      0.804534972             120          33
   41.5644188      0.506500721              18           2
   29.6587429      0.606077969              28          25
   32.7645721      0.540013850              31          19
   28.6234665       1.00000000              31          27
   28.6234665      0.961398125              32          27
   36.9056778      0.482330918              38          11
   30.1763802      0.342348307              54          24
   40.0115051      0.523055613              56           5
   41.5644188      0.590391219              59           2
   32.2469330      0.494564205              68          20
   33.7998466      0.629973888              75          17
   29.1411057      0.396755904              85          26
   41.5644188      0.504716039             114           2
   25.5176373      0.580158710             120          33
   41.5644188      0.758435965              18           2
   39.4938660      0.851713955              18           6
   33.7998466      0.877966404              20          17
   28.6234665      0.892150044              31          27
   29.6587429      0.890597761              36          25
   30.1763802      0.706587553              48          24
   30.1763802      0.568716347              54          24
   40.0115051      0.786777258              56           5
   41.5644188      0.777646542              59           2
   32.2469330      0.857897282              68          20
   39.4938660      0.667303145              18           6
   33.7998466      0.711666286              20          17
   33.7998466      0.747417748              27          17
   38.4585915      0.923917770              28           8
   30.6940193      0.709348798              31          23
   29.6587429      0.761961579              36          25
   30.1763802      0.507283747              48          24
   29.1411057      0.816902578             118          26
   27.5881901      0.609088600               9          29
   27.5881901      0.750725806              15          29
   33.7998466      0.850882769              27          17
   38.4585915      0.789702475              28           8
   30.6940193      0.713292003              31          23
   38.9762268      0.883311331              52           7
   34.8351250      0.730600774              75          15
   29.1411057      0.700362027             118          26
   27.5881901      0.582851112               9          29
   27.5881901      0.661256611              15          29
   38.9762268      0.690441966              52           7
   34.8351250      0.631702125              75          15
   40.5291443      0.715890467             120           4
   35.3527603      0.740526259              21          14
   37.9409523      0.721403122              56           9
   26.0352764      0.907035172              83          32
   34.8351250      0.745833993              84          15
   40.5291443      0.721883357             120           4
   35.3527603      0.781034410              21          14
   33.7998466      0.822104871              24          17
   27.0705528      0.784983993              26          30
   37.9409523      0.769653559              51           9
   37.9409523      0.778738320              56           9
   34.8351250      0.697271943              70          15
   26.0352764      0.968249559              83          32
   34.8351250      0.809629560              84          15
   37.4233131      0.752340555              94          10
   33.7998466      0.806638360              24          17
   27.0705528      0.775985658              26          30
   37.9409523      0.714629710              51           9
   37.9409523      0.847706795              66           9
   34.8351250      0.820635319              70          15
   31.7292957      0.857207716              78          21
   36.9056778      0.460746408              93          11
   37.4233131      0.470388174              94          10
   33.2822113      0.843137085             106          18
   42.0820541      0.886740088              24           1
   41.5644188      0.813324690              31           2
   35.3527603      0.824465990              62          14
   31.2116566      0.744823098              62          22
   37.9409523      0.987209082              66           9
   31.7292957      0.950012445              78          21
   36.9056778      0.736666739              93          11
   33.2822113      0.902072668             106          18
   32.2469330      0.728195369              11          20
   42.0820541      0.797414243              24           1
   41.5644188      0.823492467              31           2
   31.2116566      0.848702371              49          22
   35.3527603      0.850486219              62          14
   31.2116566      0.810181141              62          22
   34.3174858      0.593279123              75          16
   31.7292957      0.940812528              78          21
   27.0705528      0.964013994              89          30
   29.6587429      0.770226419               4          25
   32.2469330      0.901677847              11          20
   31.2116566      0.946027577              49          22
   27.0705528      0.890630484              72          30
   34.3174858      0.690031707              75          16
   31.7292957      0.852913260              78          21
   27.0705528      0.691854775              89          30
   29.6587429      0.574872971               4          25
   28.1058292      0.827452302              18          28
   30.1763802      0.741942525              42          24
   25.5176373      0.711771309              63          33
   35.8703995      0.791555226              65          13
   27.0705528      0.886903286              72          30
   40.5291443      0.877155483             108           4
   37.4233131      0.893963277             114          10
   28.1058292      0.712293983              18          28
   30.1763802      0.643633485              42          24
   30.6940193      0.526611567              54          23
   29.1411057      0.636966825              56          26
   25.5176373      0.727846682              63          33
   35.8703995      0.712893426              65          13
   26.5529137      0.753794491              77          31
   27.0705528      0.809130311              94          30
   27.0705528      0.811469913             103          30
   40.5291443      0.825476468             108           4
   37.4233131      0.742431164             114          10
   40.5291443      0.745934963             118           4
   30.1763802      0.764395058               4          24
   34.8351250      0.811814785              25          15
   31.7292957      0.882528305              36          21
   30.6940193      0.711649060              54          23
   29.1411057      0.682780623              56          26
   41.0467834      0.756953597              65           3
   26.5529137      0.696404755              77          31
   27.0705528      0.742579639              94          30
   27.0705528      0.822561800             103          30
   34.3174858      0.818385601             115          16
   40.5291443      0.770157754             118           4
   30.1763802      0.701341569               4          24
   34.8351250      0.698821843              25          15
   31.7292957      0.736502051              36          21
   36.3880386      0.686804533              40          12
   29.6587429      0.672002614              42          25
   41.0467834      0.690234125              65           3
   38.4585915      0.640062690              88           8
   27.5881901      0.912086844              88          29
   33.7998466      0.808487236             112          17
   34.3174858      0.870750546             115          16
   27.0705528      0.842351198             116          30
   26.5529137      0.607556999              27          31
   29.1411057      0.627328277              30          26
   41.0467834      0.640598059              39           3
   36.3880386      0.783032596              40          12
   29.6587429      0.770005643              42          25
   41.0467834      0.674095869              47           3
   42.0820541      0.893270910              52           1
   30.6940193      0.689750791              68          23
   38.4585915      0.616123021              88           8
   27.5881901      0.856477082              88          29
   32.2469330      0.594901741              91          20
   29.6587429      0.623553455             107          25
   33.7998466      0.781470716             112          17
   27.0705528      0.910480440             116          30
   35.3527603      0.679867268               7          14
   26.5529137      0.642739892              27          31
   29.1411057      0.593261302              30          26
   29.1411057      0.764301360              38          26
   41.0467834      0.648696721              39           3
   41.0467834      0.853392541              47           3
   28.1058292      0.909180462              50          28
   42.0820541      0.705555856              52           1
   31.2116566      0.937708676              52          22
   32.7645721      0.979114473              53          19
   30.6940193      0.967243671              68          23
   29.6587429      0.994264841              89          25
   32.2469330      0.822171807              91          20
   26.5529137      0.780535758              99          31
   26.0352764      0.850360632             102          32
   29.6587429      0.768590927             107          25
   35.3527603      0.630329907               7          14
   32.2469330      0.761568785               8          20
   30.6940193      0.559176862              26          23
   29.1411057      0.591774940              38          26
   28.1058292      0.663950264              50          28
   31.2116566      0.909446597              52          22
   32.7645721      0.982386410              53          19
   32.2469330       1.00000000              53          20
   34.3174858      0.667153597              54          16
   31.7292957      0.621528029              85          21
   29.6587429      0.677754104              89          25
   26.5529137      0.534642339              99          31
   26.0352764      0.503555059             102          32
   30.1763802      0.584664881             111          24
   32.2469330      0.966907501               8          20
   28.1058292      0.710756838              15          28
   30.6940193      0.577781916              26          23
   35.3527603      0.875611067              31          14
   26.5529137      0.899272919              45          31
   32.2469330      0.837650537              53          20
   34.3174858      0.909031153              54          16
   35.3527603      0.816799581              80          14
   31.7292957      0.728983819              85          21
   36.3880386      0.759150028             106          12
   30.1763802      0.834540069             111          24
   36.3880386      0.587404311             121          12
   28.1058292      0.650753200              15          28
   37.4233131      0.689669609              30          10
   35.3527603      0.872387290              31          14
   26.5529137       1.00000000              45          31
   31.7292957      0.818583786              51          21
   40.5291443      0.864756107              65           4
   34.8351250      0.766128302              77          15
   35.3527603      0.813577771              80          14
   33.2822113      0.856959045              93          18
   26.5529137      0.857814312              98          31
   36.3880386      0.829388201             106          12
   39.4938660      0.935115874             117           6
   36.3880386      0.834629297             121          12
   41.0467834      0.942467153              26           3
   37.4233131      0.766874433              30          10
   31.7292957      0.920812190              51          21
   40.5291443      0.665116966              65           4
   37.4233131      0.750747502              67          10
   28.6234665      0.701110482              76          27
   34.8351250      0.594376564              77          15
   33.2822113      0.990765572              93          18
   26.5529137      0.941301048              98          31
   41.0467834      0.826442003             101           3
   39.4938660      0.827617049             117           6
   41.0467834      0.840700269              26           3
   36.3880386      0.769893765              29          12
   27.0705528      0.848770678              40          30
   32.7645721      0.838166416              55          19
   37.4233131      0.768368185              67          10
   28.6234665      0.927973747              76          27
   35.8703995      0.933568656              81          13
   27.5881901      0.951752067              83          29
   41.0467834      0.870980918             101           3
   33.7998466      0.956205666             112          17
   36.3880386      0.841621518              29          12
   27.0705528      0.750904262              40          30
   32.7645721      0.779909194              55          19
   35.8703995      0.757996023              81          13
   27.5881901      0.768065989              83          29
   33.7998466      0.829439163             112          17
   33.2822113      0.810938597             118          18
   26.0352764      0.612685263             120          32
   26.5529137      0.847797573              37          31
   33.7998466      0.687909305              38          17
   32.7645721      0.825732648              45          19
   37.9409523      0.929654300              46           9
   34.3174858      0.922027588              91          16
   33.2822113      0.851271510             100          18
   33.2822113      0.816077650             118          18
   26.0352764      0.789489150             120          32
   26.5529137      0.512904644              37          31
   33.7998466      0.418023825              38          17
   32.7645721      0.486969352              45          19
   37.9409523      0.537952423              46           9
   34.3174858      0.479291141              91          16
   33.2822113      0.487406433             100          18
   28.1058292      0.553240955              23          28
   31.7292957      0.616865039              26          21
   33.7998466      0.612194479              28          17
   28.6234665      0.591783524              61          27
   33.7998466      0.587724566              97          17
   28.1058292      0.857367992              23          28
   31.7292957      0.956231594              26          21
   33.7998466      0.876364291              28          17
   31.7292957      0.929406703              51          21
   28.6234665      0.885284662              61          27
   31.2116566      0.917303324              72          22
   33.7998466      0.919999540              97          17
   40.0115051      0.758330762              98           5
   36.3880386      0.722562432             110          12
   29.1411057      0.696455598               3          26
   35.8703995      0.711840153               7          13
   31.7292957      0.866718650              51          21
   35.3527603      0.565509796              72          14
   31.2116566      0.650907099              72          22
   40.0115051      0.694117486              98           5
   33.2822113      0.779359281             108          18
   38.4585915      0.745343447             109           8
   36.3880386      0.776691735             110          12
   40.5291443      0.882825077             119           4
   29.1411057      0.710305572               3          26
   35.8703995      0.747370064               7          13
   31.7292957      0.772493839              25          21
   34.8351250      0.739268303              63          15
   35.3527603      0.736983001              72          14
   40.5291443      0.887863040             108           4
   33.2822113      0.616944253             108          18
   38.4585915      0.786837518             109           8
   40.5291443      0.810626328             119           4
   33.7998466      0.691655874              23          17
   31.7292957      0.780279577              25          21
   34.8351250      0.731996775              63          15
   40.5291443      0.872408986             108           4
   34.3174858      0.830929637             119          16
   37.4233131      0.871101797              18          10
   33.7998466      0.851475596              23          17
   31.2116566      0.962093174              45          22
   38.4585915      0.756645560              65           8
   35.3527603      0.662363708              85          14
   34.3174858      0.868403971             119          16
   31.2116566      0.691239059               7          22
   37.4233131      0.834793389              18          10
   31.2116566      0.860847056              45          22
   38.4585915      0.774643779              65           8
   28.1058292      0.765919030              75          28
   31.7292957      0.828125000              80          21
   35.3527603      0.529713988              85          14
   25.5176373      0.704542816              87          33
   31.7292957       1.00000000              92          21
   26.0352764      0.918871820             100          32
   35.8703995      0.719467282             110          13
   39.4938660      0.841058850               4           6
   31.2116566      0.690797806               7          22
   41.5644188      0.737851024              15           2
   36.9056778      0.841026843              47          11
   35.8703995      0.820636570              67          13
   28.1058292      0.650635660              75          28
   26.5529137      0.956775665              79          31
   31.7292957      0.946395099              80          21
   25.5176373      0.797555447              87          33
   31.7292957      0.942217290              92          21
   26.0352764      0.970875800             100          32
   35.8703995      0.870384395             110          13
   39.4938660      0.717190802               4           6
   41.5644188      0.564599931              15           2
   38.4585915      0.643378735              30           8
   36.9056778      0.610426188              47          11
   40.5291443      0.683457255              59           4
   35.8703995      0.693436563              67          13
   26.5529137      0.627676785              79          31
   29.6587429      0.706583858              13          25
   38.4585915      0.765767753              30           8
   39.4938660      0.591766417              50           6
   25.5176373      0.771078467              56          33
   40.5291443      0.847121119              59           4
   30.6940193      0.616205752              86          23
   35.3527603      0.759023368              10          14
   29.6587429      0.938444257              13          25
   35.8703995      0.876710355              30          13
   30.6940193      0.759401023              35          23
   39.4938660      0.713622272              50           6
   25.5176373      0.982070208              56          33
   31.7292957      0.755420268              60          21
   30.6940193      0.777956605              86          23
   30.6940193      0.852094293             102          23
   35.3527603      0.704169512              10          14
   35.8703995      0.819142461              30          13
   29.6587429      0.878422022              32          25
   30.6940193      0.770350099              35          23
   31.7292957      0.909078121              60          21
   30.6940193      0.742861271             102          23
   35.3527603      0.696607947             112          14
   35.3527603      0.727040768             119          14
   32.2469330      0.720864892               9          20
   37.9409523      0.446643382              19           9
   30.6940193      0.776544511              24          23
   29.6587429      0.722179174              32          25
   31.2116566      0.846461236              43          22
   30.1763802      0.663386881              93          24
   34.3174858      0.597703993              98          16
   35.3527603      0.675738633             112          14
   35.3527603      0.696499527             119          14
   35.8703995      0.608159482               6          13
   32.2469330      0.599896193               9          20
   37.9409523      0.458704203              19           9
   30.6940193      0.798742115              24          23
   27.5881901      0.727282226              40          29
   31.2116566      0.843318939              43          22
   34.8351250      0.658465028              58          15
   29.6587429      0.696458638              89          25
   30.1763802      0.751230597              93          24
   34.3174858      0.664667785              98          16
   40.5291443      0.686486065             119           4
   35.8703995      0.649311244               6          13
   28.6234665      0.912519336               8          27
   34.3174858      0.775188148              37          16
   27.5881901      0.835060179              40          29
   30.1763802      0.762355089              41          24
   34.8351250      0.651881695              58          15
   29.6587429      0.817671299              89          25
   27.5881901      0.797162890             100          29
   31.7292957       1.00000000             111          21
   40.5291443      0.880698740             119           4
   28.6234665      0.699986100               8          27
   34.3174858      0.622610152              37          16
   37.4233131      0.545726120              38          10
   30.1763802      0.607122421              41          24
   37.9409523      0.706161857              48           9
   32.7645721      0.773374557              75          19
   32.2469330      0.646067202              79          20
   36.9056778      0.651786089             100          11
   27.5881901      0.636114120             100          29
   31.7292957      0.769779861             111          21
   37.4233131      0.687856972              38          10
   37.9409523      0.611199558              48           9
   41.0467834      0.739637792              62           3
   32.7645721      0.828847706              75          19
   32.2469330      0.617857516              79          20
   34.3174858      0.648354530              87          16
   36.9056778      0.775788903             100          11
   26.5529137      0.953539371               4          31
   33.7998466      0.868439794               5          17
   30.1763802      0.661087871              33          24
   32.2469330      0.794662714              56          20
   41.0467834      0.656862557              62           3
   34.3174858      0.932333469              87          16
   26.5529137      0.933082640               4          31
   33.7998466      0.815592229               5          17
   30.1763802      0.610910177              33          24
   32.2469330      0.688124180              56          20
   31.2116566      0.625445426              92          22
   26.0352764      0.754679620              10          32
   33.2822113      0.784698308              49          18
   37.4233131      0.736854672              68          10
   31.2116566      0.585468769              92          22
   35.8703995      0.693751216              93          13
   39.4938660      0.756463647              95           6
   32.2469330      0.655411661             101          20
   41.5644188      0.642669737             106           2
   37.9409523      0.719250739             110           9
   36.3880386      0.748543084               3          12
   26.0352764      0.651874304              10          32
   33.2822113      0.799003303              49          18
   38.9762268      0.845690966              59           7
   37.4233131      0.767961144              68          10
   35.8703995      0.708830476              93          13
   39.4938660      0.738329113              95           6
   32.2469330      0.769122124             101          20
   41.5644188      0.634311438             106           2
   37.9409523      0.664224386             110           9
   36.3880386      0.839604616               3          12
   32.2469330      0.947710693               6          20
   40.0115051      0.790317714              18           5
   28.6234665      0.761366427              20          27
   37.4233131      0.837210655              57          10
   38.9762268      0.925011396              59           7
   42.0820541      0.736257851              65           1
   27.0705528      0.876800954              93          30
   32.2469330      0.983455598               6          20
   40.0115051      0.586948574              18           5
   34.8351250      0.737417042              18          15
   28.6234665      0.697482049              20          27
   34.3174858      0.671356440              47          16
   37.4233131      0.741174877              57          10
   42.0820541      0.666050494              65           1
   30.6940193      0.707488835              70          23
   28.6234665      0.816289306              84          27
   27.0705528      0.667440295              93          30
   32.2469330      0.829441965             115          20
   33.7998466      0.669590652               6          17
   26.0352764      0.698887050               8          32
   34.8351250      0.764509022              18          15
   35.3527603      0.706870019              42          14
   34.3174858      0.710333765              47          16
   30.6940193      0.646476984              70          23
   28.6234665      0.719828308              84          27
   29.1411057      0.776963890              97          26
   38.4585915      0.732565045             106           8
   32.2469330      0.904041588             115          20
   33.7998466      0.904576778               6          17
   26.0352764      0.827383757               8          32
   35.8703995      0.869289696              30          13
   40.5291443      0.880814254              35           4
   35.3527603      0.888776362              42          14
   29.6587429      0.988021493              79          25
   32.7645721      0.982207656              94          19
   29.1411057      0.965137243              97          26
   38.4585915      0.690609813             106           8
   26.0352764      0.816083848             109          32
   26.5529137      0.841869831               2          31
   31.2116566      0.748345673               8          22
   29.1411057      0.764760435              27          26
   35.8703995      0.910215378              30          13
   40.5291443      0.918614745              35           4
   31.2116566      0.772311449              37          22
   34.3174858      0.720474660              73          16
   29.6587429      0.968484163              79          25
   38.4585915      0.645604968              82           8
   32.7645721       1.00000000              94          19
   35.3527603      0.866056800             106          14
   26.0352764      0.800655842             109          32
   26.5529137      0.913265049               2          31
   31.2116566      0.665806949               8          22
   29.1411057      0.751499057              27          26
   31.2116566      0.756935239              37          22
   31.7292957      0.812313259              44          21
   26.0352764      0.709399045              54          32
   34.3174858      0.805973589              73          16
   40.5291443      0.707123101              75           4
   30.6940193      0.808543265              81          23
   38.4585915      0.741898417              82           8
   30.6940193      0.916136265              91          23
   35.3527603      0.962954879             106          14
   34.3174858      0.640965700              28          16
   31.7292957      0.856464744              44          21
   26.0352764      0.859333277              49          32
   26.0352764      0.708629727              54          32
   36.9056778      0.797553122              55          11
   40.5291443      0.730005205              75           4
   30.1763802      0.695288599              77          24
   30.6940193      0.677938759              81          23
   40.0115051      0.799801111              84           5
   30.6940193      0.682758927              91          23
   37.4233131      0.767178714              92          10
   27.5881901      0.952288270             101          29
   35.3527603      0.755263269              17          14
   34.8351250      0.752192795              19          15
   31.2116566      0.664535582              22          22
   35.3527603      0.736483872              28          14
   34.3174858      0.623639762              28          16
   38.9762268      0.667583048              31           7
   26.0352764      0.395866305              49          32
   25.5176373      0.577021718              50          33
   36.9056778      0.726322830              55          11
   40.0115051      0.999912560              64           5
   30.1763802      0.587301731              77          24
   40.0115051      0.667738914              84           5
   37.4233131      0.881052554              92          10
   32.2469330      0.965744495              96          20
   27.5881901      0.795566142             101          29
   30.6940193      0.672917485              13          23
   35.3527603      0.765043736              17          14
   34.8351250      0.584861577              19          15
   31.2116566      0.786774278              22          22
   35.3527603      0.762500882              28          14
   38.9762268      0.767947853              31           7
   39.4938660      0.747716784              36           6
   25.5176373      0.834058404              50          33
   40.0115051       1.00000000              64           5
   41.0467834      0.767964363              66           3
   31.2116566      0.423281163              73          22
   32.7645721      0.522246301              74          19
   34.3174858      0.708909452              94          16
   32.2469330      0.790906072              96          20
   30.6940193      0.704517245              13          23
   27.0705528      0.655589759              18          30
   26.5529137      0.720661104              26          31
   39.4938660      0.718915939              36           6
   36.3880386      0.682952702              64          12
   41.0467834      0.664511919              66           3
   31.2116566      0.558653176              73          22
   32.7645721      0.574945390              74          19
   29.1411057      0.697444797              74          26
   32.2469330      0.768836617              79          20
   34.3174858      0.731410742              94          16
   31.7292957      0.817458034             102          21
   31.2116566      0.547972977             117          22
   27.0705528      0.671294928              18          30
   39.4938660      0.884382427              23           6
   26.5529137      0.788993359              26          31
   36.3880386      0.715462506              64          12
   38.9762268      0.770597279              66           7
   29.1411057      0.577277303              74          26
   32.2469330      0.889574826              79          20
   31.7292957      0.810652912             102          21
   41.0467834      0.713646889             105           3
   31.7292957      0.782798648             107          21
   31.2116566      0.651591301             117          22
   25.5176373      0.853125870              21          33
   39.4938660      0.751047015              23           6
   38.9762268      0.858160913              66           7
   37.9409523      0.759910405              92           9
   41.0467834      0.803278267             105           3
   31.7292957      0.801260114             107          21
   25.5176373      0.639911354              21          33
   33.7998466      0.845726967              28          17
   32.7645721      0.858732879              31          19
   30.6940193      0.649702370              60          23
   37.9409523      0.656889975              92           9
   41.0467834      0.820083082             109           3
   33.7998466       1.00000000              28          17
   32.7645721      0.888087630              31          19
   26.0352764      0.738293290              34          32
   26.0352764      0.752539337              41          32
   30.6940193      0.653057814              60          23
   30.6940193      0.643675864              84          23
   38.9762268      0.724718094              94           7
   34.8351250      0.765926242             100          15
   41.0467834      0.774551988             109           3
   28.6234665      0.839449704             117          27
   37.4233131      0.773497880             118          10
   41.0467834      0.682846010              16           3
   36.9056778      0.761785626              29          11
   26.0352764      0.729062736              34          32
   26.0352764      0.749487877              41          32
   30.6940193      0.526646733              84          23
   38.9762268      0.730315506              94           7
   34.8351250      0.802933395             100          15
   27.0705528      0.711726189             113          30
   28.6234665      0.820651233             117          27
   37.4233131      0.806316912             118          10
   28.1058292      0.833319545             119          28
   41.0467834      0.835930586              16           3
   36.9056778      0.813391030              29          11
   35.3527603      0.852930069              65          14
   33.7998466      0.903489888              81          17
   27.5881901      0.755902171              85          29
   32.7645721      0.913300216              89          19
   29.6587429      0.929954946             107          25
   27.0705528      0.759360194             113          30
   41.0467834      0.790473223             116           3
   28.1058292      0.786250234             119          28
   28.1058292      0.885075629              22          28
   31.7292957      0.887392640              28          21
   41.5644188      0.858019233              51           2
   35.3527603      0.859418690              65          14
   34.3174858      0.811723888              71          16
   40.0115051      0.741323888              76           5
   33.7998466      0.722193480              81          17
   27.5881901      0.616224527              85          29
   32.7645721      0.752950490              89          19
   33.7998466       1.00000000              91          17
   29.6587429      0.931399286             107          25
   41.0467834      0.741017759             116           3
   40.5291443      0.882829070               8           4
   28.1058292      0.969928920              22          28
   33.7998466      0.766861737              23          17
   31.7292957      0.971075892              28          21
   35.8703995      0.734300733              29          13
   41.0467834      0.830664039              35           3
   41.5644188       1.00000000              51           2
   34.3174858      0.969242156              71          16
   40.0115051      0.868298531              76           5
   40.0115051      0.839309990              82           5
   33.7998466      0.909458101              91          17
   36.9056778      0.908414960             106          11
   40.5291443      0.959993601               8           4
   33.7998466       1.00000000               9          17
   33.7998466      0.791113019              23          17
   35.8703995      0.845311224              29          13
   41.0467834      0.879755139              35           3
   27.5881901      0.807312369              41          29
   40.0115051      0.919605911              82           5
   27.5881901      0.791468680              90          29
   36.9056778      0.760231197             106          11
   25.5176373      0.892601013             114          33
   33.7998466      0.754112542               9          17
   28.6234665      0.726963997              16          27
   27.5881901      0.719028056              41          29
   36.3880386      0.718488932              50          12
   31.2116566      0.506689847              72          22
   34.3174858      0.642543018              83          16
   27.5881901      0.773137450              90          29
   25.5176373      0.765060306             114          33
   41.0467834      0.913432479              15           3
   28.6234665      0.925066233              16          27
   29.1411057      0.891686797              23          26
   33.7998466      0.913634419              30          17
   36.3880386      0.876478970              50          12
   31.2116566      0.635620117              72          22
   37.9409523      0.849847615              75           9
   41.5644188      0.901522458              83           2
   34.3174858      0.913260460              83          16
   41.0467834      0.713261187              15           3
   34.8351250      0.929653645              16          15
   29.1411057      0.749697924              23          26
   33.7998466      0.790487826              30          17
   35.8703995      0.805292845              35          13
   37.9409523      0.574871838              75           9
   41.5644188      0.607395113              83           2
   30.1763802      0.676040351              87          24
   38.4585915      0.685668349              99           8
   36.9056778      0.654042661             119          11
   34.8351250      0.779698730              16          15
   30.6940193      0.796349108              29          23
   35.8703995      0.934887826              35          13
   35.3527603      0.775717795              42          14
   28.6234665      0.911657512              61          27
   30.6940193      0.629682183              74          23
   30.1763802      0.883792818              87          24
   27.5881901      0.910575271              87          29
   37.9409523      0.839701116              94           9
   38.4585915      0.689782143              99           8
   36.9056778      0.671833336             119          11
   40.5291443      0.764546156               8           4
   28.6234665      0.855437875              25          27
   30.6940193      0.781247318              29          23
   35.3527603      0.651189446              42          14
   40.5291443      0.736876547              48           4
   25.5176373      0.645936072              53          33
   28.6234665      0.738157928              61          27
   30.6940193      0.506065965              74          23
   36.9056778      0.664414763              84          11
   27.5881901      0.638803005              87          29
   37.9409523      0.725902855              94           9
   40.5291443      0.465516329               8           4
   27.0705528      0.638551056              11          30
   28.6234665      0.629316747              13          27
   28.6234665      0.661568642              25          27
   40.5291443      0.717691600              48           4
   25.5176373      0.762585521              53          33
   36.9056778      0.629643500              84          11
