   18.7883434      0.995663047              40          46
   19.8236198       1.00000000              43          44
   16.2001534      0.573750615              47          51
   15.1648760      0.867159307              54          53
   11.0237713      0.699744403              59          61
   13.6119623      0.724707246              69          56
   10.5061340      0.655082822              80          62
   17.7530670      0.866921663              91          48
   17.7530670      0.925511181              13          48
   15.1648760       1.00000000              26          53
   18.7883434      0.755491257              40          46
   16.2001534      0.737586617              41          51
   16.2001534      0.838516355              47          51
   14.6472378      0.970890760              49          54
   15.1648760      0.878286362              54          53
   10.5061340      0.727451146              80          62
   17.7530670      0.928951144              13          48
   15.1648760      0.804413915              26          53
   16.2001534      0.712278724              41          51
   14.6472378      0.795878828              49          54
   17.2354279      0.766474545              74          49
   19.8236198      0.839328349             118          44
   19.3059807      0.627776742              67          45
   17.2354279      0.634794056              74          49
   12.5766859      0.407021344              82          58
   19.8236198      0.625510871             118          44
   17.7530670      0.881380200              42          48
   17.2354279      0.642858207              61          49
   19.3059807      0.935302615              67          45
   12.5766859      0.684518814              82          58
   17.7530670      0.692386746              42          48
   17.2354279      0.648623645              61          49
   15.1648760      0.756248832              86          53
   19.3059807      0.889267743              91          45
   17.2354279      0.688858688             121          49
   13.6119623      0.919925928               8          56
   15.1648760      0.913513720              37          53
   16.2001534      0.758877337              63          51
   13.0943241      0.821104228              71          57
   18.2707043      0.821857154              73          47
   15.1648760      0.920410633              86          53
   19.3059807      0.994845927              91          45
   17.2354279      0.882716238             121          49
   13.6119623      0.986634552               8          56
   18.2707043      0.698173463              13          47
   18.7883434      0.863887787              32          46
   15.1648760      0.585621536              37          53
   16.2001534      0.701251507              63          51
   13.0943241      0.813341856              71          57
   18.2707043      0.595657825              73          47
   16.2001534      0.697330475              96          51
   18.2707043      0.909068227              13          47
   17.2354279      0.859792769              15          49
   18.7883434      0.507330239              32          46
   16.2001534      0.571335137              96          51
   17.2354279      0.983830214              15          49
   15.6825142      0.731580436               7          52
   19.8236198      0.807305396              15          44
   10.5061340      0.789747357              17          62
   14.1296005      0.867010176              71          55
   11.0237713      0.578952372              89          61
   15.6825142      0.631303608               7          52
   19.8236198      0.702433586              15          44
   10.5061340      0.952436566              17          62
   14.1296005      0.849099517              44          55
   18.2707043      0.791358471              50          47
   14.1296005      0.838823915              71          55
   17.2354279      0.670431852              81          49
   12.5766859      0.787910819              89          58
   11.0237713      0.728593588              89          61
   14.1296005      0.863783240              44          55
   18.2707043      0.856051803              50          47
   17.2354279      0.878094137              81          49
   12.5766859      0.649097741              89          58
   18.7883434      0.734111428             110          46
   16.2001534      0.954708755             114          51
   19.8236198      0.904167771              42          44
   14.6472378      0.739380121              75          54
   15.1648760      0.859275818              90          53
   18.7883434      0.747053325             110          46
   17.2354279      0.990637600             113          49
   16.2001534       1.00000000             114          51
   11.5414095      0.892875671              39          60
   19.8236198      0.695960224              42          44
   17.7530670      0.835302532              57          48
   14.6472378      0.948968291              75          54
   15.1648760       1.00000000              90          53
   17.2354279      0.930742800             113          49
   13.6119623      0.558283806              17          56
   11.5414095      0.920272648              39          60
   18.7883434      0.779189289              51          46
   17.7530670      0.803541780              57          48
   16.7177906      0.723728478              66          50
   14.1296005      0.726857126              86          55
   14.1296005      0.835617006             102          55
   13.6119623      0.996635795              17          56
   18.7883434      0.744125724              51          46
   16.7177906      0.713138103              66          50
   17.2354279      0.605702460              77          49
   14.1296005      0.739406824              86          55
   14.1296005      0.705340266             102          55
   14.6472378      0.673482835              38          54
   17.2354279      0.670383036              77          49
   12.0590477      0.700352073             100          59
   19.8236198      0.727587998              20          44
   14.6472378      0.635435998              38          54
   12.0590477      0.588362098             100          59
   19.3059807      0.740316570             109          45
   19.8236198      0.935501873              20          44
   17.7530670      0.932416558              46          48
   11.5414095      0.826459110              46          60
   11.5414095      0.866612673              71          60
   19.3059807      0.709233880             109          45
   12.5766859      0.867405355              35          58
   17.7530670       1.00000000              46          48
   11.5414095      0.806470513              46          60
   13.6119623      0.823581576              66          56
   11.5414095      0.824521184              71          60
   12.0590477      0.622879326              74          59
   17.7530670      0.790288150              79          48
   18.2707043      0.677274108             102          47
   12.5766859      0.499290884              16          58
   14.1296005      0.691324234              32          55
   12.5766859      0.756896198              35          58
   17.2354279      0.817820013              44          49
   13.6119623      0.890505552              66          56
   17.7530670      0.874925673              68          48
   12.0590477      0.668524742              74          59
   17.7530670      0.922250688              79          48
   18.2707043      0.826722801             102          47
   12.5766859      0.643851161              16          58
   17.7530670      0.891015530              22          48
   14.1296005      0.741461456              32          55
   17.2354279      0.866922379              44          49
   17.7530670      0.700600505              68          48
   17.7530670      0.999663949              75          48
   17.2354279      0.971280217              77          49
   18.2707043      0.932515979              14          47
   17.7530670      0.709983289              22          48
   17.7530670      0.719855487              48          48
   17.7530670       1.00000000              75          48
   17.2354279      0.880378366              77          49
   10.5061340      0.950254977              85          62
   18.2707043      0.694274426              14          47
   17.7530670      0.621635199              48          48
   10.5061340      0.552458644              85          62
   10.5061340      0.743674397             102          62
   10.5061340      0.702137113             102          62
   17.2354279      0.868832052              12          49
   14.1296005      0.584732592              84          55
   19.3059807      0.656416416              91          45
   17.2354279      0.714457393              12          49
   12.0590477      0.546846151              54          59
   12.5766859      0.662267387              64          58
   15.1648760      0.760373294              72          53
   14.1296005      0.508105755              84          55
   19.3059807      0.552070618              91          45
   12.0590477      0.934829295              54          59
   12.5766859      0.995482981              64          58
   15.1648760      0.900587022              72          53
   14.1296005      0.751196623             115          55
   11.0237713      0.505735815              38          61
   14.1296005      0.541046143             115          55
   11.0237713      0.748716354              38          61
   17.7530670      0.985161185              65          48
   10.5061340      0.826369643              70          62
   11.0237713      0.967654765              88          61
   15.6825142      0.798931897              98          52
   11.0237713      0.734681427               6          61
   18.7883434      0.807462811              25          46
   17.7530670      0.687551558              65          48
   10.5061340      0.717315614              70          62
   11.0237713      0.782490969              88          61
   15.6825142      0.729668677              98          52
   10.5061340      0.775795877             103          62
   11.0237713      0.599679649               6          61
   18.7883434      0.894261837              25          46
   10.5061340      0.647403598             103          62
   13.6119623      0.638000548             105          56
   18.2707043      0.842421651             109          47
   13.6119623      0.794884026              46          56
   18.7883434      0.850719810              59          46
   15.6825142      0.631819963              69          52
   19.3059807      0.511325121              75          45
   16.2001534      0.792309403              77          51
   13.6119623      0.794167876             105          56
   18.2707043      0.751333058             109          47
   11.0237713      0.749757349              37          61
   13.6119623      0.678021967              46          56
   19.8236198      0.743311167              48          44
   18.7883434      0.857425332              59          46
   15.6825142      0.616196275              69          52
   19.3059807      0.622033536              75          45
   16.2001534      0.600595057              77          51
   16.7177906      0.796925128              18          50
   15.6825142      0.687557876              18          52
   11.0237713      0.922515392              37          61
   19.8236198      0.789075196              48          44
   16.7177906      0.999469995              80          50
   17.7530670      0.938773334              94          48
   15.1648760      0.783898354              17          53
   16.7177906      0.948560476              18          50
   15.6825142      0.878352642              18          52
   13.0943241      0.937026501              33          57
   18.2707043      0.747099936              41          47
   19.3059807      0.789097965              56          45
   16.7177906      0.778946042              80          50
   17.7530670      0.966699839              94          48
   12.0590477      0.421171695              98          59
   15.1648760      0.778385580              17          53
   13.0943241      0.821086705              25          57
   13.0943241      0.602604628              33          57
   18.2707043      0.858639359              41          47
   19.3059807      0.811685562              56          45
   15.1648760      0.724692464              94          53
   12.0590477      0.835264444              98          59
   10.5061340       1.00000000             117          62
   15.6825142      0.593966782              11          52
   13.0943241      0.857696831              25          57
   18.2707043      0.894367456              84          47
   15.1648760      0.673173666              94          53
   11.5414095      0.790157259             105          60
   10.5061340       1.00000000             117          62
   12.0590477      0.619437873              10          59
   15.6825142      0.600449502              11          52
   19.3059807      0.702883363              26          45
   18.2707043      0.798319995              29          47
   17.7530670      0.604064167              40          48
   18.7883434      0.834356725              55          46
   18.2707043      0.820620358              84          47
   18.7883434      0.788122833              86          46
   16.2001534      0.915139258              88          51
   11.5414095      0.888544858             105          60
   12.0590477      0.873475552              10          59
   19.3059807      0.675808311              26          45
   18.2707043      0.701048136              29          47
   11.5414095       1.00000000              29          60
   15.1648760      0.824385047              39          53
   17.7530670      0.721398711              40          48
   18.7883434      0.759172499              55          46
   18.7883434      0.916059494              86          46
   16.2001534      0.867150903              88          51
   13.0943241      0.638951063              19          57
   11.5414095      0.701051772              29          60
   15.1648760      0.695352733              39          53
   19.3059807      0.816935360              88          45
   10.5061340      0.705452204               2          62
   13.0943241      0.691195905              19          57
   13.6119623      0.925019920              55          56
   19.3059807      0.730731189              88          45
   19.8236198      0.672186673             117          44
   10.5061340      0.831921935               2          62
   13.6119623       1.00000000              55          56
   16.7177906      0.595890462              86          50
   13.6119623      0.664679050              96          56
   19.8236198      0.556494713             117          44
   16.7177906      0.853862166              86          50
   15.1648760      0.774905145              89          53
   13.6119623      0.835849345              96          56
   15.6825142      0.623023510              97          52
   15.1648760      0.757507384              89          53
   15.6825142      0.549968719              97          52
   13.6119623      0.879177988             106          56
   17.7530670      0.599339664              60          48
   15.1648760      0.730990469              62          53
   13.6119623      0.647759914             106          56
   17.7530670      0.873017907              60          48
   15.1648760      0.851225853              62          53
   17.2354279      0.807269275              99          49
   19.8236198      0.896037400              46          44
   17.2354279      0.956530929              99          49
   18.7883434      0.855544746              13          46
   12.5766859      0.813768506              45          58
   19.8236198      0.787897468              46          44
   17.7530670      0.951223254             100          48
   18.7883434      0.879723191              13          46
   12.5766859      0.756643057              45          58
   18.2707043      0.896991789              52          47
   16.2001534      0.792870104              55          51
   19.3059807      0.769692242              96          45
   17.7530670      0.790533423             100          48
   18.7883434      0.743515074              25          46
   19.3059807      0.643579423              46          45
   16.2001534      0.459165931              49          51
   18.2707043      0.715790391              52          47
   16.2001534      0.693640888              55          51
   12.5766859      0.765480757              82          58
   19.3059807      0.699930310              96          45
   15.6825142      0.687482595             109          52
   19.8236198      0.732241690             117          44
   18.7883434      0.977698386              25          46
   19.3059807      0.700453579              46          45
   16.2001534      0.729286373              49          51
   12.5766859      0.778561473              82          58
   18.2707043      0.863408923              88          47
   15.6825142      0.725404680             109          52
   19.8236198      0.671794295             117          44
   14.6472378      0.465851575              40          54
   18.2707043      0.533028185              88          47
   15.1648760      0.496364623              89          53
   19.3059807      0.535853505              95          45
   13.0943241      0.566928983              24          57
   14.6472378      0.662602186              40          54
   18.7883434      0.551140666              57          46
   18.2707043      0.607950211              89          47
   15.1648760      0.520608187              89          53
   19.3059807      0.568031132              95          45
   18.2707043      0.579445779             110          47
   13.0943241      0.731217563              24          57
   17.7530670      0.806294382              27          48
   18.7883434      0.812935948              57          46
   18.2707043      0.707155764              89          47
   13.0943241      0.636262178              92          57
   18.2707043      0.852895200             110          47
   12.0590477      0.889150202             120          59
   17.7530670      0.874128044              27          48
   13.0943241      0.706753075              92          57
   16.2001534      0.896777093             114          51
   12.0590477      0.799892426             120          59
   13.0943241      0.750889957               3          57
   10.5061340      0.797946393              45          62
   12.0590477      0.733785331             106          59
   16.2001534      0.970551074             114          51
   13.0943241      0.795992792               3          57
   12.0590477      0.757197917              23          59
   12.0590477      0.591343760              25          59
   10.5061340      0.675035775              45          62
   12.0590477      0.745835185             106          59
   11.0237713      0.899447978             114          61
   16.2001534      0.867569983             120          51
   13.0943241      0.939388573              17          57
   12.0590477      0.508800507              23          59
   12.0590477      0.650625944              25          59
   13.6119623       1.00000000              75          56
   11.0237713      0.965850651             114          61
   16.2001534      0.973005354             120          51
   13.0943241      0.691894591              17          57
   13.6119623      0.810160637              75          56
   11.0237713      0.917740166              90          61
   17.2354279      0.823405027              24          49
   16.2001534      0.595784903              30          51
   11.0237713      0.845151007              90          61
   17.2354279      0.643038750              24          49
   16.2001534      0.499673754              30          51
   10.5061340      0.624413967              78          62
   16.7177906      0.581446469              89          50
   17.7530670      0.547665775             115          48
   16.2001534      0.495899349             118          51
   16.7177906      0.887651265              18          50
   15.6825142      0.818776250              25          52
   17.7530670      0.885450840              77          48
   10.5061340      0.670931160              78          62
   16.7177906      0.732301533              89          50
   17.7530670      0.792403996             115          48
   16.2001534      0.681553304             118          51
   16.7177906      0.741671681              18          50
   15.6825142      0.906095862              25          52
   17.7530670      0.817282259              77          48
   13.6119623      0.690802217              86          56
   13.6119623      0.690802217              86          56
   14.6472378      0.857946336              35          54
   14.6472378      0.828736782              76          54
   13.6119623      0.709987164              86          56
   13.6119623      0.709987164              86          56
   19.8236198       1.00000000              90          44
   19.3059807      0.835252881             106          45
   14.6472378      0.869443417              35          54
   14.6472378      0.762887239              76          54
   19.8236198      0.767059267              90          44
   19.3059807      0.654839933             106          45
   18.7883434      0.730962634               3          46
   16.2001534      0.663621187              36          51
   16.7177906      0.608957887              60          50
   18.7883434      0.886644661               3          46
   14.1296005      0.728887498               3          55
   16.2001534      0.858135283              36          51
   15.1648760      0.593616307              56          53
   16.7177906      0.710538208              60          50
   16.2001534      0.727239847             110          51
   14.1296005      0.723060012               3          55
   11.5414095      0.652136445              42          60
   18.7883434      0.582364082              44          46
   10.5061340      0.968290269              47          62
   15.1648760      0.626470029              56          53
   16.2001534      0.584307373             110          51
   17.7530670      0.727475703              21          48
   11.5414095      0.832329214              42          60
   18.7883434      0.672138631              44          46
   10.5061340       1.00000000              47          62
   16.7177906      0.631984532              89          50
   18.7883434      0.605575919              92          46
   17.7530670       1.00000000              21          48
   16.7177906      0.800202191              44          50
   19.8236198      0.744784296              86          44
   13.0943241      0.768044949              88          57
   16.7177906      0.667554855              89          50
   18.7883434      0.573393703              92          46
   15.6825142      0.595781565              12          52
   15.6825142      0.673097730              14          52
   10.5061340      0.537400544              24          62
   11.0237713      0.558239996              25          61
   16.7177906      0.638140738              44          50
   10.5061340      0.972430944              84          62
   19.8236198      0.620174289              86          44
   13.0943241      0.823885083              88          57
   11.5414095      0.843200147              88          60
   15.6825142      0.815100431              12          52
   15.6825142      0.634581625              14          52
   10.5061340      0.747484863              24          62
   11.0237713      0.853243172              25          61
   10.5061340      0.561012983              84          62
   11.5414095       1.00000000              88          60
   14.6472378      0.919352293             121          54
   18.2707043      0.711719573              35          47
   17.2354279      0.959347308              68          49
   12.0590477      0.709000051              91          59
   12.0590477      0.977667630              98          59
   14.6472378       1.00000000             121          54
   15.1648760      0.729462564              21          53
   18.2707043      0.718843758              35          47
   13.0943241      0.895694256              38          57
   17.2354279      0.739374220              68          49
   12.0590477      0.555343211              91          59
   14.6472378      0.727753699              95          54
   12.0590477      0.836152971              98          59
   17.7530670      0.439837635              17          48
   15.1648760      0.631109178              21          53
   16.7177906      0.600998104              24          50
   13.0943241      0.648925662              38          57
   19.3059807      0.689146399              49          45
   17.2354279      0.693043530              86          49
   14.6472378      0.787339985              95          54
   14.6472378      0.781645000               1          54
   17.7530670      0.682136238              17          48
   19.3059807      0.648244798              18          45
   16.7177906      0.539179504              24          50
   19.3059807      0.694370508              49          45
   17.7530670      0.713804722              51          48
   17.2354279      0.631266415              86          49
   13.6119623      0.616910934             106          56
   14.6472378      0.693778336               1          54
   19.3059807      0.641570270              18          45
   17.7530670      0.698050380              51          48
   19.8236198      0.903707385              60          44
   19.8236198      0.793915987              67          44
   12.5766859      0.884524107              87          58
   15.1648760      0.613302648              92          53
   13.6119623      0.755946338             106          56
   13.6119623      0.846209168              54          56
   19.8236198      0.577798545              60          44
   19.8236198      0.710674703              67          44
   12.5766859      0.866681635              87          58
   15.1648760      0.515773654              92          53
   13.6119623      0.924499333              54          56
   13.6119623      0.627512634              65          56
   15.6825142      0.834277868              18          52
   13.6119623      0.843034267              65          56
   12.5766859      0.983223081             114          58
   15.6825142      0.755886257              18          52
   16.2001534      0.551434577              98          51
   12.5766859      0.857783258             114          58
   12.0590477      0.897904515             116          59
   16.2001534      0.708301723              98          51
   12.0590477      0.746725202             116          59
   19.3059807      0.608966291              16          45
   12.5766859      0.559929729              49          58
   17.2354279       1.00000000               1          49
   19.3059807      0.699204504              16          45
   16.7177906      0.755855024              39          50
   12.5766859      0.757520735              49          58
   14.6472378      0.766098201              64          54
   17.2354279      0.922259390               1          49
   13.6119623      0.991818488              19          56
   16.7177906      0.901007175              39          50
   15.1648760      0.834808111              55          53
   14.6472378      0.733890235              64          54
   11.5414095      0.545661867             114          60
   11.5414095      0.857192218             118          60
   12.0590477      0.722595334              17          59
   13.6119623      0.603486896              19          56
   15.1648760      0.845795572              55          53
   11.5414095      0.765034020             114          60
   15.1648760      0.803812623             118          53
   11.5414095      0.626773596             118          60
   17.2354279      0.812838554              14          49
   12.0590477      0.819456160              17          59
   18.7883434      0.680752218              75          46
   15.1648760      0.687778354             118          53
   17.2354279      0.770111382              14          49
   12.5766859      0.815947473              16          58
   18.2707043      0.949753225              45          47
   18.7883434      0.790334225              75          46
   12.0590477      0.860590339             120          59
   12.5766859      0.931903839              16          58
   18.2707043      0.913922608              45          47
   15.1648760      0.952361166             116          53
   12.0590477      0.869835198             120          59
   14.6472378      0.791876912               7          54
   12.0590477      0.848043382             100          59
   15.1648760      0.853275001             116          53
   14.6472378      0.798888862               7          54
   15.6825142      0.446809977              35          52
   12.0590477      0.830313742             100          59
   11.5414095      0.882144511              17          60
   15.6825142      0.601439476              35          52
   14.1296005      0.858389497              60          55
   13.6119623      0.757303655              85          56
   11.5414095      0.865074992              17          60
   14.1296005      0.660790622              60          55
   18.2707043      0.795229554              66          47
   13.6119623      0.783852518              85          56
   17.7530670      0.757339835             101          48
   13.6119623      0.773441970             121          56
   11.5414095      0.892786443              17          60
   18.7883434      0.778586686              44          46
   14.1296005       1.00000000              50          55
   18.2707043      0.786203742              66          47
   17.7530670      0.909944177             101          48
   13.6119623      0.872715592             121          56
   11.5414095      0.789644480              17          60
   12.5766859      0.515965581              30          58
   18.7883434      0.791014552              44          46
   14.1296005      0.900665104              50          55
   12.5766859      0.706486344              30          58
   13.0943241      0.845433652              55          57
   14.6472378      0.707217276              68          54
   12.5766859      0.988396287              53          58
   12.0590477      0.929883897              54          59
   13.0943241      0.916420937              55          57
   12.0590477      0.823098361              55          59
   14.6472378      0.614069462              68          54
   19.8236198      0.711943209               8          44
   12.5766859      0.748847544              30          58
   12.0590477      0.599824965              31          59
   10.5061340      0.975461423              49          62
   12.5766859      0.693243802              53          58
   12.0590477      0.869776666              54          59
   12.0590477      0.892009616              55          59
   10.5061340      0.752268255              63          62
   15.1648760      0.642799854              78          53
   15.6825142      0.718852401             110          52
