   23.4470863      0.750784338               3          37
   23.9647236      0.678021014              10          36
   18.7883434      0.995663047              40          46
   19.8236198       1.00000000              43          44
   8.43558121      0.646094382              45          66
   16.2001534      0.573750615              47          51
   15.1648760      0.867159307              54          53
   11.0237713      0.699744403              59          61
   13.6119623      0.724707246              69          56
   24.4823627      0.545993090              79          35
   9.47085762      0.702304423              79          64
   10.5061340      0.655082822              80          62
   17.7530670      0.866921663              91          48
   23.4470863      0.786082268               3          37
   17.7530670      0.925511181              13          48
   15.1648760       1.00000000              26          53
   18.7883434      0.755491257              40          46
   16.2001534      0.737586617              41          51
   16.2001534      0.838516355              47          51
   14.6472378      0.970890760              49          54
   15.1648760      0.878286362              54          53
   6.88266754      0.896210194              56          69
   24.4823627      0.749665439              79          35
   9.47085762      0.753602147              79          64
   10.5061340      0.727451146              80          62
   24.4823627      0.883252263              92          35
   6.88266754      0.673370838             117          69
   17.7530670      0.928951144              13          48
   15.1648760      0.804413915              26          53
   24.4823627      0.764265954              32          35
   16.2001534      0.712278724              41          51
   14.6472378      0.795878828              49          54
   6.88266754       1.00000000              56          69
   9.47085762      0.650597274              67          64
   17.2354279      0.766474545              74          49
   24.4823627      0.739668429              92          35
   6.88266754      0.773318946             117          69
   19.8236198      0.839328349             118          44
   6.88266754      0.534662366              19          69
   24.4823627      0.627074778              32          35
   20.3412571      0.568434834              49          43
   19.3059807      0.627776742              67          45
   9.47085762      0.727779925              67          64
   17.2354279      0.634794056              74          49
   12.5766859      0.407021344              82          58
   6.36502838      0.700644732              88          70
   19.8236198      0.625510871             118          44
   6.88266754      0.699566543              19          69
   17.7530670      0.881380200              42          48
   20.3412571      0.955161631              49          43
   17.2354279      0.642858207              61          49
   19.3059807      0.935302615              67          45
   21.3765335      0.562555671              75          41
   12.5766859      0.684518814              82          58
   6.36502838      0.761712551              88          70
   25.0000000      0.744826674              99          34
   22.9294472       1.00000000             115          38
   23.9647236      0.768563271              12          36
   17.7530670      0.692386746              42          48
   17.2354279      0.648623645              61          49
   21.3765335      0.779329419              75          41
   15.1648760      0.756248832              86          53
   19.3059807      0.889267743              91          45
   8.95321846      0.982014358              91          65
   25.0000000      0.861917019              99          34
   22.9294472      0.754386365             115          38
   17.2354279      0.688858688             121          49
   13.6119623      0.919925928               8          56
   23.9647236      0.965372264              12          36
   22.9294472      0.862726152              18          38
   15.1648760      0.913513720              37          53
   16.2001534      0.758877337              63          51
   13.0943241      0.821104228              71          57
   18.2707043      0.821857154              73          47
   15.1648760      0.920410633              86          53
   19.3059807      0.994845927              91          45
   8.95321846      0.908923268              91          65
   8.95321846      0.982146859              99          65
   17.2354279      0.882716238             121          49
   13.6119623      0.986634552               8          56
   18.2707043      0.698173463              13          47
   22.9294472      0.849070847              18          38
   18.7883434      0.863887787              32          46
   15.1648760      0.585621536              37          53
   22.9294472      0.714856625              61          38
   16.2001534      0.701251507              63          51
   21.3765335      0.786150157              67          41
   13.0943241      0.813341856              71          57
   18.2707043      0.595657825              73          47
   8.43558121      0.516777039              81          66
   7.40030479      0.553032219              81          68
   16.2001534      0.697330475              96          51
   8.95321846      0.740252674              99          65
   20.3412571      0.647815764              13          43
   18.2707043      0.909068227              13          47
   17.2354279      0.859792769              15          49
   20.8588943      0.595375478              27          42
   18.7883434      0.507330239              32          46
   22.9294472      0.476723224              61          38
   21.3765335      0.566149473              67          41
   7.40030479      0.547937989              73          68
   8.43558121      0.436219513              81          66
   7.40030479      0.429937065              81          68
   6.36502838      0.671056390              94          70
   16.2001534      0.571335137              96          51
   25.0000000      0.631646276             115          34
   7.91794395      0.692958474               4          67
   7.91794395      0.525248408              10          67
   20.3412571      0.727903068              13          43
   17.2354279      0.983830214              15          49
   9.98849583      0.930912852              26          63
   20.8588943      0.763924301              27          42
   21.3765335      0.923876703              49          41
   24.4823627      0.648724318              51          35
   22.9294472      0.828081131              69          38
   7.40030479      0.697765827              73          68
   6.36502838      0.829601705              84          70
   6.36502838       1.00000000              94          70
   25.0000000      0.828688502             115          34
   7.91794395      0.914450407               4          67
   15.6825142      0.731580436               7          52
   7.91794395      0.532203853              10          67
   19.8236198      0.807305396              15          44
   10.5061340      0.789747357              17          62
   9.98849583       1.00000000              26          63
   21.3765335      0.868941903              49          41
   24.4823627      0.772874355              51          35
   22.9294472      0.606082916              69          38
   14.1296005      0.867010176              71          55
   6.36502838      0.943984091              82          70
   6.36502838      0.836507738              84          70
   11.0237713      0.578952372              89          61
   15.6825142      0.631303608               7          52
   19.8236198      0.702433586              15          44
   10.5061340      0.952436566              17          62
   14.1296005      0.849099517              44          55
   18.2707043      0.791358471              50          47
   20.8588943      0.843261302              64          42
   14.1296005      0.838823915              71          55
   17.2354279      0.670431852              81          49
   6.36502838      0.922724843              82          70
   12.5766859      0.787910819              89          58
   11.0237713      0.728593588              89          61
   22.4118099      0.784635961              91          39
   14.1296005      0.863783240              44          55
   18.2707043      0.856051803              50          47
   6.88266754      0.994804025              56          69
   20.8588943      0.832331300              64          42
   17.2354279      0.878094137              81          49
   9.98849583      0.591062367              84          63
   7.91794395      0.717780650              85          67
   12.5766859      0.649097741              89          58
   22.4118099      0.898800254              91          39
   23.4470863      0.950513065              92          37
   9.47085762      0.726305127              98          64
   18.7883434      0.734111428             110          46
   16.2001534      0.954708755             114          51
   19.8236198      0.904167771              42          44
   6.88266754      0.793909729              56          69
   14.6472378      0.739380121              75          54
   9.98849583      0.678051233              84          63
   7.91794395      0.812193751              85          67
   15.1648760      0.859275818              90          53
   23.4470863      0.848155141              92          37
   9.47085762      0.798665524              98          64
   18.7883434      0.747053325             110          46
   17.2354279      0.990637600             113          49
   16.2001534       1.00000000             114          51
   22.9294472      0.827556849              22          38
   11.5414095      0.892875671              39          60
   19.8236198      0.695960224              42          44
   21.8941708      0.833184898              44          40
   21.8941708      0.766479552              57          40
   17.7530670      0.835302532              57          48
   14.6472378      0.948968291              75          54
   15.1648760       1.00000000              90          53
   17.2354279      0.930742800             113          49
   13.6119623      0.558283806              17          56
   22.9294472      0.792327404              22          38
   24.4823627      0.810524166              33          35
   11.5414095      0.920272648              39          60
   21.8941708       1.00000000              44          40
   18.7883434      0.779189289              51          46
   21.8941708      0.718835235              57          40
   17.7530670      0.803541780              57          48
   8.95321846      0.852232277              64          65
   16.7177906      0.723728478              66          50
   14.1296005      0.726857126              86          55
   23.9647236      0.920399904              98          36
   14.1296005      0.835617006             102          55
   8.43558121      0.784300745               4          66
   13.6119623      0.996635795              17          56
   23.9647236      0.803866804              20          36
   7.40030479      0.770736933              24          68
   24.4823627      0.773766458              33          35
   18.7883434      0.744125724              51          46
   8.95321846      0.817705095              64          65
   16.7177906      0.713138103              66          50
   17.2354279      0.605702460              77          49
   14.1296005      0.739406824              86          55
   23.9647236      0.768084526              98          36
   14.1296005      0.705340266             102          55
   20.3412571      0.783183575             109          43
   8.43558121      0.702795863               4          66
   23.9647236      0.876773894              20          36
   7.40030479      0.774402201              24          68
   25.0000000      0.822458625              35          34
   14.6472378      0.673482835              38          54
   21.3765335      0.689987063              41          41
   9.47085762      0.673545539              70          64
   17.2354279      0.670383036              77          49
   12.0590477      0.700352073             100          59
   20.3412571      0.838795841             109          43
   7.91794395       1.00000000               4          67
   25.0000000      0.689781666              19          34
   19.8236198      0.727587998              20          44
   25.0000000      0.711369753              35          34
   14.6472378      0.635435998              38          54
   21.3765335      0.519649982              41          41
   20.8588943      0.811427176              50          42
   9.47085762      0.663780987              70          64
   20.8588943      0.582308710              75          42
   12.0590477      0.588362098             100          59
   19.3059807      0.740316570             109          45
   7.91794395      0.757167935               4          67
   25.0000000      0.800737560              19          34
   19.8236198      0.935501873              20          44
   25.0000000      0.724528074              40          34
   17.7530670      0.932416558              46          48
   11.5414095      0.826459110              46          60
   20.8588943      0.839149594              50          42
   11.5414095      0.866612673              71          60
   20.8588943      0.857380867              75          42
   6.36502838      0.848618686              87          70
   19.3059807      0.709233880             109          45
   21.3765335      0.727244854              32          41
   12.5766859      0.867405355              35          58
   25.0000000      0.646933496              40          34
   17.7530670       1.00000000              46          48
   11.5414095      0.806470513              46          60
   13.6119623      0.823581576              66          56
   11.5414095      0.824521184              71          60
   12.0590477      0.622879326              74          59
   17.7530670      0.790288150              79          48
   6.36502838      0.827830136              87          70
   18.2707043      0.677274108             102          47
   8.95321846      0.808956265             102          65
   12.5766859      0.499290884              16          58
   21.3765335      0.830707908              32          41
   14.1296005      0.691324234              32          55
   12.5766859      0.756896198              35          58
   17.2354279      0.817820013              44          49
   9.47085762      0.714176476              49          64
   13.6119623      0.890505552              66          56
   17.7530670      0.874925673              68          48
   12.0590477      0.668524742              74          59
   22.4118099      0.805657923              78          39
   17.7530670      0.922250688              79          48
   21.8941708      0.757558405              87          40
   18.2707043      0.826722801             102          47
   8.95321846      0.887297750             102          65
   21.8941708       1.00000000             118          40
   12.5766859      0.643851161              16          58
   17.7530670      0.891015530              22          48
   14.1296005      0.741461456              32          55
   17.2354279      0.866922379              44          49
   9.47085762      0.667320251              49          64
   5.84739113      0.985821068              66          71
   17.7530670      0.700600505              68          48
   17.7530670      0.999663949              75          48
   17.2354279      0.971280217              77          49
   22.4118099      0.887402773              78          39
   21.8941708       1.00000000              87          40
   7.91794395      0.776482046             102          67
   20.8588943      0.794905424             110          42
   22.9294472      0.828689933             113          38
   21.8941708      0.787576556             118          40
   18.2707043      0.932515979              14          47
   17.7530670      0.709983289              22          48
   25.0000000      0.919624329              30          34
   17.7530670      0.719855487              48          48
   5.84739113      0.828533590              66          71
   17.7530670       1.00000000              75          48
   17.2354279      0.880378366              77          49
   10.5061340      0.950254977              85          62
   23.4470863      0.743458331              91          37
   9.47085762      0.928888202              91          64
   7.91794395      0.788197279             102          67
   20.8588943      0.974690199             110          42
   22.9294472      0.883036435             113          38
   18.2707043      0.694274426              14          47
   25.0000000      0.669232428              30          34
   17.7530670      0.621635199              48          48
   10.5061340      0.552458644              85          62
   23.4470863      0.608490944              91          37
   9.47085762      0.768038869              91          64
   10.5061340      0.743674397             102          62
   20.8588943      0.756752253             106          42
   9.98849583      0.669395030               8          63
   10.5061340      0.702137113             102          62
   20.8588943      0.683907449             106          42
   9.98849583      0.559179008               8          63
   17.2354279      0.868832052              12          49
   6.36502838      0.557894051              83          70
   14.1296005      0.584732592              84          55
   25.0000000      0.468637317              89          34
   19.3059807      0.656416416              91          45
   17.2354279      0.714457393              12          49
   12.0590477      0.546846151              54          59
   25.0000000      0.602429390              62          34
   12.5766859      0.662267387              64          58
   15.1648760      0.760373294              72          53
   6.36502838      0.502462983              83          70
   14.1296005      0.508105755              84          55
   22.9294472      0.987356961              88          38
   25.0000000      0.771753907              89          34
   19.3059807      0.552070618              91          45
   25.0000000      0.637142658              92          34
   12.0590477      0.934829295              54          59
   25.0000000      0.910832345              62          34
   12.5766859      0.995482981              64          58
   15.1648760      0.900587022              72          53
   22.9294472      0.978796303              88          38
   25.0000000       1.00000000              92          34
   20.3412571      0.663672686             103          43
   14.1296005      0.751196623             115          55
   11.0237713      0.505735815              38          61
   22.4118099      0.458892792              53          39
   24.4823627      0.425857037              84          35
   20.3412571      0.575701773             103          43
   6.36502838      0.506275535             109          70
   14.1296005      0.541046143             115          55
   11.0237713      0.748716354              38          61
   7.40030479      0.704921186              41          68
   22.4118099      0.700499892              53          39
   17.7530670      0.985161185              65          48
   10.5061340      0.826369643              70          62
   24.4823627      0.959698498              84          35
   20.8588943       1.00000000              88          42
   11.0237713      0.967654765              88          61
   15.6825142      0.798931897              98          52
   6.36502838      0.812460184             109          70
   11.0237713      0.734681427               6          61
   23.9647236      0.892727852              11          36
   9.98849583       1.00000000              24          63
   18.7883434      0.807462811              25          46
   7.40030479      0.497153997              41          68
   17.7530670      0.687551558              65          48
   10.5061340      0.717315614              70          62
   20.8588943      0.767626822              88          42
   11.0237713      0.782490969              88          61
   15.6825142      0.729668677              98          52
   10.5061340      0.775795877             103          62
   9.98849583      0.996337235             120          63
   11.0237713      0.599679649               6          61
   23.9647236      0.926876366              11          36
   21.8941708      0.751219690              17          40
   9.98849583      0.883783221              24          63
   18.7883434      0.894261837              25          46
   21.3765335      0.742605865              38          41
   23.4470863      0.842289269              81          37
   9.98849583      0.805456340              91          63
   10.5061340      0.647403598             103          62
   13.6119623      0.638000548             105          56
   18.2707043      0.842421651             109          47
   9.98849583       1.00000000             120          63
   21.8941708      0.595398664              17          40
   7.40030479      0.644674599              28          68
   21.3765335      0.709819019              38          41
   9.98849583      0.688481033              42          63
   13.6119623      0.794884026              46          56
   18.7883434      0.850719810              59          46
   5.84739113       1.00000000              68          71
   15.6825142      0.631819963              69          52
   19.3059807      0.511325121              75          45
   16.2001534      0.792309403              77          51
   23.4470863      0.950413764              81          37
   7.91794395      0.565415323              90          67
   9.98849583      0.801543713              91          63
   13.6119623      0.794167876             105          56
   18.2707043      0.751333058             109          47
   7.40030479      0.871681571              28          68
   6.36502838      0.975278258              34          70
   11.0237713      0.749757349              37          61
   9.98849583      0.616163015              42          63
   13.6119623      0.678021967              46          56
   19.8236198      0.743311167              48          44
   7.40030479      0.781651795              54          68
   23.4470863      0.773999214              56          37
   18.7883434      0.857425332              59          46
   5.84739113      0.960429192              68          71
   15.6825142      0.616196275              69          52
   19.3059807      0.622033536              75          45
   16.2001534      0.600595057              77          51
   7.40030479      0.538783908              79          68
   7.91794395      0.755814552              90          67
   16.7177906      0.796925128              18          50
   15.6825142      0.687557876              18          52
   6.36502838      0.863397658              34          70
   11.0237713      0.922515392              37          61
   19.8236198      0.789075196              48          44
   7.40030479      0.661350608              54          68
   23.4470863      0.861889243              56          37
   7.40030479      0.777831793              79          68
   16.7177906      0.999469995              80          50
   23.4470863      0.672902763              84          37
   17.7530670      0.938773334              94          48
   9.47085762      0.895430446              13          64
   15.1648760      0.783898354              17          53
   16.7177906      0.948560476              18          50
   15.6825142      0.878352642              18          52
   13.0943241      0.937026501              33          57
   18.2707043      0.747099936              41          47
   19.3059807      0.789097965              56          45
   16.7177906      0.778946042              80          50
   23.4470863      0.797311723              84          37
   17.7530670      0.966699839              94          48
   12.0590477      0.421171695              98          59
   9.47085762      0.881946802              13          64
   15.1648760      0.778385580              17          53
   13.0943241      0.821086705              25          57
   13.0943241      0.602604628              33          57
   23.4470863      0.866455793              34          37
   18.2707043      0.858639359              41          47
   19.3059807      0.811685562              56          45
   22.4118099      0.767113149              67          39
   15.1648760      0.724692464              94          53
   12.0590477      0.835264444              98          59
   20.3412571      0.895307422             116          43
   10.5061340       1.00000000             117          62
   15.6825142      0.593966782              11          52
   13.0943241      0.857696831              25          57
   23.4470863      0.881812394              34          37
   22.9294472      0.874603391              42          38
   8.95321846      0.704940915              61          65
   22.4118099      0.797231913              67          39
   18.2707043      0.894367456              84          47
   15.1648760      0.673173666              94          53
   11.5414095      0.790157259             105          60
   20.3412571      0.872752309             116          43
   10.5061340       1.00000000             117          62
   12.0590477      0.619437873              10          59
   15.6825142      0.600449502              11          52
   19.3059807      0.702883363              26          45
   18.2707043      0.798319995              29          47
   17.7530670      0.604064167              40          48
   22.9294472      0.874217451              42          38
   18.7883434      0.834356725              55          46
   8.95321846      0.982606769              61          65
   18.2707043      0.820620358              84          47
   18.7883434      0.788122833              86          46
   16.2001534      0.915139258              88          51
   11.5414095      0.888544858             105          60
   21.8941708      0.993569195             111          40
   12.0590477      0.873475552              10          59
   19.3059807      0.675808311              26          45
   18.2707043      0.701048136              29          47
   11.5414095       1.00000000              29          60
   9.98849583      0.924312532              36          63
   15.1648760      0.824385047              39          53
   17.7530670      0.721398711              40          48
   18.7883434      0.759172499              55          46
   18.7883434      0.916059494              86          46
   16.2001534      0.867150903              88          51
   21.8941708      0.994710743              93          40
   21.8941708      0.834611297             111          40
   13.0943241      0.638951063              19          57
   11.5414095      0.701051772              29          60
   9.98849583      0.947820485              36          63
   15.1648760      0.695352733              39          53
   22.4118099      0.780588567              88          39
   19.3059807      0.816935360              88          45
   21.8941708       1.00000000              93          40
   8.95321846      0.843551815             105          65
   10.5061340      0.705452204               2          62
   13.0943241      0.691195905              19          57
   13.6119623      0.925019920              55          56
   25.0000000      0.871076822              74          34
   22.4118099      0.778108001              88          39
   19.3059807      0.730731189              88          45
   8.95321846      0.894083023             105          65
   19.8236198      0.672186673             117          44
   23.9647236      0.794031620             119          36
   10.5061340      0.831921935               2          62
   6.36502838      0.871154904              47          70
   7.91794395      0.333040208              54          67
   13.6119623       1.00000000              55          56
   25.0000000      0.689839125              74          34
   16.7177906      0.595890462              86          50
   13.6119623      0.664679050              96          56
   19.8236198      0.556494713             117          44
   23.9647236      0.816349089             119          36
   6.36502838      0.919727743              47          70
   7.91794395      0.585925043              54          67
   16.7177906      0.853862166              86          50
   15.1648760      0.774905145              89          53
   13.6119623      0.835849345              96          56
   15.6825142      0.623023510              97          52
   15.1648760      0.757507384              89          53
   15.6825142      0.549968719              97          52
   9.47085762      0.795105398             105          64
   13.6119623      0.879177988             106          56
   17.7530670      0.599339664              60          48
   15.1648760      0.730990469              62          53
   20.8588943      0.597482204              94          42
   25.0000000      0.442831278             103          34
   9.47085762      0.640795827             105          64
   13.6119623      0.647759914             106          56
   23.9647236      0.860005021              23          36
   25.0000000      0.763858855              30          34
   24.4823627      0.833228350              48          35
   17.7530670      0.873017907              60          48
   15.1648760      0.851225853              62          53
   20.8588943      0.739060819              94          42
   17.2354279      0.807269275              99          49
   25.0000000      0.717825353             103          34
   25.0000000      0.673360765              17          34
   23.9647236      0.866844356              23          36
   25.0000000      0.799296856              30          34
   19.8236198      0.896037400              46          44
   24.4823627      0.913001060              48          35
   17.2354279      0.956530929              99          49
   20.8588943      0.895044029             120          42
   18.7883434      0.855544746              13          46
   25.0000000      0.790920615              17          34
   12.5766859      0.813768506              45          58
   23.4470863      0.879068911              46          37
   19.8236198      0.787897468              46          44
   20.8588943      0.996127725              67          42
   17.7530670      0.951223254             100          48
   8.43558121      0.904691577             105          66
   20.8588943      0.831250727             120          42
   18.7883434      0.879723191              13          46
   12.5766859      0.756643057              45          58
   23.4470863      0.730775118              46          37
   18.2707043      0.896991789              52          47
   16.2001534      0.792870104              55          51
   20.8588943       1.00000000              67          42
   8.43558121      0.841772556              95          66
   19.3059807      0.769692242              96          45
   17.7530670      0.790533423             100          48
   8.43558121      0.750213027             105          66
   7.40030479      0.775076270               3          68
   18.7883434      0.743515074              25          46
   9.98849583       1.00000000              32          63
   19.3059807      0.643579423              46          45
   16.2001534      0.459165931              49          51
   18.2707043      0.715790391              52          47
   16.2001534      0.693640888              55          51
   12.5766859      0.765480757              82          58
   8.43558121      0.970324993              95          66
   19.3059807      0.699930310              96          45
   15.6825142      0.687482595             109          52
   19.8236198      0.732241690             117          44
   7.40030479      0.586372554               3          68
   7.40030479      0.865889847              13          68
   18.7883434      0.977698386              25          46
   9.98849583      0.976701796              32          63
   19.3059807      0.700453579              46          45
   16.2001534      0.729286373              49          51
   22.4118099      0.615010798              76          39
   12.5766859      0.778561473              82          58
   18.2707043      0.863408923              88          47
   15.6825142      0.725404680             109          52
   20.8588943      0.738022208             117          42
   19.8236198      0.671794295             117          44
   7.40030479      0.417279720              13          68
   9.98849583      0.588371813              20          63
   9.47085762      0.464227080              27          64
   14.6472378      0.465851575              40          54
   24.4823627      0.558580756              65          35
   23.4470863      0.983203709              68          37
   22.9294472       1.00000000              68          38
   22.4118099      0.290145874              76          39
   22.9294472      0.469296485              82          38
   18.2707043      0.533028185              88          47
   15.1648760      0.496364623              89          53
   19.3059807      0.535853505              95          45
   20.8588943      0.634695947             101          42
   20.8588943      0.555896461             117          42
   9.98849583      0.603352726              20          63
   13.0943241      0.566928983              24          57
   9.47085762      0.624230385              27          64
   20.3412571      0.605814576              40          43
   14.6472378      0.662602186              40          54
   18.7883434      0.551140666              57          46
   24.4823627      0.540250242              65          35
   23.4470863       1.00000000              68          37
   22.9294472      0.997690916              68          38
   22.9294472      0.615275621              82          38
   18.2707043      0.607950211              89          47
   15.1648760      0.520608187              89          53
   19.3059807      0.568031132              95          45
   20.8588943      0.581073046             101          42
   18.2707043      0.579445779             110          47
   20.8588943      0.805467308               6          42
   13.0943241      0.731217563              24          57
   17.7530670      0.806294382              27          48
   20.3412571      0.885493994              40          43
   18.7883434      0.812935948              57          46
   21.8941708      0.948146582              60          40
   18.2707043      0.707155764              89          47
   13.0943241      0.636262178              92          57
   9.98849583      0.984014273             105          63
   18.2707043      0.852895200             110          47
   12.0590477      0.889150202             120          59
   20.8588943      0.595317662               6          42
   17.7530670      0.874128044              27          48
   21.8941708      0.775232494              60          40
   23.4470863      0.725199580              74          37
   13.0943241      0.706753075              92          57
   9.98849583      0.878682375             105          63
   16.2001534      0.896777093             114          51
   9.98849583      0.696183085             116          63
   12.0590477      0.799892426             120          59
   23.9647236      0.729450881             121          36
   13.0943241      0.750889957               3          57
   21.8941708      0.795702577              32          40
   20.8588943      0.782323301              33          42
   10.5061340      0.797946393              45          62
   23.4470863      0.822390676              74          37
   12.0590477      0.733785331             106          59
   20.8588943      0.651567400             108          42
   16.2001534      0.970551074             114          51
   9.98849583      0.869419336             116          63
   7.40030479      0.786053061             119          68
   23.9647236      0.760707200             121          36
   23.9647236      0.720063150               2          36
   13.0943241      0.795992792               3          57
   12.0590477      0.757197917              23          59
   12.0590477      0.591343760              25          59
   21.8941708      0.880590677              32          40
   20.8588943      0.741390109              33          42
   24.4823627      0.636490643              44          35
   10.5061340      0.675035775              45          62
   8.43558121      0.930349648              60          66
   20.3412571      0.863384068              83          43
   12.0590477      0.745835185             106          59
   20.8588943      0.795815945             108          42
   11.0237713      0.899447978             114          61
   7.40030479      0.795235932             119          68
   16.2001534      0.867569983             120          51
   23.9647236      0.970445275               2          36
   13.0943241      0.939388573              17          57
   12.0590477      0.508800507              23          59
   12.0590477      0.650625944              25          59
   24.4823627      0.862167895              44          35
   22.9294472      0.902388632              47          38
   8.43558121      0.650256097              60          66
   24.4823627      0.790483952              65          35
   20.8588943      0.923398852              67          42
   13.6119623       1.00000000              75          56
   20.3412571      0.870393157              83          43
   8.43558121      0.773885250             100          66
   11.0237713      0.965850651             114          61
   16.2001534      0.973005354             120          51
   13.0943241      0.691894591              17          57
   24.4823627      0.748557508              22          35
   20.3412571      0.817318261              44          43
   22.9294472      0.801251590              47          38
   24.4823627      0.787678123              65          35
   20.8588943      0.934248030              67          42
   13.6119623      0.810160637              75          56
   11.0237713      0.917740166              90          61
   8.43558121      0.846785784             100          66
   24.4823627      0.829549611              22          35
   17.2354279      0.823405027              24          49
   16.2001534      0.595784903              30          51
   20.3412571      0.817995131              44          43
   25.0000000      0.626539886              80          34
   11.0237713      0.845151007              90          61
   8.43558121      0.539440036              99          66
   21.8941708      0.757087111             117          40
   23.9647236      0.590914369              24          36
   17.2354279      0.643038750              24          49
   16.2001534      0.499673754              30          51
   8.43558121      0.750139177              35          66
   9.98849583       1.00000000              51          63
   10.5061340      0.624413967              78          62
   25.0000000      0.429790020              80          34
   16.7177906      0.581446469              89          50
   8.43558121      0.493159115              99          66
   17.7530670      0.547665775             115          48
   21.8941708      0.648363888             117          40
   16.2001534      0.495899349             118          51
   23.4470863      0.673237622             120          37
   16.7177906      0.887651265              18          50
   23.9647236      0.763934255              24          36
   15.6825142      0.818776250              25          52
   8.43558121      0.974038661              35          66
   22.4118099      0.693193972              45          39
   9.98849583      0.980992794              51          63
   23.9647236      0.707426548              52          36
   17.7530670      0.885450840              77          48
   10.5061340      0.670931160              78          62
   16.7177906      0.732301533              89          50
   17.7530670      0.792403996             115          48
   16.2001534      0.681553304             118          51
   23.4470863      0.468168736             119          37
   23.4470863      0.331048816             120          37
   6.88266754      0.860866606               3          69
   16.7177906      0.741671681              18          50
   24.4823627      0.828522384              25          35
   15.6825142      0.906095862              25          52
   6.36502838      0.719883740              41          70
   22.4118099      0.880178094              45          39
   23.9647236      0.736879945              52          36
   17.7530670      0.817282259              77          48
   13.6119623      0.690802217              86          56
   13.6119623      0.690802217              86          56
   23.4470863      0.964705169             119          37
   6.88266754      0.891631067               3          69
   6.36502838      0.661001444              16          70
   24.4823627      0.830734015              25          35
   14.6472378      0.857946336              35          54
   7.40030479      0.954698265              35          68
   6.36502838      0.636675537              41          70
   14.6472378      0.828736782              76          54
   13.6119623      0.709987164              86          56
   13.6119623      0.709987164              86          56
   19.8236198       1.00000000              90          44
   7.40030479      0.905201674             100          68
   19.3059807      0.835252881             106          45
   23.9647236      0.776483536               6          36
   6.36502838      0.848197997              16          70
   5.84739113      0.967847347              30          71
   14.6472378      0.869443417              35          54
   7.40030479      0.660926878              35          68
   14.6472378      0.762887239              76          54
   25.0000000      0.923379302              80          34
   19.8236198      0.767059267              90          44
   9.47085762      0.769983768              96          64
   7.40030479      0.791968346             100          68
   19.3059807      0.654839933             106          45
   18.7883434      0.730962634               3          46
   23.9647236      0.673935950               6          36
   5.84739113      0.896480024              30          71
   16.2001534      0.663621187              36          51
   16.7177906      0.608957887              60          50
   6.36502838      0.784140348              75          70
   25.0000000      0.925865352              80          34
   9.98849583      0.997947693              94          63
   9.47085762       1.00000000              96          64
   18.7883434      0.886644661               3          46
   14.1296005      0.728887498               3          55
   6.88266754      0.615198791              12          69
   16.2001534      0.858135283              36          51
   21.8941708      0.882114828              42          40
   15.1648760      0.593616307              56          53
   16.7177906      0.710538208              60          50
   6.36502838      0.848013461              75          70
   9.98849583      0.786161423              94          63
   16.2001534      0.727239847             110          51
   14.1296005      0.723060012               3          55
   6.88266754      0.750894725              12          69
   21.8941708      0.727989376              42          40
   11.5414095      0.652136445              42          60
   18.7883434      0.582364082              44          46
   10.5061340      0.968290269              47          62
   20.8588943      0.426296502              50          42
   25.0000000      0.578616858              56          34
   15.1648760      0.626470029              56          53
   16.2001534      0.584307373             110          51
   17.7530670      0.727475703              21          48
   9.98849583      0.659817994              30          63
   6.88266754      0.633905828              35          69
   11.5414095      0.832329214              42          60
   18.7883434      0.672138631              44          46
   10.5061340       1.00000000              47          62
   20.8588943      0.538733900              50          42
   25.0000000      0.604161501              56          34
   22.9294472      0.709216654              78          38
   16.7177906      0.631984532              89          50
   18.7883434      0.605575919              92          46
   6.88266754      0.842964470             104          69
   22.9294472      0.749674082             120          38
   9.47085762      0.627630889              12          64
   17.7530670       1.00000000              21          48
   9.98849583      0.833063066              30          63
   6.88266754      0.603461027              35          69
   16.7177906      0.800202191              44          50
   23.4470863      0.716746449              71          37
   22.9294472      0.870251238              78          38
   6.36502838      0.731674552              82          70
   19.8236198      0.744784296              86          44
   13.0943241      0.768044949              88          57
   16.7177906      0.667554855              89          50
   18.7883434      0.573393703              92          46
   6.88266754      0.676655114             104          69
   22.9294472      0.757011890             120          38
   15.6825142      0.595781565              12          52
   9.47085762      0.792266190              12          64
   15.6825142      0.673097730              14          52
   10.5061340      0.537400544              24          62
   11.0237713      0.558239996              25          61
   16.7177906      0.638140738              44          50
   5.84739113      0.851603031              64          71
   23.4470863      0.659379661              71          37
   6.36502838      0.541107595              82          70
   10.5061340      0.972430944              84          62
   19.8236198      0.620174289              86          44
   13.0943241      0.823885083              88          57
   11.5414095      0.843200147              88          60
   23.4470863      0.740066051             105          37
   22.4118099      0.649937153             120          39
   15.6825142      0.815100431              12          52
   15.6825142      0.634581625              14          52
   10.5061340      0.747484863              24          62
   11.0237713      0.853243172              25          61
   23.4470863      0.798259914              30          37
   5.84739113      0.582448244              64          71
   10.5061340      0.561012983              84          62
   11.5414095       1.00000000              88          60
   23.4470863      0.791164637             105          37
   22.4118099      0.670122921             120          39
   14.6472378      0.919352293             121          54
   25.0000000      0.779989779              23          34
   23.4470863      0.793733060              30          37
   18.2707043      0.711719573              35          47
   9.98849583      0.902516842              67          63
   17.2354279      0.959347308              68          49
   6.88266754      0.550724983              84          69
   12.0590477      0.709000051              91          59
   12.0590477      0.977667630              98          59
   20.8588943      0.893048286             106          42
   14.6472378       1.00000000             121          54
   15.1648760      0.729462564              21          53
   25.0000000      0.771995068              23          34
   18.2707043      0.718843758              35          47
   13.0943241      0.895694256              38          57
   25.0000000      0.578158081              67          34
   9.98849583      0.855352104              67          63
   17.2354279      0.739374220              68          49
   6.88266754      0.711519301              84          69
   12.0590477      0.555343211              91          59
   14.6472378      0.727753699              95          54
   12.0590477      0.836152971              98          59
   20.8588943      0.821377575             106          42
   17.7530670      0.439837635              17          48
   5.84739113      0.769263387              20          71
   15.1648760      0.631109178              21          53
   16.7177906      0.600998104              24          50
   13.0943241      0.648925662              38          57
   19.3059807      0.689146399              49          45
   25.0000000      0.578356326              67          34
   17.2354279      0.693043530              86          49
   14.6472378      0.787339985              95          54
   14.6472378      0.781645000               1          54
   17.7530670      0.682136238              17          48
   19.3059807      0.648244798              18          45
   5.84739113       1.00000000              20          71
   16.7177906      0.539179504              24          50
   19.3059807      0.694370508              49          45
   17.7530670      0.713804722              51          48
   22.4118099      0.856882453              69          39
   17.2354279      0.631266415              86          49
   13.6119623      0.616910934             106          56
   14.6472378      0.693778336               1          54
   19.3059807      0.641570270              18          45
   17.7530670      0.698050380              51          48
   19.8236198      0.903707385              60          44
   23.9647236      0.742208242              66          36
   19.8236198      0.793915987              67          44
   22.4118099      0.789663911              69          39
   12.5766859      0.884524107              87          58
   15.1648760      0.613302648              92          53
   13.6119623      0.755946338             106          56
   13.6119623      0.846209168              54          56
   19.8236198      0.577798545              60          44
   23.9647236      0.751405001              66          36
   19.8236198      0.710674703              67          44
   12.5766859      0.866681635              87          58
   15.1648760      0.515773654              92          53
   7.91794395      0.683973849             116          67
   20.8588943      0.737470806             118          42
   22.9294472      0.904579163               1          38
   23.9647236      0.728758991               2          36
   25.0000000      0.743379235              52          34
   13.6119623      0.924499333              54          56
   13.6119623      0.627512634              65          56
   20.3412571      0.676896036             103          43
   7.91794395      0.756024480             116          67
   20.8588943      0.691715062             118          42
   22.9294472      0.824111938               1          38
   23.9647236      0.905686080               2          36
   15.6825142      0.834277868              18          52
   25.0000000      0.860228002              52          34
   13.6119623      0.843034267              65          56
   7.91794395      0.881564081              87          67
   20.3412571      0.718974769             103          43
   12.5766859      0.983223081             114          58
   15.6825142      0.755886257              18          52
   7.91794395      0.770580351              87          67
   16.2001534      0.551434577              98          51
   12.5766859      0.857783258             114          58
   12.0590477      0.897904515             116          59
   23.9647236      0.868350148              67          36
   8.95321846      0.809259176              84          65
   22.9294472      0.750288606              87          38
   16.2001534      0.708301723              98          51
   9.98849583      0.816194057             101          63
   12.0590477      0.746725202             116          59
   19.3059807      0.608966291              16          45
   20.3412571      0.643250704              27          43
   12.5766859      0.559929729              49          58
   23.9647236      0.746512890              67          36
   8.95321846      0.877505183              84          65
   22.9294472      0.938408613              87          38
   9.98849583      0.641420722             101          63
   17.2354279       1.00000000               1          49
   19.3059807      0.699204504              16          45
   20.3412571      0.696623325              27          43
   9.47085762      0.961463511              30          64
   16.7177906      0.755855024              39          50
   12.5766859      0.757520735              49          58
   14.6472378      0.766098201              64          54
   8.43558121      0.829839587              86          66
   8.95321846      0.827833414             121          65
   17.2354279      0.922259390               1          49
   22.9294472      0.904086173              11          38
   13.6119623      0.991818488              19          56
   9.47085762      0.868357420              30          64
   16.7177906      0.901007175              39          50
   9.98849583      0.649734676              52          63
   15.1648760      0.834808111              55          53
   14.6472378      0.733890235              64          54
   7.40030479      0.624005258              72          68
   9.47085762      0.983553827              83          64
   8.43558121      0.709206283              86          66
   11.5414095      0.545661867             114          60
   11.5414095      0.857192218             118          60
   8.95321846      0.553090811             121          65
   25.0000000      0.687690377               1          34
   22.9294472       1.00000000              11          38
   12.0590477      0.722595334              17          59
   13.6119623      0.603486896              19          56
   21.8941708      0.799101233              26          40
   9.98849583      0.474163532              52          63
   15.1648760      0.845795572              55          53
   7.40030479      0.557013333              72          68
   9.47085762      0.937361896              83          64
   25.0000000      0.825098157              85          34
   6.88266754      0.787669599             110          69
   11.5414095      0.765034020             114          60
   15.1648760      0.803812623             118          53
   11.5414095      0.626773596             118          60
   25.0000000      0.712386966               1          34
   21.3765335      0.571033776              14          41
   17.2354279      0.812838554              14          49
   12.0590477      0.819456160              17          59
   21.8941708      0.880028188              26          40
   18.7883434      0.680752218              75          46
   25.0000000      0.854158103              85          34
   6.88266754      0.836713493             110          69
   15.1648760      0.687778354             118          53
   21.3765335      0.653848231              14          41
   17.2354279      0.770111382              14          49
   12.5766859      0.815947473              16          58
   25.0000000      0.708342969              20          34
   18.2707043      0.949753225              45          47
   6.36502838      0.546522260              45          70
   18.7883434      0.790334225              75          46
   7.40030479      0.692176402             102          68
   12.0590477      0.860590339             120          59
   12.5766859      0.931903839              16          58
   25.0000000      0.816700459              20          34
   18.2707043      0.913922608              45          47
   6.36502838      0.981510103              45          70
   8.43558121      0.668153882              59          66
   21.3765335      0.877466500              78          41
   25.0000000      0.781095207              91          34
   7.40030479      0.970706582             102          68
   15.1648760      0.952361166             116          53
   12.0590477      0.869835198             120          59
   25.0000000      0.824058771               1          34
   14.6472378      0.791876912               7          54
   8.43558121      0.709142447              59          66
   21.3765335      0.815059543              78          41
   22.4118099      0.734260619              81          39
   25.0000000      0.769668221              91          34
   12.0590477      0.848043382             100          59
   15.1648760      0.853275001             116          53
   25.0000000      0.921048880               1          34
   14.6472378      0.798888862               7          54
   20.8588943      0.693820894              21          42
   21.3765335      0.825728655              27          41
   15.6825142      0.446809977              35          52
   22.4118099      0.732300103              81          39
   12.0590477      0.830313742             100          59
   23.4470863      0.873613238             116          37
   20.3412571      0.847902477              13          43
   11.5414095      0.882144511              17          60
   20.8588943      0.714603007              21          42
   21.3765335      0.818067551              27          41
   7.40030479      0.635811388              29          68
   15.6825142      0.601439476              35          52
   8.95321846      0.994250715              52          65
   14.1296005      0.858389497              60          55
   13.6119623      0.757303655              85          56
   23.4470863      0.855594218             116          37
   20.3412571      0.754839242              13          43
   11.5414095      0.865074992              17          60
   7.40030479      0.646993756              29          68
   8.95321846       1.00000000              52          65
   9.47085762      0.920275688              55          64
   14.1296005      0.660790622              60          55
   18.2707043      0.795229554              66          47
   13.6119623      0.783852518              85          56
   7.40030479      0.466005623              93          68
   17.7530670      0.757339835             101          48
   6.88266754      0.538336396             113          69
   13.6119623      0.773441970             121          56
   11.5414095      0.892786443              17          60
   8.43558121      0.487970173              20          66
   18.7883434      0.778586686              44          46
   14.1296005       1.00000000              50          55
   9.47085762      0.860704780              55          64
   18.2707043      0.786203742              66          47
   24.4823627      0.806193054              77          35
   7.40030479      0.654103518              93          68
   17.7530670      0.909944177             101          48
   6.88266754      0.767738760             113          69
   13.6119623      0.872715592             121          56
   20.8588943      0.762163222               5          42
   25.0000000      0.964472830              15          34
   11.5414095      0.789644480              17          60
   20.3412571      0.941598833              18          43
   8.43558121      0.644816697              20          66
   12.5766859      0.515965581              30          58
   18.7883434      0.791014552              44          46
   14.1296005      0.900665104              50          55
   7.91794395       1.00000000              60          67
   24.4823627      0.679835618              77          35
   20.8588943      0.904271841               5          42
   25.0000000      0.903070331              15          34
   20.3412571      0.945233643              18          43
   12.5766859      0.706486344              30          58
   23.4470863      0.857319772              36          37
   7.91794395      0.793619514              53          67
   13.0943241      0.845433652              55          57
   7.91794395      0.834372938              60          67
   14.6472378      0.707217276              68          54
   9.98849583      0.505193114              23          63
   23.4470863      0.774307251              36          37
   23.4470863      0.547974825              45          37
   12.5766859      0.988396287              53          58
   7.91794395      0.909713626              53          67
   12.0590477      0.929883897              54          59
   13.0943241      0.916420937              55          57
   12.0590477      0.823098361              55          59
   14.6472378      0.614069462              68          54
   5.84739113      0.677648485               7          71
   19.8236198      0.711943209               8          44
   9.98849583      0.549877584              23          63
   12.5766859      0.748847544              30          58
   12.0590477      0.599824965              31          59
   23.4470863      0.658004642              45          37
   10.5061340      0.975461423              49          62
   12.5766859      0.693243802              53          58
   12.0590477      0.869776666              54          59
   12.0590477      0.892009616              55          59
   10.5061340      0.752268255              63          62
   15.1648760      0.642799854              78          53
   15.6825142      0.718852401             110          52
