   33.7998466      0.819094241               2          17
   35.8703995      0.715318024              27          13
   33.2822113      0.673822105              42          18
   32.7645721      0.822716832             121          19
   35.8703995      0.746305287              27          13
   33.7998466      0.714034855             104          17
   34.8351250      0.735301375              19          15
   31.2116566      0.895296335              87          22
   33.7998466      0.691720009             104          17
   30.6940193      0.438067168             121          23
   34.8351250      0.617548704              19          15
   38.4585915      0.686445177              80           8
   31.2116566      0.569238901              87          22
   38.9762268      0.604205549             112           7
   32.2469330      0.705731988             118          20
   30.6940193      0.569095373             121          23
   35.3527603      0.811371386              15          14
   30.6940193      0.725151539              46          23
   30.1763802      0.614229262              52          24
   38.4585915      0.688447416              80           8
   34.8351250      0.687759280              93          15
   38.9762268      0.565759957             112           7
   32.2469330      0.838117719             118          20
   35.3527603      0.732259393              15          14
   30.6940193      0.730749726              46          23
   30.1763802      0.680548310              52          24
   36.3880386      0.781804860              89          12
   34.8351250      0.696691036              93          15
   32.7645721      0.651007831             115          19
   35.3527603      0.846355617              68          14
   36.3880386      0.848228514              89          12
   35.8703995      0.602427423             107          13
   32.7645721       1.00000000             115          19
   34.8351250      0.782031119              10          15
   35.3527603      0.707627177              46          14
   35.3527603      0.783051908              68          14
   35.8703995      0.716739118             107          13
   34.8351250      0.628908455              10          15
   32.2469330      0.603950024              39          20
   35.3527603      0.539428234              46          14
   30.1763802      0.562771440              76          24
   39.4938660      0.780551255              31           6
   32.2469330      0.813833416              39          20
   32.7645721      0.647302449              54          19
   30.1763802      0.672234714              76          24
   34.3174858      0.657408297               2          16
   39.4938660      0.723576367              31           6
   32.7645721      0.761078537              54          19
   30.1763802      0.417391807             101          24
   33.2822113      0.720766723             102          18
   34.3174858      0.919019699               2          16
   39.4938660      0.878823161              57           6
   30.1763802      0.500557065             101          24
   35.8703995      0.858847380             102          13
   33.2822113      0.860458791             102          18
   39.4938660      0.817957640              57           6
   35.8703995      0.819596946             102          13
   30.6940193      0.902494252             104          23
   31.7292957      0.915129900              37          21
   33.2822113      0.892154813              42          18
   35.3527603      0.830901623              82          14
   30.6940193      0.815301716             104          23
   39.4938660      0.839680374             111           6
   34.8351250      0.845871985             120          15
   33.7998466      0.869325101              22          17
   31.7292957      0.828119934              37          21
   33.2822113      0.773696840              42          18
   36.3880386      0.776454329              46          12
   34.8351250      0.949524641              67          15
   35.3527603      0.835851848              82          14
   39.4938660      0.707727075             111           6
   34.8351250      0.792137861             120          15
   33.7998466      0.974788606              22          17
   36.3880386      0.843580484              46          12
   34.8351250      0.797915518              67          15
   38.4585915      0.858977258             119           8
   38.4585915      0.748110354              15           8
   32.7645721      0.854789138              30          19
   31.2116566       1.00000000              81          22
   38.4585915      0.763526618             119           8
   38.4585915       1.00000000              15           8
   35.3527603      0.808492184              20          14
   32.7645721      0.887122929              30          19
   36.3880386      0.800475001              33          12
   38.4585915      0.601241052              67           8
   31.2116566      0.834075689              81          22
   33.7998466      0.936340094              17          17
   35.3527603      0.917808115              20          14
   36.3880386      0.581090510              33          12
   38.4585915      0.651858389              67           8
   36.3880386      0.502954006             113          12
   36.9056778      0.399887741             114          11
   33.7998466      0.809390664              17          17
   33.7998466      0.815223038              89          17
   34.8351250      0.864039063             100          15
   36.3880386      0.527328551             113          12
   36.9056778      0.567375004             114          11
   36.9056778      0.746119678              60          11
   38.4585915      0.861090004              76           8
   33.7998466      0.836125910              89          17
   34.8351250      0.761600256             100          15
   36.9056778      0.799527705              60          11
   38.4585915      0.828050375              76           8
   36.3880386      0.840155661              36          12
   35.3527603      0.709250331             116          14
   36.3880386      0.836128533               5          12
   36.3880386      0.902483940              36          12
   36.9056778      0.939541698              64          11
   35.3527603      0.671554804             116          14
   36.3880386      0.790588737               5          12
   35.8703995       1.00000000              22          13
   37.4233131      0.883063436              28          10
   36.9056778      0.636451304              64          11
   30.1763802      0.549743533              71          24
   35.8703995      0.724949062              79          13
   37.4233131      0.680505216              86          10
   36.3880386      0.655065894             101          12
   34.8351250      0.661864579             116          15
   37.4233131      0.669060647               8          10
   35.8703995       1.00000000              22          13
   37.4233131      0.739259839              28          10
   35.3527603      0.681754351              61          14
   30.1763802      0.663595974              71          24
   35.8703995      0.701978743              79          13
   39.4938660      0.536697209              84           6
   37.4233131      0.644246519              86          10
   30.1763802      0.517768741              92          24
   36.3880386      0.823379397             101          12
   34.8351250      0.759432912             116          15
   38.9762268      0.777790487               7           7
   37.4233131      0.690296710               8          10
   39.4938660      0.517752647              48           6
   35.3527603      0.656356275              61          14
   39.4938660      0.518421233              84           6
   30.1763802      0.519382894              92          24
   30.1763802      0.345743716              95          24
   38.9762268      0.794401467               7           7
   34.3174858      0.641951740              36          16
   36.3880386      0.616482496              37          12
   39.4938660      0.515731454              48           6
   30.1763802      0.301721483              95          24
   36.3880386      0.576385438             118          12
   32.7645721      0.888011217              31          19
   34.3174858      0.909715593              36          16
   36.3880386      0.510066330              37          12
   36.9056778      0.412027925              38          11
   33.7998466      0.912096560              75          17
   36.3880386      0.814625621             118          12
   32.7645721      0.540013850              31          19
   36.9056778      0.482330918              38          11
   30.1763802      0.342348307              54          24
   32.2469330      0.494564205              68          20
   33.7998466      0.629973888              75          17
   39.4938660      0.851713955              18           6
   33.7998466      0.877966404              20          17
   30.1763802      0.706587553              48          24
   30.1763802      0.568716347              54          24
   32.2469330      0.857897282              68          20
   39.4938660      0.667303145              18           6
   33.7998466      0.711666286              20          17
   33.7998466      0.747417748              27          17
   38.4585915      0.923917770              28           8
   30.6940193      0.709348798              31          23
   30.1763802      0.507283747              48          24
   33.7998466      0.850882769              27          17
   38.4585915      0.789702475              28           8
   30.6940193      0.713292003              31          23
   38.9762268      0.883311331              52           7
   34.8351250      0.730600774              75          15
   38.9762268      0.690441966              52           7
   34.8351250      0.631702125              75          15
   35.3527603      0.740526259              21          14
   37.9409523      0.721403122              56           9
   34.8351250      0.745833993              84          15
   35.3527603      0.781034410              21          14
   33.7998466      0.822104871              24          17
   37.9409523      0.769653559              51           9
   37.9409523      0.778738320              56           9
   34.8351250      0.697271943              70          15
   34.8351250      0.809629560              84          15
   37.4233131      0.752340555              94          10
   33.7998466      0.806638360              24          17
   37.9409523      0.714629710              51           9
   37.9409523      0.847706795              66           9
   34.8351250      0.820635319              70          15
   31.7292957      0.857207716              78          21
   36.9056778      0.460746408              93          11
   37.4233131      0.470388174              94          10
   33.2822113      0.843137085             106          18
   35.3527603      0.824465990              62          14
   31.2116566      0.744823098              62          22
   37.9409523      0.987209082              66           9
   31.7292957      0.950012445              78          21
   36.9056778      0.736666739              93          11
   33.2822113      0.902072668             106          18
   32.2469330      0.728195369              11          20
   31.2116566      0.848702371              49          22
   35.3527603      0.850486219              62          14
   31.2116566      0.810181141              62          22
   34.3174858      0.593279123              75          16
   31.7292957      0.940812528              78          21
   32.2469330      0.901677847              11          20
   31.2116566      0.946027577              49          22
   34.3174858      0.690031707              75          16
   31.7292957      0.852913260              78          21
   30.1763802      0.741942525              42          24
   35.8703995      0.791555226              65          13
   37.4233131      0.893963277             114          10
   30.1763802      0.643633485              42          24
   30.6940193      0.526611567              54          23
   35.8703995      0.712893426              65          13
   37.4233131      0.742431164             114          10
   30.1763802      0.764395058               4          24
   34.8351250      0.811814785              25          15
   31.7292957      0.882528305              36          21
   30.6940193      0.711649060              54          23
   34.3174858      0.818385601             115          16
   30.1763802      0.701341569               4          24
   34.8351250      0.698821843              25          15
   31.7292957      0.736502051              36          21
   36.3880386      0.686804533              40          12
   38.4585915      0.640062690              88           8
   33.7998466      0.808487236             112          17
   34.3174858      0.870750546             115          16
   36.3880386      0.783032596              40          12
   30.6940193      0.689750791              68          23
   38.4585915      0.616123021              88           8
   32.2469330      0.594901741              91          20
   33.7998466      0.781470716             112          17
   35.3527603      0.679867268               7          14
   31.2116566      0.937708676              52          22
   32.7645721      0.979114473              53          19
   30.6940193      0.967243671              68          23
   32.2469330      0.822171807              91          20
   35.3527603      0.630329907               7          14
   32.2469330      0.761568785               8          20
   30.6940193      0.559176862              26          23
   31.2116566      0.909446597              52          22
   32.7645721      0.982386410              53          19
   32.2469330       1.00000000              53          20
   34.3174858      0.667153597              54          16
   31.7292957      0.621528029              85          21
   30.1763802      0.584664881             111          24
   32.2469330      0.966907501               8          20
   30.6940193      0.577781916              26          23
   35.3527603      0.875611067              31          14
   32.2469330      0.837650537              53          20
   34.3174858      0.909031153              54          16
   35.3527603      0.816799581              80          14
   31.7292957      0.728983819              85          21
   36.3880386      0.759150028             106          12
   30.1763802      0.834540069             111          24
   36.3880386      0.587404311             121          12
   37.4233131      0.689669609              30          10
   35.3527603      0.872387290              31          14
   31.7292957      0.818583786              51          21
   34.8351250      0.766128302              77          15
   35.3527603      0.813577771              80          14
   33.2822113      0.856959045              93          18
   36.3880386      0.829388201             106          12
   39.4938660      0.935115874             117           6
   36.3880386      0.834629297             121          12
   37.4233131      0.766874433              30          10
   31.7292957      0.920812190              51          21
   37.4233131      0.750747502              67          10
   34.8351250      0.594376564              77          15
   33.2822113      0.990765572              93          18
   39.4938660      0.827617049             117           6
   36.3880386      0.769893765              29          12
   32.7645721      0.838166416              55          19
   37.4233131      0.768368185              67          10
   35.8703995      0.933568656              81          13
   33.7998466      0.956205666             112          17
   36.3880386      0.841621518              29          12
   32.7645721      0.779909194              55          19
   35.8703995      0.757996023              81          13
   33.7998466      0.829439163             112          17
   33.2822113      0.810938597             118          18
   33.7998466      0.687909305              38          17
   32.7645721      0.825732648              45          19
   37.9409523      0.929654300              46           9
   34.3174858      0.922027588              91          16
   33.2822113      0.851271510             100          18
   33.2822113      0.816077650             118          18
   33.7998466      0.418023825              38          17
   32.7645721      0.486969352              45          19
   37.9409523      0.537952423              46           9
   34.3174858      0.479291141              91          16
   33.2822113      0.487406433             100          18
   31.7292957      0.616865039              26          21
   33.7998466      0.612194479              28          17
   33.7998466      0.587724566              97          17
   31.7292957      0.956231594              26          21
   33.7998466      0.876364291              28          17
   31.7292957      0.929406703              51          21
   31.2116566      0.917303324              72          22
   33.7998466      0.919999540              97          17
   36.3880386      0.722562432             110          12
   35.8703995      0.711840153               7          13
   31.7292957      0.866718650              51          21
   35.3527603      0.565509796              72          14
   31.2116566      0.650907099              72          22
   33.2822113      0.779359281             108          18
   38.4585915      0.745343447             109           8
   36.3880386      0.776691735             110          12
   35.8703995      0.747370064               7          13
   31.7292957      0.772493839              25          21
   34.8351250      0.739268303              63          15
   35.3527603      0.736983001              72          14
   33.2822113      0.616944253             108          18
   38.4585915      0.786837518             109           8
   33.7998466      0.691655874              23          17
   31.7292957      0.780279577              25          21
   34.8351250      0.731996775              63          15
   34.3174858      0.830929637             119          16
   37.4233131      0.871101797              18          10
   33.7998466      0.851475596              23          17
   31.2116566      0.962093174              45          22
   38.4585915      0.756645560              65           8
   35.3527603      0.662363708              85          14
   34.3174858      0.868403971             119          16
   31.2116566      0.691239059               7          22
   37.4233131      0.834793389              18          10
   31.2116566      0.860847056              45          22
   38.4585915      0.774643779              65           8
   31.7292957      0.828125000              80          21
   35.3527603      0.529713988              85          14
   31.7292957       1.00000000              92          21
   35.8703995      0.719467282             110          13
   39.4938660      0.841058850               4           6
   31.2116566      0.690797806               7          22
   36.9056778      0.841026843              47          11
   35.8703995      0.820636570              67          13
   31.7292957      0.946395099              80          21
   31.7292957      0.942217290              92          21
   35.8703995      0.870384395             110          13
   39.4938660      0.717190802               4           6
   38.4585915      0.643378735              30           8
   36.9056778      0.610426188              47          11
   35.8703995      0.693436563              67          13
   38.4585915      0.765767753              30           8
   39.4938660      0.591766417              50           6
   30.6940193      0.616205752              86          23
   35.3527603      0.759023368              10          14
   35.8703995      0.876710355              30          13
   30.6940193      0.759401023              35          23
   39.4938660      0.713622272              50           6
   31.7292957      0.755420268              60          21
   30.6940193      0.777956605              86          23
   30.6940193      0.852094293             102          23
   35.3527603      0.704169512              10          14
   35.8703995      0.819142461              30          13
   30.6940193      0.770350099              35          23
   31.7292957      0.909078121              60          21
   30.6940193      0.742861271             102          23
   35.3527603      0.696607947             112          14
   35.3527603      0.727040768             119          14
   32.2469330      0.720864892               9          20
   37.9409523      0.446643382              19           9
   30.6940193      0.776544511              24          23
   31.2116566      0.846461236              43          22
   30.1763802      0.663386881              93          24
   34.3174858      0.597703993              98          16
   35.3527603      0.675738633             112          14
   35.3527603      0.696499527             119          14
   35.8703995      0.608159482               6          13
   32.2469330      0.599896193               9          20
   37.9409523      0.458704203              19           9
   30.6940193      0.798742115              24          23
   31.2116566      0.843318939              43          22
   34.8351250      0.658465028              58          15
   30.1763802      0.751230597              93          24
   34.3174858      0.664667785              98          16
   35.8703995      0.649311244               6          13
   34.3174858      0.775188148              37          16
   30.1763802      0.762355089              41          24
   34.8351250      0.651881695              58          15
   31.7292957       1.00000000             111          21
   34.3174858      0.622610152              37          16
   37.4233131      0.545726120              38          10
   30.1763802      0.607122421              41          24
   37.9409523      0.706161857              48           9
   32.7645721      0.773374557              75          19
   32.2469330      0.646067202              79          20
   36.9056778      0.651786089             100          11
   31.7292957      0.769779861             111          21
   37.4233131      0.687856972              38          10
   37.9409523      0.611199558              48           9
   32.7645721      0.828847706              75          19
   32.2469330      0.617857516              79          20
   34.3174858      0.648354530              87          16
   36.9056778      0.775788903             100          11
   33.7998466      0.868439794               5          17
   30.1763802      0.661087871              33          24
   32.2469330      0.794662714              56          20
   34.3174858      0.932333469              87          16
   33.7998466      0.815592229               5          17
   30.1763802      0.610910177              33          24
   32.2469330      0.688124180              56          20
   31.2116566      0.625445426              92          22
   33.2822113      0.784698308              49          18
   37.4233131      0.736854672              68          10
   31.2116566      0.585468769              92          22
   35.8703995      0.693751216              93          13
   39.4938660      0.756463647              95           6
   32.2469330      0.655411661             101          20
   37.9409523      0.719250739             110           9
   36.3880386      0.748543084               3          12
   33.2822113      0.799003303              49          18
   38.9762268      0.845690966              59           7
   37.4233131      0.767961144              68          10
   35.8703995      0.708830476              93          13
   39.4938660      0.738329113              95           6
   32.2469330      0.769122124             101          20
   37.9409523      0.664224386             110           9
   36.3880386      0.839604616               3          12
   32.2469330      0.947710693               6          20
   37.4233131      0.837210655              57          10
   38.9762268      0.925011396              59           7
   32.2469330      0.983455598               6          20
   34.8351250      0.737417042              18          15
   34.3174858      0.671356440              47          16
   37.4233131      0.741174877              57          10
   30.6940193      0.707488835              70          23
   32.2469330      0.829441965             115          20
   33.7998466      0.669590652               6          17
   34.8351250      0.764509022              18          15
   35.3527603      0.706870019              42          14
   34.3174858      0.710333765              47          16
   30.6940193      0.646476984              70          23
   38.4585915      0.732565045             106           8
   32.2469330      0.904041588             115          20
   33.7998466      0.904576778               6          17
   35.8703995      0.869289696              30          13
   35.3527603      0.888776362              42          14
   32.7645721      0.982207656              94          19
   38.4585915      0.690609813             106           8
   31.2116566      0.748345673               8          22
   35.8703995      0.910215378              30          13
   31.2116566      0.772311449              37          22
   34.3174858      0.720474660              73          16
   38.4585915      0.645604968              82           8
   32.7645721       1.00000000              94          19
   35.3527603      0.866056800             106          14
   31.2116566      0.665806949               8          22
   31.2116566      0.756935239              37          22
   31.7292957      0.812313259              44          21
   34.3174858      0.805973589              73          16
   30.6940193      0.808543265              81          23
   38.4585915      0.741898417              82           8
   30.6940193      0.916136265              91          23
   35.3527603      0.962954879             106          14
   34.3174858      0.640965700              28          16
   31.7292957      0.856464744              44          21
   36.9056778      0.797553122              55          11
   30.1763802      0.695288599              77          24
   30.6940193      0.677938759              81          23
   30.6940193      0.682758927              91          23
   37.4233131      0.767178714              92          10
   35.3527603      0.755263269              17          14
   34.8351250      0.752192795              19          15
   31.2116566      0.664535582              22          22
   35.3527603      0.736483872              28          14
   34.3174858      0.623639762              28          16
   38.9762268      0.667583048              31           7
   36.9056778      0.726322830              55          11
   30.1763802      0.587301731              77          24
   37.4233131      0.881052554              92          10
   32.2469330      0.965744495              96          20
   30.6940193      0.672917485              13          23
   35.3527603      0.765043736              17          14
   34.8351250      0.584861577              19          15
   31.2116566      0.786774278              22          22
   35.3527603      0.762500882              28          14
   38.9762268      0.767947853              31           7
   39.4938660      0.747716784              36           6
   31.2116566      0.423281163              73          22
   32.7645721      0.522246301              74          19
   34.3174858      0.708909452              94          16
   32.2469330      0.790906072              96          20
   30.6940193      0.704517245              13          23
   39.4938660      0.718915939              36           6
   36.3880386      0.682952702              64          12
   31.2116566      0.558653176              73          22
   32.7645721      0.574945390              74          19
   32.2469330      0.768836617              79          20
   34.3174858      0.731410742              94          16
   31.7292957      0.817458034             102          21
   31.2116566      0.547972977             117          22
   39.4938660      0.884382427              23           6
   36.3880386      0.715462506              64          12
   38.9762268      0.770597279              66           7
   32.2469330      0.889574826              79          20
   31.7292957      0.810652912             102          21
   31.7292957      0.782798648             107          21
   31.2116566      0.651591301             117          22
   39.4938660      0.751047015              23           6
   38.9762268      0.858160913              66           7
   37.9409523      0.759910405              92           9
   31.7292957      0.801260114             107          21
   33.7998466      0.845726967              28          17
   32.7645721      0.858732879              31          19
   30.6940193      0.649702370              60          23
   37.9409523      0.656889975              92           9
   33.7998466       1.00000000              28          17
   32.7645721      0.888087630              31          19
   30.6940193      0.653057814              60          23
   30.6940193      0.643675864              84          23
   38.9762268      0.724718094              94           7
   34.8351250      0.765926242             100          15
   37.4233131      0.773497880             118          10
   36.9056778      0.761785626              29          11
   30.6940193      0.526646733              84          23
   38.9762268      0.730315506              94           7
   34.8351250      0.802933395             100          15
   37.4233131      0.806316912             118          10
   36.9056778      0.813391030              29          11
   35.3527603      0.852930069              65          14
   33.7998466      0.903489888              81          17
   32.7645721      0.913300216              89          19
   31.7292957      0.887392640              28          21
   35.3527603      0.859418690              65          14
   34.3174858      0.811723888              71          16
   33.7998466      0.722193480              81          17
   32.7645721      0.752950490              89          19
   33.7998466       1.00000000              91          17
   33.7998466      0.766861737              23          17
   31.7292957      0.971075892              28          21
   35.8703995      0.734300733              29          13
   34.3174858      0.969242156              71          16
   33.7998466      0.909458101              91          17
   36.9056778      0.908414960             106          11
   33.7998466       1.00000000               9          17
   33.7998466      0.791113019              23          17
   35.8703995      0.845311224              29          13
   36.9056778      0.760231197             106          11
   33.7998466      0.754112542               9          17
   36.3880386      0.718488932              50          12
   31.2116566      0.506689847              72          22
   34.3174858      0.642543018              83          16
   33.7998466      0.913634419              30          17
   36.3880386      0.876478970              50          12
   31.2116566      0.635620117              72          22
   37.9409523      0.849847615              75           9
   34.3174858      0.913260460              83          16
   34.8351250      0.929653645              16          15
   33.7998466      0.790487826              30          17
   35.8703995      0.805292845              35          13
   37.9409523      0.574871838              75           9
   30.1763802      0.676040351              87          24
   38.4585915      0.685668349              99           8
   36.9056778      0.654042661             119          11
   34.8351250      0.779698730              16          15
   30.6940193      0.796349108              29          23
   35.8703995      0.934887826              35          13
   35.3527603      0.775717795              42          14
   30.6940193      0.629682183              74          23
   30.1763802      0.883792818              87          24
   37.9409523      0.839701116              94           9
   38.4585915      0.689782143              99           8
   36.9056778      0.671833336             119          11
   30.6940193      0.781247318              29          23
   35.3527603      0.651189446              42          14
   30.6940193      0.506065965              74          23
   36.9056778      0.664414763              84          11
   37.9409523      0.725902855              94           9
   36.9056778      0.629643500              84          11
