   8.43558121      0.646094382              45          66
   9.47085762      0.702304423              79          64
   6.88266754      0.896210194              56          69
   9.47085762      0.753602147              79          64
   6.88266754      0.673370838             117          69
   6.88266754       1.00000000              56          69
   9.47085762      0.650597274              67          64
   6.88266754      0.773318946             117          69
   6.88266754      0.534662366              19          69
   9.47085762      0.727779925              67          64
   6.36502838      0.700644732              88          70
   6.88266754      0.699566543              19          69
   6.36502838      0.761712551              88          70
   8.95321846      0.982014358              91          65
   8.95321846      0.908923268              91          65
   8.95321846      0.982146859              99          65
   8.43558121      0.516777039              81          66
   7.40030479      0.553032219              81          68
   8.95321846      0.740252674              99          65
   7.40030479      0.547937989              73          68
   8.43558121      0.436219513              81          66
   7.40030479      0.429937065              81          68
   6.36502838      0.671056390              94          70
   7.91794395      0.692958474               4          67
   7.91794395      0.525248408              10          67
   9.98849583      0.930912852              26          63
   7.40030479      0.697765827              73          68
   6.36502838      0.829601705              84          70
   6.36502838       1.00000000              94          70
   7.91794395      0.914450407               4          67
   7.91794395      0.532203853              10          67
   9.98849583       1.00000000              26          63
   6.36502838      0.943984091              82          70
   6.36502838      0.836507738              84          70
   6.36502838      0.922724843              82          70
   6.88266754      0.994804025              56          69
   9.98849583      0.591062367              84          63
   7.91794395      0.717780650              85          67
   9.47085762      0.726305127              98          64
   6.88266754      0.793909729              56          69
   9.98849583      0.678051233              84          63
   7.91794395      0.812193751              85          67
   9.47085762      0.798665524              98          64
   8.95321846      0.852232277              64          65
   8.43558121      0.784300745               4          66
   7.40030479      0.770736933              24          68
   8.95321846      0.817705095              64          65
   8.43558121      0.702795863               4          66
   7.40030479      0.774402201              24          68
   9.47085762      0.673545539              70          64
   7.91794395       1.00000000               4          67
   9.47085762      0.663780987              70          64
   7.91794395      0.757167935               4          67
   6.36502838      0.848618686              87          70
   6.36502838      0.827830136              87          70
   8.95321846      0.808956265             102          65
   9.47085762      0.714176476              49          64
   8.95321846      0.887297750             102          65
   9.47085762      0.667320251              49          64
   5.84739113      0.985821068              66          71
   7.91794395      0.776482046             102          67
   5.84739113      0.828533590              66          71
   9.47085762      0.928888202              91          64
   7.91794395      0.788197279             102          67
   9.47085762      0.768038869              91          64
   9.98849583      0.669395030               8          63
   9.98849583      0.559179008               8          63
   6.36502838      0.557894051              83          70
   6.36502838      0.502462983              83          70
   6.36502838      0.506275535             109          70
   7.40030479      0.704921186              41          68
   6.36502838      0.812460184             109          70
   9.98849583       1.00000000              24          63
   7.40030479      0.497153997              41          68
   9.98849583      0.996337235             120          63
   9.98849583      0.883783221              24          63
   9.98849583      0.805456340              91          63
   9.98849583       1.00000000             120          63
   7.40030479      0.644674599              28          68
   9.98849583      0.688481033              42          63
   5.84739113       1.00000000              68          71
   7.91794395      0.565415323              90          67
   9.98849583      0.801543713              91          63
   7.40030479      0.871681571              28          68
   6.36502838      0.975278258              34          70
   9.98849583      0.616163015              42          63
   7.40030479      0.781651795              54          68
   5.84739113      0.960429192              68          71
   7.40030479      0.538783908              79          68
   7.91794395      0.755814552              90          67
   6.36502838      0.863397658              34          70
   7.40030479      0.661350608              54          68
   7.40030479      0.777831793              79          68
   9.47085762      0.895430446              13          64
   9.47085762      0.881946802              13          64
   8.95321846      0.704940915              61          65
   8.95321846      0.982606769              61          65
   9.98849583      0.924312532              36          63
   9.98849583      0.947820485              36          63
   8.95321846      0.843551815             105          65
   8.95321846      0.894083023             105          65
   6.36502838      0.871154904              47          70
   7.91794395      0.333040208              54          67
   6.36502838      0.919727743              47          70
   7.91794395      0.585925043              54          67
   9.47085762      0.795105398             105          64
   9.47085762      0.640795827             105          64
   8.43558121      0.904691577             105          66
   8.43558121      0.841772556              95          66
   8.43558121      0.750213027             105          66
   7.40030479      0.775076270               3          68
   9.98849583       1.00000000              32          63
   8.43558121      0.970324993              95          66
   7.40030479      0.586372554               3          68
   7.40030479      0.865889847              13          68
   9.98849583      0.976701796              32          63
   7.40030479      0.417279720              13          68
   9.98849583      0.588371813              20          63
   9.47085762      0.464227080              27          64
   9.98849583      0.603352726              20          63
   9.47085762      0.624230385              27          64
   9.98849583      0.984014273             105          63
   9.98849583      0.878682375             105          63
   9.98849583      0.696183085             116          63
   9.98849583      0.869419336             116          63
   7.40030479      0.786053061             119          68
   8.43558121      0.930349648              60          66
   7.40030479      0.795235932             119          68
   8.43558121      0.650256097              60          66
   8.43558121      0.773885250             100          66
   8.43558121      0.846785784             100          66
   8.43558121      0.539440036              99          66
   8.43558121      0.750139177              35          66
   9.98849583       1.00000000              51          63
   8.43558121      0.493159115              99          66
   8.43558121      0.974038661              35          66
   9.98849583      0.980992794              51          63
   6.88266754      0.860866606               3          69
   6.36502838      0.719883740              41          70
   6.88266754      0.891631067               3          69
   6.36502838      0.661001444              16          70
   7.40030479      0.954698265              35          68
   6.36502838      0.636675537              41          70
   7.40030479      0.905201674             100          68
   6.36502838      0.848197997              16          70
   5.84739113      0.967847347              30          71
   7.40030479      0.660926878              35          68
   9.47085762      0.769983768              96          64
   7.40030479      0.791968346             100          68
   5.84739113      0.896480024              30          71
   6.36502838      0.784140348              75          70
   9.98849583      0.997947693              94          63
   9.47085762       1.00000000              96          64
   6.88266754      0.615198791              12          69
   6.36502838      0.848013461              75          70
   9.98849583      0.786161423              94          63
   6.88266754      0.750894725              12          69
   9.98849583      0.659817994              30          63
   6.88266754      0.633905828              35          69
   6.88266754      0.842964470             104          69
   9.47085762      0.627630889              12          64
   9.98849583      0.833063066              30          63
   6.88266754      0.603461027              35          69
   6.36502838      0.731674552              82          70
   6.88266754      0.676655114             104          69
   9.47085762      0.792266190              12          64
   5.84739113      0.851603031              64          71
   6.36502838      0.541107595              82          70
   5.84739113      0.582448244              64          71
   9.98849583      0.902516842              67          63
   6.88266754      0.550724983              84          69
   9.98849583      0.855352104              67          63
   6.88266754      0.711519301              84          69
   5.84739113      0.769263387              20          71
   5.84739113       1.00000000              20          71
   7.91794395      0.683973849             116          67
   7.91794395      0.756024480             116          67
   7.91794395      0.881564081              87          67
   7.91794395      0.770580351              87          67
   8.95321846      0.809259176              84          65
   9.98849583      0.816194057             101          63
   8.95321846      0.877505183              84          65
   9.98849583      0.641420722             101          63
   9.47085762      0.961463511              30          64
   8.43558121      0.829839587              86          66
   8.95321846      0.827833414             121          65
   9.47085762      0.868357420              30          64
   9.98849583      0.649734676              52          63
   7.40030479      0.624005258              72          68
   9.47085762      0.983553827              83          64
   8.43558121      0.709206283              86          66
   8.95321846      0.553090811             121          65
   9.98849583      0.474163532              52          63
   7.40030479      0.557013333              72          68
   9.47085762      0.937361896              83          64
   6.88266754      0.787669599             110          69
   6.88266754      0.836713493             110          69
   6.36502838      0.546522260              45          70
   7.40030479      0.692176402             102          68
   6.36502838      0.981510103              45          70
   8.43558121      0.668153882              59          66
   7.40030479      0.970706582             102          68
   8.43558121      0.709142447              59          66
   7.40030479      0.635811388              29          68
   8.95321846      0.994250715              52          65
   7.40030479      0.646993756              29          68
   8.95321846       1.00000000              52          65
   9.47085762      0.920275688              55          64
   7.40030479      0.466005623              93          68
   6.88266754      0.538336396             113          69
   8.43558121      0.487970173              20          66
   9.47085762      0.860704780              55          64
   7.40030479      0.654103518              93          68
   6.88266754      0.767738760             113          69
   8.43558121      0.644816697              20          66
   7.91794395       1.00000000              60          67
   7.91794395      0.793619514              53          67
   7.91794395      0.834372938              60          67
   9.98849583      0.505193114              23          63
   7.91794395      0.909713626              53          67
   5.84739113      0.677648485               7          71
   9.98849583      0.549877584              23          63
