           1          34  -32.1959991      -71.7720032      0.824058771    
           7          54  -32.0699997      -72.1750031      0.791876912    
          22          28  -31.8220005      -71.6289978      0.885075629    
          28          21  -31.7189999      -71.4800034      0.887392640    
          51           2  -31.3190002      -71.0729980      0.858019233    
          59          66  -31.1229992      -72.3619995      0.709142447    
          65          14  -31.0580006      -71.3040009      0.859418690    
          71          16  -30.9480000      -71.3389969      0.811723888    
          76           5  -30.8659992      -71.1129990      0.741323888    
          78          41  -30.8020000      -71.8369980      0.815059543    
          81          17  -30.7670002      -71.3499985      0.722193480    
          81          39  -30.7500000      -71.7939987      0.734260619    
          85          29  -30.6860008      -71.5879974      0.616224527    
          89          19  -30.6219997      -71.3830032      0.752950490    
          91          17  -30.5869999      -71.3410034       1.00000000    
          91          34  -30.5739994      -71.6829987      0.769668221    
         100          59  -30.3899994      -72.1760025      0.848043382    
         107          25  -30.2929993      -71.4869995      0.931399286    
         116           3  -30.1469994      -71.0380020      0.741017759    
         116          53  -30.1070004      -72.0390015      0.853275001    
