           4           5  -32.1640015      -71.1760025      0.816931427    
           8          10  -32.0880013      -71.2740021      0.669060647    
           8          63  -32.0439987      -72.3570023      0.669395030    
          22          13  -31.8339996      -71.3229980       1.00000000    
          22          33  -31.8180008      -71.7310028      0.686294734    
          28          10  -31.7280006      -71.2559967      0.739259839    
          37          26  -31.5529995      -71.5729980      0.688900709    
          61          14  -31.1299992      -71.3079987      0.681754351    
          71          24  -30.9419994      -71.5009995      0.663595974    
          79          13  -30.8059998      -71.2710037      0.701978743    
          84           6  -30.7220001      -71.1259995      0.536697209    
          86          10  -30.6830006      -71.2050018      0.644246519    
          92          24  -30.5639992      -71.4810028      0.517768741    
         101          12  -30.4109993      -71.2320023      0.823379397    
         102          62  -30.3519993      -72.2340012      0.702137113    
         106          42  -30.2970009      -71.8290024      0.683907449    
         111          31  -30.2159996      -71.6039963      0.565954626    
         113          25  -30.1849995      -71.4820023      0.528108895    
         116          15  -30.1380005      -71.2779999      0.759432912    
         120           4  -30.0739994      -71.0550003      0.761705875    
