           4          25  -32.1489983      -71.5849991      0.574872971    
          10          59  -32.0120010      -72.2740021      0.873475552    
          18          28  -31.8939991      -71.6330032      0.827452302    
          26          45  -31.7360001      -71.9710007      0.675808311    
          29          47  -31.6800003      -72.0090027      0.701048136    
          29          60  -31.6690006      -72.2730026       1.00000000    
          36          63  -31.5400009      -72.3259964      0.924312532    
          39          53  -31.4950008      -72.1200027      0.824385047    
          40          48  -31.4810009      -72.0169983      0.721398711    
          42          24  -31.4650002      -71.5279999      0.741942525    
          55          46  -31.2129993      -71.9609985      0.759172499    
          63          33  -31.0790005      -71.6900024      0.711771309    
          65          13  -31.0590000      -71.2839966      0.791555226    
          72          30  -30.9190006      -71.6210022      0.886903286    
          86          46  -30.6539993      -71.9290009      0.916059494    
          88          51  -30.6140003      -72.0279999      0.867150903    
          93          40  -30.5330009      -71.8020020      0.994710743    
         108           4  -30.2900009      -71.0650024      0.877155483    
         111          40  -30.2089996      -71.7839966      0.834611297    
         114          10  -30.1779995      -71.1800003      0.893963277    
