          21          14  -31.8509998      -71.3440018      0.740526259    
          28          68  -31.6790009      -72.4369965      0.871681571    
          34          70  -31.5690002      -72.4710007      0.975278258    
          37          61  -31.5240002      -72.2850037      0.749757349    
          42          63  -31.4319992      -72.3199997      0.616163015    
          46          56  -31.3659992      -72.1729965      0.678021967    
          48          44  -31.3400002      -71.9280014      0.743311167    
          54          68  -31.2110004      -72.4079971      0.781651795    
          56           9  -31.2240009      -71.2109985      0.721403122    
          56          37  -31.2019997      -71.7779999      0.773999214    
          59          46  -31.1399994      -71.9570007      0.857425332    
          68          71  -30.9559994      -72.4530029      0.960429192    
          69          52  -30.9549999      -72.0680008      0.616196275    
          75          45  -30.8530006      -71.9209976      0.622033536    
          77          51  -30.8120003      -72.0390015      0.600595057    
          79          68  -30.7609997      -72.3799973      0.538783908    
          83          32  -30.7199993      -71.6510010      0.907035172    
          84          15  -30.7150002      -71.3069992      0.745833993    
          90          67  -30.5629997      -72.3479996      0.755814552    
         120           4  -30.0739994      -71.0550003      0.721883357    
