          16          58  -31.9050007      -72.2470016      0.499290884    
          29           2  -31.7159996      -71.0920029      0.702974200    
          32          41  -31.6310005      -71.8830032      0.830707908    
          32          55  -31.6189995      -72.1679993      0.691324234    
          35          58  -31.5620003      -72.2259979      0.756896198    
          44          49  -31.4080009      -72.0329971      0.817820013    
          47          32  -31.3680000      -71.6859970      0.850767136    
          49          64  -31.3050003      -72.3320007      0.714176476    
          60          11  -31.1499996      -71.2480011      0.799527705    
          66          56  -31.0060005      -72.1520004      0.890505552    
          68          48  -30.9769993      -71.9879990      0.874925673    
          74          59  -30.8589993      -72.2040024      0.668524742    
          76           8  -30.8640003      -71.1729965      0.828050375    
          78          39  -30.8040009      -71.7959976      0.805657923    
          79          48  -30.7779999      -71.9769974      0.922250688    
          87          40  -30.6410007      -71.8079987      0.757558405    
         102          47  -30.3649998      -71.9329987      0.826722801    
         102          65  -30.3490009      -72.2949982      0.887297750    
         103           1  -30.3829994      -71.0090027      0.890444219    
         118          40  -30.0820007      -71.7770004       1.00000000    
