          22          17  -31.8309994      -71.4039993      0.869325101    
          22          38  -31.8139992      -71.8320007      0.827556849    
          37          21  -31.5569992      -71.4720001      0.828119934    
          39          60  -31.4880009      -72.2620010      0.892875671    
          42          18  -31.4699993      -71.4059982      0.773696840    
          42          44  -31.4480000      -71.9339981      0.695960224    
          44          40  -31.4160004      -71.8509979      0.833184898    
          46          12  -31.4020004      -71.2809982      0.776454329    
          57          40  -31.1819992      -71.8379974      0.766479552    
          57          48  -31.1749992      -72.0000000      0.835302532    
          67          15  -31.0209999      -71.3229980      0.949524641    
          75           3  -30.8859997      -71.0729980      0.824841559    
          75          54  -30.8449993      -72.1019974      0.948968291    
          81           1  -30.7789993      -71.0279999      0.827746153    
          82          14  -30.7520008      -71.2890015      0.835851848    
          90          53  -30.5760002      -72.0660019       1.00000000    
         111           6  -30.2350006      -71.1019974      0.707727075    
         113          49  -30.1650009      -71.9619980      0.930742800    
         117           1  -30.1299992      -70.9970016      0.759385526    
         120          15  -30.0660000      -71.2750015      0.792137861    
