           8           4  -32.0929985      -71.1520004      0.764546156    
          23          63  -31.7740002      -72.3410034      0.505193114    
          25          27  -31.7689991      -71.6050034      0.855437875    
          29          23  -31.7000008      -71.5199966      0.781247318    
          36          37  -31.5620003      -71.7979965      0.774307251    
          42          14  -31.4729996      -71.3249969      0.651189446    
          45          37  -31.3999996      -71.7890015      0.547974825    
          48           4  -31.3719997      -71.1169968      0.736876547    
          53          33  -31.2590008      -71.6999969      0.645936072    
          53          58  -31.2380009      -72.2060013      0.988396287    
          53          67  -31.2299995      -72.3889999      0.909713626    
          54          59  -31.2189999      -72.2259979      0.929883897    
          55          57  -31.2029991      -72.1839981      0.916420937    
          55          59  -31.2010002      -72.2239990      0.823098361    
          61          27  -31.1200008      -71.5709991      0.738157928    
          68          54  -30.9710007      -72.1090012      0.614069462    
          74          23  -30.8889999      -71.4779968      0.506065965    
          84          11  -30.7180004      -71.2269974      0.664414763    
          87          29  -30.6499996      -71.5859985      0.638803005    
          94           9  -30.5389996      -71.1770020      0.725902855    
