          13          46  -31.9689999      -72.0049973      0.879723191    
          26           3  -31.7689991      -71.1149979      0.840700269    
          29          12  -31.7080002      -71.2959976      0.769893765    
          40          30  -31.4960003      -71.6520004      0.848770678    
          45          58  -31.3820000      -72.2149963      0.756643057    
          46          37  -31.3820000      -71.7880020      0.730775118    
          52          47  -31.2660007      -71.9850006      0.896991789    
          55          19  -31.2339993      -71.4140015      0.838166416    
          55          51  -31.2080002      -72.0619965      0.792870104    
          67          10  -31.0249996      -71.2210007      0.768368185    
          67          42  -31.0000000      -71.8679962       1.00000000    
          76          27  -30.8500004      -71.5559998      0.927973747    
          81          13  -30.7700005      -71.2699966      0.933568656    
          83          29  -30.7220001      -71.5899963      0.951752067    
          95          66  -30.4740009      -72.3219986      0.841772556    
          96          45  -30.4750004      -71.8990021      0.769692242    
         100          48  -30.3999996      -71.9550018      0.790533423    
         101           3  -30.4169998      -71.0510025      0.870980918    
         105          66  -30.2940006      -72.3109970      0.750213027    
         112          17  -30.2089996      -71.3219986      0.956205666    
