           3          26  -32.1660004      -71.6060028      0.710305572    
           3          57  -32.1399994      -72.2399979      0.750889957    
           7          13  -32.1040001      -71.3369980      0.747370064    
          25          21  -31.7740002      -71.4830017      0.772493839    
          32          40  -31.6320000      -71.8629990      0.795702577    
          33          42  -31.6119995      -71.9029999      0.782323301    
          45          62  -31.3789997      -72.2959976      0.797946393    
          63          15  -31.0930004      -71.3259964      0.739268303    
          72          14  -30.9319992      -71.2979965      0.736983001    
          74          37  -30.8780003      -71.7600021      0.822390676    
         106          59  -30.2819996      -72.1699982      0.733785331    
         108           4  -30.2900009      -71.0650024      0.887863040    
         108          18  -30.2800007      -71.3460007      0.616944253    
         108          42  -30.2609997      -71.8270035      0.651567400    
         109           8  -30.2689991      -71.1439972      0.786837518    
         114          51  -30.1450005      -72.0009995      0.970551074    
         116          63  -30.0990009      -72.2389984      0.869419336    
         119           4  -30.0919991      -71.0559998      0.810626328    
         119          68  -30.0400009      -72.3359985      0.786053061    
         121          36  -30.0319996      -71.6940002      0.760707200    
