           3          46  -32.1489983      -72.0149994      0.730962634    
           6          13  -32.1220016      -71.3379974      0.608159482    
           6          36  -32.1040001      -71.8079987      0.673935950    
           9          20  -32.0629997      -71.4779968      0.599896193    
          19           9  -31.8910007      -71.2440033      0.458704203    
          24          23  -31.7900009      -71.5250015      0.798742115    
          30          71  -31.6399994      -72.4960022      0.896480024    
          36          51  -31.5510006      -72.0830002      0.663621187    
          40          29  -31.4969997      -71.6320038      0.727282226    
          43          22  -31.4480000      -71.4860001      0.843318939    
          58          15  -31.1830006      -71.3310013      0.658465028    
          60          50  -31.1189995      -72.0370026      0.608957887    
          75          70  -30.8309994      -72.4250031      0.784140348    
          80          34  -30.7719994      -71.6940002      0.925865352    
          89          25  -30.6170006      -71.5039978      0.696458638    
          93          24  -30.5459995      -71.4800034      0.751230597    
          94          63  -30.4950008      -72.2630005      0.997947693    
          96          64  -30.4580002      -72.2809982       1.00000000    
          98          16  -30.4619999      -71.3150024      0.664667785    
         119           4  -30.0919991      -71.0559998      0.686486065    
