           8          20  -32.0810013      -71.4789963      0.966907501    
          15          28  -31.9480000      -71.6350021      0.710756838    
          23          36  -31.7980003      -71.7910004      0.860005021    
          26          23  -31.7539997      -71.5230026      0.577781916    
          30          34  -31.6730003      -71.7429962      0.763858855    
          31          14  -31.6709995      -71.3349991      0.875611067    
          45          31  -31.4050007      -71.6669998      0.899272919    
          48          35  -31.3479996      -71.7450027      0.833228350    
          53          20  -31.2700005      -71.4369965      0.837650537    
          54          16  -31.2549992      -71.3550034      0.909031153    
          60          48  -31.1210003      -71.9970016      0.873017907    
          62          53  -31.0799999      -72.0960007      0.851225853    
          80          14  -30.7880001      -71.2910004      0.816799581    
          85          21  -30.6919994      -71.4270020      0.728983819    
          94          42  -30.5130005      -71.8410034      0.739060819    
          99          49  -30.4169998      -71.9769974      0.807269275    
         103          34  -30.3579998      -71.6709976      0.717825353    
         106          12  -30.3209991      -71.2269974      0.759150028    
         111          24  -30.2210007      -71.4629974      0.834540069    
         121          12  -30.0499992      -71.2139969      0.587404311    
