          16          58  -31.9050007      -72.2470016      0.643851161    
          22          48  -31.8050003      -72.0360031      0.891015530    
          32          55  -31.6189995      -72.1679993      0.741461456    
          36          12  -31.5820007      -71.2900009      0.840155661    
          44          29  -31.4249992      -71.6279984      0.860917509    
          44          49  -31.4080009      -72.0329971      0.866922379    
          47          32  -31.3680000      -71.6859970      0.905642688    
          49          64  -31.3050003      -72.3320007      0.667320251    
          66          71  -30.9920006      -72.4550018      0.985821068    
          68          48  -30.9769993      -71.9879990      0.700600505    
          75          48  -30.8500004      -71.9810028      0.999663949    
          77          49  -30.8139992      -71.9990005      0.971280217    
          78          39  -30.8040009      -71.7959976      0.887402773    
          87          40  -30.6410007      -71.8079987       1.00000000    
         102          67  -30.3470001      -72.3349991      0.776482046    
         103           1  -30.3829994      -71.0090027      0.842597127    
         110          42  -30.2250004      -71.8249969      0.794905424    
         113          38  -30.1739998      -71.7419968      0.828689933    
         116          14  -30.1389999      -71.2580032      0.709250331    
         118          40  -30.0820007      -71.7770004      0.787576556    
