           2          62  -32.1529999      -72.3440018      0.831921935    
           4          24  -32.1500015      -71.5640030      0.701341569    
          25          15  -31.7779999      -71.3610001      0.698821843    
          36          21  -31.5750008      -71.4729996      0.736502051    
          40          12  -31.5100002      -71.2860031      0.686804533    
          42          25  -31.4640007      -71.5479965      0.672002614    
          47          70  -31.3349991      -72.4560013      0.871154904    
          54          67  -31.2119999      -72.3880005      0.333040208    
          55          56  -31.2040005      -72.1640015       1.00000000    
          65           3  -31.0660000      -71.0820007      0.690234125    
          74          34  -30.8799992      -71.6999969      0.689839125    
          86          50  -30.6509991      -72.0100021      0.595890462    
          88           8  -30.6480007      -71.1630020      0.640062690    
          88          29  -30.6320000      -71.5849991      0.912086844    
          96          56  -30.4650002      -72.1200027      0.664679050    
         112          17  -30.2089996      -71.3219986      0.808487236    
         115          16  -30.1550007      -71.2990036      0.870750546    
         116          30  -30.1270008      -71.5790024      0.842351198    
         117          44  -30.0970001      -71.8580017      0.556494713    
         119          36  -30.0680008      -71.6959991      0.816349089    
