           3          68  -32.1300011      -72.4649963      0.775076270    
          25          46  -31.7530003      -71.9919968      0.743515074    
          29          12  -31.7080002      -71.2959976      0.841621518    
          32          63  -31.6119995      -72.3310013       1.00000000    
          40          30  -31.4960003      -71.6520004      0.750904262    
          46          45  -31.3759995      -71.9499969      0.643579423    
          49          51  -31.3160000      -72.0690002      0.459165931    
          52          47  -31.2660007      -71.9850006      0.715790391    
          55          19  -31.2339993      -71.4140015      0.779909194    
          55          51  -31.2080002      -72.0619965      0.693640888    
          81          13  -30.7700005      -71.2699966      0.757996023    
          82          58  -30.7159996      -72.1750031      0.765480757    
          83          29  -30.7220001      -71.5899963      0.768065989    
          95          66  -30.4740009      -72.3219986      0.970324993    
          96          45  -30.4750004      -71.8990021      0.699930310    
         109          52  -30.2339993      -72.0260010      0.687482595    
         112          17  -30.2089996      -71.3219986      0.829439163    
         117          44  -30.0970001      -71.8580017      0.732241690    
         118          18  -30.1000004      -71.3369980      0.810938597    
         120          32  -30.0529995      -71.6149979      0.612685263    
