           7           7  -32.1080017      -71.2139969      0.794401467    
          10          30  -32.0369987      -71.6809998      0.610495090    
          12          49  -31.9850006      -72.0670013      0.714457393    
          36          16  -31.5790005      -71.3710022      0.641951740    
          37          12  -31.5639992      -71.2890015      0.616482496    
          38          26  -31.5349998      -71.5719986      0.562287450    
          38          27  -31.5349998      -71.5930023      0.548359394    
          48           6  -31.3700008      -71.1569977      0.515731454    
          54          59  -31.2189999      -72.2259979      0.546846151    
          62          34  -31.0960007      -71.7109985      0.602429390    
          64          58  -31.0400009      -72.1949997      0.662267387    
          72          53  -30.8999996      -72.0849991      0.760373294    
          83          70  -30.6870003      -72.4160004      0.502462983    
          84          55  -30.6819992      -72.1129990      0.508105755    
          88          38  -30.6250000      -71.7659988      0.987356961    
          89          34  -30.6100006      -71.6849976      0.771753907    
          91          45  -30.5650005      -71.9039993      0.552070618    
          92          34  -30.5559998      -71.6819992      0.637142658    
          95          24  -30.5100002      -71.4779968      0.301721483    
         118          12  -30.1040001      -71.2170029      0.576385438    
