          29           2  -31.7159996      -71.0920029      0.676971436    
          29          27  -31.6970005      -71.6009979      0.720809698    
          32          41  -31.6310005      -71.8830032      0.727244854    
          35          58  -31.5620003      -72.2259979      0.867405355    
          38           2  -31.5529995      -71.0849991      0.680594027    
          40          34  -31.4930000      -71.7330017      0.646933496    
          46          48  -31.3729992      -72.0110016       1.00000000    
          46          60  -31.3619995      -72.2539978      0.806470513    
          60          11  -31.1499996      -71.2480011      0.746119678    
          66          56  -31.0060005      -72.1520004      0.823581576    
          71          60  -30.9120007      -72.2269974      0.824521184    
          74          59  -30.8589993      -72.2040024      0.622879326    
          76           8  -30.8640003      -71.1729965      0.861090004    
          79          48  -30.7779999      -71.9769974      0.790288150    
          87          70  -30.6149998      -72.4110031      0.827830136    
          89          17  -30.6229992      -71.3430023      0.836125910    
         100          15  -30.4260006      -71.2929993      0.761600256    
         102          47  -30.3649998      -71.9329987      0.677274108    
         102          65  -30.3490009      -72.2949982      0.808956265    
         115           2  -30.1660004      -71.0189972      0.800651848    
