           1          49  -32.1829987      -72.0790024      0.922259390    
          11          38  -32.0120010      -71.8440018      0.904086173    
          19          56  -31.8519993      -72.2020035      0.991818488    
          21          33  -31.8360004      -71.7320023      0.853125870    
          23           6  -31.8209991      -71.1790009      0.751047015    
          30          64  -31.6469994      -72.3529968      0.868357420    
          39          50  -31.4969997      -72.0589981      0.901007175    
          52          63  -31.2520008      -72.3089981      0.649734676    
          55          53  -31.2059994      -72.1029968      0.834808111    
          64          54  -31.0429993      -72.1139984      0.733890235    
          66           7  -31.0450001      -71.1620026      0.858160913    
          72          68  -30.8869991      -72.3880005      0.624005258    
          83          64  -30.6919994      -72.2949982      0.983553827    
          86          66  -30.6359997      -72.3320007      0.709206283    
          92           9  -30.5750008      -71.1790009      0.759910405    
         105           3  -30.3449993      -71.0469971      0.803278267    
         107          21  -30.2959995      -71.4069977      0.801260114    
         114          60  -30.1369991      -72.1809998      0.545661867    
         118          60  -30.0650005      -72.1770020      0.857192218    
         121          65  -30.0070000      -72.2740021      0.553090811    
