2 17 -32.1910019 -71.4229965 0.819094241 1
3 37 -32.1570015 -71.8310013 0.750784338 1
10 36 -32.0320015 -71.8040009 0.678021014 1
17 2 -31.9319992 -71.1029968 0.756265521 1
27 13 -31.7439995 -71.3180008 0.715318024 1
40 46 -31.4829998 -71.9769974 0.995663047 1
42 18 -31.4699993 -71.4059982 0.673822105 1
43 44 -31.4300003 -71.9329987 1.00000000 1
45 66 -31.3750000 -72.3769989 0.646094382 1
47 51 -31.3519993 -72.0709991 0.573750615 1
54 53 -31.2240009 -72.1039963 0.867159307 1
59 61 -31.1270008 -72.2610016 0.699744403 1
69 56 -30.9519997 -72.1490021 0.724707246 1
79 35 -30.7889996 -71.7149963 0.545993090 1
79 64 -30.7639999 -72.2990036 0.702304423 1
80 62 -30.7479992 -72.2580032 0.655082822 1
91 48 -30.5620003 -71.9649963 0.866921663 1
109 5 -30.2719994 -71.0839996 0.775337458 1
117 25 -30.1119995 -71.4779968 0.758519769 1
121 19 -30.0450001 -71.3539963 0.822716832 1
3 37 -32.1570015 -71.8310013 0.786082268 2
13 48 -31.9669991 -72.0459976 0.925511181 2
17 2 -31.9319992 -71.1029968 0.679113865 2
26 53 -31.7290001 -72.1340027 1.00000000 2
27 13 -31.7439995 -71.3180008 0.746305287 2
40 46 -31.4829998 -71.9769974 0.755491257 2
41 51 -31.4599991 -72.0770035 0.737586617 2
47 51 -31.3519993 -72.0709991 0.838516355 2
49 54 -31.3139992 -72.1299973 0.970890760 2
54 53 -31.2240009 -72.1039963 0.878286362 2
56 69 -31.1739998 -72.4260025 0.896210194 2
73 28 -30.9029999 -71.5800018 0.731732070 2
79 35 -30.7889996 -71.7149963 0.749665439 2
79 64 -30.7639999 -72.2990036 0.753602147 2
80 62 -30.7479992 -72.2580032 0.727451146 2
82 31 -30.7380009 -71.6309967 0.794260144 2
92 35 -30.5550003 -71.7020035 0.883252263 2
104 17 -30.3530006 -71.3290024 0.714034855 2
109 5 -30.2719994 -71.0839996 0.746101975 2
117 69 -30.0750008 -72.3580017 0.673370838 2
13 48 -31.9669991 -72.0459976 0.928951144 3
19 15 -31.8859997 -71.3659973 0.735301375 3
26 53 -31.7290001 -72.1340027 0.804413915 3
32 35 -31.6359997 -71.7610016 0.764265954 3
41 51 -31.4599991 -72.0770035 0.712278724 3
49 54 -31.3139992 -72.1299973 0.795878828 3
56 69 -31.1739998 -72.4260025 1.00000000 3
67 64 -30.9799995 -72.3119965 0.650597274 3
73 28 -30.9029999 -71.5800018 0.662025809 3
74 33 -30.8810005 -71.6790009 0.675345600 3
74 49 -30.8680000 -72.0019989 0.766474545 3
80 30 -30.7749996 -71.6129990 0.816555798 3
82 31 -30.7380009 -71.6309967 0.904409468 3
87 22 -30.6550007 -71.4449997 0.895296335 3
92 35 -30.5550003 -71.7020035 0.739668429 3
104 17 -30.3530006 -71.3290024 0.691720009 3
109 31 -30.2520008 -71.6060028 0.592436671 3
117 69 -30.0750008 -72.3580017 0.773318946 3
118 44 -30.0790005 -71.8570023 0.839328349 3
121 23 -30.0419998 -71.4339981 0.438067168 3
19 15 -31.8859997 -71.3659973 0.617548704 4
19 69 -31.8400002 -72.4670029 0.534662366 4
32 35 -31.6359997 -71.7610016 0.627074778 4
49 43 -31.3230000 -71.9069977 0.568434834 4
67 45 -30.9969997 -71.9290009 0.627776742 4
67 64 -30.9799995 -72.3119965 0.727779925 4
74 33 -30.8810005 -71.6790009 0.587627888 4
74 49 -30.8680000 -72.0019989 0.634794056 4
80 8 -30.7919998 -71.1699982 0.686445177 4
80 30 -30.7749996 -71.6129990 0.899824142 4
80 33 -30.7730007 -71.6740036 0.868712068 4
82 58 -30.7159996 -72.1750031 0.407021344 4
87 22 -30.6550007 -71.4449997 0.569238901 4
88 70 -30.5970001 -72.4100037 0.700644732 4
109 3 -30.2730007 -71.0439987 0.594299734 4
109 31 -30.2520008 -71.6060028 0.556974530 4
112 7 -30.2159996 -71.1220016 0.604205549 4
118 20 -30.0979996 -71.3769989 0.705731988 4
118 44 -30.0790005 -71.8570023 0.625510871 4
121 23 -30.0419998 -71.4339981 0.569095373 4
15 14 -31.9589996 -71.3499985 0.811371386 5
19 69 -31.8400002 -72.4670029 0.699566543 5
42 48 -31.4449997 -72.0149994 0.881380200 5
46 23 -31.3939991 -71.5039978 0.725151539 5
49 43 -31.3230000 -71.9069977 0.955161631 5
52 24 -31.2849998 -71.5189972 0.614229262 5
61 49 -31.1019993 -72.0159988 0.642858207 5
67 45 -30.9969997 -71.9290009 0.935302615 5
75 41 -30.8560009 -71.8399963 0.562555671 5
80 8 -30.7919998 -71.1699982 0.688447416 5
80 33 -30.7730007 -71.6740036 0.688223362 5
82 58 -30.7159996 -72.1750031 0.684518814 5
88 70 -30.5970001 -72.4100037 0.761712551 5
89 2 -30.6340008 -71.0410004 0.627437115 5
93 15 -30.5529995 -71.2990036 0.687759280 5
99 34 -30.4300003 -71.6750031 0.744826674 5
109 3 -30.2730007 -71.0439987 0.818880796 5
112 7 -30.2159996 -71.1220016 0.565759957 5
115 38 -30.1380005 -71.7399979 1.00000000 5
118 20 -30.0979996 -71.3769989 0.838117719 5
12 36 -31.9960003 -71.8020020 0.768563271 6
15 14 -31.9589996 -71.3499985 0.732259393 6
42 48 -31.4449997 -72.0149994 0.692386746 6
46 23 -31.3939991 -71.5039978 0.730749726 6
52 24 -31.2849998 -71.5189972 0.680548310 6
61 49 -31.1019993 -72.0159988 0.648623645 6
67 29 -31.0100002 -71.6050034 0.601597548 6
75 41 -30.8560009 -71.8399963 0.779329419 6
86 53 -30.6480007 -72.0699997 0.756248832 6
89 2 -30.6340008 -71.0410004 0.830144644 6
89 12 -30.6270008 -71.2419968 0.781804860 6
91 45 -30.5650005 -71.9039993 0.889267743 6
91 65 -30.5470009 -72.3059998 0.982014358 6
93 15 -30.5529995 -71.2990036 0.696691036 6
99 34 -30.4300003 -71.6750031 0.861917019 6
115 19 -30.1529999 -71.3590012 0.651007831 6
115 31 -30.1439991 -71.5999985 0.781692326 6
115 38 -30.1380005 -71.7399979 0.754386365 6
120 33 -30.0520000 -71.6350021 0.841149211 6
121 49 -30.0209999 -71.9540024 0.688858688 6
8 56 -32.0499992 -72.2139969 0.919925928 7
12 36 -31.9960003 -71.8020020 0.965372264 7
18 38 -31.8859997 -71.8369980 0.862726152 7
37 53 -31.5310001 -72.1220016 0.913513720 7
59 31 -31.1529999 -71.6539993 0.920445442 7
63 51 -31.0639992 -72.0540009 0.758877337 7
67 29 -31.0100002 -71.6050034 0.795335352 7
68 14 -31.0039997 -71.3010025 0.846355617 7
71 57 -30.9150009 -72.1669998 0.821104228 7
73 47 -30.8869991 -71.9629974 0.821857154 7
86 53 -30.6480007 -72.0699997 0.920410633 7
89 12 -30.6270008 -71.2419968 0.848228514 7
91 45 -30.5650005 -71.9039993 0.994845927 7
91 65 -30.5470009 -72.3059998 0.908923268 7
99 65 -30.4029999 -72.2979965 0.982146859 7
107 13 -30.3020000 -71.2460022 0.602427423 7
115 19 -30.1529999 -71.3590012 1.00000000 7
115 31 -30.1439991 -71.5999985 0.870756805 7
120 33 -30.0520000 -71.6350021 0.817601681 7
121 49 -30.0209999 -71.9540024 0.882716238 7
3 4 -32.1829987 -71.1559982 0.656284750 8
8 56 -32.0499992 -72.2139969 0.986634552 8
10 15 -32.0480003 -71.3750000 0.782031119 8
13 47 -31.9680004 -72.0250015 0.698173463 8
18 38 -31.8859997 -71.8369980 0.849070847 8
32 46 -31.6270008 -71.9850006 0.863887787 8
37 53 -31.5310001 -72.1220016 0.585621536 8
46 14 -31.3999996 -71.3209991 0.707627177 8
59 31 -31.1529999 -71.6539993 0.763483822 8
61 38 -31.1110001 -71.7929993 0.714856625 8
63 51 -31.0639992 -72.0540009 0.701251507 8
67 41 -31.0009995 -71.8479996 0.786150157 8
68 14 -31.0039997 -71.3010025 0.783051908 8
71 57 -30.9150009 -72.1669998 0.813341856 8
73 47 -30.8869991 -71.9629974 0.595657825 8
81 66 -30.7259998 -72.3369980 0.516777039 8
81 68 -30.7250004 -72.3779984 0.553032219 8
96 51 -30.4699993 -72.0199966 0.697330475 8
99 65 -30.4029999 -72.2979965 0.740252674 8
107 13 -30.3020000 -71.2460022 0.716739118 8
3 4 -32.1829987 -71.1559982 0.653132498 9
7 33 -32.0880013 -71.7450027 0.385074109 9
10 15 -32.0480003 -71.3750000 0.628908455 9
13 43 -31.9720001 -71.9440002 0.647815764 9
13 47 -31.9680004 -72.0250015 0.909068227 9
15 31 -31.9459991 -71.6969986 0.524602532 9
15 49 -31.9309998 -72.0640030 0.859792769 9
27 42 -31.7199993 -71.9089966 0.595375478 9
32 46 -31.6270008 -71.9850006 0.507330239 9
39 20 -31.5219994 -71.4499969 0.603950024 9
46 14 -31.3999996 -71.3209991 0.539428234 9
61 38 -31.1110001 -71.7929993 0.476723224 9
67 41 -31.0009995 -71.8479996 0.566149473 9
73 68 -30.8689995 -72.3870010 0.547937989 9
76 24 -30.8519993 -71.4960022 0.562771440 9
81 66 -30.7259998 -72.3369980 0.436219513 9
81 68 -30.7250004 -72.3779984 0.429937065 9
94 70 -30.4890003 -72.4039993 0.671056390 9
96 51 -30.4699993 -72.0199966 0.571335137 9
115 34 -30.1410007 -71.6600037 0.631646276 9
4 67 -32.1119995 -72.4440002 0.692958474 10
7 33 -32.0880013 -71.7450027 0.647732198 10
10 67 -32.0040016 -72.4369965 0.525248408 10
13 43 -31.9720001 -71.9440002 0.727903068 10
15 31 -31.9459991 -71.6969986 0.822851658 10
15 49 -31.9309998 -72.0640030 0.983830214 10
26 63 -31.7199993 -72.3369980 0.930912852 10
27 42 -31.7199993 -71.9089966 0.763924301 10
31 6 -31.6770000 -71.1719971 0.780551255 10
39 20 -31.5219994 -71.4499969 0.813833416 10
49 41 -31.3250008 -71.8659973 0.923876703 10
51 35 -31.2940006 -71.7419968 0.648724318 10
54 19 -31.2520008 -71.4150009 0.647302449 10
69 38 -30.9669991 -71.7850037 0.828081131 10
73 68 -30.8689995 -72.3870010 0.697765827 10
76 24 -30.8519993 -71.4960022 0.672234714 10
84 70 -30.6690006 -72.4150009 0.829601705 10
94 70 -30.4890003 -72.4039993 1.00000000 10
115 34 -30.1410007 -71.6600037 0.828688502 10
118 31 -30.0900002 -71.5970001 0.890218794 10
2 16 -32.1920013 -71.4029999 0.657408297 11
4 67 -32.1119995 -72.4440002 0.914450407 11
7 52 -32.0719986 -72.1340027 0.731580436 11
10 67 -32.0040016 -72.4369965 0.532203853 11
15 44 -31.9349995 -71.9619980 0.807305396 11
17 62 -31.8829994 -72.3270035 0.789747357 11
26 63 -31.7199993 -72.3369980 1.00000000 11
31 6 -31.6770000 -71.1719971 0.723576367 11
49 41 -31.3250008 -71.8659973 0.868941903 11
51 35 -31.2940006 -71.7419968 0.772874355 11
54 19 -31.2520008 -71.4150009 0.761078537 11
69 38 -30.9669991 -71.7850037 0.606082916 11
71 55 -30.9160004 -72.1259995 0.867010176 11
82 70 -30.7049999 -72.4169998 0.943984091 11
84 70 -30.6690006 -72.4150009 0.836507738 11
89 61 -30.5869999 -72.2279968 0.578952372 11
101 24 -30.4020004 -71.4729996 0.417391807 11
102 3 -30.3990002 -71.0500031 0.584598541 11
102 18 -30.3880005 -71.3509979 0.720766723 11
118 31 -30.0900002 -71.5970001 0.976725399 11
2 16 -32.1920013 -71.4029999 0.919019699 12
7 52 -32.0719986 -72.1340027 0.631303608 12
15 44 -31.9349995 -71.9619980 0.702433586 12
17 62 -31.8829994 -72.3270035 0.952436566 12
44 55 -31.4029999 -72.1549988 0.849099517 12
50 47 -31.3020000 -71.9869995 0.791358471 12
57 6 -31.2080002 -71.1490021 0.878823161 12
58 31 -31.1709995 -71.6549988 0.816066325 12
64 42 -31.0540009 -71.8710022 0.843261302 12
71 55 -30.9160004 -72.1259995 0.838823915 12
81 49 -30.7420006 -71.9950027 0.670431852 12
82 70 -30.7049999 -72.4169998 0.922724843 12
89 4 -30.6329994 -71.0810013 0.865752518 12
89 58 -30.5890007 -72.1679993 0.787910819 12
89 61 -30.5869999 -72.2279968 0.728593588 12
91 39 -30.5699997 -71.7839966 0.784635961 12
101 24 -30.4020004 -71.4729996 0.500557065 12
102 3 -30.3990002 -71.0500031 0.626325548 12
102 13 -30.3920002 -71.2509995 0.858847380 12
102 18 -30.3880005 -71.3509979 0.860458791 12
27 2 -31.7520008 -71.0940018 0.817281127 13
32 27 -31.6429996 -71.5989990 0.818710804 13
44 55 -31.4029999 -72.1549988 0.863783240 13
50 47 -31.3020000 -71.9869995 0.856051803 13
56 69 -31.1739998 -72.4260025 0.994804025 13
57 6 -31.2080002 -71.1490021 0.817957640 13
58 31 -31.1709995 -71.6549988 0.907718182 13
64 42 -31.0540009 -71.8710022 0.832331300 13
81 49 -30.7420006 -71.9950027 0.878094137 13
84 63 -30.6749992 -72.2740021 0.591062367 13
85 67 -30.6529999 -72.3529968 0.717780650 13
89 4 -30.6329994 -71.0810013 0.936807334 13
89 58 -30.5890007 -72.1679993 0.649097741 13
91 39 -30.5699997 -71.7839966 0.898800254 13
92 37 -30.5529995 -71.7419968 0.950513065 13
98 64 -30.4220009 -72.2789993 0.726305127 13
102 13 -30.3920002 -71.2509995 0.819596946 13
104 23 -30.3479996 -71.4499969 0.902494252 13
110 46 -30.2220001 -71.9049988 0.734111428 13
114 51 -30.1450005 -72.0009995 0.954708755 13
27 2 -31.7520008 -71.0940018 0.843845367 14
32 27 -31.6429996 -71.5989990 0.832581699 14
37 21 -31.5569992 -71.4720001 0.915129900 14
42 18 -31.4699993 -71.4059982 0.892154813 14
42 44 -31.4480000 -71.9339981 0.904167771 14
56 69 -31.1739998 -72.4260025 0.793909729 14
75 54 -30.8449993 -72.1019974 0.739380121 14
82 14 -30.7520008 -71.2890015 0.830901623 14
84 63 -30.6749992 -72.2740021 0.678051233 14
85 67 -30.6529999 -72.3529968 0.812193751 14
90 53 -30.5760002 -72.0660019 0.859275818 14
92 37 -30.5529995 -71.7419968 0.848155141 14
98 64 -30.4220009 -72.2789993 0.798665524 14
104 23 -30.3479996 -71.4499969 0.815301716 14
110 46 -30.2220001 -71.9049988 0.747053325 14
111 6 -30.2350006 -71.1019974 0.839680374 14
113 49 -30.1650009 -71.9619980 0.990637600 14
114 51 -30.1450005 -72.0009995 1.00000000 14
117 1 -30.1299992 -70.9970016 0.795735121 14
120 15 -30.0660000 -71.2750015 0.845871985 14
22 17 -31.8309994 -71.4039993 0.869325101 15
22 38 -31.8139992 -71.8320007 0.827556849 15
37 21 -31.5569992 -71.4720001 0.828119934 15
39 60 -31.4880009 -72.2620010 0.892875671 15
42 18 -31.4699993 -71.4059982 0.773696840 15
42 44 -31.4480000 -71.9339981 0.695960224 15
44 40 -31.4160004 -71.8509979 0.833184898 15
46 12 -31.4020004 -71.2809982 0.776454329 15
57 40 -31.1819992 -71.8379974 0.766479552 15
57 48 -31.1749992 -72.0000000 0.835302532 15
67 15 -31.0209999 -71.3229980 0.949524641 15
75 3 -30.8859997 -71.0729980 0.824841559 15
75 54 -30.8449993 -72.1019974 0.948968291 15
81 1 -30.7789993 -71.0279999 0.827746153 15
82 14 -30.7520008 -71.2890015 0.835851848 15
90 53 -30.5760002 -72.0660019 1.00000000 15
111 6 -30.2350006 -71.1019974 0.707727075 15
113 49 -30.1650009 -71.9619980 0.930742800 15
117 1 -30.1299992 -70.9970016 0.759385526 15
120 15 -30.0660000 -71.2750015 0.792137861 15
17 56 -31.8880005 -72.2050018 0.558283806 16
22 17 -31.8309994 -71.4039993 0.974788606 16
22 38 -31.8139992 -71.8320007 0.792327404 16
25 30 -31.7660007 -71.6660004 0.801149845 16
33 35 -31.6180000 -71.7600021 0.810524166 16
39 60 -31.4880009 -72.2620010 0.920272648 16
44 40 -31.4160004 -71.8509979 1.00000000 16
46 12 -31.4020004 -71.2809982 0.843580484 16
51 46 -31.2849998 -71.9649963 0.779189289 16
57 40 -31.1819992 -71.8379974 0.718835235 16
57 48 -31.1749992 -72.0000000 0.803541780 16
64 65 -31.0340004 -72.3359985 0.852232277 16
66 50 -31.0109997 -72.0309982 0.723728478 16
67 15 -31.0209999 -71.3229980 0.797915518 16
75 3 -30.8859997 -71.0729980 0.727663517 16
81 1 -30.7789993 -71.0279999 0.840373695 16
86 55 -30.6459999 -72.1110001 0.726857126 16
98 36 -30.4459991 -71.7160034 0.920399904 16
102 55 -30.3579998 -72.0940018 0.835617006 16
119 8 -30.0890007 -71.1360016 0.858977258 16
4 66 -32.1129990 -72.4229965 0.784300745 17
15 8 -31.9640007 -71.2269974 0.748110354 17
17 56 -31.8880005 -72.2050018 0.996635795 17
20 36 -31.8519993 -71.7939987 0.803866804 17
24 68 -31.7509995 -72.4410019 0.770736933 17
25 30 -31.7660007 -71.6660004 0.760991454 17
30 19 -31.6849995 -71.4380035 0.854789138 17
33 35 -31.6180000 -71.7600021 0.773766458 17
51 46 -31.2849998 -71.9649963 0.744125724 17
64 65 -31.0340004 -72.3359985 0.817705095 17
66 50 -31.0109997 -72.0309982 0.713138103 17
77 49 -30.8139992 -71.9990005 0.605702460 17
81 22 -30.7639999 -71.4509964 1.00000000 17
86 55 -30.6459999 -72.1110001 0.739406824 17
98 36 -30.4459991 -71.7160034 0.768084526 17
102 55 -30.3579998 -72.0940018 0.705340266 17
105 26 -30.3279991 -71.5090027 0.767818153 17
109 43 -30.2420006 -71.8460007 0.783183575 17
114 2 -30.1840000 -71.0199966 0.778375745 17
119 8 -30.0890007 -71.1360016 0.763526618 17
4 66 -32.1129990 -72.4229965 0.702795863 18
15 8 -31.9640007 -71.2269974 1.00000000 18
20 14 -31.8689995 -71.3450012 0.808492184 18
20 36 -31.8519993 -71.7939987 0.876773894 18
24 68 -31.7509995 -72.4410019 0.774402201 18
30 19 -31.6849995 -71.4380035 0.887122929 18
33 12 -31.6359997 -71.2919998 0.800475001 18
35 34 -31.5830002 -71.7379990 0.822458625 18
38 54 -31.5119991 -72.1409988 0.673482835 18
41 41 -31.4689999 -71.8740005 0.689987063 18
66 3 -31.0480003 -71.0810013 0.640456140 18
67 8 -31.0259991 -71.1809998 0.601241052 18
70 64 -30.9260006 -72.3089981 0.673545539 18
77 49 -30.8139992 -71.9990005 0.670383036 18
81 22 -30.7639999 -71.4509964 0.834075689 18
98 5 -30.4699993 -71.0940018 0.894831657 18
100 59 -30.3899994 -72.1760025 0.700352073 18
105 26 -30.3279991 -71.5090027 0.812581182 18
109 43 -30.2420006 -71.8460007 0.838795841 18
114 2 -30.1840000 -71.0199966 0.876975894 18
4 67 -32.1119995 -72.4440002 1.00000000 19
14 32 -31.9629993 -71.7180023 0.887683809 19
17 17 -31.9209995 -71.4089966 0.936340094 19
19 34 -31.8710003 -71.7539978 0.689781666 19
20 14 -31.8689995 -71.3450012 0.917808115 19
20 44 -31.8449993 -71.9570007 0.727587998 19
33 12 -31.6359997 -71.2919998 0.581090510 19
35 34 -31.5830002 -71.7379990 0.711369753 19
38 54 -31.5119991 -72.1409988 0.635435998 19
41 41 -31.4689999 -71.8740005 0.519649982 19
50 42 -31.3059998 -71.8850021 0.811427176 19
66 3 -31.0480003 -71.0810013 0.552856445 19
67 8 -31.0259991 -71.1809998 0.651858389 19
70 64 -30.9260006 -72.3089981 0.663780987 19
75 42 -30.8560009 -71.8600006 0.582308710 19
98 5 -30.4699993 -71.0940018 0.777635217 19
100 59 -30.3899994 -72.1760025 0.588362098 19
109 45 -30.2399998 -71.8860016 0.740316570 19
113 12 -30.1940002 -71.2210007 0.502954006 19
114 11 -30.1770000 -71.1999969 0.399887741 19
4 67 -32.1119995 -72.4440002 0.757167935 20
14 32 -31.9629993 -71.7180023 0.905490816 20
17 17 -31.9209995 -71.4089966 0.809390664 20
19 34 -31.8710003 -71.7539978 0.800737560 20
20 44 -31.8449993 -71.9570007 0.935501873 20
29 27 -31.6970005 -71.6009979 0.735799134 20
38 2 -31.5529995 -71.0849991 0.965264499 20
40 34 -31.4930000 -71.7330017 0.724528074 20
46 48 -31.3729992 -72.0110016 0.932416558 20
46 60 -31.3619995 -72.2539978 0.826459110 20
50 42 -31.3059998 -71.8850021 0.839149594 20
71 60 -30.9120007 -72.2269974 0.866612673 20
75 42 -30.8560009 -71.8600006 0.857380867 20
87 70 -30.6149998 -72.4110031 0.848618686 20
89 17 -30.6229992 -71.3430023 0.815223038 20
100 15 -30.4260006 -71.2929993 0.864039063 20
109 45 -30.2399998 -71.8860016 0.709233880 20
113 12 -30.1940002 -71.2210007 0.527328551 20
114 11 -30.1770000 -71.1999969 0.567375004 20
115 2 -30.1660004 -71.0189972 0.891353846 20
29 2 -31.7159996 -71.0920029 0.676971436 21
29 27 -31.6970005 -71.6009979 0.720809698 21
32 41 -31.6310005 -71.8830032 0.727244854 21
35 58 -31.5620003 -72.2259979 0.867405355 21
38 2 -31.5529995 -71.0849991 0.680594027 21
40 34 -31.4930000 -71.7330017 0.646933496 21
46 48 -31.3729992 -72.0110016 1.00000000 21
46 60 -31.3619995 -72.2539978 0.806470513 21
60 11 -31.1499996 -71.2480011 0.746119678 21
66 56 -31.0060005 -72.1520004 0.823581576 21
71 60 -30.9120007 -72.2269974 0.824521184 21
74 59 -30.8589993 -72.2040024 0.622879326 21
76 8 -30.8640003 -71.1729965 0.861090004 21
79 48 -30.7779999 -71.9769974 0.790288150 21
87 70 -30.6149998 -72.4110031 0.827830136 21
89 17 -30.6229992 -71.3430023 0.836125910 21
100 15 -30.4260006 -71.2929993 0.761600256 21
102 47 -30.3649998 -71.9329987 0.677274108 21
102 65 -30.3490009 -72.2949982 0.808956265 21
115 2 -30.1660004 -71.0189972 0.800651848 21
16 58 -31.9050007 -72.2470016 0.499290884 22
29 2 -31.7159996 -71.0920029 0.702974200 22
32 41 -31.6310005 -71.8830032 0.830707908 22
32 55 -31.6189995 -72.1679993 0.691324234 22
35 58 -31.5620003 -72.2259979 0.756896198 22
44 49 -31.4080009 -72.0329971 0.817820013 22
47 32 -31.3680000 -71.6859970 0.850767136 22
49 64 -31.3050003 -72.3320007 0.714176476 22
60 11 -31.1499996 -71.2480011 0.799527705 22
66 56 -31.0060005 -72.1520004 0.890505552 22
68 48 -30.9769993 -71.9879990 0.874925673 22
74 59 -30.8589993 -72.2040024 0.668524742 22
76 8 -30.8640003 -71.1729965 0.828050375 22
78 39 -30.8040009 -71.7959976 0.805657923 22
79 48 -30.7779999 -71.9769974 0.922250688 22
87 40 -30.6410007 -71.8079987 0.757558405 22
102 47 -30.3649998 -71.9329987 0.826722801 22
102 65 -30.3490009 -72.2949982 0.887297750 22
103 1 -30.3829994 -71.0090027 0.890444219 22
118 40 -30.0820007 -71.7770004 1.00000000 22
16 58 -31.9050007 -72.2470016 0.643851161 23
22 48 -31.8050003 -72.0360031 0.891015530 23
32 55 -31.6189995 -72.1679993 0.741461456 23
36 12 -31.5820007 -71.2900009 0.840155661 23
44 29 -31.4249992 -71.6279984 0.860917509 23
44 49 -31.4080009 -72.0329971 0.866922379 23
47 32 -31.3680000 -71.6859970 0.905642688 23
49 64 -31.3050003 -72.3320007 0.667320251 23
66 71 -30.9920006 -72.4550018 0.985821068 23
68 48 -30.9769993 -71.9879990 0.700600505 23
75 48 -30.8500004 -71.9810028 0.999663949 23
77 49 -30.8139992 -71.9990005 0.971280217 23
78 39 -30.8040009 -71.7959976 0.887402773 23
87 40 -30.6410007 -71.8079987 1.00000000 23
102 67 -30.3470001 -72.3349991 0.776482046 23
103 1 -30.3829994 -71.0090027 0.842597127 23
110 42 -30.2250004 -71.8249969 0.794905424 23
113 38 -30.1739998 -71.7419968 0.828689933 23
116 14 -30.1389999 -71.2580032 0.709250331 23
118 40 -30.0820007 -71.7770004 0.787576556 23
5 12 -32.1409988 -71.3180008 0.836128533 24
14 47 -31.9500008 -72.0240021 0.932515979 24
22 48 -31.8050003 -72.0360031 0.709983289 24
30 34 -31.6730003 -71.7429962 0.919624329 24
36 12 -31.5820007 -71.2900009 0.902483940 24
44 29 -31.4249992 -71.6279984 0.935451269 24
48 48 -31.3369999 -72.0090027 0.719855487 24
64 11 -31.0779991 -71.2440033 0.939541698 24
66 71 -30.9920006 -72.4550018 0.828533590 24
75 48 -30.8500004 -71.9810028 1.00000000 24
77 49 -30.8139992 -71.9990005 0.880378366 24
85 62 -30.6580009 -72.2529984 0.950254977 24
86 25 -30.6709995 -71.5070038 0.852351427 24
91 37 -30.5709991 -71.7429962 0.743458331 24
91 64 -30.5480003 -72.2860031 0.928888202 24
97 30 -30.4689999 -71.5970001 0.728634238 24
102 67 -30.3470001 -72.3349991 0.788197279 24
110 42 -30.2250004 -71.8249969 0.974690199 24
113 38 -30.1739998 -71.7419968 0.883036435 24
116 14 -30.1389999 -71.2580032 0.671554804 24
5 12 -32.1409988 -71.3180008 0.790588737 25
14 47 -31.9500008 -72.0240021 0.694274426 25
22 13 -31.8339996 -71.3229980 1.00000000 25
28 10 -31.7280006 -71.2559967 0.883063436 25
30 34 -31.6730003 -71.7429962 0.669232428 25
48 48 -31.3369999 -72.0090027 0.621635199 25
64 11 -31.0779991 -71.2440033 0.636451304 25
71 24 -30.9419994 -71.5009995 0.549743533 25
79 13 -30.8059998 -71.2710037 0.724949062 25
85 62 -30.6580009 -72.2529984 0.552458644 25
86 10 -30.6830006 -71.2050018 0.680505216 25
86 25 -30.6709995 -71.5070038 0.515376031 25
91 37 -30.5709991 -71.7429962 0.608490944 25
91 64 -30.5480003 -72.2860031 0.768038869 25
97 30 -30.4689999 -71.5970001 0.649673462 25
101 12 -30.4109993 -71.2320023 0.655065894 25
102 62 -30.3519993 -72.2340012 0.743674397 25
106 42 -30.2970009 -71.8290024 0.756752253 25
116 15 -30.1380005 -71.2779999 0.661864579 25
120 4 -30.0739994 -71.0550003 0.633098066 25
4 5 -32.1640015 -71.1760025 0.816931427 26
8 10 -32.0880013 -71.2740021 0.669060647 26
8 63 -32.0439987 -72.3570023 0.669395030 26
22 13 -31.8339996 -71.3229980 1.00000000 26
22 33 -31.8180008 -71.7310028 0.686294734 26
28 10 -31.7280006 -71.2559967 0.739259839 26
37 26 -31.5529995 -71.5729980 0.688900709 26
61 14 -31.1299992 -71.3079987 0.681754351 26
71 24 -30.9419994 -71.5009995 0.663595974 26
79 13 -30.8059998 -71.2710037 0.701978743 26
84 6 -30.7220001 -71.1259995 0.536697209 26
86 10 -30.6830006 -71.2050018 0.644246519 26
92 24 -30.5639992 -71.4810028 0.517768741 26
101 12 -30.4109993 -71.2320023 0.823379397 26
102 62 -30.3519993 -72.2340012 0.702137113 26
106 42 -30.2970009 -71.8290024 0.683907449 26
111 31 -30.2159996 -71.6039963 0.565954626 26
113 25 -30.1849995 -71.4820023 0.528108895 26
116 15 -30.1380005 -71.2779999 0.759432912 26
120 4 -30.0739994 -71.0550003 0.761705875 26
4 5 -32.1640015 -71.1760025 0.615362644 27
7 7 -32.1080017 -71.2139969 0.777790487 27
8 10 -32.0880013 -71.2740021 0.690296710 27
8 63 -32.0439987 -72.3570023 0.559179008 27
12 49 -31.9850006 -72.0670013 0.868832052 27
22 33 -31.8180008 -71.7310028 0.529605091 27
37 26 -31.5529995 -71.5729980 0.992590249 27
38 26 -31.5349998 -71.5719986 0.931920052 27
38 27 -31.5349998 -71.5930023 0.921328425 27
48 6 -31.3700008 -71.1569977 0.517752647 27
61 14 -31.1299992 -71.3079987 0.656356275 27
83 70 -30.6870003 -72.4160004 0.557894051 27
84 6 -30.7220001 -71.1259995 0.518421233 27
84 55 -30.6819992 -72.1129990 0.584732592 27
89 34 -30.6100006 -71.6849976 0.468637317 27
91 45 -30.5650005 -71.9039993 0.656416416 27
92 24 -30.5639992 -71.4810028 0.519382894 27
95 24 -30.5100002 -71.4779968 0.345743716 27
111 31 -30.2159996 -71.6039963 0.529179215 27
113 25 -30.1849995 -71.4820023 0.504008174 27
7 7 -32.1080017 -71.2139969 0.794401467 28
10 30 -32.0369987 -71.6809998 0.610495090 28
12 49 -31.9850006 -72.0670013 0.714457393 28
36 16 -31.5790005 -71.3710022 0.641951740 28
37 12 -31.5639992 -71.2890015 0.616482496 28
38 26 -31.5349998 -71.5719986 0.562287450 28
38 27 -31.5349998 -71.5930023 0.548359394 28
48 6 -31.3700008 -71.1569977 0.515731454 28
54 59 -31.2189999 -72.2259979 0.546846151 28
62 34 -31.0960007 -71.7109985 0.602429390 28
64 58 -31.0400009 -72.1949997 0.662267387 28
72 53 -30.8999996 -72.0849991 0.760373294 28
83 70 -30.6870003 -72.4160004 0.502462983 28
84 55 -30.6819992 -72.1129990 0.508105755 28
88 38 -30.6250000 -71.7659988 0.987356961 28
89 34 -30.6100006 -71.6849976 0.771753907 28
91 45 -30.5650005 -71.9039993 0.552070618 28
92 34 -30.5559998 -71.6819992 0.637142658 28
95 24 -30.5100002 -71.4779968 0.301721483 28
118 12 -30.1040001 -71.2170029 0.576385438 28
10 30 -32.0369987 -71.6809998 0.758794188 29
28 25 -31.7159996 -71.5619965 0.873972774 29
31 19 -31.6669998 -71.4369965 0.888011217 29
32 27 -31.6429996 -71.5989990 0.846787035 29
36 16 -31.5790005 -71.3710022 0.909715593 29
37 12 -31.5639992 -71.2890015 0.510066330 29
38 11 -31.5470009 -71.2679977 0.412027925 29
54 59 -31.2189999 -72.2259979 0.934829295 29
62 34 -31.0960007 -71.7109985 0.910832345 29
64 58 -31.0400009 -72.1949997 0.995482981 29
72 53 -30.8999996 -72.0849991 0.900587022 29
75 17 -30.8759995 -71.3560028 0.912096560 29
85 26 -30.6879997 -71.5279999 0.851154983 29
88 38 -30.6250000 -71.7659988 0.978796303 29
92 34 -30.5559998 -71.6819992 1.00000000 29
103 43 -30.3500004 -71.8519974 0.663672686 29
114 2 -30.1840000 -71.0199966 0.807922006 29
115 55 -30.1240005 -72.0800018 0.751196623 29
118 12 -30.1040001 -71.2170029 0.814625621 29
120 33 -30.0520000 -71.6350021 0.804534972 29
18 2 -31.9139996 -71.1019974 0.506500721 30
28 25 -31.7159996 -71.5619965 0.606077969 30
31 19 -31.6669998 -71.4369965 0.540013850 30
31 27 -31.6609993 -71.5999985 1.00000000 30
32 27 -31.6429996 -71.5989990 0.961398125 30
38 11 -31.5470009 -71.2679977 0.482330918 30
38 61 -31.5060005 -72.2839966 0.505735815 30
53 39 -31.2539997 -71.8219986 0.458892792 30
54 24 -31.2490005 -71.5169983 0.342348307 30
56 5 -31.2269993 -71.1299973 0.523055613 30
59 2 -31.1749992 -71.0670013 0.590391219 30
68 20 -30.9990005 -71.4229965 0.494564205 30
75 17 -30.8759995 -71.3560028 0.629973888 30
84 35 -30.6989994 -71.7099991 0.425857037 30
85 26 -30.6879997 -71.5279999 0.396755904 30
103 43 -30.3500004 -71.8519974 0.575701773 30
109 70 -30.2180004 -72.3870010 0.506275535 30
114 2 -30.1840000 -71.0199966 0.504716039 30
115 55 -30.1240005 -72.0800018 0.541046143 30
120 33 -30.0520000 -71.6350021 0.580158710 30
18 2 -31.9139996 -71.1019974 0.758435965 31
18 6 -31.9109993 -71.1839981 0.851713955 31
20 17 -31.8670006 -71.4059982 0.877966404 31
31 27 -31.6609993 -71.5999985 0.892150044 31
36 25 -31.5720005 -71.5540009 0.890597761 31
38 61 -31.5060005 -72.2839966 0.748716354 31
41 68 -31.4449997 -72.4219971 0.704921186 31
48 24 -31.3570004 -71.5220032 0.706587553 31
53 39 -31.2539997 -71.8219986 0.700499892 31
54 24 -31.2490005 -71.5169983 0.568716347 31
56 5 -31.2269993 -71.1299973 0.786777258 31
59 2 -31.1749992 -71.0670013 0.777646542 31
65 48 -31.0310001 -71.9909973 0.985161185 31
68 20 -30.9990005 -71.4229965 0.857897282 31
70 62 -30.9279995 -72.2689972 0.826369643 31
84 35 -30.6989994 -71.7099991 0.959698498 31
88 42 -30.6210003 -71.8470001 1.00000000 31
88 61 -30.6049995 -72.2289963 0.967654765 31
98 52 -30.4330006 -72.0380020 0.798931897 31
109 70 -30.2180004 -72.3870010 0.812460184 31
6 61 -32.0820007 -72.3190002 0.734681427 32
11 36 -32.0139999 -71.8030014 0.892727852 32
18 6 -31.9109993 -71.1839981 0.667303145 32
20 17 -31.8670006 -71.4059982 0.711666286 32
24 63 -31.7560005 -72.3399963 1.00000000 32
25 46 -31.7530003 -71.9919968 0.807462811 32
27 17 -31.7409992 -71.4000015 0.747417748 32
28 8 -31.7290001 -71.2160034 0.923917770 32
31 23 -31.6639996 -71.5179977 0.709348798 32
36 25 -31.5720005 -71.5540009 0.761961579 32
41 68 -31.4449997 -72.4219971 0.497153997 32
48 24 -31.3570004 -71.5220032 0.507283747 32
65 48 -31.0310001 -71.9909973 0.687551558 32
70 62 -30.9279995 -72.2689972 0.717315614 32
88 42 -30.6210003 -71.8470001 0.767626822 32
88 61 -30.6049995 -72.2289963 0.782490969 32
98 52 -30.4330006 -72.0380020 0.729668677 32
103 62 -30.3339996 -72.2330017 0.775795877 32
118 26 -30.0939999 -71.4970016 0.816902578 32
120 63 -30.0259991 -72.2350006 0.996337235 32
6 61 -32.0820007 -72.3190002 0.599679649 33
9 29 -32.0550003 -71.6620026 0.609088600 33
11 36 -32.0139999 -71.8030014 0.926876366 33
15 29 -31.9470005 -71.6559982 0.750725806 33
17 40 -31.9020004 -71.8779984 0.751219690 33
24 63 -31.7560005 -72.3399963 0.883783221 33
25 46 -31.7530003 -71.9919968 0.894261837 33
27 17 -31.7409992 -71.4000015 0.850882769 33
28 8 -31.7290001 -71.2160034 0.789702475 33
31 23 -31.6639996 -71.5179977 0.713292003 33
38 41 -31.5230007 -71.8769989 0.742605865 33
52 7 -31.2980003 -71.1740036 0.883311331 33
75 15 -30.8770008 -71.3150024 0.730600774 33
81 37 -30.7520008 -71.7529984 0.842289269 33
91 63 -30.5489998 -72.2659988 0.805456340 33
103 62 -30.3339996 -72.2330017 0.647403598 33
105 56 -30.3029995 -72.1110001 0.638000548 33
109 47 -30.2390003 -71.9260025 0.842421651 33
118 26 -30.0939999 -71.4970016 0.700362027 33
120 63 -30.0259991 -72.2350006 1.00000000 33
9 29 -32.0550003 -71.6620026 0.582851112 34
15 29 -31.9470005 -71.6559982 0.661256611 34
17 40 -31.9020004 -71.8779984 0.595398664 34
28 68 -31.6790009 -72.4369965 0.644674599 34
38 41 -31.5230007 -71.8769989 0.709819019 34
42 63 -31.4319992 -72.3199997 0.688481033 34
46 56 -31.3659992 -72.1729965 0.794884026 34
52 7 -31.2980003 -71.1740036 0.690441966 34
59 46 -31.1399994 -71.9570007 0.850719810 34
68 71 -30.9559994 -72.4530029 1.00000000 34
69 52 -30.9549999 -72.0680008 0.631819963 34
75 15 -30.8770008 -71.3150024 0.631702125 34
75 45 -30.8530006 -71.9209976 0.511325121 34
77 51 -30.8120003 -72.0390015 0.792309403 34
81 37 -30.7520008 -71.7529984 0.950413764 34
90 67 -30.5629997 -72.3479996 0.565415323 34
91 63 -30.5489998 -72.2659988 0.801543713 34
105 56 -30.3029995 -72.1110001 0.794167876 34
109 47 -30.2390003 -71.9260025 0.751333058 34
120 4 -30.0739994 -71.0550003 0.715890467 34
21 14 -31.8509998 -71.3440018 0.740526259 35
28 68 -31.6790009 -72.4369965 0.871681571 35
34 70 -31.5690002 -72.4710007 0.975278258 35
37 61 -31.5240002 -72.2850037 0.749757349 35
42 63 -31.4319992 -72.3199997 0.616163015 35
46 56 -31.3659992 -72.1729965 0.678021967 35
48 44 -31.3400002 -71.9280014 0.743311167 35
54 68 -31.2110004 -72.4079971 0.781651795 35
56 9 -31.2240009 -71.2109985 0.721403122 35
56 37 -31.2019997 -71.7779999 0.773999214 35
59 46 -31.1399994 -71.9570007 0.857425332 35
68 71 -30.9559994 -72.4530029 0.960429192 35
69 52 -30.9549999 -72.0680008 0.616196275 35
75 45 -30.8530006 -71.9209976 0.622033536 35
77 51 -30.8120003 -72.0390015 0.600595057 35
79 68 -30.7609997 -72.3799973 0.538783908 35
83 32 -30.7199993 -71.6510010 0.907035172 35
84 15 -30.7150002 -71.3069992 0.745833993 35
90 67 -30.5629997 -72.3479996 0.755814552 35
120 4 -30.0739994 -71.0550003 0.721883357 35
18 50 -31.8759995 -72.0810013 0.796925128 36
18 52 -31.8740005 -72.1220016 0.687557876 36
21 14 -31.8509998 -71.3440018 0.781034410 36
24 17 -31.7950001 -71.4029999 0.822104871 36
26 30 -31.7479992 -71.6660004 0.784983993 36
34 70 -31.5690002 -72.4710007 0.863397658 36
37 61 -31.5240002 -72.2850037 0.922515392 36
48 44 -31.3400002 -71.9280014 0.789075196 36
51 9 -31.3139992 -71.2149963 0.769653559 36
54 68 -31.2110004 -72.4079971 0.661350608 36
56 9 -31.2240009 -71.2109985 0.778738320 36
56 37 -31.2019997 -71.7779999 0.861889243 36
70 15 -30.9669991 -71.3199997 0.697271943 36
79 68 -30.7609997 -72.3799973 0.777831793 36
80 50 -30.7590008 -72.0159988 0.999469995 36
83 32 -30.7199993 -71.6510010 0.968249559 36
84 15 -30.7150002 -71.3069992 0.809629560 36
84 37 -30.6980000 -71.7500000 0.672902763 36
94 10 -30.5380001 -71.1979980 0.752340555 36
94 48 -30.5079994 -71.9619980 0.938773334 36
13 64 -31.9529991 -72.3720016 0.895430446 37
17 53 -31.8910007 -72.1429977 0.783898354 37
18 50 -31.8759995 -72.0810013 0.948560476 37
18 52 -31.8740005 -72.1220016 0.878352642 37
24 17 -31.7950001 -71.4029999 0.806638360 37
26 30 -31.7479992 -71.6660004 0.775985658 37
33 57 -31.5990009 -72.2080002 0.937026501 37
41 47 -31.4640007 -71.9960022 0.747099936 37
51 9 -31.3139992 -71.2149963 0.714629710 37
56 45 -31.1949997 -71.9400024 0.789097965 37
66 9 -31.0440006 -71.2020035 0.847706795 37
70 15 -30.9669991 -71.3199997 0.820635319 37
78 21 -30.8180008 -71.4339981 0.857207716 37
80 50 -30.7590008 -72.0159988 0.778946042 37
84 37 -30.6980000 -71.7500000 0.797311723 37
93 11 -30.5559998 -71.2190018 0.460746408 37
94 10 -30.5380001 -71.1979980 0.470388174 37
94 48 -30.5079994 -71.9619980 0.966699839 37
98 59 -30.4260006 -72.1780014 0.421171695 37
106 18 -30.3160000 -71.3479996 0.843137085 37
13 64 -31.9529991 -72.3720016 0.881946802 38
17 53 -31.8910007 -72.1429977 0.778385580 38
24 1 -31.8059998 -71.0759964 0.886740088 38
25 57 -31.7430000 -72.2160034 0.821086705 38
31 2 -31.6800003 -71.0910034 0.813324690 38
33 57 -31.5990009 -72.2080002 0.602604628 38
34 37 -31.5979996 -71.8000031 0.866455793 38
41 47 -31.4640007 -71.9960022 0.858639359 38
56 45 -31.1949997 -71.9400024 0.811685562 38
62 14 -31.1119995 -71.3069992 0.824465990 38
62 22 -31.1060009 -71.4690018 0.744823098 38
66 9 -31.0440006 -71.2020035 0.987209082 38
67 39 -31.0020008 -71.8069992 0.767113149 38
78 21 -30.8180008 -71.4339981 0.950012445 38
93 11 -30.5559998 -71.2190018 0.736666739 38
94 53 -30.5039997 -72.0619965 0.724692464 38
98 59 -30.4260006 -72.1780014 0.835264444 38
106 18 -30.3160000 -71.3479996 0.902072668 38
116 43 -30.1159992 -71.8389969 0.895307422 38
117 62 -30.0809994 -72.2180023 1.00000000 38
11 20 -32.0270004 -71.4759979 0.728195369 39
11 52 -32.0000000 -72.1299973 0.593966782 39
24 1 -31.8059998 -71.0759964 0.797414243 39
25 57 -31.7430000 -72.2160034 0.857696831 39
31 2 -31.6800003 -71.0910034 0.823492467 39
34 37 -31.5979996 -71.8000031 0.881812394 39
42 38 -31.4540005 -71.8119965 0.874603391 39
49 22 -31.3400002 -71.4810028 0.848702371 39
61 65 -31.0879993 -72.3389969 0.704940915 39
62 14 -31.1119995 -71.3069992 0.850486219 39
62 22 -31.1060009 -71.4690018 0.810181141 39
67 39 -31.0020008 -71.8069992 0.797231913 39
75 16 -30.8759995 -71.3349991 0.593279123 39
78 21 -30.8180008 -71.4339981 0.940812528 39
84 47 -30.6889992 -71.9520035 0.894367456 39
89 30 -30.6130009 -71.6050034 0.964013994 39
94 53 -30.5039997 -72.0619965 0.673173666 39
105 60 -30.2989998 -72.1910019 0.790157259 39
116 43 -30.1159992 -71.8389969 0.872752309 39
117 62 -30.0809994 -72.2180023 1.00000000 39
4 25 -32.1489983 -71.5849991 0.770226419 40
10 59 -32.0120010 -72.2740021 0.619437873 40
11 20 -32.0270004 -71.4759979 0.901677847 40
11 52 -32.0000000 -72.1299973 0.600449502 40
26 45 -31.7360001 -71.9710007 0.702883363 40
29 47 -31.6800003 -72.0090027 0.798319995 40
40 48 -31.4810009 -72.0169983 0.604064167 40
42 38 -31.4540005 -71.8119965 0.874217451 40
49 22 -31.3400002 -71.4810028 0.946027577 40
55 46 -31.2129993 -71.9609985 0.834356725 40
61 65 -31.0879993 -72.3389969 0.982606769 40
72 30 -30.9190006 -71.6210022 0.890630484 40
75 16 -30.8759995 -71.3349991 0.690031707 40
78 21 -30.8180008 -71.4339981 0.852913260 40
84 47 -30.6889992 -71.9520035 0.820620358 40
86 46 -30.6539993 -71.9290009 0.788122833 40
88 51 -30.6140003 -72.0279999 0.915139258 40
89 30 -30.6130009 -71.6050034 0.691854775 40
105 60 -30.2989998 -72.1910019 0.888544858 40
111 40 -30.2089996 -71.7839966 0.993569195 40
4 25 -32.1489983 -71.5849991 0.574872971 41
10 59 -32.0120010 -72.2740021 0.873475552 41
18 28 -31.8939991 -71.6330032 0.827452302 41
26 45 -31.7360001 -71.9710007 0.675808311 41
29 47 -31.6800003 -72.0090027 0.701048136 41
29 60 -31.6690006 -72.2730026 1.00000000 41
36 63 -31.5400009 -72.3259964 0.924312532 41
39 53 -31.4950008 -72.1200027 0.824385047 41
40 48 -31.4810009 -72.0169983 0.721398711 41
42 24 -31.4650002 -71.5279999 0.741942525 41
55 46 -31.2129993 -71.9609985 0.759172499 41
63 33 -31.0790005 -71.6900024 0.711771309 41
65 13 -31.0590000 -71.2839966 0.791555226 41
72 30 -30.9190006 -71.6210022 0.886903286 41
86 46 -30.6539993 -71.9290009 0.916059494 41
88 51 -30.6140003 -72.0279999 0.867150903 41
93 40 -30.5330009 -71.8020020 0.994710743 41
108 4 -30.2900009 -71.0650024 0.877155483 41
111 40 -30.2089996 -71.7839966 0.834611297 41
114 10 -30.1779995 -71.1800003 0.893963277 41
18 28 -31.8939991 -71.6330032 0.712293983 42
19 57 -31.8509998 -72.2229996 0.638951063 42
29 60 -31.6690006 -72.2730026 0.701051772 42
36 63 -31.5400009 -72.3259964 0.947820485 42
39 53 -31.4950008 -72.1200027 0.695352733 42
42 24 -31.4650002 -71.5279999 0.643633485 42
54 23 -31.2490005 -71.4960022 0.526611567 42
56 26 -31.2110004 -71.5550003 0.636966825 42
63 33 -31.0790005 -71.6900024 0.727846682 42
65 13 -31.0590000 -71.2839966 0.712893426 42
77 31 -30.8290005 -71.6360016 0.753794491 42
88 39 -30.6240005 -71.7870026 0.780588567 42
88 45 -30.6189995 -71.9069977 0.816935360 42
93 40 -30.5330009 -71.8020020 1.00000000 42
94 30 -30.5230007 -71.5999985 0.809130311 42
103 30 -30.3610001 -71.5910034 0.811469913 42
105 65 -30.2950001 -72.2910004 0.843551815 42
108 4 -30.2900009 -71.0650024 0.825476468 42
114 10 -30.1779995 -71.1800003 0.742431164 42
118 4 -30.1100006 -71.0559998 0.745934963 42
2 62 -32.1529999 -72.3440018 0.705452204 43
4 24 -32.1500015 -71.5640030 0.764395058 43
19 57 -31.8509998 -72.2229996 0.691195905 43
25 15 -31.7779999 -71.3610001 0.811814785 43
36 21 -31.5750008 -71.4729996 0.882528305 43
54 23 -31.2490005 -71.4960022 0.711649060 43
55 56 -31.2040005 -72.1640015 0.925019920 43
56 26 -31.2110004 -71.5550003 0.682780623 43
65 3 -31.0660000 -71.0820007 0.756953597 43
74 34 -30.8799992 -71.6999969 0.871076822 43
77 31 -30.8290005 -71.6360016 0.696404755 43
88 39 -30.6240005 -71.7870026 0.778108001 43
88 45 -30.6189995 -71.9069977 0.730731189 43
94 30 -30.5230007 -71.5999985 0.742579639 43
103 30 -30.3610001 -71.5910034 0.822561800 43
105 65 -30.2950001 -72.2910004 0.894083023 43
115 16 -30.1550007 -71.2990036 0.818385601 43
117 44 -30.0970001 -71.8580017 0.672186673 43
118 4 -30.1100006 -71.0559998 0.770157754 43
119 36 -30.0680008 -71.6959991 0.794031620 43
2 62 -32.1529999 -72.3440018 0.831921935 44
4 24 -32.1500015 -71.5640030 0.701341569 44
25 15 -31.7779999 -71.3610001 0.698821843 44
36 21 -31.5750008 -71.4729996 0.736502051 44
40 12 -31.5100002 -71.2860031 0.686804533 44
42 25 -31.4640007 -71.5479965 0.672002614 44
47 70 -31.3349991 -72.4560013 0.871154904 44
54 67 -31.2119999 -72.3880005 0.333040208 44
55 56 -31.2040005 -72.1640015 1.00000000 44
65 3 -31.0660000 -71.0820007 0.690234125 44
74 34 -30.8799992 -71.6999969 0.689839125 44
86 50 -30.6509991 -72.0100021 0.595890462 44
88 8 -30.6480007 -71.1630020 0.640062690 44
88 29 -30.6320000 -71.5849991 0.912086844 44
96 56 -30.4650002 -72.1200027 0.664679050 44
112 17 -30.2089996 -71.3219986 0.808487236 44
115 16 -30.1550007 -71.2990036 0.870750546 44
116 30 -30.1270008 -71.5790024 0.842351198 44
117 44 -30.0970001 -71.8580017 0.556494713 44
119 36 -30.0680008 -71.6959991 0.816349089 44
27 31 -31.7299995 -71.6849976 0.607556999 45
30 26 -31.6800003 -71.5800018 0.627328277 45
39 3 -31.5349998 -71.1039963 0.640598059 45
40 12 -31.5100002 -71.2860031 0.783032596 45
42 25 -31.4640007 -71.5479965 0.770005643 45
47 3 -31.3910007 -71.0970001 0.674095869 45
47 70 -31.3349991 -72.4560013 0.919727743 45
52 1 -31.3020000 -71.0520020 0.893270910 45
54 67 -31.2119999 -72.3880005 0.585925043 45
68 23 -30.9969997 -71.4830017 0.689750791 45
86 50 -30.6509991 -72.0100021 0.853862166 45
88 8 -30.6480007 -71.1630020 0.616123021 45
88 29 -30.6320000 -71.5849991 0.856477082 45
89 53 -30.5939999 -72.0670013 0.774905145 45
91 20 -30.5849991 -71.4010010 0.594901741 45
96 56 -30.4650002 -72.1200027 0.835849345 45
97 52 -30.4510002 -72.0390015 0.623023510 45
107 25 -30.2929993 -71.4869995 0.623553455 45
112 17 -30.2089996 -71.3219986 0.781470716 45
116 30 -30.1270008 -71.5790024 0.910480440 45
7 14 -32.1030006 -71.3570023 0.679867268 46
27 31 -31.7299995 -71.6849976 0.642739892 46
30 26 -31.6800003 -71.5800018 0.593261302 46
38 26 -31.5349998 -71.5719986 0.764301360 46
39 3 -31.5349998 -71.1039963 0.648696721 46
47 3 -31.3910007 -71.0970001 0.853392541 46
50 28 -31.3180008 -71.6019974 0.909180462 46
52 1 -31.3020000 -71.0520020 0.705555856 46
52 22 -31.2859993 -71.4779968 0.937708676 46
53 19 -31.2709999 -71.4160004 0.979114473 46
68 23 -30.9969997 -71.4830017 0.967243671 46
89 25 -30.6170006 -71.5039978 0.994264841 46
89 53 -30.5939999 -72.0670013 0.757507384 46
91 20 -30.5849991 -71.4010010 0.822171807 46
97 52 -30.4510002 -72.0390015 0.549968719 46
99 31 -30.4319992 -71.6149979 0.780535758 46
102 32 -30.3770008 -71.6320038 0.850360632 46
105 64 -30.2959995 -72.2710037 0.795105398 46
106 56 -30.2849998 -72.1100006 0.879177988 46
107 25 -30.2929993 -71.4869995 0.768590927 46
7 14 -32.1030006 -71.3570023 0.630329907 47
8 20 -32.0810013 -71.4789963 0.761568785 47
26 23 -31.7539997 -71.5230026 0.559176862 47
38 26 -31.5349998 -71.5719986 0.591774940 47
50 28 -31.3180008 -71.6019974 0.663950264 47
52 22 -31.2859993 -71.4779968 0.909446597 47
53 19 -31.2709999 -71.4160004 0.982386410 47
53 20 -31.2700005 -71.4369965 1.00000000 47
54 16 -31.2549992 -71.3550034 0.667153597 47
60 48 -31.1210003 -71.9970016 0.599339664 47
62 53 -31.0799999 -72.0960007 0.730990469 47
85 21 -30.6919994 -71.4270020 0.621528029 47
89 25 -30.6170006 -71.5039978 0.677754104 47
94 42 -30.5130005 -71.8410034 0.597482204 47
99 31 -30.4319992 -71.6149979 0.534642339 47
102 32 -30.3770008 -71.6320038 0.503555059 47
103 34 -30.3579998 -71.6709976 0.442831278 47
105 64 -30.2959995 -72.2710037 0.640795827 47
106 56 -30.2849998 -72.1100006 0.647759914 47
111 24 -30.2210007 -71.4629974 0.584664881 47
8 20 -32.0810013 -71.4789963 0.966907501 48
15 28 -31.9480000 -71.6350021 0.710756838 48
23 36 -31.7980003 -71.7910004 0.860005021 48
26 23 -31.7539997 -71.5230026 0.577781916 48
30 34 -31.6730003 -71.7429962 0.763858855 48
31 14 -31.6709995 -71.3349991 0.875611067 48
45 31 -31.4050007 -71.6669998 0.899272919 48
48 35 -31.3479996 -71.7450027 0.833228350 48
53 20 -31.2700005 -71.4369965 0.837650537 48
54 16 -31.2549992 -71.3550034 0.909031153 48
60 48 -31.1210003 -71.9970016 0.873017907 48
62 53 -31.0799999 -72.0960007 0.851225853 48
80 14 -30.7880001 -71.2910004 0.816799581 48
85 21 -30.6919994 -71.4270020 0.728983819 48
94 42 -30.5130005 -71.8410034 0.739060819 48
99 49 -30.4169998 -71.9769974 0.807269275 48
103 34 -30.3579998 -71.6709976 0.717825353 48
106 12 -30.3209991 -71.2269974 0.759150028 48
111 24 -30.2210007 -71.4629974 0.834540069 48
121 12 -30.0499992 -71.2139969 0.587404311 48
15 28 -31.9480000 -71.6350021 0.650753200 49
17 34 -31.9069996 -71.7559967 0.673360765 49
23 36 -31.7980003 -71.7910004 0.866844356 49
30 10 -31.6919994 -71.2539978 0.689669609 49
30 34 -31.6730003 -71.7429962 0.799296856 49
31 14 -31.6709995 -71.3349991 0.872387290 49
45 31 -31.4050007 -71.6669998 1.00000000 49
46 44 -31.3759995 -71.9300003 0.896037400 49
48 35 -31.3479996 -71.7450027 0.913001060 49
51 21 -31.3050003 -71.4589996 0.818583786 49
65 4 -31.0650005 -71.1019974 0.864756107 49
77 15 -30.8409996 -71.3130035 0.766128302 49
80 14 -30.7880001 -71.2910004 0.813577771 49
93 18 -30.5499992 -71.3590012 0.856959045 49
98 31 -30.4500008 -71.6159973 0.857814312 49
99 49 -30.4169998 -71.9769974 0.956530929 49
106 12 -30.3209991 -71.2269974 0.829388201 49
117 6 -30.1270008 -71.0970001 0.935115874 49
120 42 -30.0450001 -71.8150024 0.895044029 49
121 12 -30.0499992 -71.2139969 0.834629297 49
13 46 -31.9689999 -72.0049973 0.855544746 50
17 34 -31.9069996 -71.7559967 0.790920615 50
26 3 -31.7689991 -71.1149979 0.942467153 50
30 10 -31.6919994 -71.2539978 0.766874433 50
45 58 -31.3820000 -72.2149963 0.813768506 50
46 37 -31.3820000 -71.7880020 0.879068911 50
46 44 -31.3759995 -71.9300003 0.787897468 50
51 21 -31.3050003 -71.4589996 0.920812190 50
65 4 -31.0650005 -71.1019974 0.665116966 50
67 10 -31.0249996 -71.2210007 0.750747502 50
67 42 -31.0000000 -71.8679962 0.996127725 50
76 27 -30.8500004 -71.5559998 0.701110482 50
77 15 -30.8409996 -71.3130035 0.594376564 50
93 18 -30.5499992 -71.3590012 0.990765572 50
98 31 -30.4500008 -71.6159973 0.941301048 50
100 48 -30.3999996 -71.9550018 0.951223254 50
101 3 -30.4169998 -71.0510025 0.826442003 50
105 66 -30.2940006 -72.3109970 0.904691577 50
117 6 -30.1270008 -71.0970001 0.827617049 50
120 42 -30.0450001 -71.8150024 0.831250727 50
13 46 -31.9689999 -72.0049973 0.879723191 51
26 3 -31.7689991 -71.1149979 0.840700269 51
29 12 -31.7080002 -71.2959976 0.769893765 51
40 30 -31.4960003 -71.6520004 0.848770678 51
45 58 -31.3820000 -72.2149963 0.756643057 51
46 37 -31.3820000 -71.7880020 0.730775118 51
52 47 -31.2660007 -71.9850006 0.896991789 51
55 19 -31.2339993 -71.4140015 0.838166416 51
55 51 -31.2080002 -72.0619965 0.792870104 51
67 10 -31.0249996 -71.2210007 0.768368185 51
67 42 -31.0000000 -71.8679962 1.00000000 51
76 27 -30.8500004 -71.5559998 0.927973747 51
81 13 -30.7700005 -71.2699966 0.933568656 51
83 29 -30.7220001 -71.5899963 0.951752067 51
95 66 -30.4740009 -72.3219986 0.841772556 51
96 45 -30.4750004 -71.8990021 0.769692242 51
100 48 -30.3999996 -71.9550018 0.790533423 51
101 3 -30.4169998 -71.0510025 0.870980918 51
105 66 -30.2940006 -72.3109970 0.750213027 51
112 17 -30.2089996 -71.3219986 0.956205666 51
3 68 -32.1300011 -72.4649963 0.775076270 52
25 46 -31.7530003 -71.9919968 0.743515074 52
29 12 -31.7080002 -71.2959976 0.841621518 52
32 63 -31.6119995 -72.3310013 1.00000000 52
40 30 -31.4960003 -71.6520004 0.750904262 52
46 45 -31.3759995 -71.9499969 0.643579423 52
49 51 -31.3160000 -72.0690002 0.459165931 52
52 47 -31.2660007 -71.9850006 0.715790391 52
55 19 -31.2339993 -71.4140015 0.779909194 52
55 51 -31.2080002 -72.0619965 0.693640888 52
81 13 -30.7700005 -71.2699966 0.757996023 52
82 58 -30.7159996 -72.1750031 0.765480757 52
83 29 -30.7220001 -71.5899963 0.768065989 52
95 66 -30.4740009 -72.3219986 0.970324993 52
96 45 -30.4750004 -71.8990021 0.699930310 52
109 52 -30.2339993 -72.0260010 0.687482595 52
112 17 -30.2089996 -71.3219986 0.829439163 52
117 44 -30.0970001 -71.8580017 0.732241690 52
118 18 -30.1000004 -71.3369980 0.810938597 52
120 32 -30.0529995 -71.6149979 0.612685263 52
3 68 -32.1300011 -72.4649963 0.586372554 53
13 68 -31.9489994 -72.4540024 0.865889847 53
25 46 -31.7530003 -71.9919968 0.977698386 53
32 63 -31.6119995 -72.3310013 0.976701796 53
37 31 -31.5489998 -71.6750031 0.847797573 53
38 17 -31.5419998 -71.3899994 0.687909305 53
45 19 -31.4150009 -71.4240036 0.825732648 53
46 9 -31.4039993 -71.2200012 0.929654300 53
46 45 -31.3759995 -71.9499969 0.700453579 53
49 51 -31.3160000 -72.0690002 0.729286373 53
76 39 -30.8400002 -71.7979965 0.615010798 53
82 58 -30.7159996 -72.1750031 0.778561473 53
88 47 -30.6170006 -71.9479980 0.863408923 53
91 16 -30.5879993 -71.3209991 0.922027588 53
100 18 -30.4239998 -71.3529968 0.851271510 53
109 52 -30.2339993 -72.0260010 0.725404680 53
117 42 -30.0990009 -71.8180008 0.738022208 53
117 44 -30.0970001 -71.8580017 0.671794295 53
118 18 -30.1000004 -71.3369980 0.816077650 53
120 32 -30.0529995 -71.6149979 0.789489150 53
13 68 -31.9489994 -72.4540024 0.417279720 54
20 63 -31.8279991 -72.3440018 0.588371813 54
27 64 -31.7010002 -72.3570023 0.464227080 54
37 31 -31.5489998 -71.6750031 0.512904644 54
38 17 -31.5419998 -71.3899994 0.418023825 54
40 54 -31.4759998 -72.1389999 0.465851575 54
45 19 -31.4150009 -71.4240036 0.486969352 54
46 9 -31.4039993 -71.2200012 0.537952423 54
65 35 -31.0419998 -71.7289963 0.558580756 54
68 37 -30.9860001 -71.7659988 0.983203709 54
68 38 -30.9850006 -71.7860031 1.00000000 54
76 39 -30.8400002 -71.7979965 0.290145874 54
82 38 -30.7329998 -71.7720032 0.469296485 54
88 47 -30.6170006 -71.9479980 0.533028185 54
89 53 -30.5939999 -72.0670013 0.496364623 54
91 16 -30.5879993 -71.3209991 0.479291141 54
95 45 -30.4930000 -71.9000015 0.535853505 54
100 18 -30.4239998 -71.3529968 0.487406433 54
101 42 -30.3869991 -71.8339996 0.634695947 54
117 42 -30.0990009 -71.8180008 0.555896461 54
20 63 -31.8279991 -72.3440018 0.603352726 55
23 28 -31.8040009 -71.6279984 0.553240955 55
24 57 -31.7609997 -72.2170029 0.566928983 55
26 21 -31.7560005 -71.4820023 0.616865039 55
27 64 -31.7010002 -72.3570023 0.624230385 55
28 17 -31.7229996 -71.3990021 0.612194479 55
40 43 -31.4850006 -71.9160004 0.605814576 55
40 54 -31.4759998 -72.1389999 0.662602186 55
57 46 -31.1770000 -71.9589996 0.551140666 55
61 27 -31.1200008 -71.5709991 0.591783524 55
65 35 -31.0419998 -71.7289963 0.540250242 55
68 37 -30.9860001 -71.7659988 1.00000000 55
68 38 -30.9850006 -71.7860031 0.997690916 55
82 38 -30.7329998 -71.7720032 0.615275621 55
89 47 -30.5990009 -71.9469986 0.607950211 55
89 53 -30.5939999 -72.0670013 0.520608187 55
95 45 -30.4930000 -71.9000015 0.568031132 55
97 17 -30.4790001 -71.3359985 0.587724566 55
101 42 -30.3869991 -71.8339996 0.581073046 55
110 47 -30.2210007 -71.9250031 0.579445779 55
6 42 -32.0989990 -71.9300003 0.805467308 56
23 28 -31.8040009 -71.6279984 0.857367992 56
24 57 -31.7609997 -72.2170029 0.731217563 56
26 21 -31.7560005 -71.4820023 0.956231594 56
27 48 -31.7150002 -72.0309982 0.806294382 56
28 17 -31.7229996 -71.3990021 0.876364291 56
40 43 -31.4850006 -71.9160004 0.885493994 56
51 21 -31.3050003 -71.4589996 0.929406703 56
57 46 -31.1770000 -71.9589996 0.812935948 56
60 40 -31.1280003 -71.8349991 0.948146582 56
61 27 -31.1200008 -71.5709991 0.885284662 56
72 22 -30.9260006 -71.4589996 0.917303324 56
89 47 -30.5990009 -71.9469986 0.707155764 56
92 57 -30.5359993 -72.1449966 0.636262178 56
97 17 -30.4790001 -71.3359985 0.919999540 56
98 5 -30.4699993 -71.0940018 0.758330762 56
105 63 -30.2970009 -72.2509995 0.984014273 56
110 12 -30.2479992 -71.2239990 0.722562432 56
110 47 -30.2210007 -71.9250031 0.852895200 56
120 59 -30.0300007 -72.1549988 0.889150202 56
3 26 -32.1660004 -71.6060028 0.696455598 57
6 42 -32.0989990 -71.9300003 0.595317662 57
7 13 -32.1040001 -71.3369980 0.711840153 57
27 48 -31.7150002 -72.0309982 0.874128044 57
51 21 -31.3050003 -71.4589996 0.866718650 57
60 40 -31.1280003 -71.8349991 0.775232494 57
72 14 -30.9319992 -71.2979965 0.565509796 57
72 22 -30.9260006 -71.4589996 0.650907099 57
74 37 -30.8780003 -71.7600021 0.725199580 57
92 57 -30.5359993 -72.1449966 0.706753075 57
98 5 -30.4699993 -71.0940018 0.694117486 57
105 63 -30.2970009 -72.2509995 0.878682375 57
108 18 -30.2800007 -71.3460007 0.779359281 57
109 8 -30.2689991 -71.1439972 0.745343447 57
110 12 -30.2479992 -71.2239990 0.776691735 57
114 51 -30.1450005 -72.0009995 0.896777093 57
116 63 -30.0990009 -72.2389984 0.696183085 57
119 4 -30.0919991 -71.0559998 0.882825077 57
120 59 -30.0300007 -72.1549988 0.799892426 57
121 36 -30.0319996 -71.6940002 0.729450881 57
3 26 -32.1660004 -71.6060028 0.710305572 58
3 57 -32.1399994 -72.2399979 0.750889957 58
7 13 -32.1040001 -71.3369980 0.747370064 58
25 21 -31.7740002 -71.4830017 0.772493839 58
32 40 -31.6320000 -71.8629990 0.795702577 58
33 42 -31.6119995 -71.9029999 0.782323301 58
45 62 -31.3789997 -72.2959976 0.797946393 58
63 15 -31.0930004 -71.3259964 0.739268303 58
72 14 -30.9319992 -71.2979965 0.736983001 58
74 37 -30.8780003 -71.7600021 0.822390676 58
106 59 -30.2819996 -72.1699982 0.733785331 58
108 4 -30.2900009 -71.0650024 0.887863040 58
108 18 -30.2800007 -71.3460007 0.616944253 58
108 42 -30.2609997 -71.8270035 0.651567400 58
109 8 -30.2689991 -71.1439972 0.786837518 58
114 51 -30.1450005 -72.0009995 0.970551074 58
116 63 -30.0990009 -72.2389984 0.869419336 58
119 4 -30.0919991 -71.0559998 0.810626328 58
119 68 -30.0400009 -72.3359985 0.786053061 58
121 36 -30.0319996 -71.6940002 0.760707200 58
2 36 -32.1759987 -71.8119965 0.720063150 59
3 57 -32.1399994 -72.2399979 0.795992792 59
23 17 -31.8129997 -71.4029999 0.691655874 59
23 59 -31.7779999 -72.2590027 0.757197917 59
25 21 -31.7740002 -71.4830017 0.780279577 59
25 59 -31.7420006 -72.2570038 0.591343760 59
32 40 -31.6320000 -71.8629990 0.880590677 59
33 42 -31.6119995 -71.9029999 0.741390109 59
44 35 -31.4200001 -71.7490005 0.636490643 59
45 62 -31.3789997 -72.2959976 0.675035775 59
60 66 -31.1049995 -72.3610001 0.930349648 59
63 15 -31.0930004 -71.3259964 0.731996775 59
83 43 -30.7110004 -71.8720016 0.863384068 59
106 59 -30.2819996 -72.1699982 0.745835185 59
108 4 -30.2900009 -71.0650024 0.872408986 59
108 42 -30.2609997 -71.8270035 0.795815945 59
114 61 -30.1359997 -72.2009964 0.899447978 59
119 16 -30.0830002 -71.2959976 0.830929637 59
119 68 -30.0400009 -72.3359985 0.795235932 59
120 51 -30.0370007 -71.9950027 0.867569983 59
2 36 -32.1759987 -71.8119965 0.970445275 60
17 57 -31.8869991 -72.2249985 0.939388573 60
18 10 -31.9080009 -71.2649994 0.871101797 60
23 17 -31.8129997 -71.4029999 0.851475596 60
23 59 -31.7779999 -72.2590027 0.508800507 60
25 59 -31.7420006 -72.2570038 0.650625944 60
44 35 -31.4200001 -71.7490005 0.862167895 60
45 22 -31.4120007 -71.4850006 0.962093174 60
47 38 -31.3630009 -71.8069992 0.902388632 60
60 66 -31.1049995 -72.3610001 0.650256097 60
65 8 -31.0629997 -71.1829987 0.756645560 60
65 35 -31.0419998 -71.7289963 0.790483952 60
67 42 -31.0000000 -71.8679962 0.923398852 60
75 56 -30.8439999 -72.1419983 1.00000000 60
83 43 -30.7110004 -71.8720016 0.870393157 60
85 14 -30.6980000 -71.2860031 0.662363708 60
100 66 -30.3840008 -72.3170013 0.773885250 60
114 61 -30.1359997 -72.2009964 0.965850651 60
119 16 -30.0830002 -71.2959976 0.868403971 60
120 51 -30.0370007 -71.9950027 0.973005354 60
7 22 -32.0970001 -71.5210037 0.691239059 61
17 57 -31.8869991 -72.2249985 0.691894591 61
18 10 -31.9080009 -71.2649994 0.834793389 61
22 35 -31.8160000 -71.7710037 0.748557508 61
44 43 -31.4130001 -71.9120026 0.817318261 61
45 22 -31.4120007 -71.4850006 0.860847056 61
47 38 -31.3630009 -71.8069992 0.801251590 61
65 8 -31.0629997 -71.1829987 0.774643779 61
65 35 -31.0419998 -71.7289963 0.787678123 61
67 42 -31.0000000 -71.8679962 0.934248030 61
75 28 -30.8670006 -71.5780029 0.765919030 61
75 56 -30.8439999 -72.1419983 0.810160637 61
80 21 -30.7819996 -71.4319992 0.828125000 61
85 14 -30.6980000 -71.2860031 0.529713988 61
87 33 -30.6469994 -71.6669998 0.704542816 61
90 61 -30.5690002 -72.2269974 0.917740166 61
92 21 -30.5660000 -71.4209976 1.00000000 61
100 32 -30.4130001 -71.6340027 0.918871820 61
100 66 -30.3840008 -72.3170013 0.846785784 61
110 13 -30.2479992 -71.2440033 0.719467282 61
4 6 -32.1629982 -71.1959991 0.841058850 62
7 22 -32.0970001 -71.5210037 0.690797806 62
15 2 -31.9680004 -71.1050034 0.737851024 62
22 35 -31.8160000 -71.7710037 0.829549611 62
24 49 -31.7679996 -72.0550003 0.823405027 62
30 51 -31.6590004 -72.0889969 0.595784903 62
44 43 -31.4130001 -71.9120026 0.817995131 62
47 11 -31.3850002 -71.2600021 0.841026843 62
67 13 -31.0230007 -71.2819977 0.820636570 62
75 28 -30.8670006 -71.5780029 0.650635660 62
79 31 -30.7929993 -71.6340027 0.956775665 62
80 21 -30.7819996 -71.4319992 0.946395099 62
80 34 -30.7719994 -71.6940002 0.626539886 62
87 33 -30.6469994 -71.6669998 0.797555447 62
90 61 -30.5690002 -72.2269974 0.845151007 62
92 21 -30.5660000 -71.4209976 0.942217290 62
99 66 -30.4020004 -72.3180008 0.539440036 62
100 32 -30.4130001 -71.6340027 0.970875800 62
110 13 -30.2479992 -71.2440033 0.870384395 62
117 40 -30.1000004 -71.7779999 0.757087111 62
4 6 -32.1629982 -71.1959991 0.717190802 63
15 2 -31.9680004 -71.1050034 0.564599931 63
24 36 -31.7789993 -71.7900009 0.590914369 63
24 49 -31.7679996 -72.0550003 0.643038750 63
30 8 -31.6930008 -71.2139969 0.643378735 63
30 51 -31.6590004 -72.0889969 0.499673754 63
35 66 -31.5550003 -72.3880005 0.750139177 63
47 11 -31.3850002 -71.2600021 0.610426188 63
51 63 -31.2700005 -72.3099976 1.00000000 63
59 4 -31.1739998 -71.1070023 0.683457255 63
67 13 -31.0230007 -71.2819977 0.693436563 63
78 62 -30.7840004 -72.2600021 0.624413967 63
79 31 -30.7929993 -71.6340027 0.627676785 63
80 34 -30.7719994 -71.6940002 0.429790020 63
89 50 -30.5970001 -72.0070038 0.581446469 63
99 66 -30.4020004 -72.3180008 0.493159115 63
115 48 -30.1299992 -71.9400024 0.547665775 63
117 40 -30.1000004 -71.7779999 0.648363888 63
118 51 -30.0730000 -71.9970016 0.495899349 63
120 37 -30.0489998 -71.7149963 0.673237622 63
13 25 -31.9869995 -71.5759964 0.706583858 64
18 50 -31.8759995 -72.0810013 0.887651265 64
24 36 -31.7789993 -71.7900009 0.763934255 64
25 52 -31.7479992 -72.1149979 0.818776250 64
30 8 -31.6930008 -71.2139969 0.765767753 64
35 66 -31.5550003 -72.3880005 0.974038661 64
45 39 -31.3990002 -71.8300018 0.693193972 64
50 6 -31.3339996 -71.1549988 0.591766417 64
51 63 -31.2700005 -72.3099976 0.980992794 64
52 36 -31.2749996 -71.7620010 0.707426548 64
56 33 -31.2049999 -71.6969986 0.771078467 64
59 4 -31.1739998 -71.1070023 0.847121119 64
77 48 -30.8139992 -71.9789963 0.885450840 64
78 62 -30.7840004 -72.2600021 0.670931160 64
86 23 -30.6730003 -71.4660034 0.616205752 64
89 50 -30.5970001 -72.0070038 0.732301533 64
115 48 -30.1299992 -71.9400024 0.792403996 64
118 51 -30.0730000 -71.9970016 0.681553304 64
119 37 -30.0669994 -71.7160034 0.468168736 64
120 37 -30.0489998 -71.7149963 0.331048816 64
3 69 -32.1290016 -72.4860001 0.860866606 65
10 14 -32.0489998 -71.3539963 0.759023368 65
13 25 -31.9869995 -71.5759964 0.938444257 65
18 50 -31.8759995 -72.0810013 0.741671681 65
25 35 -31.7619991 -71.7679977 0.828522384 65
25 52 -31.7479992 -72.1149979 0.906095862 65
30 13 -31.6900005 -71.3160019 0.876710355 65
35 23 -31.5919991 -71.5139999 0.759401023 65
41 70 -31.4430008 -72.4629974 0.719883740 65
45 39 -31.3990002 -71.8300018 0.880178094 65
50 6 -31.3339996 -71.1549988 0.713622272 65
52 36 -31.2749996 -71.7620010 0.736879945 65
56 33 -31.2049999 -71.6969986 0.982070208 65
60 21 -31.1429996 -71.4499969 0.755420268 65
77 48 -30.8139992 -71.9789963 0.817282259 65
86 23 -30.6730003 -71.4660034 0.777956605 65
86 56 -30.6450005 -72.1309967 0.690802217 65
86 56 -30.6450005 -72.1309967 0.690802217 65
102 23 -30.3840008 -71.4520035 0.852094293 65
119 37 -30.0669994 -71.7160034 0.964705169 65
3 69 -32.1290016 -72.4860001 0.891631067 66
10 14 -32.0489998 -71.3539963 0.704169512 66
16 70 -31.8939991 -72.4909973 0.661001444 66
25 35 -31.7619991 -71.7679977 0.830734015 66
30 13 -31.6900005 -71.3160019 0.819142461 66
32 25 -31.6439991 -71.5579987 0.878422022 66
35 23 -31.5919991 -71.5139999 0.770350099 66
35 54 -31.5660000 -72.1449966 0.857946336 66
35 68 -31.5529995 -72.4290009 0.954698265 66
41 70 -31.4430008 -72.4629974 0.636675537 66
60 21 -31.1429996 -71.4499969 0.909078121 66
76 54 -30.8269997 -72.1009979 0.828736782 66
86 56 -30.6450005 -72.1309967 0.709987164 66
86 56 -30.6450005 -72.1309967 0.709987164 66
90 44 -30.5839996 -71.8850021 1.00000000 66
100 68 -30.3820000 -72.3570023 0.905201674 66
102 23 -30.3840008 -71.4520035 0.742861271 66
106 45 -30.2940006 -71.8889999 0.835252881 66
112 14 -30.2110004 -71.2620010 0.696607947 66
119 14 -30.0849991 -71.2559967 0.727040768 66
6 36 -32.1040001 -71.8079987 0.776483536 67
9 20 -32.0629997 -71.4779968 0.720864892 67
16 70 -31.8939991 -72.4909973 0.848197997 67
19 9 -31.8910007 -71.2440033 0.446643382 67
24 23 -31.7900009 -71.5250015 0.776544511 67
30 71 -31.6399994 -72.4960022 0.967847347 67
32 25 -31.6439991 -71.5579987 0.722179174 67
35 54 -31.5660000 -72.1449966 0.869443417 67
35 68 -31.5529995 -72.4290009 0.660926878 67
43 22 -31.4480000 -71.4860001 0.846461236 67
76 54 -30.8269997 -72.1009979 0.762887239 67
80 34 -30.7719994 -71.6940002 0.923379302 67
90 44 -30.5839996 -71.8850021 0.767059267 67
93 24 -30.5459995 -71.4800034 0.663386881 67
96 64 -30.4580002 -72.2809982 0.769983768 67
98 16 -30.4619999 -71.3150024 0.597703993 67
100 68 -30.3820000 -72.3570023 0.791968346 67
106 45 -30.2940006 -71.8889999 0.654839933 67
112 14 -30.2110004 -71.2620010 0.675738633 67
119 14 -30.0849991 -71.2559967 0.696499527 67
3 46 -32.1489983 -72.0149994 0.730962634 68
6 13 -32.1220016 -71.3379974 0.608159482 68
6 36 -32.1040001 -71.8079987 0.673935950 68
9 20 -32.0629997 -71.4779968 0.599896193 68
19 9 -31.8910007 -71.2440033 0.458704203 68
24 23 -31.7900009 -71.5250015 0.798742115 68
30 71 -31.6399994 -72.4960022 0.896480024 68
36 51 -31.5510006 -72.0830002 0.663621187 68
40 29 -31.4969997 -71.6320038 0.727282226 68
43 22 -31.4480000 -71.4860001 0.843318939 68
58 15 -31.1830006 -71.3310013 0.658465028 68
60 50 -31.1189995 -72.0370026 0.608957887 68
75 70 -30.8309994 -72.4250031 0.784140348 68
80 34 -30.7719994 -71.6940002 0.925865352 68
89 25 -30.6170006 -71.5039978 0.696458638 68
93 24 -30.5459995 -71.4800034 0.751230597 68
94 63 -30.4950008 -72.2630005 0.997947693 68
96 64 -30.4580002 -72.2809982 1.00000000 68
98 16 -30.4619999 -71.3150024 0.664667785 68
119 4 -30.0919991 -71.0559998 0.686486065 68
3 46 -32.1489983 -72.0149994 0.886644661 69
3 55 -32.1409988 -72.1989975 0.728887498 69
6 13 -32.1220016 -71.3379974 0.649311244 69
8 27 -32.0750008 -71.6220016 0.912519336 69
12 69 -31.9669991 -72.4749985 0.615198791 69
36 51 -31.5510006 -72.0830002 0.858135283 69
37 16 -31.5610008 -71.3700027 0.775188148 69
40 29 -31.4969997 -71.6320038 0.835060179 69
41 24 -31.4829998 -71.5289993 0.762355089 69
42 40 -31.4519997 -71.8529968 0.882114828 69
56 53 -31.1879997 -72.1019974 0.593616307 69
58 15 -31.1830006 -71.3310013 0.651881695 69
60 50 -31.1189995 -72.0370026 0.710538208 69
75 70 -30.8309994 -72.4250031 0.848013461 69
89 25 -30.6170006 -71.5039978 0.817671299 69
94 63 -30.4950008 -72.2630005 0.786161423 69
100 29 -30.4160004 -71.5739975 0.797162890 69
110 51 -30.2169991 -72.0049973 0.727239847 69
111 21 -30.2240009 -71.4029999 1.00000000 69
119 4 -30.0919991 -71.0559998 0.880698740 69
3 55 -32.1409988 -72.1989975 0.723060012 70
8 27 -32.0750008 -71.6220016 0.699986100 70
12 69 -31.9669991 -72.4749985 0.750894725 70
37 16 -31.5610008 -71.3700027 0.622610152 70
38 10 -31.5480003 -71.2470016 0.545726120 70
41 24 -31.4829998 -71.5289993 0.607122421 70
42 40 -31.4519997 -71.8529968 0.727989376 70
42 60 -31.4340000 -72.2590027 0.652136445 70
44 46 -31.4109993 -71.9729996 0.582364082 70
47 62 -31.3430004 -72.2939987 0.968290269 70
48 9 -31.3680000 -71.2180023 0.706161857 70
50 42 -31.3059998 -71.8850021 0.426296502 70
56 34 -31.2049999 -71.7170029 0.578616858 70
56 53 -31.1879997 -72.1019974 0.626470029 70
75 19 -30.8740005 -71.3960037 0.773374557 70
79 20 -30.8010006 -71.4120026 0.646067202 70
100 11 -30.4290009 -71.2119980 0.651786089 70
100 29 -30.4160004 -71.5739975 0.636114120 70
110 51 -30.2169991 -72.0049973 0.584307373 70
111 21 -30.2240009 -71.4029999 0.769779861 70
21 48 -31.8230000 -72.0370026 0.727475703 71
30 63 -31.6480007 -72.3330002 0.659817994 71
35 69 -31.5520000 -72.4489975 0.633905828 71
38 10 -31.5480003 -71.2470016 0.687856972 71
42 60 -31.4340000 -72.2590027 0.832329214 71
44 46 -31.4109993 -71.9729996 0.672138631 71
47 62 -31.3430004 -72.2939987 1.00000000 71
48 9 -31.3680000 -71.2180023 0.611199558 71
50 42 -31.3059998 -71.8850021 0.538733900 71
56 34 -31.2049999 -71.7170029 0.604161501 71
62 3 -31.1200008 -71.0839996 0.739637792 71
75 19 -30.8740005 -71.3960037 0.828847706 71
78 38 -30.8050003 -71.7760010 0.709216654 71
79 20 -30.8010006 -71.4120026 0.617857516 71
87 16 -30.6599998 -71.3249969 0.648354530 71
89 50 -30.5970001 -72.0070038 0.631984532 71
92 46 -30.5459995 -71.9229965 0.605575919 71
100 11 -30.4290009 -71.2119980 0.775788903 71
104 69 -30.3090000 -72.3730011 0.842964470 71
120 38 -30.0480003 -71.7350006 0.749674082 71
4 31 -32.1440010 -71.7080002 0.953539371 72
5 17 -32.1370010 -71.4199982 0.868439794 72
12 64 -31.9710007 -72.3730011 0.627630889 72
21 48 -31.8230000 -72.0370026 1.00000000 72
30 63 -31.6480007 -72.3330002 0.833063066 72
33 24 -31.6270008 -71.5370026 0.661087871 72
35 69 -31.5520000 -72.4489975 0.603461027 72
44 50 -31.4069996 -72.0540009 0.800202191 72
56 20 -31.2159996 -71.4339981 0.794662714 72
62 3 -31.1200008 -71.0839996 0.656862557 72
71 37 -30.9319992 -71.7630005 0.716746449 72
78 38 -30.8050003 -71.7760010 0.870251238 72
82 70 -30.7049999 -72.4169998 0.731674552 72
86 44 -30.6560001 -71.8889999 0.744784296 72
87 16 -30.6599998 -71.3249969 0.932333469 72
88 57 -30.6079998 -72.1490021 0.768044949 72
89 50 -30.5970001 -72.0070038 0.667554855 72
92 46 -30.5459995 -71.9229965 0.573393703 72
104 69 -30.3090000 -72.3730011 0.676655114 72
120 38 -30.0480003 -71.7350006 0.757011890 72
4 31 -32.1440010 -71.7080002 0.933082640 73
5 17 -32.1370010 -71.4199982 0.815592229 73
12 52 -31.9820004 -72.1279984 0.595781565 73
12 64 -31.9710007 -72.3730011 0.792266190 73
14 52 -31.9459991 -72.1259995 0.673097730 73
24 62 -31.7570000 -72.3190002 0.537400544 73
25 61 -31.7399998 -72.2979965 0.558239996 73
33 24 -31.6270008 -71.5370026 0.610910177 73
44 50 -31.4069996 -72.0540009 0.638140738 73
56 20 -31.2159996 -71.4339981 0.688124180 73
64 71 -31.0279999 -72.4570007 0.851603031 73
71 37 -30.9319992 -71.7630005 0.659379661 73
82 70 -30.7049999 -72.4169998 0.541107595 73
84 62 -30.6760006 -72.2539978 0.972430944 73
86 44 -30.6560001 -71.8889999 0.620174289 73
88 57 -30.6079998 -72.1490021 0.823885083 73
88 60 -30.6060009 -72.2089996 0.843200147 73
92 22 -30.5650005 -71.4410019 0.625445426 73
105 37 -30.3190002 -71.7300034 0.740066051 73
120 39 -30.0470009 -71.7549973 0.649937153 73
10 32 -32.0349998 -71.7220001 0.754679620 74
12 52 -31.9820004 -72.1279984 0.815100431 74
14 52 -31.9459991 -72.1259995 0.634581625 74
24 62 -31.7570000 -72.3190002 0.747484863 74
25 61 -31.7399998 -72.2979965 0.853243172 74
30 37 -31.6709995 -71.8040009 0.798259914 74
49 18 -31.3430004 -71.4000015 0.784698308 74
64 71 -31.0279999 -72.4570007 0.582448244 74
68 10 -31.0070000 -71.2210007 0.736854672 74
84 62 -30.6760006 -72.2539978 0.561012983 74
88 60 -30.6060009 -72.2089996 1.00000000 74
92 22 -30.5650005 -71.4410019 0.585468769 74
93 13 -30.5540009 -71.2590027 0.693751216 74
95 6 -30.5230007 -71.1159973 0.756463647 74
101 20 -30.4050007 -71.3919983 0.655411661 74
105 37 -30.3190002 -71.7300034 0.791164637 74
106 2 -30.3279991 -71.0260010 0.642669737 74
110 9 -30.2509995 -71.1630020 0.719250739 74
120 39 -30.0470009 -71.7549973 0.670122921 74
121 54 -30.0160007 -72.0540009 0.919352293 74
3 12 -32.1769981 -71.3199997 0.748543084 75
10 32 -32.0349998 -71.7220001 0.651874304 75
23 34 -31.7989998 -71.7500000 0.779989779 75
30 37 -31.6709995 -71.8040009 0.793733060 75
35 47 -31.5720005 -72.0019989 0.711719573 75
49 18 -31.3430004 -71.4000015 0.799003303 75
59 7 -31.1709995 -71.1679993 0.845690966 75
67 63 -30.9810009 -72.2919998 0.902516842 75
68 10 -31.0070000 -71.2210007 0.767961144 75
68 49 -30.9759998 -72.0080032 0.959347308 75
84 69 -30.6700001 -72.3949966 0.550724983 75
91 59 -30.5529995 -72.1859970 0.709000051 75
93 13 -30.5540009 -71.2590027 0.708830476 75
95 6 -30.5230007 -71.1159973 0.738329113 75
98 59 -30.4260006 -72.1780014 0.977667630 75
101 20 -30.4050007 -71.3919983 0.769122124 75
106 2 -30.3279991 -71.0260010 0.634311438 75
106 42 -30.2970009 -71.8290024 0.893048286 75
110 9 -30.2509995 -71.1630020 0.664224386 75
121 54 -30.0160007 -72.0540009 1.00000000 75
3 12 -32.1769981 -71.3199997 0.839604616 76
6 20 -32.1170006 -71.4810028 0.947710693 76
18 5 -31.9120007 -71.1630020 0.790317714 76
20 27 -31.8589993 -71.6100006 0.761366427 76
21 53 -31.8190002 -72.1389999 0.729462564 76
23 34 -31.7989998 -71.7500000 0.771995068 76
35 47 -31.5720005 -72.0019989 0.718843758 76
38 57 -31.5090008 -72.2020035 0.895694256 76
57 10 -31.2049999 -71.2300034 0.837210655 76
59 7 -31.1709995 -71.1679993 0.925011396 76
65 1 -31.0680008 -71.0410004 0.736257851 76
67 34 -31.0060005 -71.7060013 0.578158081 76
67 63 -30.9810009 -72.2919998 0.855352104 76
68 49 -30.9759998 -72.0080032 0.739374220 76
84 69 -30.6700001 -72.3949966 0.711519301 76
91 59 -30.5529995 -72.1859970 0.555343211 76
93 30 -30.5410004 -71.6009979 0.876800954 76
95 54 -30.4850006 -72.0810013 0.727753699 76
98 59 -30.4260006 -72.1780014 0.836152971 76
106 42 -30.2970009 -71.8290024 0.821377575 76
6 20 -32.1170006 -71.4810028 0.983455598 77
17 48 -31.8950005 -72.0419998 0.439837635 77
18 5 -31.9120007 -71.1630020 0.586948574 77
18 15 -31.9039993 -71.3669968 0.737417042 77
20 27 -31.8589993 -71.6100006 0.697482049 77
20 71 -31.8209991 -72.5070038 0.769263387 77
21 53 -31.8190002 -72.1389999 0.631109178 77
24 50 -31.7679996 -72.0749969 0.600998104 77
38 57 -31.5090008 -72.2020035 0.648925662 77
47 16 -31.3810005 -71.3610001 0.671356440 77
49 45 -31.3209991 -71.9469986 0.689146399 77
57 10 -31.2049999 -71.2300034 0.741174877 77
65 1 -31.0680008 -71.0410004 0.666050494 77
67 34 -31.0060005 -71.7060013 0.578356326 77
70 23 -30.9610004 -71.4810028 0.707488835 77
84 27 -30.7059994 -71.5490036 0.816289306 77
86 49 -30.6509991 -71.9899979 0.693043530 77
93 30 -30.5410004 -71.6009979 0.667440295 77
95 54 -30.4850006 -72.0810013 0.787339985 77
115 20 -30.1520004 -71.3789978 0.829441965 77
1 54 -32.1780014 -72.1809998 0.781645000 78
6 17 -32.1189995 -71.4189987 0.669590652 78
8 32 -32.0709991 -71.7239990 0.698887050 78
17 48 -31.8950005 -72.0419998 0.682136238 78
18 15 -31.9039993 -71.3669968 0.764509022 78
18 45 -31.8799992 -71.9789963 0.648244798 78
20 71 -31.8209991 -72.5070038 1.00000000 78
24 50 -31.7679996 -72.0749969 0.539179504 78
42 14 -31.4729996 -71.3249969 0.706870019 78
47 16 -31.3810005 -71.3610001 0.710333765 78
49 45 -31.3209991 -71.9469986 0.694370508 78
51 48 -31.2830009 -72.0059967 0.713804722 78
69 39 -30.9659996 -71.8050003 0.856882453 78
70 23 -30.9610004 -71.4810028 0.646476984 78
84 27 -30.7059994 -71.5490036 0.719828308 78
86 49 -30.6509991 -71.9899979 0.631266415 78
97 26 -30.4720001 -71.5169983 0.776963890 78
106 8 -30.3239994 -71.1470032 0.732565045 78
106 56 -30.2849998 -72.1100006 0.616910934 78
115 20 -30.1520004 -71.3789978 0.904041588 78
1 54 -32.1780014 -72.1809998 0.693778336 79
6 17 -32.1189995 -71.4189987 0.904576778 79
8 32 -32.0709991 -71.7239990 0.827383757 79
18 45 -31.8799992 -71.9789963 0.641570270 79
30 13 -31.6900005 -71.3160019 0.869289696 79
35 4 -31.6060009 -71.1279984 0.880814254 79
42 14 -31.4729996 -71.3249969 0.888776362 79
51 48 -31.2830009 -72.0059967 0.698050380 79
60 44 -31.1240005 -71.9160004 0.903707385 79
66 36 -31.0230007 -71.7480011 0.742208242 79
67 44 -30.9979992 -71.9079971 0.793915987 79
69 39 -30.9659996 -71.8050003 0.789663911 79
79 25 -30.7970009 -71.5130005 0.988021493 79
87 58 -30.6259995 -72.1699982 0.884524107 79
92 53 -30.5400009 -72.0640030 0.613302648 79
94 19 -30.5319996 -71.3789978 0.982207656 79
97 26 -30.4720001 -71.5169983 0.965137243 79
106 8 -30.3239994 -71.1470032 0.690609813 79
106 56 -30.2849998 -72.1100006 0.755946338 79
109 32 -30.2509995 -71.6259995 0.816083848 79
2 31 -32.1800003 -71.7099991 0.841869831 80
8 22 -32.0789986 -71.5199966 0.748345673 80
27 26 -31.7339993 -71.5830002 0.764760435 80
30 13 -31.6900005 -71.3160019 0.910215378 80
35 4 -31.6060009 -71.1279984 0.918614745 80
37 22 -31.5569992 -71.4919968 0.772311449 80
54 56 -31.2220001 -72.1650009 0.846209168 80
60 44 -31.1240005 -71.9160004 0.577798545 80
66 36 -31.0230007 -71.7480011 0.751405001 80
67 44 -30.9979992 -71.9079971 0.710674703 80
73 16 -30.9120007 -71.3369980 0.720474660 80
79 25 -30.7970009 -71.5130005 0.968484163 80
82 8 -30.7560005 -71.1679993 0.645604968 80
87 58 -30.6259995 -72.1699982 0.866681635 80
92 53 -30.5400009 -72.0640030 0.515773654 80
94 19 -30.5319996 -71.3789978 1.00000000 80
106 14 -30.3190002 -71.2669983 0.866056800 80
109 32 -30.2509995 -71.6259995 0.800655842 80
116 67 -30.0949993 -72.3190002 0.683973849 80
118 42 -30.0809994 -71.8170013 0.737470806 80
1 38 -32.1920013 -71.8539963 0.904579163 81
2 31 -32.1800003 -71.7099991 0.913265049 81
2 36 -32.1759987 -71.8119965 0.728758991 81
8 22 -32.0789986 -71.5199966 0.665806949 81
27 26 -31.7339993 -71.5830002 0.751499057 81
37 22 -31.5569992 -71.4919968 0.756935239 81
44 21 -31.4309998 -71.4649963 0.812313259 81
52 34 -31.2770004 -71.7210007 0.743379235 81
54 32 -31.2420006 -71.6790009 0.709399045 81
54 56 -31.2220001 -72.1650009 0.924499333 81
65 56 -31.0240002 -72.1529999 0.627512634 81
73 16 -30.9120007 -71.3369980 0.805973589 81
75 4 -30.8850002 -71.0930023 0.707123101 81
81 23 -30.7630005 -71.4710007 0.808543265 81
82 8 -30.7560005 -71.1679993 0.741898417 81
91 23 -30.5830002 -71.4619980 0.916136265 81
103 43 -30.3500004 -71.8519974 0.676896036 81
106 14 -30.3190002 -71.2669983 0.962954879 81
116 67 -30.0949993 -72.3190002 0.756024480 81
118 42 -30.0809994 -71.8170013 0.691715062 81
1 38 -32.1920013 -71.8539963 0.824111938 82
2 36 -32.1759987 -71.8119965 0.905686080 82
18 52 -31.8740005 -72.1220016 0.834277868 82
28 16 -31.7229996 -71.3779984 0.640965700 82
44 21 -31.4309998 -71.4649963 0.856464744 82
49 32 -31.3320007 -71.6839981 0.859333277 82
52 34 -31.2770004 -71.7210007 0.860228002 82
54 32 -31.2420006 -71.6790009 0.708629727 82
55 11 -31.2409992 -71.2519989 0.797553122 82
65 56 -31.0240002 -72.1529999 0.843034267 82
75 4 -30.8850002 -71.0930023 0.730005205 82
77 24 -30.8339996 -71.4950027 0.695288599 82
81 23 -30.7630005 -71.4710007 0.677938759 82
84 5 -30.7220001 -71.1060028 0.799801111 82
87 67 -30.6170006 -72.3509979 0.881564081 82
91 23 -30.5830002 -71.4619980 0.682758927 82
92 10 -30.5739994 -71.1989975 0.767178714 82
101 29 -30.3980007 -71.5729980 0.952288270 82
103 43 -30.3500004 -71.8519974 0.718974769 82
114 58 -30.1389999 -72.1409988 0.983223081 82
17 14 -31.9230003 -71.3479996 0.755263269 83
18 52 -31.8740005 -72.1220016 0.755886257 83
19 15 -31.8859997 -71.3659973 0.752192795 83
22 22 -31.8269997 -71.5059967 0.664535582 83
28 14 -31.7250004 -71.3379974 0.736483872 83
28 16 -31.7229996 -71.3779984 0.623639762 83
31 7 -31.6760006 -71.1930008 0.667583048 83
49 32 -31.3320007 -71.6839981 0.395866305 83
50 33 -31.3129997 -71.7030029 0.577021718 83
55 11 -31.2409992 -71.2519989 0.726322830 83
64 5 -31.0830002 -71.1230011 0.999912560 83
77 24 -30.8339996 -71.4950027 0.587301731 83
84 5 -30.7220001 -71.1060028 0.667738914 83
87 67 -30.6170006 -72.3509979 0.770580351 83
92 10 -30.5739994 -71.1989975 0.881052554 83
96 20 -30.4950008 -71.3970032 0.965744495 83
98 51 -30.4330006 -72.0179977 0.551434577 83
101 29 -30.3980007 -71.5729980 0.795566142 83
114 58 -30.1389999 -72.1409988 0.857783258 83
116 59 -30.1019993 -72.1589966 0.897904515 83
13 23 -31.9880009 -71.5350037 0.672917485 84
17 14 -31.9230003 -71.3479996 0.765043736 84
19 15 -31.8859997 -71.3659973 0.584861577 84
22 22 -31.8269997 -71.5059967 0.786774278 84
28 14 -31.7250004 -71.3379974 0.762500882 84
31 7 -31.6760006 -71.1930008 0.767947853 84
36 6 -31.5869999 -71.1679993 0.747716784 84
50 33 -31.3129997 -71.7030029 0.834058404 84
64 5 -31.0830002 -71.1230011 1.00000000 84
66 3 -31.0480003 -71.0810013 0.767964363 84
67 36 -31.0049992 -71.7470016 0.868350148 84
73 22 -30.9080009 -71.4580002 0.423281163 84
74 19 -30.8920002 -71.3970032 0.522246301 84
84 65 -30.6730003 -72.3140030 0.809259176 84
87 38 -30.6429996 -71.7669983 0.750288606 84
94 16 -30.5340004 -71.3180008 0.708909452 84
96 20 -30.4950008 -71.3970032 0.790906072 84
98 51 -30.4330006 -72.0179977 0.708301723 84
101 63 -30.3689995 -72.2549973 0.816194057 84
116 59 -30.1019993 -72.1589966 0.746725202 84
13 23 -31.9880009 -71.5350037 0.704517245 85
16 45 -31.9160004 -71.9810028 0.608966291 85
18 30 -31.8929996 -71.6729965 0.655589759 85
26 31 -31.7479992 -71.6859970 0.720661104 85
27 43 -31.7199993 -71.9290009 0.643250704 85
36 6 -31.5869999 -71.1679993 0.718915939 85
49 58 -31.3099995 -72.2109985 0.559929729 85
64 12 -31.0779991 -71.2649994 0.682952702 85
66 3 -31.0480003 -71.0810013 0.664511919 85
67 36 -31.0049992 -71.7470016 0.746512890 85
73 22 -30.9080009 -71.4580002 0.558653176 85
74 19 -30.8920002 -71.3970032 0.574945390 85
74 26 -30.8869991 -71.5380020 0.697444797 85
79 20 -30.8010006 -71.4120026 0.768836617 85
84 65 -30.6730003 -72.3140030 0.877505183 85
87 38 -30.6429996 -71.7669983 0.938408613 85
94 16 -30.5340004 -71.3180008 0.731410742 85
101 63 -30.3689995 -72.2549973 0.641420722 85
102 21 -30.3859997 -71.4110031 0.817458034 85
117 22 -30.1149998 -71.4179993 0.547972977 85
1 49 -32.1829987 -72.0790024 1.00000000 86
16 45 -31.9160004 -71.9810028 0.699204504 86
18 30 -31.8929996 -71.6729965 0.671294928 86
23 6 -31.8209991 -71.1790009 0.884382427 86
26 31 -31.7479992 -71.6859970 0.788993359 86
27 43 -31.7199993 -71.9290009 0.696623325 86
30 64 -31.6469994 -72.3529968 0.961463511 86
39 50 -31.4969997 -72.0589981 0.755855024 86
49 58 -31.3099995 -72.2109985 0.757520735 86
64 12 -31.0779991 -71.2649994 0.715462506 86
64 54 -31.0429993 -72.1139984 0.766098201 86
66 7 -31.0450001 -71.1620026 0.770597279 86
74 26 -30.8869991 -71.5380020 0.577277303 86
79 20 -30.8010006 -71.4120026 0.889574826 86
86 66 -30.6359997 -72.3320007 0.829839587 86
102 21 -30.3859997 -71.4110031 0.810652912 86
105 3 -30.3449993 -71.0469971 0.713646889 86
107 21 -30.2959995 -71.4069977 0.782798648 86
117 22 -30.1149998 -71.4179993 0.651591301 86
121 65 -30.0070000 -72.2740021 0.827833414 86
1 49 -32.1829987 -72.0790024 0.922259390 87
11 38 -32.0120010 -71.8440018 0.904086173 87
19 56 -31.8519993 -72.2020035 0.991818488 87
21 33 -31.8360004 -71.7320023 0.853125870 87
23 6 -31.8209991 -71.1790009 0.751047015 87
30 64 -31.6469994 -72.3529968 0.868357420 87
39 50 -31.4969997 -72.0589981 0.901007175 87
52 63 -31.2520008 -72.3089981 0.649734676 87
55 53 -31.2059994 -72.1029968 0.834808111 87
64 54 -31.0429993 -72.1139984 0.733890235 87
66 7 -31.0450001 -71.1620026 0.858160913 87
72 68 -30.8869991 -72.3880005 0.624005258 87
83 64 -30.6919994 -72.2949982 0.983553827 87
86 66 -30.6359997 -72.3320007 0.709206283 87
92 9 -30.5750008 -71.1790009 0.759910405 87
105 3 -30.3449993 -71.0469971 0.803278267 87
107 21 -30.2959995 -71.4069977 0.801260114 87
114 60 -30.1369991 -72.1809998 0.545661867 87
118 60 -30.0650005 -72.1770020 0.857192218 87
121 65 -30.0070000 -72.2740021 0.553090811 87
1 34 -32.1959991 -71.7720032 0.687690377 88
11 38 -32.0120010 -71.8440018 1.00000000 88
17 59 -31.8859997 -72.2659988 0.722595334 88
19 56 -31.8519993 -72.2020035 0.603486896 88
21 33 -31.8360004 -71.7320023 0.639911354 88
26 40 -31.7399998 -71.8690033 0.799101233 88
28 17 -31.7229996 -71.3990021 0.845726967 88
31 19 -31.6669998 -71.4369965 0.858732879 88
52 63 -31.2520008 -72.3089981 0.474163532 88
55 53 -31.2059994 -72.1029968 0.845795572 88
60 23 -31.1410007 -71.4909973 0.649702370 88
72 68 -30.8869991 -72.3880005 0.557013333 88
83 64 -30.6919994 -72.2949982 0.937361896 88
85 34 -30.6819992 -71.6890030 0.825098157 88
92 9 -30.5750008 -71.1790009 0.656889975 88
109 3 -30.2730007 -71.0439987 0.820083082 88
110 69 -30.2010002 -72.3659973 0.787669599 88
114 60 -30.1369991 -72.1809998 0.765034020 88
118 53 -30.0709991 -72.0370026 0.803812623 88
118 60 -30.0650005 -72.1770020 0.626773596 88
1 34 -32.1959991 -71.7720032 0.712386966 89
14 41 -31.9549999 -71.9020004 0.571033776 89
14 49 -31.9489994 -72.0650024 0.812838554 89
17 59 -31.8859997 -72.2659988 0.819456160 89
26 40 -31.7399998 -71.8690033 0.880028188 89
28 17 -31.7229996 -71.3990021 1.00000000 89
31 19 -31.6669998 -71.4369965 0.888087630 89
34 32 -31.6030006 -71.6979980 0.738293290 89
41 32 -31.4759998 -71.6910019 0.752539337 89
60 23 -31.1410007 -71.4909973 0.653057814 89
75 46 -30.8519993 -71.9410019 0.680752218 89
84 23 -30.7089996 -71.4680023 0.643675864 89
85 34 -30.6819992 -71.6890030 0.854158103 89
94 7 -30.5410004 -71.1370010 0.724718094 89
100 15 -30.4260006 -71.2929993 0.765926242 89
109 3 -30.2730007 -71.0439987 0.774551988 89
110 69 -30.2010002 -72.3659973 0.836713493 89
117 27 -30.1110001 -71.5179977 0.839449704 89
118 10 -30.1060009 -71.1770020 0.773497880 89
118 53 -30.0709991 -72.0370026 0.687778354 89
14 41 -31.9549999 -71.9020004 0.653848231 90
14 49 -31.9489994 -72.0650024 0.770111382 90
16 3 -31.9489994 -71.1240005 0.682846010 90
16 58 -31.9050007 -72.2470016 0.815947473 90
20 34 -31.8530006 -71.7529984 0.708342969 90
29 11 -31.7089996 -71.2760010 0.761785626 90
34 32 -31.6030006 -71.6979980 0.729062736 90
41 32 -31.4759998 -71.6910019 0.749487877 90
45 47 -31.3920002 -71.9919968 0.949753225 90
45 70 -31.3710003 -72.4580002 0.546522260 90
75 46 -30.8519993 -71.9410019 0.790334225 90
84 23 -30.7089996 -71.4680023 0.526646733 90
94 7 -30.5410004 -71.1370010 0.730315506 90
100 15 -30.4260006 -71.2929993 0.802933395 90
102 68 -30.3460007 -72.3550034 0.692176402 90
113 30 -30.1809998 -71.5820007 0.711726189 90
117 27 -30.1110001 -71.5179977 0.820651233 90
118 10 -30.1060009 -71.1770020 0.806316912 90
119 28 -30.0739994 -71.5360031 0.833319545 90
120 59 -30.0300007 -72.1549988 0.860590339 90
16 3 -31.9489994 -71.1240005 0.835930586 91
16 58 -31.9050007 -72.2470016 0.931903839 91
20 34 -31.8530006 -71.7529984 0.816700459 91
29 11 -31.7089996 -71.2760010 0.813391030 91
45 47 -31.3920002 -71.9919968 0.913922608 91
45 70 -31.3710003 -72.4580002 0.981510103 91
59 66 -31.1229992 -72.3619995 0.668153882 91
65 14 -31.0580006 -71.3040009 0.852930069 91
78 41 -30.8020000 -71.8369980 0.877466500 91
81 17 -30.7670002 -71.3499985 0.903489888 91
85 29 -30.6860008 -71.5879974 0.755902171 91
89 19 -30.6219997 -71.3830032 0.913300216 91
91 34 -30.5739994 -71.6829987 0.781095207 91
102 68 -30.3460007 -72.3550034 0.970706582 91
107 25 -30.2929993 -71.4869995 0.929954946 91
113 30 -30.1809998 -71.5820007 0.759360194 91
116 3 -30.1469994 -71.0380020 0.790473223 91
116 53 -30.1070004 -72.0390015 0.952361166 91
119 28 -30.0739994 -71.5360031 0.786250234 91
120 59 -30.0300007 -72.1549988 0.869835198 91
1 34 -32.1959991 -71.7720032 0.824058771 92
7 54 -32.0699997 -72.1750031 0.791876912 92
22 28 -31.8220005 -71.6289978 0.885075629 92
28 21 -31.7189999 -71.4800034 0.887392640 92
51 2 -31.3190002 -71.0729980 0.858019233 92
59 66 -31.1229992 -72.3619995 0.709142447 92
65 14 -31.0580006 -71.3040009 0.859418690 92
71 16 -30.9480000 -71.3389969 0.811723888 92
76 5 -30.8659992 -71.1129990 0.741323888 92
78 41 -30.8020000 -71.8369980 0.815059543 92
81 17 -30.7670002 -71.3499985 0.722193480 92
81 39 -30.7500000 -71.7939987 0.734260619 92
85 29 -30.6860008 -71.5879974 0.616224527 92
89 19 -30.6219997 -71.3830032 0.752950490 92
91 17 -30.5869999 -71.3410034 1.00000000 92
91 34 -30.5739994 -71.6829987 0.769668221 92
100 59 -30.3899994 -72.1760025 0.848043382 92
107 25 -30.2929993 -71.4869995 0.931399286 92
116 3 -30.1469994 -71.0380020 0.741017759 92
116 53 -30.1070004 -72.0390015 0.853275001 92
1 34 -32.1959991 -71.7720032 0.921048880 93
7 54 -32.0699997 -72.1750031 0.798888862 93
8 4 -32.0929985 -71.1520004 0.882829070 93
21 42 -31.8290005 -71.9150009 0.693820894 93
22 28 -31.8220005 -71.6289978 0.969928920 93
23 17 -31.8129997 -71.4029999 0.766861737 93
27 41 -31.7210007 -71.8880005 0.825728655 93
28 21 -31.7189999 -71.4800034 0.971075892 93
29 13 -31.7080002 -71.3160019 0.734300733 93
35 3 -31.6070004 -71.1080017 0.830664039 93
35 52 -31.5680008 -72.1039963 0.446809977 93
51 2 -31.3190002 -71.0729980 1.00000000 93
71 16 -30.9480000 -71.3389969 0.969242156 93
76 5 -30.8659992 -71.1129990 0.868298531 93
81 39 -30.7500000 -71.7939987 0.732300103 93
82 5 -30.7579994 -71.1070023 0.839309990 93
91 17 -30.5869999 -71.3410034 0.909458101 93
100 59 -30.3899994 -72.1760025 0.830313742 93
106 11 -30.3209991 -71.2070007 0.908414960 93
116 37 -30.1210003 -71.7190018 0.873613238 93
8 4 -32.0929985 -71.1520004 0.959993601 94
9 17 -32.0649986 -71.4169998 1.00000000 94
13 43 -31.9720001 -71.9440002 0.847902477 94
17 60 -31.8850002 -72.2860031 0.882144511 94
21 42 -31.8290005 -71.9150009 0.714603007 94
23 17 -31.8129997 -71.4029999 0.791113019 94
27 41 -31.7210007 -71.8880005 0.818067551 94
29 13 -31.7080002 -71.3160019 0.845311224 94
29 68 -31.6609993 -72.4359970 0.635811388 94
35 3 -31.6070004 -71.1080017 0.879755139 94
35 52 -31.5680008 -72.1039963 0.601439476 94
41 29 -31.4790001 -71.6309967 0.807312369 94
52 65 -31.2500000 -72.3489990 0.994250715 94
60 55 -31.1149998 -72.1380005 0.858389497 94
82 5 -30.7579994 -71.1070023 0.919605911 94
85 56 -30.6630001 -72.1320038 0.757303655 94
90 29 -30.5960007 -71.5830002 0.791468680 94
106 11 -30.3209991 -71.2070007 0.760231197 94
114 33 -30.1599998 -71.6409988 0.892601013 94
116 37 -30.1210003 -71.7190018 0.855594218 94
9 17 -32.0649986 -71.4169998 0.754112542 95
13 43 -31.9720001 -71.9440002 0.754839242 95
16 27 -31.9309998 -71.6139984 0.726963997 95
17 60 -31.8850002 -72.2860031 0.865074992 95
29 68 -31.6609993 -72.4359970 0.646993756 95
41 29 -31.4790001 -71.6309967 0.719028056 95
50 12 -31.3299999 -71.2770004 0.718488932 95
52 65 -31.2500000 -72.3489990 1.00000000 95
55 64 -31.1970005 -72.3259964 0.920275688 95
60 55 -31.1149998 -72.1380005 0.660790622 95
66 47 -31.0130005 -71.9700012 0.795229554 95
72 22 -30.9260006 -71.4589996 0.506689847 95
83 16 -30.7320004 -71.3280029 0.642543018 95
85 56 -30.6630001 -72.1320038 0.783852518 95
90 29 -30.5960007 -71.5830002 0.773137450 95
93 68 -30.5079994 -72.3649979 0.466005623 95
101 48 -30.3820000 -71.9540024 0.757339835 95
113 69 -30.1469994 -72.3629990 0.538336396 95
114 33 -30.1599998 -71.6409988 0.765060306 95
121 56 -30.0149994 -72.0940018 0.773441970 95
15 3 -31.9669991 -71.1250000 0.913432479 96
16 27 -31.9309998 -71.6139984 0.925066233 96
17 60 -31.8850002 -72.2860031 0.892786443 96
20 66 -31.8250008 -72.4049988 0.487970173 96
23 26 -31.8059998 -71.5869980 0.891686797 96
30 17 -31.6870003 -71.3970032 0.913634419 96
44 46 -31.4109993 -71.9729996 0.778586686 96
50 12 -31.3299999 -71.2770004 0.876478970 96
50 55 -31.2950001 -72.1490021 1.00000000 96
55 64 -31.1970005 -72.3259964 0.860704780 96
66 47 -31.0130005 -71.9700012 0.786203742 96
72 22 -30.9260006 -71.4589996 0.635620117 96
75 9 -30.8820000 -71.1940002 0.849847615 96
77 35 -30.8250008 -71.7170029 0.806193054 96
83 2 -30.7420006 -71.0459976 0.901522458 96
83 16 -30.7320004 -71.3280029 0.913260460 96
93 68 -30.5079994 -72.3649979 0.654103518 96
101 48 -30.3820000 -71.9540024 0.909944177 96
113 69 -30.1469994 -72.3629990 0.767738760 96
121 56 -30.0149994 -72.0940018 0.872715592 96
5 42 -32.1170006 -71.9319992 0.762163222 97
15 3 -31.9669991 -71.1250000 0.713261187 97
15 34 -31.9430008 -71.7580032 0.964472830 97
16 15 -31.9400005 -71.3690033 0.929653645 97
17 60 -31.8850002 -72.2860031 0.789644480 97
18 43 -31.8820000 -71.9380035 0.941598833 97
20 66 -31.8250008 -72.4049988 0.644816697 97
23 26 -31.8059998 -71.5869980 0.749697924 97
30 17 -31.6870003 -71.3970032 0.790487826 97
30 58 -31.6520004 -72.2310028 0.515965581 97
35 13 -31.5990009 -71.3109970 0.805292845 97
44 46 -31.4109993 -71.9729996 0.791014552 97
50 55 -31.2950001 -72.1490021 0.900665104 97
60 67 -31.1040001 -72.3809967 1.00000000 97
75 9 -30.8820000 -71.1940002 0.574871838 97
77 35 -30.8250008 -71.7170029 0.679835618 97
83 2 -30.7420006 -71.0459976 0.607395113 97
87 24 -30.6539993 -71.4860001 0.676040351 97
99 8 -30.4500008 -71.1529999 0.685668349 97
119 11 -30.0869999 -71.1959991 0.654042661 97
5 42 -32.1170006 -71.9319992 0.904271841 98
15 34 -31.9430008 -71.7580032 0.903070331 98
16 15 -31.9400005 -71.3690033 0.779698730 98
18 43 -31.8820000 -71.9380035 0.945233643 98
29 23 -31.7000008 -71.5199966 0.796349108 98
30 58 -31.6520004 -72.2310028 0.706486344 98
35 13 -31.5990009 -71.3109970 0.934887826 98
36 37 -31.5620003 -71.7979965 0.857319772 98
42 14 -31.4729996 -71.3249969 0.775717795 98
53 67 -31.2299995 -72.3889999 0.793619514 98
55 57 -31.2029991 -72.1839981 0.845433652 98
60 67 -31.1040001 -72.3809967 0.834372938 98
61 27 -31.1200008 -71.5709991 0.911657512 98
68 54 -30.9710007 -72.1090012 0.707217276 98
74 23 -30.8889999 -71.4779968 0.629682183 98
87 24 -30.6539993 -71.4860001 0.883792818 98
87 29 -30.6499996 -71.5859985 0.910575271 98
94 9 -30.5389996 -71.1770020 0.839701116 98
99 8 -30.4500008 -71.1529999 0.689782143 98
119 11 -30.0869999 -71.1959991 0.671833336 98
8 4 -32.0929985 -71.1520004 0.764546156 99
23 63 -31.7740002 -72.3410034 0.505193114 99
25 27 -31.7689991 -71.6050034 0.855437875 99
29 23 -31.7000008 -71.5199966 0.781247318 99
36 37 -31.5620003 -71.7979965 0.774307251 99
42 14 -31.4729996 -71.3249969 0.651189446 99
45 37 -31.3999996 -71.7890015 0.547974825 99
48 4 -31.3719997 -71.1169968 0.736876547 99
53 33 -31.2590008 -71.6999969 0.645936072 99
53 58 -31.2380009 -72.2060013 0.988396287 99
53 67 -31.2299995 -72.3889999 0.909713626 99
54 59 -31.2189999 -72.2259979 0.929883897 99
55 57 -31.2029991 -72.1839981 0.916420937 99
55 59 -31.2010002 -72.2239990 0.823098361 99
61 27 -31.1200008 -71.5709991 0.738157928 99
68 54 -30.9710007 -72.1090012 0.614069462 99
74 23 -30.8889999 -71.4779968 0.506065965 99
84 11 -30.7180004 -71.2269974 0.664414763 99
87 29 -30.6499996 -71.5859985 0.638803005 99
94 9 -30.5389996 -71.1770020 0.725902855 99
7 71 -32.0550003 -72.5220032 0.677648485 100
8 4 -32.0929985 -71.1520004 0.465516329 100
8 44 -32.0610008 -71.9690018 0.711943209 100
11 30 -32.0190010 -71.6800003 0.638551056 100
13 27 -31.9850006 -71.6169968 0.629316747 100
23 63 -31.7740002 -72.3410034 0.549877584 100
25 27 -31.7689991 -71.6050034 0.661568642 100
30 58 -31.6520004 -72.2310028 0.748847544 100
31 59 -31.6329994 -72.2509995 0.599824965 100
45 37 -31.3999996 -71.7890015 0.658004642 100
48 4 -31.3719997 -71.1169968 0.717691600 100
49 62 -31.3069992 -72.2919998 0.975461423 100
53 33 -31.2590008 -71.6999969 0.762585521 100
53 58 -31.2380009 -72.2060013 0.693243802 100
54 59 -31.2189999 -72.2259979 0.869776666 100
55 59 -31.2010002 -72.2239990 0.892009616 100
63 62 -31.0540009 -72.2760010 0.752268255 100
78 53 -30.7919998 -72.0790024 0.642799854 100
84 11 -30.7180004 -71.2269974 0.629643500 100
110 52 -30.2159996 -72.0250015 0.718852401 100
