          18          50  -31.8759995      -72.0810013      0.796925128    
          18          52  -31.8740005      -72.1220016      0.687557876    
          21          14  -31.8509998      -71.3440018      0.781034410    
          24          17  -31.7950001      -71.4029999      0.822104871    
          26          30  -31.7479992      -71.6660004      0.784983993    
          34          70  -31.5690002      -72.4710007      0.863397658    
          37          61  -31.5240002      -72.2850037      0.922515392    
          48          44  -31.3400002      -71.9280014      0.789075196    
          51           9  -31.3139992      -71.2149963      0.769653559    
          54          68  -31.2110004      -72.4079971      0.661350608    
          56           9  -31.2240009      -71.2109985      0.778738320    
          56          37  -31.2019997      -71.7779999      0.861889243    
          70          15  -30.9669991      -71.3199997      0.697271943    
          79          68  -30.7609997      -72.3799973      0.777831793    
          80          50  -30.7590008      -72.0159988      0.999469995    
          83          32  -30.7199993      -71.6510010      0.968249559    
          84          15  -30.7150002      -71.3069992      0.809629560    
          84          37  -30.6980000      -71.7500000      0.672902763    
          94          10  -30.5380001      -71.1979980      0.752340555    
          94          48  -30.5079994      -71.9619980      0.938773334    
