           5          42  -32.1170006      -71.9319992      0.904271841    
          15          34  -31.9430008      -71.7580032      0.903070331    
          16          15  -31.9400005      -71.3690033      0.779698730    
          18          43  -31.8820000      -71.9380035      0.945233643    
          29          23  -31.7000008      -71.5199966      0.796349108    
          30          58  -31.6520004      -72.2310028      0.706486344    
          35          13  -31.5990009      -71.3109970      0.934887826    
          36          37  -31.5620003      -71.7979965      0.857319772    
          42          14  -31.4729996      -71.3249969      0.775717795    
          53          67  -31.2299995      -72.3889999      0.793619514    
          55          57  -31.2029991      -72.1839981      0.845433652    
          60          67  -31.1040001      -72.3809967      0.834372938    
          61          27  -31.1200008      -71.5709991      0.911657512    
          68          54  -30.9710007      -72.1090012      0.707217276    
          74          23  -30.8889999      -71.4779968      0.629682183    
          87          24  -30.6539993      -71.4860001      0.883792818    
          87          29  -30.6499996      -71.5859985      0.910575271    
          94           9  -30.5389996      -71.1770020      0.839701116    
          99           8  -30.4500008      -71.1529999      0.689782143    
         119          11  -30.0869999      -71.1959991      0.671833336    
