           6          61  -32.0820007      -72.3190002      0.599679649    
           9          29  -32.0550003      -71.6620026      0.609088600    
          11          36  -32.0139999      -71.8030014      0.926876366    
          15          29  -31.9470005      -71.6559982      0.750725806    
          17          40  -31.9020004      -71.8779984      0.751219690    
          24          63  -31.7560005      -72.3399963      0.883783221    
          25          46  -31.7530003      -71.9919968      0.894261837    
          27          17  -31.7409992      -71.4000015      0.850882769    
          28           8  -31.7290001      -71.2160034      0.789702475    
          31          23  -31.6639996      -71.5179977      0.713292003    
          38          41  -31.5230007      -71.8769989      0.742605865    
          52           7  -31.2980003      -71.1740036      0.883311331    
          75          15  -30.8770008      -71.3150024      0.730600774    
          81          37  -30.7520008      -71.7529984      0.842289269    
          91          63  -30.5489998      -72.2659988      0.805456340    
         103          62  -30.3339996      -72.2330017      0.647403598    
         105          56  -30.3029995      -72.1110001      0.638000548    
         109          47  -30.2390003      -71.9260025      0.842421651    
         118          26  -30.0939999      -71.4970016      0.700362027    
         120          63  -30.0259991      -72.2350006       1.00000000    
