           7          22  -32.0970001      -71.5210037      0.691239059    
          17          57  -31.8869991      -72.2249985      0.691894591    
          18          10  -31.9080009      -71.2649994      0.834793389    
          22          35  -31.8160000      -71.7710037      0.748557508    
          44          43  -31.4130001      -71.9120026      0.817318261    
          45          22  -31.4120007      -71.4850006      0.860847056    
          47          38  -31.3630009      -71.8069992      0.801251590    
          65           8  -31.0629997      -71.1829987      0.774643779    
          65          35  -31.0419998      -71.7289963      0.787678123    
          67          42  -31.0000000      -71.8679962      0.934248030    
          75          28  -30.8670006      -71.5780029      0.765919030    
          75          56  -30.8439999      -72.1419983      0.810160637    
          80          21  -30.7819996      -71.4319992      0.828125000    
          85          14  -30.6980000      -71.2860031      0.529713988    
          87          33  -30.6469994      -71.6669998      0.704542816    
          90          61  -30.5690002      -72.2269974      0.917740166    
          92          21  -30.5660000      -71.4209976       1.00000000    
         100          32  -30.4130001      -71.6340027      0.918871820    
         100          66  -30.3840008      -72.3170013      0.846785784    
         110          13  -30.2479992      -71.2440033      0.719467282    
