           2          62  -32.1529999      -72.3440018      0.705452204    
           4          24  -32.1500015      -71.5640030      0.764395058    
          19          57  -31.8509998      -72.2229996      0.691195905    
          25          15  -31.7779999      -71.3610001      0.811814785    
          36          21  -31.5750008      -71.4729996      0.882528305    
          54          23  -31.2490005      -71.4960022      0.711649060    
          55          56  -31.2040005      -72.1640015      0.925019920    
          56          26  -31.2110004      -71.5550003      0.682780623    
          65           3  -31.0660000      -71.0820007      0.756953597    
          74          34  -30.8799992      -71.6999969      0.871076822    
          77          31  -30.8290005      -71.6360016      0.696404755    
          88          39  -30.6240005      -71.7870026      0.778108001    
          88          45  -30.6189995      -71.9069977      0.730731189    
          94          30  -30.5230007      -71.5999985      0.742579639    
         103          30  -30.3610001      -71.5910034      0.822561800    
         105          65  -30.2950001      -72.2910004      0.894083023    
         115          16  -30.1550007      -71.2990036      0.818385601    
         117          44  -30.0970001      -71.8580017      0.672186673    
         118           4  -30.1100006      -71.0559998      0.770157754    
         119          36  -30.0680008      -71.6959991      0.794031620    
