           4          66  -32.1129990      -72.4229965      0.702795863    
          15           8  -31.9640007      -71.2269974       1.00000000    
          20          14  -31.8689995      -71.3450012      0.808492184    
          20          36  -31.8519993      -71.7939987      0.876773894    
          24          68  -31.7509995      -72.4410019      0.774402201    
          30          19  -31.6849995      -71.4380035      0.887122929    
          33          12  -31.6359997      -71.2919998      0.800475001    
          35          34  -31.5830002      -71.7379990      0.822458625    
          38          54  -31.5119991      -72.1409988      0.673482835    
          41          41  -31.4689999      -71.8740005      0.689987063    
          66           3  -31.0480003      -71.0810013      0.640456140    
          67           8  -31.0259991      -71.1809998      0.601241052    
          70          64  -30.9260006      -72.3089981      0.673545539    
          77          49  -30.8139992      -71.9990005      0.670383036    
          81          22  -30.7639999      -71.4509964      0.834075689    
          98           5  -30.4699993      -71.0940018      0.894831657    
         100          59  -30.3899994      -72.1760025      0.700352073    
         105          26  -30.3279991      -71.5090027      0.812581182    
         109          43  -30.2420006      -71.8460007      0.838795841    
         114           2  -30.1840000      -71.0199966      0.876975894    
