           8          56  -32.0499992      -72.2139969      0.919925928    
          12          36  -31.9960003      -71.8020020      0.965372264    
          18          38  -31.8859997      -71.8369980      0.862726152    
          37          53  -31.5310001      -72.1220016      0.913513720    
          59          31  -31.1529999      -71.6539993      0.920445442    
          63          51  -31.0639992      -72.0540009      0.758877337    
          67          29  -31.0100002      -71.6050034      0.795335352    
          68          14  -31.0039997      -71.3010025      0.846355617    
          71          57  -30.9150009      -72.1669998      0.821104228    
          73          47  -30.8869991      -71.9629974      0.821857154    
          86          53  -30.6480007      -72.0699997      0.920410633    
          89          12  -30.6270008      -71.2419968      0.848228514    
          91          45  -30.5650005      -71.9039993      0.994845927    
          91          65  -30.5470009      -72.3059998      0.908923268    
          99          65  -30.4029999      -72.2979965      0.982146859    
         107          13  -30.3020000      -71.2460022      0.602427423    
         115          19  -30.1529999      -71.3590012       1.00000000    
         115          31  -30.1439991      -71.5999985      0.870756805    
         120          33  -30.0520000      -71.6350021      0.817601681    
         121          49  -30.0209999      -71.9540024      0.882716238    
