          21          48  -31.8230000      -72.0370026      0.727475703    
          30          63  -31.6480007      -72.3330002      0.659817994    
          35          69  -31.5520000      -72.4489975      0.633905828    
          38          10  -31.5480003      -71.2470016      0.687856972    
          42          60  -31.4340000      -72.2590027      0.832329214    
          44          46  -31.4109993      -71.9729996      0.672138631    
          47          62  -31.3430004      -72.2939987       1.00000000    
          48           9  -31.3680000      -71.2180023      0.611199558    
          50          42  -31.3059998      -71.8850021      0.538733900    
          56          34  -31.2049999      -71.7170029      0.604161501    
          62           3  -31.1200008      -71.0839996      0.739637792    
          75          19  -30.8740005      -71.3960037      0.828847706    
          78          38  -30.8050003      -71.7760010      0.709216654    
          79          20  -30.8010006      -71.4120026      0.617857516    
          87          16  -30.6599998      -71.3249969      0.648354530    
          89          50  -30.5970001      -72.0070038      0.631984532    
          92          46  -30.5459995      -71.9229965      0.605575919    
         100          11  -30.4290009      -71.2119980      0.775788903    
         104          69  -30.3090000      -72.3730011      0.842964470    
         120          38  -30.0480003      -71.7350006      0.749674082    
