           6          20  -32.1170006      -71.4810028      0.983455598    
          17          48  -31.8950005      -72.0419998      0.439837635    
          18           5  -31.9120007      -71.1630020      0.586948574    
          18          15  -31.9039993      -71.3669968      0.737417042    
          20          27  -31.8589993      -71.6100006      0.697482049    
          20          71  -31.8209991      -72.5070038      0.769263387    
          21          53  -31.8190002      -72.1389999      0.631109178    
          24          50  -31.7679996      -72.0749969      0.600998104    
          38          57  -31.5090008      -72.2020035      0.648925662    
          47          16  -31.3810005      -71.3610001      0.671356440    
          49          45  -31.3209991      -71.9469986      0.689146399    
          57          10  -31.2049999      -71.2300034      0.741174877    
          65           1  -31.0680008      -71.0410004      0.666050494    
          67          34  -31.0060005      -71.7060013      0.578356326    
          70          23  -30.9610004      -71.4810028      0.707488835    
          84          27  -30.7059994      -71.5490036      0.816289306    
          86          49  -30.6509991      -71.9899979      0.693043530    
          93          30  -30.5410004      -71.6009979      0.667440295    
          95          54  -30.4850006      -72.0810013      0.787339985    
         115          20  -30.1520004      -71.3789978      0.829441965    
