           7          14  -32.1030006      -71.3570023      0.679867268    
          27          31  -31.7299995      -71.6849976      0.642739892    
          30          26  -31.6800003      -71.5800018      0.593261302    
          38          26  -31.5349998      -71.5719986      0.764301360    
          39           3  -31.5349998      -71.1039963      0.648696721    
          47           3  -31.3910007      -71.0970001      0.853392541    
          50          28  -31.3180008      -71.6019974      0.909180462    
          52           1  -31.3020000      -71.0520020      0.705555856    
          52          22  -31.2859993      -71.4779968      0.937708676    
          53          19  -31.2709999      -71.4160004      0.979114473    
          68          23  -30.9969997      -71.4830017      0.967243671    
          89          25  -30.6170006      -71.5039978      0.994264841    
          89          53  -30.5939999      -72.0670013      0.757507384    
          91          20  -30.5849991      -71.4010010      0.822171807    
          97          52  -30.4510002      -72.0390015      0.549968719    
          99          31  -30.4319992      -71.6149979      0.780535758    
         102          32  -30.3770008      -71.6320038      0.850360632    
         105          64  -30.2959995      -72.2710037      0.795105398    
         106          56  -30.2849998      -72.1100006      0.879177988    
         107          25  -30.2929993      -71.4869995      0.768590927    
