           3          12  -32.1769981      -71.3199997      0.839604616    
           6          20  -32.1170006      -71.4810028      0.947710693    
          18           5  -31.9120007      -71.1630020      0.790317714    
          20          27  -31.8589993      -71.6100006      0.761366427    
          21          53  -31.8190002      -72.1389999      0.729462564    
          23          34  -31.7989998      -71.7500000      0.771995068    
          35          47  -31.5720005      -72.0019989      0.718843758    
          38          57  -31.5090008      -72.2020035      0.895694256    
          57          10  -31.2049999      -71.2300034      0.837210655    
          59           7  -31.1709995      -71.1679993      0.925011396    
          65           1  -31.0680008      -71.0410004      0.736257851    
          67          34  -31.0060005      -71.7060013      0.578158081    
          67          63  -30.9810009      -72.2919998      0.855352104    
          68          49  -30.9759998      -72.0080032      0.739374220    
          84          69  -30.6700001      -72.3949966      0.711519301    
          91          59  -30.5529995      -72.1859970      0.555343211    
          93          30  -30.5410004      -71.6009979      0.876800954    
          95          54  -30.4850006      -72.0810013      0.727753699    
          98          59  -30.4260006      -72.1780014      0.836152971    
         106          42  -30.2970009      -71.8290024      0.821377575    
