           3          26  -32.1660004      -71.6060028      0.696455598    
           6          42  -32.0989990      -71.9300003      0.595317662    
           7          13  -32.1040001      -71.3369980      0.711840153    
          27          48  -31.7150002      -72.0309982      0.874128044    
          51          21  -31.3050003      -71.4589996      0.866718650    
          60          40  -31.1280003      -71.8349991      0.775232494    
          72          14  -30.9319992      -71.2979965      0.565509796    
          72          22  -30.9260006      -71.4589996      0.650907099    
          74          37  -30.8780003      -71.7600021      0.725199580    
          92          57  -30.5359993      -72.1449966      0.706753075    
          98           5  -30.4699993      -71.0940018      0.694117486    
         105          63  -30.2970009      -72.2509995      0.878682375    
         108          18  -30.2800007      -71.3460007      0.779359281    
         109           8  -30.2689991      -71.1439972      0.745343447    
         110          12  -30.2479992      -71.2239990      0.776691735    
         114          51  -30.1450005      -72.0009995      0.896777093    
         116          63  -30.0990009      -72.2389984      0.696183085    
         119           4  -30.0919991      -71.0559998      0.882825077    
         120          59  -30.0300007      -72.1549988      0.799892426    
         121          36  -30.0319996      -71.6940002      0.729450881    
