           1          34  -32.1959991      -71.7720032      0.687690377    
          11          38  -32.0120010      -71.8440018       1.00000000    
          17          59  -31.8859997      -72.2659988      0.722595334    
          19          56  -31.8519993      -72.2020035      0.603486896    
          21          33  -31.8360004      -71.7320023      0.639911354    
          26          40  -31.7399998      -71.8690033      0.799101233    
          28          17  -31.7229996      -71.3990021      0.845726967    
          31          19  -31.6669998      -71.4369965      0.858732879    
          52          63  -31.2520008      -72.3089981      0.474163532    
          55          53  -31.2059994      -72.1029968      0.845795572    
          60          23  -31.1410007      -71.4909973      0.649702370    
          72          68  -30.8869991      -72.3880005      0.557013333    
          83          64  -30.6919994      -72.2949982      0.937361896    
          85          34  -30.6819992      -71.6890030      0.825098157    
          92           9  -30.5750008      -71.1790009      0.656889975    
         109           3  -30.2730007      -71.0439987      0.820083082    
         110          69  -30.2010002      -72.3659973      0.787669599    
         114          60  -30.1369991      -72.1809998      0.765034020    
         118          53  -30.0709991      -72.0370026      0.803812623    
         118          60  -30.0650005      -72.1770020      0.626773596    
