           1          38  -32.1920013      -71.8539963      0.824111938    
           2          36  -32.1759987      -71.8119965      0.905686080    
          18          52  -31.8740005      -72.1220016      0.834277868    
          28          16  -31.7229996      -71.3779984      0.640965700    
          44          21  -31.4309998      -71.4649963      0.856464744    
          49          32  -31.3320007      -71.6839981      0.859333277    
          52          34  -31.2770004      -71.7210007      0.860228002    
          54          32  -31.2420006      -71.6790009      0.708629727    
          55          11  -31.2409992      -71.2519989      0.797553122    
          65          56  -31.0240002      -72.1529999      0.843034267    
          75           4  -30.8850002      -71.0930023      0.730005205    
          77          24  -30.8339996      -71.4950027      0.695288599    
          81          23  -30.7630005      -71.4710007      0.677938759    
          84           5  -30.7220001      -71.1060028      0.799801111    
          87          67  -30.6170006      -72.3509979      0.881564081    
          91          23  -30.5830002      -71.4619980      0.682758927    
          92          10  -30.5739994      -71.1989975      0.767178714    
         101          29  -30.3980007      -71.5729980      0.952288270    
         103          43  -30.3500004      -71.8519974      0.718974769    
         114          58  -30.1389999      -72.1409988      0.983223081    
