           2          31  -32.1800003      -71.7099991      0.841869831    
           8          22  -32.0789986      -71.5199966      0.748345673    
          27          26  -31.7339993      -71.5830002      0.764760435    
          30          13  -31.6900005      -71.3160019      0.910215378    
          35           4  -31.6060009      -71.1279984      0.918614745    
          37          22  -31.5569992      -71.4919968      0.772311449    
          54          56  -31.2220001      -72.1650009      0.846209168    
          60          44  -31.1240005      -71.9160004      0.577798545    
          66          36  -31.0230007      -71.7480011      0.751405001    
          67          44  -30.9979992      -71.9079971      0.710674703    
          73          16  -30.9120007      -71.3369980      0.720474660    
          79          25  -30.7970009      -71.5130005      0.968484163    
          82           8  -30.7560005      -71.1679993      0.645604968    
          87          58  -30.6259995      -72.1699982      0.866681635    
          92          53  -30.5400009      -72.0640030      0.515773654    
          94          19  -30.5319996      -71.3789978       1.00000000    
         106          14  -30.3190002      -71.2669983      0.866056800    
         109          32  -30.2509995      -71.6259995      0.800655842    
         116          67  -30.0949993      -72.3190002      0.683973849    
         118          42  -30.0809994      -71.8170013      0.737470806    
