           4          67  -32.1110001      -72.4670029      0.665812314    
           7          33  -32.0880013      -71.7450027      0.904123366    
          10          67  -32.0029984      -72.4609985      0.940878868    
          13          43  -31.9720001      -71.9499969      0.660348654    
          15          31  -31.9459991      -71.6949997      0.811266363    
          15          49  -31.9300003      -72.0749969      0.715522110    
          26          63  -31.7189999      -72.3580017      0.668400645    
          27          42  -31.7199993      -71.9150009      0.621434033    
          31           6  -31.6770000      -71.1520004      0.847115636    
          39          20  -31.5219994      -71.4400024      0.593652070    
          49          41  -31.3250008      -71.8710022      0.695376754    
          51          35  -31.2940006      -71.7429962      0.745337486    
          54          19  -31.2530003      -71.4049988      0.619414985    
          69          38  -30.9669991      -71.7880020       1.00000000    
          73          68  -30.8680000      -72.4110031      0.704655647    
          76          24  -30.8519993      -71.4889984      0.536675394    
          84          70  -30.6679993      -72.4400024      0.745139122    
          94          70  -30.4869995      -72.4290009      0.569789529    
         115          34  -30.1410007      -71.6600037      0.728299022    
         118          31  -30.0900002      -71.5950012      0.679926336    
