2 17 -32.1920013 -71.4110031 0.544522107 1
3 37 -32.1570015 -71.8330002 0.592085063 1
10 36 -32.0320015 -71.8050003 0.526792765 1
17 2 -31.9330006 -71.0800018 0.545426071 1
27 13 -31.7439995 -71.3030014 0.536190748 1
40 46 -31.4820004 -71.9850006 0.661460757 1
42 18 -31.4699993 -71.3949966 0.428205460 1
43 44 -31.4300003 -71.9400024 0.674774170 1
45 66 -31.3740005 -72.4000015 0.567838848 1
47 51 -31.3519993 -72.0830002 0.503816426 1
54 53 -31.2240009 -72.1179962 0.481766462 1
59 61 -31.1259995 -72.2799988 0.424531311 1
69 56 -30.9510002 -72.1640015 0.465296894 1
79 35 -30.7889996 -71.7160034 0.436704695 1
79 64 -30.7630005 -72.3209991 1.00000000 1
80 62 -30.7469997 -72.2779999 0.891664624 1
91 48 -30.5620003 -71.9749985 0.483834714 1
109 5 -30.2719994 -71.0640030 0.569763362 1
117 25 -30.1130009 -71.4710007 0.602564454 1
121 19 -30.0450001 -71.3430023 0.546114504 1
3 37 -32.1570015 -71.8330002 0.572040021 2
13 48 -31.9669991 -72.0559998 0.554683328 2
17 2 -31.9330006 -71.0800018 0.642156303 2
26 53 -31.7280006 -72.1470032 0.620811760 2
27 13 -31.7439995 -71.3030014 0.609885514 2
40 46 -31.4820004 -71.9850006 0.561797857 2
41 51 -31.4599991 -72.0889969 0.564696670 2
47 51 -31.3519993 -72.0830002 0.682145357 2
49 54 -31.3129997 -72.1439972 0.657186151 2
54 53 -31.2240009 -72.1179962 0.696949244 2
56 69 -31.1730003 -72.4509964 0.573568404 2
73 28 -30.9029999 -71.5749969 0.458454430 2
79 35 -30.7889996 -71.7160034 0.568721533 2
79 64 -30.7630005 -72.3209991 1.00000000 2
80 62 -30.7469997 -72.2779999 0.843064666 2
82 31 -30.7390003 -71.6289978 0.513673127 2
92 35 -30.5550003 -71.7030029 0.458376318 2
104 17 -30.3530006 -71.3170013 0.631911814 2
109 5 -30.2719994 -71.0640030 0.597095788 2
117 69 -30.0739994 -72.3830032 0.645820618 2
13 48 -31.9669991 -72.0559998 0.784313738 3
19 15 -31.8869991 -71.3529968 0.964330912 3
26 53 -31.7280006 -72.1470032 0.728799701 3
32 35 -31.6359997 -71.7620010 0.661963224 3
41 51 -31.4599991 -72.0889969 0.746572018 3
49 54 -31.3129997 -72.1439972 0.658537269 3
56 69 -31.1730003 -72.4509964 0.612536430 3
67 64 -30.9790001 -72.3339996 0.707552254 3
73 28 -30.9029999 -71.5749969 0.495492786 3
74 33 -30.8810005 -71.6790009 0.764939427 3
74 49 -30.8670006 -72.0130005 0.678486586 3
80 30 -30.7749996 -71.6100006 0.871201873 3
82 31 -30.7390003 -71.6289978 0.945969105 3
87 22 -30.6560001 -71.4369965 0.605689585 3
92 35 -30.5550003 -71.7030029 0.666801989 3
104 17 -30.3530006 -71.3170013 0.595941484 3
109 31 -30.2520008 -71.6029968 0.517011762 3
117 69 -30.0739994 -72.3830032 0.696717262 3
118 44 -30.0790005 -71.8639984 0.653905153 3
121 23 -30.0419998 -71.4260025 0.528840542 3
19 15 -31.8869991 -71.3529968 0.523344874 4
19 69 -31.8390007 -72.4929962 0.528847098 4
32 35 -31.6359997 -71.7620010 0.550463915 4
49 43 -31.3230000 -71.9130020 0.549564540 4
67 45 -30.9969997 -71.9369965 0.624645412 4
67 64 -30.9790001 -72.3339996 0.597993731 4
74 33 -30.8810005 -71.6790009 0.721196711 4
74 49 -30.8670006 -72.0130005 0.553172112 4
80 8 -30.7929993 -71.1510010 0.665157557 4
80 30 -30.7749996 -71.6100006 1.00000000 4
80 33 -30.7730007 -71.6729965 0.775507152 4
82 58 -30.7150002 -72.1920013 0.693354547 4
87 22 -30.6560001 -71.4369965 0.519686997 4
88 70 -30.5949993 -72.4359970 0.505643368 4
109 3 -30.2740002 -71.0220032 0.535980642 4
109 31 -30.2520008 -71.6029968 0.465024471 4
112 7 -30.2169991 -71.1029968 0.530215383 4
118 20 -30.0990009 -71.3669968 0.710585177 4
118 44 -30.0790005 -71.8639984 0.599422514 4
121 23 -30.0419998 -71.4260025 0.582303345 4
15 14 -31.9599991 -71.3349991 0.798112452 5
19 69 -31.8390007 -72.4929962 0.842125952 5
42 48 -31.4449997 -72.0250015 0.701419413 5
46 23 -31.3939991 -71.4960022 0.759530187 5
49 43 -31.3230000 -71.9130020 0.781842887 5
52 24 -31.2849998 -71.5110016 0.718515217 5
61 49 -31.1009998 -72.0260010 0.800775945 5
67 45 -30.9969997 -71.9369965 0.821210802 5
75 41 -30.8560009 -71.8450012 0.873623669 5
80 8 -30.7929993 -71.1510010 0.665725946 5
80 33 -30.7730007 -71.6729965 0.710277319 5
82 58 -30.7150002 -72.1920013 0.861802578 5
88 70 -30.5949993 -72.4359970 0.638064265 5
89 2 -30.6350002 -71.0179977 0.929107368 5
93 15 -30.5529995 -71.2860031 0.790062726 5
99 34 -30.4300003 -71.6750031 0.666930616 5
109 3 -30.2740002 -71.0220032 0.876758933 5
112 7 -30.2169991 -71.1029968 0.647999287 5
115 38 -30.1380005 -71.7429962 0.819393039 5
118 20 -30.0990009 -71.3669968 1.00000000 5
12 36 -31.9960003 -71.8030014 0.753477812 6
15 14 -31.9599991 -71.3349991 0.764589965 6
42 48 -31.4449997 -72.0250015 0.694166601 6
46 23 -31.3939991 -71.4960022 0.690421581 6
52 24 -31.2849998 -71.5110016 0.698658526 6
61 49 -31.1009998 -72.0260010 0.730722249 6
67 29 -31.0109997 -71.6019974 1.00000000 6
75 41 -30.8560009 -71.8450012 0.637003601 6
86 53 -30.6469994 -72.0839996 0.618514240 6
89 2 -30.6350002 -71.0179977 0.774128139 6
89 12 -30.6280003 -71.2269974 0.773780584 6
91 45 -30.5639992 -71.9120026 0.857191324 6
91 65 -30.5459995 -72.3280029 0.667582095 6
93 15 -30.5529995 -71.2860031 0.781624436 6
99 34 -30.4300003 -71.6750031 0.578073978 6
115 19 -30.1539993 -71.3489990 0.695107222 6
115 31 -30.1439991 -71.5979996 0.695557594 6
115 38 -30.1380005 -71.7429962 0.823414624 6
120 33 -30.0520000 -71.6340027 0.797380865 6
121 49 -30.0200005 -71.9649963 0.693040967 6
8 56 -32.0499992 -72.2300034 0.695113659 7
12 36 -31.9960003 -71.8030014 0.722866058 7
18 38 -31.8859997 -71.8389969 0.739258885 7
37 53 -31.5300007 -72.1360016 0.845462620 7
59 31 -31.1529999 -71.6510010 0.734949887 7
63 51 -31.0639992 -72.0660019 0.680718303 7
67 29 -31.0109997 -71.6019974 1.00000000 7
68 14 -31.0049992 -71.2870026 0.526574016 7
71 57 -30.9139996 -72.1829987 0.698569417 7
73 47 -30.8869991 -71.9720001 0.770249486 7
86 53 -30.6469994 -72.0839996 0.683834732 7
89 12 -30.6280003 -71.2269974 0.724112570 7
91 45 -30.5639992 -71.9120026 0.804654002 7
91 65 -30.5459995 -72.3280029 0.708877623 7
99 65 -30.4020004 -72.3199997 0.790285110 7
107 13 -30.3020000 -71.2310028 0.773091912 7
115 19 -30.1539993 -71.3489990 0.910571277 7
115 31 -30.1439991 -71.5979996 0.703384876 7
120 33 -30.0520000 -71.6340027 0.848945558 7
121 49 -30.0200005 -71.9649963 0.675777853 7
3 4 -32.1839981 -71.1340027 0.973226249 8
8 56 -32.0499992 -72.2300034 0.980191171 8
10 15 -32.0489998 -71.3610001 0.910520911 8
13 47 -31.9680004 -72.0350037 0.819908619 8
18 38 -31.8859997 -71.8389969 0.838540077 8
32 46 -31.6270008 -71.9940033 0.901907861 8
37 53 -31.5300007 -72.1360016 0.832404077 8
46 14 -31.4009991 -71.3069992 0.818169892 8
59 31 -31.1529999 -71.6510010 0.823215187 8
61 38 -31.1110001 -71.7959976 0.888273716 8
63 51 -31.0639992 -72.0660019 0.732574403 8
67 41 -31.0000000 -71.8529968 0.819287121 8
68 14 -31.0049992 -71.2870026 0.661020994 8
71 57 -30.9139996 -72.1829987 0.995883524 8
73 47 -30.8869991 -71.9720001 0.760079741 8
81 66 -30.7250004 -72.3600006 0.682102978 8
81 68 -30.7229996 -72.4020004 0.605471969 8
96 51 -30.4689999 -72.0319977 0.778689682 8
99 65 -30.4020004 -72.3199997 0.802891254 8
107 13 -30.3020000 -71.2310028 0.943071246 8
3 4 -32.1839981 -71.1340027 0.711402118 9
7 33 -32.0880013 -71.7450027 0.864364088 9
10 15 -32.0489998 -71.3610001 0.667503476 9
13 43 -31.9720001 -71.9499969 0.869915664 9
13 47 -31.9680004 -72.0350037 0.998343229 9
15 31 -31.9459991 -71.6949997 0.765454590 9
15 49 -31.9300003 -72.0749969 0.846997559 9
27 42 -31.7199993 -71.9150009 0.665449440 9
32 46 -31.6270008 -71.9940033 0.670152307 9
39 20 -31.5219994 -71.4400024 0.679608464 9
46 14 -31.4009991 -71.3069992 0.686212778 9
61 38 -31.1110001 -71.7959976 0.799724162 9
67 41 -31.0000000 -71.8529968 0.845934272 9
73 68 -30.8680000 -72.4110031 0.668605685 9
76 24 -30.8519993 -71.4889984 0.734443963 9
81 66 -30.7250004 -72.3600006 0.744376719 9
81 68 -30.7229996 -72.4020004 0.462376505 9
94 70 -30.4869995 -72.4290009 0.626012325 9
96 51 -30.4689999 -72.0319977 0.673815310 9
115 34 -30.1410007 -71.6600037 0.600516438 9
4 67 -32.1110001 -72.4670029 0.665812314 10
7 33 -32.0880013 -71.7450027 0.904123366 10
10 67 -32.0029984 -72.4609985 0.940878868 10
13 43 -31.9720001 -71.9499969 0.660348654 10
15 31 -31.9459991 -71.6949997 0.811266363 10
15 49 -31.9300003 -72.0749969 0.715522110 10
26 63 -31.7189999 -72.3580017 0.668400645 10
27 42 -31.7199993 -71.9150009 0.621434033 10
31 6 -31.6770000 -71.1520004 0.847115636 10
39 20 -31.5219994 -71.4400024 0.593652070 10
49 41 -31.3250008 -71.8710022 0.695376754 10
51 35 -31.2940006 -71.7429962 0.745337486 10
54 19 -31.2530003 -71.4049988 0.619414985 10
69 38 -30.9669991 -71.7880020 1.00000000 10
73 68 -30.8680000 -72.4110031 0.704655647 10
76 24 -30.8519993 -71.4889984 0.536675394 10
84 70 -30.6679993 -72.4400024 0.745139122 10
94 70 -30.4869995 -72.4290009 0.569789529 10
115 34 -30.1410007 -71.6600037 0.728299022 10
118 31 -30.0900002 -71.5950012 0.679926336 10
