           1           1  -31.7269993      -71.7409973      0.10512122587072939     
           1           2  -31.7269993      -71.7409973      0.12427619671924810     
           1           3  -31.7269993      -71.7409973      0.13405532120036825     
           1           4  -31.7269993      -71.7409973      0.10172801720936324     
           1           5  -31.7269993      -71.7409973       6.0467207308901878E-002
           1           6  -31.7269993      -71.7409973      0.25298780204270488     
           1           7  -31.7269993      -71.7409973      0.12687082475531969     
           1           8  -31.7269993      -71.7409973       5.3080337195243965E-002
           1           9  -31.7269993      -71.7409973      0.10109266365906093     
           1          10  -31.7269993      -71.7409973      0.12863471963887477     
           1          11  -31.7269993      -71.7409973      0.14319064009079682     
           2           1  -31.7089996      -71.7409973      0.11795091731596184     
           2           2  -31.7089996      -71.7409973      0.14323150827939357     
           2           3  -31.7089996      -71.7409973      0.15072689231744854     
           2           4  -31.7089996      -71.7409973      0.11560337109547424     
           2           5  -31.7089996      -71.7409973      0.10509070778438473     
           2           6  -31.7089996      -71.7409973      0.35804106631995442     
           2           7  -31.7089996      -71.7409973      0.14187321036506445     
           2           8  -31.7089996      -71.7409973       9.0855001215848052E-002
           2           9  -31.7089996      -71.7409973      0.12166975516868567     
           2          10  -31.7089996      -71.7409973       9.0145647991830780E-002
           2          11  -31.7089996      -71.7409973      0.11345139004598813     
           3           1  -31.6910000      -71.7409973      0.14055780798184211     
           3           2  -31.6910000      -71.7409973      0.16935392023933382     
           3           3  -31.6910000      -71.7409973      0.18188979099836830     
           3           4  -31.6910000      -71.7409973      0.14452944584711183     
           3           5  -31.6910000      -71.7409973      0.16195219232431693     
           3           6  -31.6910000      -71.7409973      0.44776078916107565     
           3           7  -31.6910000      -71.7409973      0.19422761576446054     
           3           8  -31.6910000      -71.7409973      0.20160942982113991     
           3           9  -31.6910000      -71.7409973      0.10287911489664409     
           3          10  -31.6910000      -71.7409973      0.10632697212183327     
           3          11  -31.6910000      -71.7409973      0.18884186012563328     
           4           1  -31.6730003      -71.7409973      0.19358207818610992     
           4           2  -31.6730003      -71.7409973      0.25826586777768779     
           4           3  -31.6730003      -71.7409973      0.28222649816251921     
           4           4  -31.6730003      -71.7409973      0.21630533030556676     
           4           5  -31.6730003      -71.7409973      0.20221175471254257     
           4           6  -31.6730003      -71.7409973      0.67379786854584989     
           4           7  -31.6730003      -71.7409973      0.32777315215417818     
           4           8  -31.6730003      -71.7409973      0.31086198644898277     
           4           9  -31.6730003      -71.7409973      0.14441436876472682     
           4          10  -31.6730003      -71.7409973      0.25318084830004750     
           4          11  -31.6730003      -71.7409973      0.36986961444934885     
           5           1  -31.6550007      -71.7409973      0.31951005738266547     
           5           2  -31.6550007      -71.7409973      0.35352375295794181     
           5           3  -31.6550007      -71.7409973      0.37552296068943997     
           5           4  -31.6550007      -71.7409973      0.27330742683526782     
           5           5  -31.6550007      -71.7409973      0.22950755580757079     
           5           6  -31.6550007      -71.7409973      0.90467416661044175     
           5           7  -31.6550007      -71.7409973      0.44625477927222795     
           5           8  -31.6550007      -71.7409973      0.40089886047784001     
           5           9  -31.6550007      -71.7409973      0.20644550850837040     
           5          10  -31.6550007      -71.7409973      0.36602334938811659     
           5          11  -31.6550007      -71.7409973      0.50472110135093096     
           6           1  -31.6369991      -71.7409973      0.37785224285804747     
           6           2  -31.6369991      -71.7409973      0.38930838615222618     
           6           3  -31.6369991      -71.7409973      0.40573093431246787     
           6           4  -31.6369991      -71.7409973      0.29674517730844291     
           6           5  -31.6369991      -71.7409973      0.23785984934324786     
           6           6  -31.6369991      -71.7409973       1.0000000000000000     
           6           7  -31.6369991      -71.7409973      0.48737823955170773     
           6           8  -31.6369991      -71.7409973      0.43376870280938246     
           6           9  -31.6369991      -71.7409973      0.23504079640421091     
           6          10  -31.6369991      -71.7409973      0.40597557127792960     
           6          11  -31.6369991      -71.7409973      0.55680260275601101     
           7           1  -31.6189995      -71.7409973      0.30128193182068963     
           7           2  -31.6189995      -71.7409973      0.35559920556658264     
           7           3  -31.6189995      -71.7409973      0.37122784603278969     
           7           4  -31.6189995      -71.7409973      0.27640238970801623     
           7           5  -31.6189995      -71.7409973      0.22797145120110729     
           7           6  -31.6189995      -71.7409973      0.90276144324012164     
           7           7  -31.6189995      -71.7409973      0.43841390022569071     
           7           8  -31.6189995      -71.7409973      0.40042728320429899     
           7           9  -31.6189995      -71.7409973      0.20429445746703914     
           7          10  -31.6189995      -71.7409973      0.36214739520075423     
           7          11  -31.6189995      -71.7409973      0.50377785367598715     
           8           1  -31.6009998      -71.7409973      0.18350740718401259     
           8           2  -31.6009998      -71.7409973      0.26429662485965655     
           8           3  -31.6009998      -71.7409973      0.28319936206341606     
           8           4  -31.6009998      -71.7409973      0.22388602609797423     
           8           5  -31.6009998      -71.7409973      0.19703239136319617     
           8           6  -31.6009998      -71.7409973      0.66000809845558472     
           8           7  -31.6009998      -71.7409973      0.32015886950445421     
           8           8  -31.6009998      -71.7409973      0.30968327986662669     
           8           9  -31.6009998      -71.7409973      0.14274009290253958     
           8          10  -31.6009998      -71.7409973      0.24636773690393510     
           8          11  -31.6009998      -71.7409973      0.36294520091035215     
           9           1  -31.5830002      -71.7409973      0.12993331953862305     
           9           2  -31.5830002      -71.7409973      0.16944476520538734     
           9           3  -31.5830002      -71.7409973      0.17975735654751052     
           9           4  -31.5830002      -71.7409973      0.14508653269784746     
           9           5  -31.5830002      -71.7409973      0.15475915766162948     
           9           6  -31.5830002      -71.7409973      0.44469944187139360     
           9           7  -31.5830002      -71.7409973      0.19910318366395241     
           9           8  -31.5830002      -71.7409973      0.19683514690657353     
           9           9  -31.5830002      -71.7409973      0.10335974421607386     
           9          10  -31.5830002      -71.7409973      0.10260116250228714     
           9          11  -31.5830002      -71.7409973      0.18224159978485213     
          10           1  -31.5650005      -71.7409973      0.10720396774365519     
          10           2  -31.5650005      -71.7409973      0.14858583110805096     
          10           3  -31.5650005      -71.7409973      0.14880196127900833     
          10           4  -31.5650005      -71.7409973      0.11719796756279616     
          10           5  -31.5650005      -71.7409973       9.6924564784169165E-002
          10           6  -31.5650005      -71.7409973      0.35848513494678153     
          10           7  -31.5650005      -71.7409973      0.14890313173025485     
          10           8  -31.5650005      -71.7409973       9.0276056440501781E-002
          10           9  -31.5650005      -71.7409973      0.12232735200739961     
          10          10  -31.5650005      -71.7409973       8.7147920844306115E-002
          10          11  -31.5650005      -71.7409973      0.11202007535741353     
          11           1  -31.5470009      -71.7409973       9.9887941607616715E-002
          11           2  -31.5470009      -71.7409973      0.12495486857478004     
          11           3  -31.5470009      -71.7409973      0.13026222788253891     
          11           4  -31.5470009      -71.7409973      0.10152346115195073     
          11           5  -31.5470009      -71.7409973       5.4152676313409823E-002
          11           6  -31.5470009      -71.7409973      0.24841583881686100     
          11           7  -31.5470009      -71.7409973      0.13847863002236643     
          11           8  -31.5470009      -71.7409973       4.7477547281445591E-002
          11           9  -31.5470009      -71.7409973      0.10010721273878095     
          11          10  -31.5470009      -71.7409973      0.12592492642270192     
          11          11  -31.5470009      -71.7409973      0.14527299982039654     
