           1           1  -31.7269993      -71.7409973       4.2195912691504044E-002
           1           2  -31.7269993      -71.7409973       7.9989519774532850E-002
           1           3  -31.7269993      -71.7409973       5.1035559299932733E-002
           1           4  -31.7269993      -71.7409973       5.7494911439270414E-002
           1           5  -31.7269993      -71.7409973       5.9204151258961335E-002
           1           6  -31.7269993      -71.7409973       3.6664510854931207E-002
           1           7  -31.7269993      -71.7409973       4.1082212772858888E-002
           1           8  -31.7269993      -71.7409973       5.7214959137378098E-002
           1           9  -31.7269993      -71.7409973       5.4316150812086114E-002
           1          10  -31.7269993      -71.7409973       3.2808392087768277E-002
           1          11  -31.7269993      -71.7409973       5.3674601518619684E-002
           2           1  -31.7089996      -71.7409973       7.0851872185284839E-002
           2           2  -31.7089996      -71.7409973       8.1766056115315358E-002
           2           3  -31.7089996      -71.7409973       6.3110234215291189E-002
           2           4  -31.7089996      -71.7409973       6.8143925616018924E-002
           2           5  -31.7089996      -71.7409973       6.5655914851439345E-002
           2           6  -31.7089996      -71.7409973       5.3541029359597946E-002
           2           7  -31.7089996      -71.7409973       5.4291543030310446E-002
           2           8  -31.7089996      -71.7409973       6.6768788625938852E-002
           2           9  -31.7089996      -71.7409973       5.7781830581249333E-002
           2          10  -31.7089996      -71.7409973       7.0493709933616588E-002
           2          11  -31.7089996      -71.7409973       6.7705285173524032E-002
           3           1  -31.6910000      -71.7409973      0.14536449363828119     
           3           2  -31.6910000      -71.7409973      0.12955063508412951     
           3           3  -31.6910000      -71.7409973      0.13203957281366285     
           3           4  -31.6910000      -71.7409973      0.13324096638610056     
           3           5  -31.6910000      -71.7409973      0.12009770154564728     
           3           6  -31.6910000      -71.7409973       7.7914035965694670E-002
           3           7  -31.6910000      -71.7409973       7.5628033921961671E-002
           3           8  -31.6910000      -71.7409973       7.3584442889838939E-002
           3           9  -31.6910000      -71.7409973       6.9922950881634277E-002
           3          10  -31.6910000      -71.7409973       9.9680147288813747E-002
           3          11  -31.6910000      -71.7409973       6.7863284391019296E-002
           4           1  -31.6730003      -71.7409973      0.22836658066385848     
           4           2  -31.6730003      -71.7409973      0.23736681016010089     
           4           3  -31.6730003      -71.7409973      0.21809642695264483     
           4           4  -31.6730003      -71.7409973      0.23963845893123414     
           4           5  -31.6730003      -71.7409973      0.22175303441631936     
           4           6  -31.6730003      -71.7409973       9.5649083447686620E-002
           4           7  -31.6730003      -71.7409973      0.10203121924978278     
           4           8  -31.6730003      -71.7409973      0.11658737207817456     
           4           9  -31.6730003      -71.7409973      0.11280331953457176     
           4          10  -31.6730003      -71.7409973      0.12378101219014589     
           4          11  -31.6730003      -71.7409973       8.5346068734315536E-002
           5           1  -31.6550007      -71.7409973      0.29582200294227695     
           5           2  -31.6550007      -71.7409973      0.31827574058494951     
           5           3  -31.6550007      -71.7409973      0.27722065234700016     
           5           4  -31.6550007      -71.7409973      0.31247105974877687     
           5           5  -31.6550007      -71.7409973      0.30376782467982844     
           5           6  -31.6550007      -71.7409973      0.10792067155393617     
           5           7  -31.6550007      -71.7409973      0.12444118313377690     
           5           8  -31.6550007      -71.7409973      0.15813383568079301     
           5           9  -31.6550007      -71.7409973      0.14530973212793410     
           5          10  -31.6550007      -71.7409973      0.14025009402652197     
           5          11  -31.6550007      -71.7409973      0.10577127029690310     
           6           1  -31.6369991      -71.7409973      0.32294439310415207     
           6           2  -31.6369991      -71.7409973      0.34546364300663113     
           6           3  -31.6369991      -71.7409973      0.30159130919562149     
           6           4  -31.6369991      -71.7409973      0.34202907434730762     
           6           5  -31.6369991      -71.7409973      0.33579569080422156     
           6           6  -31.6369991      -71.7409973      0.11251595970457830     
           6           7  -31.6369991      -71.7409973      0.13193371129751905     
           6           8  -31.6369991      -71.7409973      0.17383169818708832     
           6           9  -31.6369991      -71.7409973      0.15728226502886986     
           6          10  -31.6369991      -71.7409973      0.14602227879352708     
           6          11  -31.6369991      -71.7409973      0.11402693657029569     
           7           1  -31.6189995      -71.7409973      0.29838082448994785     
           7           2  -31.6189995      -71.7409973      0.31469031306238299     
           7           3  -31.6189995      -71.7409973      0.28071233553801617     
           7           4  -31.6189995      -71.7409973      0.31352462759874644     
           7           5  -31.6189995      -71.7409973      0.30472549724600678     
           7           6  -31.6189995      -71.7409973      0.10823569787823285     
           7           7  -31.6189995      -71.7409973      0.12385279276459822     
           7           8  -31.6189995      -71.7409973      0.15834612894395997     
           7           9  -31.6189995      -71.7409973      0.14523571537776173     
           7          10  -31.6189995      -71.7409973      0.14044949584678951     
           7          11  -31.6189995      -71.7409973      0.10610093336945610     
           8           1  -31.6009998      -71.7409973      0.22930162558237602     
           8           2  -31.6009998      -71.7409973      0.23250386084951000     
           8           3  -31.6009998      -71.7409973      0.22051308586480184     
           8           4  -31.6009998      -71.7409973      0.24033393824591079     
           8           5  -31.6009998      -71.7409973      0.22088592878432237     
           8           6  -31.6009998      -71.7409973       9.5675181467296838E-002
           8           7  -31.6009998      -71.7409973      0.10129746553621002     
           8           8  -31.6009998      -71.7409973      0.11644949994252451     
           8           9  -31.6009998      -71.7409973      0.11220883985301576     
           8          10  -31.6009998      -71.7409973      0.12378915449618981     
           8          11  -31.6009998      -71.7409973       8.5247921880601762E-002
           9           1  -31.5830002      -71.7409973      0.14886125467249309     
           9           2  -31.5830002      -71.7409973      0.12637417937890974     
           9           3  -31.5830002      -71.7409973      0.14060857654555675     
           9           4  -31.5830002      -71.7409973      0.13307762002796752     
           9           5  -31.5830002      -71.7409973      0.11985586335431482     
           9           6  -31.5830002      -71.7409973       7.8028512185756599E-002
           9           7  -31.5830002      -71.7409973       7.5983681411133638E-002
           9           8  -31.5830002      -71.7409973       7.3271033687133863E-002
           9           9  -31.5830002      -71.7409973       7.1726763123340490E-002
           9          10  -31.5830002      -71.7409973      0.10013760411679579     
           9          11  -31.5830002      -71.7409973       6.8228991934728186E-002
          10           1  -31.5650005      -71.7409973       7.6536223196759026E-002
          10           2  -31.5650005      -71.7409973       8.4340468203638747E-002
          10           3  -31.5650005      -71.7409973       7.3123730560584688E-002
          10           4  -31.5650005      -71.7409973       7.0927918027623216E-002
          10           5  -31.5650005      -71.7409973       6.6531117141464244E-002
          10           6  -31.5650005      -71.7409973       5.5115914932366034E-002
          10           7  -31.5650005      -71.7409973       5.4017311407213914E-002
          10           8  -31.5650005      -71.7409973       6.7412803850342706E-002
          10           9  -31.5650005      -71.7409973       5.9035475561439468E-002
          10          10  -31.5650005      -71.7409973       7.0507697866973834E-002
          10          11  -31.5650005      -71.7409973       6.7781371980894234E-002
          11           1  -31.5470009      -71.7409973       4.7789567189000008E-002
          11           2  -31.5470009      -71.7409973       8.7602794740610723E-002
          11           3  -31.5470009      -71.7409973       5.3454156273211234E-002
          11           4  -31.5470009      -71.7409973       6.3898640732486536E-002
          11           5  -31.5470009      -71.7409973       6.0175361401671248E-002
          11           6  -31.5470009      -71.7409973       3.6564414862327033E-002
          11           7  -31.5470009      -71.7409973       3.9926329245649483E-002
          11           8  -31.5470009      -71.7409973       6.0647872849302564E-002
          11           9  -31.5470009      -71.7409973       5.3440334083515922E-002
          11          10  -31.5470009      -71.7409973       3.2569767268854931E-002
          11          11  -31.5470009      -71.7409973       5.2972535298645804E-002
