           1           1  -31.7269993      -71.7409973       9.6570796833589448E-003
           1           2  -31.7269993      -71.7409973       1.0382424980681973E-002
           1           3  -31.7269993      -71.7409973       9.7532264799625231E-003
           1           4  -31.7269993      -71.7409973       8.1270631446626138E-003
           1           5  -31.7269993      -71.7409973       9.8128931937061896E-003
           1           6  -31.7269993      -71.7409973       5.1528158582410328E-003
           1           7  -31.7269993      -71.7409973       7.4409523393553136E-003
           1           8  -31.7269993      -71.7409973       4.9602327963440265E-003
           1           9  -31.7269993      -71.7409973       8.0491260304191362E-003
           1          10  -31.7269993      -71.7409973       6.6838701982100566E-003
           1          11  -31.7269993      -71.7409973       3.2097502938198516E-003
           2           1  -31.7089996      -71.7409973       1.5688714654971087E-002
           2           2  -31.7089996      -71.7409973       1.2786146055896119E-002
           2           3  -31.7089996      -71.7409973       1.0127539422559067E-002
           2           4  -31.7089996      -71.7409973       1.2221006595990701E-002
           2           5  -31.7089996      -71.7409973       1.3455718943367537E-002
           2           6  -31.7089996      -71.7409973       6.3894388637340052E-003
           2           7  -31.7089996      -71.7409973       1.1160071997483667E-002
           2           8  -31.7089996      -71.7409973       1.0960554748742812E-002
           2           9  -31.7089996      -71.7409973       1.0547156552973948E-002
           2          10  -31.7089996      -71.7409973       1.5574452367512244E-002
           2          11  -31.7089996      -71.7409973       6.8898600276969301E-003
           3           1  -31.6910000      -71.7409973       2.7007508309702194E-002
           3           2  -31.6910000      -71.7409973       2.2929983832036174E-002
           3           3  -31.6910000      -71.7409973       2.1465961397316054E-002
           3           4  -31.6910000      -71.7409973       2.0407617455632975E-002
           3           5  -31.6910000      -71.7409973       2.3916457882792931E-002
           3           6  -31.6910000      -71.7409973       1.5339616188044239E-002
           3           7  -31.6910000      -71.7409973       1.7555581568496851E-002
           3           8  -31.6910000      -71.7409973       1.9893934412486585E-002
           3           9  -31.6910000      -71.7409973       1.6144751709626749E-002
           3          10  -31.6910000      -71.7409973       2.6844480387105917E-002
           3          11  -31.6910000      -71.7409973       1.2569439837261264E-002
           4           1  -31.6730003      -71.7409973       3.7403444294304471E-002
           4           2  -31.6730003      -71.7409973       3.2986173626405497E-002
           4           3  -31.6730003      -71.7409973       3.6162329975186445E-002
           4           4  -31.6730003      -71.7409973       3.0067367983725387E-002
           4           5  -31.6730003      -71.7409973       3.2939659304051197E-002
           4           6  -31.6730003      -71.7409973       2.3747732147880722E-002
           4           7  -31.6730003      -71.7409973       2.5232664753205760E-002
           4           8  -31.6730003      -71.7409973       2.8421044263102574E-002
           4           9  -31.6730003      -71.7409973       2.8057646671503667E-002
           4          10  -31.6730003      -71.7409973       3.6845951427364500E-002
           4          11  -31.6730003      -71.7409973       1.9189994909243439E-002
           5           1  -31.6550007      -71.7409973       4.5710645094779005E-002
           5           2  -31.6550007      -71.7409973       3.9811338226024742E-002
           5           3  -31.6550007      -71.7409973       4.5888410169107545E-002
           5           4  -31.6550007      -71.7409973       3.6199877152437561E-002
           5           5  -31.6550007      -71.7409973       3.9520805356644262E-002
           5           6  -31.6550007      -71.7409973       2.9998313101796615E-002
           5           7  -31.6550007      -71.7409973       3.1076391369573769E-002
           5           8  -31.6550007      -71.7409973       3.5886900350194609E-002
           5           9  -31.6550007      -71.7409973       3.6681042222983122E-002
           5          10  -31.6550007      -71.7409973       4.2733065341728035E-002
           5          11  -31.6550007      -71.7409973       2.3743509674086349E-002
           6           1  -31.6369991      -71.7409973       4.9082143323376452E-002
           6           2  -31.6369991      -71.7409973       4.2525844622007522E-002
           6           3  -31.6369991      -71.7409973       4.9691868482038867E-002
           6           4  -31.6369991      -71.7409973       3.8579945013845311E-002
           6           5  -31.6369991      -71.7409973       4.1849942987973954E-002
           6           6  -31.6369991      -71.7409973       3.2605602219864624E-002
           6           7  -31.6369991      -71.7409973       3.3032091231597893E-002
           6           8  -31.6369991      -71.7409973       3.8775506979144725E-002
           6           9  -31.6369991      -71.7409973       4.0015570477980156E-002
           6          10  -31.6369991      -71.7409973       4.4871926176413224E-002
           6          11  -31.6369991      -71.7409973       2.5561661013870852E-002
           7           1  -31.6189995      -71.7409973       4.6373532745365362E-002
           7           2  -31.6189995      -71.7409973       4.0039785479998841E-002
           7           3  -31.6189995      -71.7409973       4.6365247955465726E-002
           7           4  -31.6189995      -71.7409973       3.6814385885247165E-002
           7           5  -31.6189995      -71.7409973       3.9533325854015727E-002
           7           6  -31.6189995      -71.7409973       3.0169231354127198E-002
           7           7  -31.6189995      -71.7409973       3.0995957150047965E-002
           7           8  -31.6189995      -71.7409973       3.5873943685291745E-002
           7           9  -31.6189995      -71.7409973       3.6722351010957492E-002
           7          10  -31.6189995      -71.7409973       4.3093483513914531E-002
           7          11  -31.6189995      -71.7409973       2.3543704260357068E-002
           8           1  -31.6009998      -71.7409973       3.7951736870099902E-002
           8           2  -31.6009998      -71.7409973       3.3391889336794406E-002
           8           3  -31.6009998      -71.7409973       3.6680111044082239E-002
           8           4  -31.6009998      -71.7409973       3.1015755772997568E-002
           8           5  -31.6009998      -71.7409973       3.2876217158225557E-002
           8           6  -31.6009998      -71.7409973       2.4024271393598074E-002
           8           7  -31.6009998      -71.7409973       2.5184157779079303E-002
           8           8  -31.6009998      -71.7409973       2.8767596584522149E-002
           8           9  -31.6009998      -71.7409973       2.8115716421169584E-002
           8          10  -31.6009998      -71.7409973       3.7281813666421325E-002
           8          11  -31.6009998      -71.7409973       1.8718572706001378E-002
           9           1  -31.5830002      -71.7409973       2.7702681442896861E-002
           9           2  -31.5830002      -71.7409973       2.3446369346721844E-002
           9           3  -31.5830002      -71.7409973       2.2485695259144692E-002
           9           4  -31.5830002      -71.7409973       2.1365222883034420E-002
           9           5  -31.5830002      -71.7409973       2.4158219637242788E-002
           9           6  -31.5830002      -71.7409973       1.5626341414592133E-002
           9           7  -31.5830002      -71.7409973       1.8458760407555893E-002
           9           8  -31.5830002      -71.7409973       2.0096414285630620E-002
           9           9  -31.5830002      -71.7409973       1.6728300540957107E-002
           9          10  -31.5830002      -71.7409973       2.7604148036170045E-002
           9          11  -31.5830002      -71.7409973       1.2788675033539126E-002
          10           1  -31.5650005      -71.7409973       1.5598532327483629E-002
          10           2  -31.5650005      -71.7409973       1.3680374403899076E-002
          10           3  -31.5650005      -71.7409973       1.0055362599506802E-002
          10           4  -31.5650005      -71.7409973       1.2002335558962853E-002
          10           5  -31.5650005      -71.7409973       1.3956323372481054E-002
          10           6  -31.5650005      -71.7409973       7.0549580471929753E-003
          10           7  -31.5650005      -71.7409973       1.1927670833172258E-002
          10           8  -31.5650005      -71.7409973       1.1754109608727680E-002
          10           9  -31.5650005      -71.7409973       1.0986040369380288E-002
          10          10  -31.5650005      -71.7409973       1.6109023285888830E-002
          10          11  -31.5650005      -71.7409973       7.6846421416087085E-003
          11           1  -31.5470009      -71.7409973       9.1588133499638114E-003
          11           2  -31.5470009      -71.7409973       9.0581803154686329E-003
          11           3  -31.5470009      -71.7409973       8.2327043297253898E-003
          11           4  -31.5470009      -71.7409973       7.6608556363342737E-003
          11           5  -31.5470009      -71.7409973       8.3080457153354957E-003
          11           6  -31.5470009      -71.7409973       5.4436485757182705E-003
          11           7  -31.5470009      -71.7409973       7.4798303948304286E-003
          11           8  -31.5470009      -71.7409973       5.9469668819840896E-003
          11           9  -31.5470009      -71.7409973       8.1179217869163777E-003
          11          10  -31.5470009      -71.7409973       6.8724176974791096E-003
          11          11  -31.5470009      -71.7409973       3.8688991461496834E-003
