           1           1  -31.7269993      -71.7409973       2.3192285083936857E-003
           1           2  -31.7269993      -71.7409973       2.1421418233433910E-003
           1           3  -31.7269993      -71.7409973       1.7581753628297860E-003
           1           4  -31.7269993      -71.7409973       2.2858822397492772E-003
           1           5  -31.7269993      -71.7409973       2.2589193408352058E-003
           1           6  -31.7269993      -71.7409973       1.5217897436592366E-003
           1           7  -31.7269993      -71.7409973       2.3193238250060659E-003
           1           8  -31.7269993      -71.7409973       2.0642644592736305E-003
           1           9  -31.7269993      -71.7409973       1.5834119993877933E-003
           1          10  -31.7269993      -71.7409973       2.3767991823178207E-003
           1          11  -31.7269993      -71.7409973       1.0213090239929285E-003
           2           1  -31.7089996      -71.7409973       3.5580764369876157E-003
           2           2  -31.7089996      -71.7409973       3.4364052768701293E-003
           2           3  -31.7089996      -71.7409973       2.5611994259029641E-003
           2           4  -31.7089996      -71.7409973       3.6530346017108742E-003
           2           5  -31.7089996      -71.7409973       3.6077979269454989E-003
           2           6  -31.7089996      -71.7409973       1.8454366680760769E-003
           2           7  -31.7089996      -71.7409973       3.7731367932773516E-003
           2           8  -31.7089996      -71.7409973       2.8319138178936293E-003
           2           9  -31.7089996      -71.7409973       2.6308180038153240E-003
           2          10  -31.7089996      -71.7409973       3.4653854285586791E-003
           2          11  -31.7089996      -71.7409973       1.3702456116199983E-003
           3           1  -31.6910000      -71.7409973       4.9903995303066480E-003
           3           2  -31.6910000      -71.7409973       6.1748931057274093E-003
           3           3  -31.6910000      -71.7409973       4.4503179668668154E-003
           3           4  -31.6910000      -71.7409973       4.9603589451532567E-003
           3           5  -31.6910000      -71.7409973       6.2402627930412437E-003
           3           6  -31.6910000      -71.7409973       3.6941625983978408E-003
           3           7  -31.6910000      -71.7409973       5.7201053702838093E-003
           3           8  -31.6910000      -71.7409973       5.8647427284100363E-003
           3           9  -31.6910000      -71.7409973       4.1975375393879860E-003
           3          10  -31.6910000      -71.7409973       4.9553367899516287E-003
           3          11  -31.6910000      -71.7409973       2.1393946981114842E-003
           4           1  -31.6730003      -71.7409973       7.5354725799592461E-003
           4           2  -31.6730003      -71.7409973       8.9963502458546719E-003
           4           3  -31.6730003      -71.7409973       7.6439093387581552E-003
           4           4  -31.6730003      -71.7409973       6.5098889211886307E-003
           4           5  -31.6730003      -71.7409973       8.5300615110182713E-003
           4           6  -31.6730003      -71.7409973       5.9362461236589711E-003
           4           7  -31.6730003      -71.7409973       7.3831435292925577E-003
           4           8  -31.6730003      -71.7409973       8.4449360050028351E-003
           4           9  -31.6730003      -71.7409973       6.9343856934037697E-003
           4          10  -31.6730003      -71.7409973       6.1721530228607121E-003
           4          11  -31.6730003      -71.7409973       3.2250387963049243E-003
           5           1  -31.6550007      -71.7409973       9.7443048097563337E-003
           5           2  -31.6550007      -71.7409973       1.1045016240473262E-002
           5           3  -31.6550007      -71.7409973       9.7409782327504899E-003
           5           4  -31.6550007      -71.7409973       7.9310433031717746E-003
           5           5  -31.6550007      -71.7409973       1.0233895089555571E-002
           5           6  -31.6550007      -71.7409973       7.5898302789454801E-003
           5           7  -31.6550007      -71.7409973       8.5821372016081903E-003
           5           8  -31.6550007      -71.7409973       1.0599057361065724E-002
           5           9  -31.6550007      -71.7409973       8.9063964758319698E-003
           5          10  -31.6550007      -71.7409973       6.9148712976779833E-003
           5          11  -31.6550007      -71.7409973       3.9781083755125804E-003
           6           1  -31.6369991      -71.7409973       1.0681592272002985E-002
           6           2  -31.6369991      -71.7409973       1.1760649745121145E-002
           6           3  -31.6369991      -71.7409973       1.0576574911766456E-002
           6           4  -31.6369991      -71.7409973       8.4664426282438348E-003
           6           5  -31.6369991      -71.7409973       1.0845255108274054E-002
           6           6  -31.6369991      -71.7409973       8.2665605749673247E-003
           6           7  -31.6369991      -71.7409973       8.9915236698729986E-003
           6           8  -31.6369991      -71.7409973       1.1448995908063865E-002
           6           9  -31.6369991      -71.7409973       9.6638915343970865E-003
           6          10  -31.6369991      -71.7409973       7.3442172362875625E-003
           6          11  -31.6369991      -71.7409973       4.2819794659023627E-003
           7           1  -31.6189995      -71.7409973       9.9104912020452091E-003
           7           2  -31.6189995      -71.7409973       1.1045287772304284E-002
           7           3  -31.6189995      -71.7409973       9.7890861265119335E-003
           7           4  -31.6189995      -71.7409973       8.0595329766387155E-003
           7           5  -31.6189995      -71.7409973       1.0255101854081843E-002
           7           6  -31.6189995      -71.7409973       7.6420971723072184E-003
           7           7  -31.6189995      -71.7409973       8.6023662823939903E-003
           7           8  -31.6189995      -71.7409973       1.0626097897716711E-002
           7           9  -31.6189995      -71.7409973       8.9646184264072590E-003
           7          10  -31.6189995      -71.7409973       6.9683943129048957E-003
           7          11  -31.6189995      -71.7409973       4.0532490381912211E-003
           8           1  -31.6009998      -71.7409973       7.7010898437905439E-003
           8           2  -31.6009998      -71.7409973       9.0956016744523794E-003
           8           3  -31.6009998      -71.7409973       7.6594728116790942E-003
           8           4  -31.6009998      -71.7409973       6.7404348353113375E-003
           8           5  -31.6009998      -71.7409973       8.5311399730950109E-003
           8           6  -31.6009998      -71.7409973       6.0006448474808037E-003
           8           7  -31.6009998      -71.7409973       7.4731548503007067E-003
           8           8  -31.6009998      -71.7409973       8.5611816101194022E-003
           8           9  -31.6009998      -71.7409973       6.9885249997800212E-003
           8          10  -31.6009998      -71.7409973       6.2708666436889961E-003
           8          11  -31.6009998      -71.7409973       3.3238529217106409E-003
           9           1  -31.5830002      -71.7409973       5.2173258999988186E-003
           9           2  -31.5830002      -71.7409973       6.2862243134439244E-003
           9           3  -31.5830002      -71.7409973       4.5625348379619629E-003
           9           4  -31.5830002      -71.7409973       5.1628469590880828E-003
           9           5  -31.5830002      -71.7409973       6.2984501936821031E-003
           9           6  -31.5830002      -71.7409973       3.7056751240531725E-003
           9           7  -31.5830002      -71.7409973       5.8803069254300148E-003
           9           8  -31.5830002      -71.7409973       5.8513592896431441E-003
           9           9  -31.5830002      -71.7409973       4.3002721091920017E-003
           9          10  -31.5830002      -71.7409973       5.1116228274352407E-003
           9          11  -31.5830002      -71.7409973       2.2759476277970790E-003
          10           1  -31.5650005      -71.7409973       3.6538872421727907E-003
          10           2  -31.5650005      -71.7409973       3.6868756880695337E-003
          10           3  -31.5650005      -71.7409973       2.6436536869338220E-003
          10           4  -31.5650005      -71.7409973       3.8161842798107846E-003
          10           5  -31.5650005      -71.7409973       3.7397856118477424E-003
          10           6  -31.5650005      -71.7409973       1.9524135280284912E-003
          10           7  -31.5650005      -71.7409973       3.8946465310137884E-003
          10           8  -31.5650005      -71.7409973       2.8797931223364208E-003
          10           9  -31.5650005      -71.7409973       2.8020763052426698E-003
          10          10  -31.5650005      -71.7409973       3.6178513627970949E-003
          10          11  -31.5650005      -71.7409973       1.3149260908055832E-003
          11           1  -31.5470009      -71.7409973       2.5848020582637287E-003
          11           2  -31.5470009      -71.7409973       1.9740065214890606E-003
          11           3  -31.5470009      -71.7409973       2.0040590958251710E-003
          11           4  -31.5470009      -71.7409973       2.3914128269212709E-003
          11           5  -31.5470009      -71.7409973       2.2048054751028167E-003
          11           6  -31.5470009      -71.7409973       1.4748449356542916E-003
          11           7  -31.5470009      -71.7409973       2.1993908356006228E-003
          11           8  -31.5470009      -71.7409973       1.9130317381795012E-003
          11           9  -31.5470009      -71.7409973       1.4871614098692237E-003
          11          10  -31.5470009      -71.7409973       2.3834940783193691E-003
          11          11  -31.5470009      -71.7409973       8.2706816527368626E-004
