           1           1  -31.7269993      -71.7409973       2.5278241290900061E-002
           1           2  -31.7269993      -71.7409973       2.2550613285008108E-002
           1           3  -31.7269993      -71.7409973       2.3181822565828153E-002
           1           4  -31.7269993      -71.7409973       2.1303615465219309E-002
           1           5  -31.7269993      -71.7409973       1.6360415859028681E-002
           1           6  -31.7269993      -71.7409973       1.7725111260624610E-002
           1           7  -31.7269993      -71.7409973       1.8285504637493538E-002
           1           8  -31.7269993      -71.7409973       1.9970467105091028E-002
           1           9  -31.7269993      -71.7409973       2.1701202769403641E-002
           1          10  -31.7269993      -71.7409973       1.7455654165169192E-002
           1          11  -31.7269993      -71.7409973       2.0718808755673890E-002
           2           1  -31.7089996      -71.7409973       2.9060486826767082E-002
           2           2  -31.7089996      -71.7409973       2.3345927893552013E-002
           2           3  -31.7089996      -71.7409973       1.8639380060805556E-002
           2           4  -31.7089996      -71.7409973       2.4758783359125718E-002
           2           5  -31.7089996      -71.7409973       2.0890309049753950E-002
           2           6  -31.7089996      -71.7409973       1.8555282222369456E-002
           2           7  -31.7089996      -71.7409973       2.2148697851354055E-002
           2           8  -31.7089996      -71.7409973       8.5300194361782929E-003
           2           9  -31.7089996      -71.7409973       2.1682203256914855E-002
           2          10  -31.7089996      -71.7409973       2.0135563796879811E-002
           2          11  -31.7089996      -71.7409973       1.3993838799708913E-002
           3           1  -31.6910000      -71.7409973       6.2991759443234666E-002
           3           2  -31.6910000      -71.7409973       3.4341634231702563E-002
           3           3  -31.6910000      -71.7409973       5.2283270614184529E-002
           3           4  -31.6910000      -71.7409973       4.8309925376468291E-002
           3           5  -31.6910000      -71.7409973       3.5665943609949492E-002
           3           6  -31.6910000      -71.7409973       4.8365212484386827E-002
           3           7  -31.6910000      -71.7409973       4.1816182904792644E-002
           3           8  -31.6910000      -71.7409973       2.4324749776450112E-002
           3           9  -31.6910000      -71.7409973       4.3925483706334006E-002
           3          10  -31.6910000      -71.7409973       4.2789727193568827E-002
           3          11  -31.6910000      -71.7409973       2.2670415331297433E-002
           4           1  -31.6730003      -71.7409973      0.10585975206221439     
           4           2  -31.6730003      -71.7409973       5.7719620352483784E-002
           4           3  -31.6730003      -71.7409973       9.0685164610983679E-002
           4           4  -31.6730003      -71.7409973       7.7380104554878468E-002
           4           5  -31.6730003      -71.7409973       5.4109920248059946E-002
           4           6  -31.6730003      -71.7409973       7.4257812211265220E-002
           4           7  -31.6730003      -71.7409973       6.8236718899224696E-002
           4           8  -31.6730003      -71.7409973       3.9260349270675246E-002
           4           9  -31.6730003      -71.7409973       6.7918717970993497E-002
           4          10  -31.6730003      -71.7409973       6.4408099093345147E-002
           4          11  -31.6730003      -71.7409973       4.8723638630337789E-002
           5           1  -31.6550007      -71.7409973      0.14046475900696231     
           5           2  -31.6550007      -71.7409973       7.8038218519874497E-002
           5           3  -31.6550007      -71.7409973      0.11622553706691320     
           5           4  -31.6550007      -71.7409973       9.6656254225794908E-002
           5           5  -31.6550007      -71.7409973       6.7442953707511785E-002
           5           6  -31.6550007      -71.7409973       9.2724335024237797E-002
           5           7  -31.6550007      -71.7409973       8.8930910588405104E-002
           5           8  -31.6550007      -71.7409973       5.1833492631928747E-002
           5           9  -31.6550007      -71.7409973       8.6603935343479349E-002
           5          10  -31.6550007      -71.7409973       7.8429565660407805E-002
           5          11  -31.6550007      -71.7409973       6.9799709910114333E-002
           6           1  -31.6369991      -71.7409973      0.15380155110041405     
           6           2  -31.6369991      -71.7409973       8.5326372263574521E-002
           6           3  -31.6369991      -71.7409973      0.12666852746219340     
           6           4  -31.6369991      -71.7409973      0.10425382327549054     
           6           5  -31.6369991      -71.7409973       7.2664877981729353E-002
           6           6  -31.6369991      -71.7409973      0.10007011459618807     
           6           7  -31.6369991      -71.7409973       9.5363382383866352E-002
           6           8  -31.6369991      -71.7409973       5.6302237154935014E-002
           6           9  -31.6369991      -71.7409973       9.1760298356444142E-002
           6          10  -31.6369991      -71.7409973       8.3488280742132590E-002
           6          11  -31.6369991      -71.7409973       7.7699127085984449E-002
           7           1  -31.6189995      -71.7409973      0.14107150197630844     
           7           2  -31.6189995      -71.7409973       7.8193197884747073E-002
           7           3  -31.6189995      -71.7409973      0.11731783818913570     
           7           4  -31.6189995      -71.7409973       9.7259787755523783E-002
           7           5  -31.6189995      -71.7409973       6.8210056724057680E-002
           7           6  -31.6189995      -71.7409973       9.3036328724808284E-002
           7           7  -31.6189995      -71.7409973       8.7383369484608037E-002
           7           8  -31.6189995      -71.7409973       5.1087515177406902E-002
           7           9  -31.6189995      -71.7409973       8.7640212847727314E-002
           7          10  -31.6189995      -71.7409973       7.8241509839174161E-002
           7          11  -31.6189995      -71.7409973       6.9768882371954499E-002
           8           1  -31.6009998      -71.7409973      0.10532962120697002     
           8           2  -31.6009998      -71.7409973       5.8323423490807075E-002
           8           3  -31.6009998      -71.7409973       9.1550614542167771E-002
           8           4  -31.6009998      -71.7409973       7.8337016243233068E-002
           8           5  -31.6009998      -71.7409973       5.5114516876932709E-002
           8           6  -31.6009998      -71.7409973       7.4459754439645795E-002
           8           7  -31.6009998      -71.7409973       6.5099227337746479E-002
           8           8  -31.6009998      -71.7409973       3.8238057284428348E-002
           8           9  -31.6009998      -71.7409973       6.8344727257071858E-002
           8          10  -31.6009998      -71.7409973       6.3631936068360151E-002
           8          11  -31.6009998      -71.7409973       4.7878004399484045E-002
           9           1  -31.5830002      -71.7409973       6.4216890992230782E-002
           9           2  -31.5830002      -71.7409973       3.4355022969757232E-002
           9           3  -31.5830002      -71.7409973       5.4719954424585923E-002
           9           4  -31.5830002      -71.7409973       4.8323488868220577E-002
           9           5  -31.5830002      -71.7409973       3.7218427563599291E-002
           9           6  -31.5830002      -71.7409973       4.8938028575942004E-002
           9           7  -31.5830002      -71.7409973       3.9903579218095342E-002
           9           8  -31.5830002      -71.7409973       2.2906839107028256E-002
           9           9  -31.5830002      -71.7409973       4.2868760917837631E-002
           9          10  -31.5830002      -71.7409973       4.2930444567100795E-002
           9          11  -31.5830002      -71.7409973       2.3543805782874180E-002
          10           1  -31.5650005      -71.7409973       3.1934351007928713E-002
          10           2  -31.5650005      -71.7409973       2.1195523901767755E-002
          10           3  -31.5650005      -71.7409973       2.2619750029599532E-002
          10           4  -31.5650005      -71.7409973       2.4059545399369560E-002
          10           5  -31.5650005      -71.7409973       1.9831679758112678E-002
          10           6  -31.5650005      -71.7409973       2.0597195050980167E-002
          10           7  -31.5650005      -71.7409973       2.2556996709472903E-002
          10           8  -31.5650005      -71.7409973       7.3407100606252638E-003
          10           9  -31.5650005      -71.7409973       2.0346941782240793E-002
          10          10  -31.5650005      -71.7409973       2.0446650834045378E-002
          10          11  -31.5650005      -71.7409973       1.2653509548246736E-002
          11           1  -31.5470009      -71.7409973       2.5360795820143223E-002
          11           2  -31.5470009      -71.7409973       2.0828786216493710E-002
          11           3  -31.5470009      -71.7409973       2.3495069188332354E-002
          11           4  -31.5470009      -71.7409973       2.1775580093891394E-002
          11           5  -31.5470009      -71.7409973       1.4895704708944052E-002
          11           6  -31.5470009      -71.7409973       1.8159918440522609E-002
          11           7  -31.5470009      -71.7409973       1.8712390754650352E-002
          11           8  -31.5470009      -71.7409973       1.7769978095854337E-002
          11           9  -31.5470009      -71.7409973       2.0636927929839496E-002
          11          10  -31.5470009      -71.7409973       1.7032325917532235E-002
          11          11  -31.5470009      -71.7409973       2.0601169711630465E-002
