           1           1  -31.7269993      -71.7409973       2.1596582615230498E-002
           1           2  -31.7269993      -71.7409973       1.7115833603940287E-002
           1           3  -31.7269993      -71.7409973       1.9053988002400532E-002
           1           4  -31.7269993      -71.7409973       1.6477679416748367E-002
           1           5  -31.7269993      -71.7409973       1.6310372280723281E-002
           1           6  -31.7269993      -71.7409973       1.7313784371280210E-002
           1           7  -31.7269993      -71.7409973       1.6522782255175311E-002
           1           8  -31.7269993      -71.7409973       1.3056181824897897E-002
           1           9  -31.7269993      -71.7409973       1.7803885912551710E-002
           1          10  -31.7269993      -71.7409973       2.3400170228811436E-002
           1          11  -31.7269993      -71.7409973       9.8176559250191427E-003
           2           1  -31.7089996      -71.7409973       2.0139326277352883E-002
           2           2  -31.7089996      -71.7409973       1.9602687466458369E-002
           2           3  -31.7089996      -71.7409973       1.6357108471916935E-002
           2           4  -31.7089996      -71.7409973       1.8658449800167842E-002
           2           5  -31.7089996      -71.7409973       1.9031144786046759E-002
           2           6  -31.7089996      -71.7409973       1.1797122724100896E-002
           2           7  -31.7089996      -71.7409973       1.9378288524878808E-002
           2           8  -31.7089996      -71.7409973       1.5482088458186945E-002
           2           9  -31.7089996      -71.7409973       1.4851224401336594E-002
           2          10  -31.7089996      -71.7409973       2.4906930253795652E-002
           2          11  -31.7089996      -71.7409973       1.4981433845339830E-002
           3           1  -31.6910000      -71.7409973       2.9443564814431465E-002
           3           2  -31.6910000      -71.7409973       3.3307862485455010E-002
           3           3  -31.6910000      -71.7409973       3.8324012158757553E-002
           3           4  -31.6910000      -71.7409973       2.6047037128664068E-002
           3           5  -31.6910000      -71.7409973       3.6428170104299364E-002
           3           6  -31.6910000      -71.7409973       2.7147218029133682E-002
           3           7  -31.6910000      -71.7409973       3.4090581614406049E-002
           3           8  -31.6910000      -71.7409973       3.3717923787249367E-002
           3           9  -31.6910000      -71.7409973       4.3350884019193972E-002
           3          10  -31.6910000      -71.7409973       4.2809236486900833E-002
           3          11  -31.6910000      -71.7409973       2.5686816890115829E-002
           4           1  -31.6730003      -71.7409973       5.1904205781447998E-002
           4           2  -31.6730003      -71.7409973       4.9400366161072261E-002
           4           3  -31.6730003      -71.7409973       6.8551192790197793E-002
           4           4  -31.6730003      -71.7409973       3.8307155432255768E-002
           4           5  -31.6730003      -71.7409973       5.0113704578760992E-002
           4           6  -31.6730003      -71.7409973       4.2498786649734895E-002
           4           7  -31.6730003      -71.7409973       5.7731219052618812E-002
           4           8  -31.6730003      -71.7409973       5.0191284515745394E-002
           4           9  -31.6730003      -71.7409973       7.4545367293629969E-002
           4          10  -31.6730003      -71.7409973       6.1065392530940135E-002
           4          11  -31.6730003      -71.7409973       3.4131608891509006E-002
           5           1  -31.6550007      -71.7409973       7.2595335341886058E-002
           5           2  -31.6550007      -71.7409973       6.0033473481531256E-002
           5           3  -31.6550007      -71.7409973       8.7921619393476522E-002
           5           4  -31.6550007      -71.7409973       5.1110565859561495E-002
           5           5  -31.6550007      -71.7409973       6.0466287434902039E-002
           5           6  -31.6550007      -71.7409973       5.2868036929759971E-002
           5           7  -31.6550007      -71.7409973       7.6720894417040275E-002
           5           8  -31.6550007      -71.7409973       6.2906996174169408E-002
           5           9  -31.6550007      -71.7409973       9.6462505698101497E-002
           5          10  -31.6550007      -71.7409973       7.7759993234587030E-002
           5          11  -31.6550007      -71.7409973       3.8220358322485957E-002
           6           1  -31.6369991      -71.7409973       8.0551352039373192E-002
           6           2  -31.6369991      -71.7409973       6.3645486054061104E-002
           6           3  -31.6369991      -71.7409973       9.5574561599078109E-002
           6           4  -31.6369991      -71.7409973       5.6486447758666604E-002
           6           5  -31.6369991      -71.7409973       6.5097619318059033E-002
           6           6  -31.6369991      -71.7409973       5.6994103362668587E-002
           6           7  -31.6369991      -71.7409973       8.3046696253744459E-002
           6           8  -31.6369991      -71.7409973       6.7642024956370353E-002
           6           9  -31.6369991      -71.7409973      0.10467931744392879     
           6          10  -31.6369991      -71.7409973       8.3726123628259458E-002
           6          11  -31.6369991      -71.7409973       3.9755064223512021E-002
           7           1  -31.6189995      -71.7409973       7.2979290406688685E-002
           7           2  -31.6189995      -71.7409973       6.0605316101446462E-002
           7           3  -31.6189995      -71.7409973       8.8132062922217022E-002
           7           4  -31.6189995      -71.7409973       5.1645562941038309E-002
           7           5  -31.6189995      -71.7409973       6.0888587955868378E-002
           7           6  -31.6189995      -71.7409973       5.3242385864487568E-002
           7           7  -31.6189995      -71.7409973       7.6372784301677057E-002
           7           8  -31.6189995      -71.7409973       6.3581617226239909E-002
           7           9  -31.6189995      -71.7409973       9.6273683625430553E-002
           7          10  -31.6189995      -71.7409973       7.8229613493477609E-002
           7          11  -31.6189995      -71.7409973       3.8102937029819761E-002
           8           1  -31.6009998      -71.7409973       5.1060846986008657E-002
           8           2  -31.6009998      -71.7409973       5.0512247715375713E-002
           8           3  -31.6009998      -71.7409973       6.8174985870423366E-002
           8           4  -31.6009998      -71.7409973       3.8614640179876210E-002
           8           5  -31.6009998      -71.7409973       5.0212495656719799E-002
           8           6  -31.6009998      -71.7409973       4.2716232177875277E-002
           8           7  -31.6009998      -71.7409973       5.7558104351452949E-002
           8           8  -31.6009998      -71.7409973       5.1486354819306052E-002
           8           9  -31.6009998      -71.7409973       7.3908635911885873E-002
           8          10  -31.6009998      -71.7409973       6.1648456264156180E-002
           8          11  -31.6009998      -71.7409973       3.3252141658600111E-002
           9           1  -31.5830002      -71.7409973       3.1731576345874070E-002
           9           2  -31.5830002      -71.7409973       3.4734858731375412E-002
           9           3  -31.5830002      -71.7409973       3.8955625578017926E-002
           9           4  -31.5830002      -71.7409973       2.6767580468911131E-002
           9           5  -31.5830002      -71.7409973       3.6519101195897609E-002
           9           6  -31.5830002      -71.7409973       2.7568416106195461E-002
           9           7  -31.5830002      -71.7409973       3.3971250384375797E-002
           9           8  -31.5830002      -71.7409973       3.4394513273360731E-002
           9           9  -31.5830002      -71.7409973       4.3298337867815985E-002
           9          10  -31.5830002      -71.7409973       4.3528053072991436E-002
           9          11  -31.5830002      -71.7409973       2.5005941949058912E-002
          10           1  -31.5650005      -71.7409973       2.0150574260106340E-002
          10           2  -31.5650005      -71.7409973       2.0948874188419581E-002
          10           3  -31.5650005      -71.7409973       1.7125783693293067E-002
          10           4  -31.5650005      -71.7409973       1.9706212411946724E-002
          10           5  -31.5650005      -71.7409973       1.9600782763750994E-002
          10           6  -31.5650005      -71.7409973       1.3142857420830979E-002
          10           7  -31.5650005      -71.7409973       1.9509895169857731E-002
          10           8  -31.5650005      -71.7409973       1.5774445421916951E-002
          10           9  -31.5650005      -71.7409973       1.5168160280750598E-002
          10          10  -31.5650005      -71.7409973       2.5312731975239925E-002
          10          11  -31.5650005      -71.7409973       1.4622979223853654E-002
          11           1  -31.5470009      -71.7409973       2.0741068308961112E-002
          11           2  -31.5470009      -71.7409973       1.6801617602098282E-002
          11           3  -31.5470009      -71.7409973       2.0017748221120159E-002
          11           4  -31.5470009      -71.7409973       1.5709314902877171E-002
          11           5  -31.5470009      -71.7409973       1.6110544137162740E-002
          11           6  -31.5470009      -71.7409973       1.7657326726787353E-002
          11           7  -31.5470009      -71.7409973       1.5288081746829319E-002
          11           8  -31.5470009      -71.7409973       1.3103142068076817E-002
          11           9  -31.5470009      -71.7409973       1.5928573569473931E-002
          11          10  -31.5470009      -71.7409973       2.3390589832066773E-002
          11          11  -31.5470009      -71.7409973       9.3898042546850871E-003
