           1           1  -31.7269993      -71.7409973       2.4607070501276780E-003
           1           2  -31.7269993      -71.7409973       1.5647221612297964E-003
           1           3  -31.7269993      -71.7409973       1.4003366264513676E-003
           1           4  -31.7269993      -71.7409973       2.0524835785207937E-003
           1           5  -31.7269993      -71.7409973       1.7210753807700683E-003
           1           6  -31.7269993      -71.7409973       1.0375105330782247E-003
           1           7  -31.7269993      -71.7409973       1.2703557216776867E-003
           1           8  -31.7269993      -71.7409973       1.7850725142323199E-003
           1           9  -31.7269993      -71.7409973       1.3610040287103831E-003
           1          10  -31.7269993      -71.7409973       1.7281401081057546E-003
           1          11  -31.7269993      -71.7409973       6.3113171912564710E-004
           2           1  -31.7089996      -71.7409973       3.2008945302449978E-003
           2           2  -31.7089996      -71.7409973       3.2723457175376628E-003
           2           3  -31.7089996      -71.7409973       1.8773954197471418E-003
           2           4  -31.7089996      -71.7409973       2.7551651132528962E-003
           2           5  -31.7089996      -71.7409973       3.1230590917866439E-003
           2           6  -31.7089996      -71.7409973       1.4908803363736446E-003
           2           7  -31.7089996      -71.7409973       2.7805815344203845E-003
           2           8  -31.7089996      -71.7409973       2.3414263703816322E-003
           2           9  -31.7089996      -71.7409973       2.1691166012066622E-003
           2          10  -31.7089996      -71.7409973       3.5300224668316947E-003
           2          11  -31.7089996      -71.7409973       1.5154423916527093E-003
           3           1  -31.6910000      -71.7409973       5.0254089587832874E-003
           3           2  -31.6910000      -71.7409973       5.2597375370338900E-003
           3           3  -31.6910000      -71.7409973       3.5879210879117061E-003
           3           4  -31.6910000      -71.7409973       4.5383410596393069E-003
           3           5  -31.6910000      -71.7409973       5.3983974976907437E-003
           3           6  -31.6910000      -71.7409973       3.0960413052795476E-003
           3           7  -31.6910000      -71.7409973       4.7696283219168011E-003
           3           8  -31.6910000      -71.7409973       4.3855138535314015E-003
           3           9  -31.6910000      -71.7409973       3.5600265728126020E-003
           3          10  -31.6910000      -71.7409973       5.5387255667718053E-003
           3          11  -31.6910000      -71.7409973       2.6173837465451972E-003
           4           1  -31.6730003      -71.7409973       6.5619703565592017E-003
           4           2  -31.6730003      -71.7409973       6.8151112020846489E-003
           4           3  -31.6730003      -71.7409973       5.4183697880739855E-003
           4           4  -31.6730003      -71.7409973       6.2386121318376477E-003
           4           5  -31.6730003      -71.7409973       7.3408350506913699E-003
           4           6  -31.6730003      -71.7409973       5.0410840064333507E-003
           4           7  -31.6730003      -71.7409973       6.4372834915192639E-003
           4           8  -31.6730003      -71.7409973       6.5126729515811565E-003
           4           9  -31.6730003      -71.7409973       4.9055837671771194E-003
           4          10  -31.6730003      -71.7409973       7.6587364382716796E-003
           4          11  -31.6730003      -71.7409973       3.6912545220147827E-003
           5           1  -31.6550007      -71.7409973       7.8582626826216324E-003
           5           2  -31.6550007      -71.7409973       7.7130894681232678E-003
           5           3  -31.6550007      -71.7409973       6.5543617218949161E-003
           5           4  -31.6550007      -71.7409973       7.2625327181578452E-003
           5           5  -31.6550007      -71.7409973       8.7157639905209063E-003
           5           6  -31.6550007      -71.7409973       6.4853173383635108E-003
           5           7  -31.6550007      -71.7409973       7.6089071822025098E-003
           5           8  -31.6550007      -71.7409973       8.3550338569863200E-003
           5           9  -31.6550007      -71.7409973       5.7942304135417018E-003
           5          10  -31.6550007      -71.7409973       9.1624165129519618E-003
           5          11  -31.6550007      -71.7409973       4.3471198199475283E-003
           6           1  -31.6369991      -71.7409973       8.4241997935947631E-003
           6           2  -31.6369991      -71.7409973       7.9881877719854746E-003
           6           3  -31.6369991      -71.7409973       7.1286720563203962E-003
           6           4  -31.6369991      -71.7409973       7.6551810007274299E-003
           6           5  -31.6369991      -71.7409973       9.2077152034343909E-003
           6           6  -31.6369991      -71.7409973       7.0938737702447539E-003
           6           7  -31.6369991      -71.7409973       8.0126304231712634E-003
           6           8  -31.6369991      -71.7409973       9.0658875416300688E-003
           6           9  -31.6369991      -71.7409973       6.1858160668051415E-003
           6          10  -31.6369991      -71.7409973       9.7143611663915060E-003
           6          11  -31.6369991      -71.7409973       4.6127234491271348E-003
           7           1  -31.6189995      -71.7409973       7.9852244678738516E-003
           7           2  -31.6189995      -71.7409973       7.7052560432943314E-003
           7           3  -31.6189995      -71.7409973       6.6074216151940958E-003
           7           4  -31.6189995      -71.7409973       7.3574579354442685E-003
           7           5  -31.6189995      -71.7409973       8.7308471623394057E-003
           7           6  -31.6189995      -71.7409973       6.5495191317139455E-003
           7           7  -31.6189995      -71.7409973       7.6131047998027378E-003
           7           8  -31.6189995      -71.7409973       8.4038816511661212E-003
           7           9  -31.6189995      -71.7409973       5.8138573319962174E-003
           7          10  -31.6189995      -71.7409973       9.2034202883437763E-003
           7          11  -31.6189995      -71.7409973       4.3443395483145708E-003
           8           1  -31.6009998      -71.7409973       6.6945731503234773E-003
           8           2  -31.6009998      -71.7409973       6.8298925448634588E-003
           8           3  -31.6009998      -71.7409973       5.4954679362867395E-003
           8           4  -31.6009998      -71.7409973       6.3920328300160331E-003
           8           5  -31.6009998      -71.7409973       7.3402281970662096E-003
           8           6  -31.6009998      -71.7409973       5.1273449011284737E-003
           8           7  -31.6009998      -71.7409973       6.5044194154303282E-003
           8           8  -31.6009998      -71.7409973       6.5789966528834844E-003
           8           9  -31.6009998      -71.7409973       4.9587787223745721E-003
           8          10  -31.6009998      -71.7409973       7.7218891979275259E-003
           8          11  -31.6009998      -71.7409973       3.6517063846648145E-003
           9           1  -31.5830002      -71.7409973       5.1975596239867573E-003
           9           2  -31.5830002      -71.7409973       5.3183113507499491E-003
           9           3  -31.5830002      -71.7409973       3.7251182582309426E-003
           9           4  -31.5830002      -71.7409973       4.6797698095811030E-003
           9           5  -31.5830002      -71.7409973       5.4243274016779952E-003
           9           6  -31.5830002      -71.7409973       3.1588711144552974E-003
           9           7  -31.5830002      -71.7409973       4.8928787461954030E-003
           9           8  -31.5830002      -71.7409973       4.3661183243067113E-003
           9           9  -31.5830002      -71.7409973       3.7108646908605193E-003
           9          10  -31.5830002      -71.7409973       5.6689974824370316E-003
           9          11  -31.5830002      -71.7409973       2.6113459866956420E-003
          10           1  -31.5650005      -71.7409973       3.2635663346394384E-003
          10           2  -31.5650005      -71.7409973       3.3992191387588722E-003
          10           3  -31.5650005      -71.7409973       1.9503696535779565E-003
          10           4  -31.5650005      -71.7409973       2.9347809460644595E-003
          10           5  -31.5650005      -71.7409973       3.1319642875278393E-003
          10           6  -31.5650005      -71.7409973       1.6780627496683813E-003
          10           7  -31.5650005      -71.7409973       2.8577323223481763E-003
          10           8  -31.5650005      -71.7409973       2.2538439370013374E-003
          10           9  -31.5650005      -71.7409973       2.3279798816776102E-003
          10          10  -31.5650005      -71.7409973       3.5602849005118139E-003
          10          11  -31.5650005      -71.7409973       1.5078748515132529E-003
          11           1  -31.5470009      -71.7409973       2.3045121353262228E-003
          11           2  -31.5470009      -71.7409973       1.5460791136731383E-003
          11           3  -31.5470009      -71.7409973       1.3605455542197145E-003
          11           4  -31.5470009      -71.7409973       1.9954471453069457E-003
          11           5  -31.5470009      -71.7409973       1.7096648337426858E-003
          11           6  -31.5470009      -71.7409973       1.1427408461797471E-003
          11           7  -31.5470009      -71.7409973       1.5160335394612031E-003
          11           8  -31.5470009      -71.7409973       1.4937704720892546E-003
          11           9  -31.5470009      -71.7409973       1.2432945243136392E-003
          11          10  -31.5470009      -71.7409973       1.6374407478204692E-003
          11          11  -31.5470009      -71.7409973       7.2501697876920553E-004
