           1           1  -31.7269993      -71.7409973       6.7092535767324770E-003
           1           2  -31.7269993      -71.7409973       5.7514379514816876E-003
           1           3  -31.7269993      -71.7409973       5.3930195270994507E-003
           1           4  -31.7269993      -71.7409973       5.5924598047124999E-003
           1           5  -31.7269993      -71.7409973       5.9447512137090677E-003
           1           6  -31.7269993      -71.7409973       4.3480075215137672E-003
           1           7  -31.7269993      -71.7409973       4.5350692445565262E-003
           1           8  -31.7269993      -71.7409973       3.2539526431307497E-003
           1           9  -31.7269993      -71.7409973       4.6481932760235141E-003
           1          10  -31.7269993      -71.7409973       4.8246665622811869E-003
           1          11  -31.7269993      -71.7409973       2.1487070858812133E-003
           2           1  -31.7089996      -71.7409973       1.1294929435186738E-002
           2           2  -31.7089996      -71.7409973       9.8233068006213075E-003
           2           3  -31.7089996      -71.7409973       6.6990493616246750E-003
           2           4  -31.7089996      -71.7409973       9.8993452399299096E-003
           2           5  -31.7089996      -71.7409973       1.0263881182620704E-002
           2           6  -31.7089996      -71.7409973       4.3825608413438919E-003
           2           7  -31.7089996      -71.7409973       6.6754268383533034E-003
           2           8  -31.7089996      -71.7409973       7.0659616150127724E-003
           2           9  -31.7089996      -71.7409973       6.6134791512340724E-003
           2          10  -31.7089996      -71.7409973       9.7359298493289968E-003
           2          11  -31.7089996      -71.7409973       4.0565997567560052E-003
           3           1  -31.6910000      -71.7409973       1.8627584707651169E-002
           3           2  -31.6910000      -71.7409973       1.6172496227390431E-002
           3           3  -31.6910000      -71.7409973       1.3374443969376400E-002
           3           4  -31.6910000      -71.7409973       1.6773569263618605E-002
           3           5  -31.6910000      -71.7409973       1.7227418432135190E-002
           3           6  -31.6910000      -71.7409973       9.1990586351890103E-003
           3           7  -31.6910000      -71.7409973       1.2759999545425239E-002
           3           8  -31.6910000      -71.7409973       1.2999348937032158E-002
           3           9  -31.6910000      -71.7409973       1.0064220246154644E-002
           3          10  -31.6910000      -71.7409973       1.7235025179109981E-002
           3          11  -31.6910000      -71.7409973       7.2781205756967896E-003
           4           1  -31.6730003      -71.7409973       2.5489843706799839E-002
           4           2  -31.6730003      -71.7409973       2.1642245903544504E-002
           4           3  -31.6730003      -71.7409973       2.1405944606500266E-002
           4           4  -31.6730003      -71.7409973       2.4275526486713560E-002
           4           5  -31.6730003      -71.7409973       2.3553799181982419E-002
           4           6  -31.6730003      -71.7409973       1.4606716008350023E-002
           4           7  -31.6730003      -71.7409973       1.8203030757233479E-002
           4           8  -31.6730003      -71.7409973       1.8900822564945286E-002
           4           9  -31.6730003      -71.7409973       1.5403268920890726E-002
           4          10  -31.6730003      -71.7409973       2.4073330549910153E-002
           4          11  -31.6730003      -71.7409973       1.1094447302546663E-002
           5           1  -31.6550007      -71.7409973       3.1005765638221053E-002
           5           2  -31.6550007      -71.7409973       2.5100528490197595E-002
           5           3  -31.6550007      -71.7409973       2.6748917203710622E-002
           5           4  -31.6550007      -71.7409973       2.8947432483311879E-002
           5           5  -31.6550007      -71.7409973       2.7962799704001933E-002
           5           6  -31.6550007      -71.7409973       1.8664159463979188E-002
           5           7  -31.6550007      -71.7409973       2.2134489992245029E-002
           5           8  -31.6550007      -71.7409973       2.4106898882109505E-002
           5           9  -31.6550007      -71.7409973       2.0287574522805888E-002
           5          10  -31.6550007      -71.7409973       2.8241163824258411E-002
           5          11  -31.6550007      -71.7409973       1.3697235032272131E-002
           6           1  -31.6369991      -71.7409973       3.3420228511488563E-002
           6           2  -31.6369991      -71.7409973       2.6140734962761401E-002
           6           3  -31.6369991      -71.7409973       2.8746269639406217E-002
           6           4  -31.6369991      -71.7409973       3.0794153475952813E-002
           6           5  -31.6369991      -71.7409973       2.9479737971628540E-002
           6           6  -31.6369991      -71.7409973       2.0327032300351395E-002
           6           7  -31.6369991      -71.7409973       2.3458948455259462E-002
           6           8  -31.6369991      -71.7409973       2.5971208949065999E-002
           6           9  -31.6369991      -71.7409973       2.2132595280119311E-002
           6          10  -31.6369991      -71.7409973       2.9740071856824663E-002
           6          11  -31.6369991      -71.7409973       1.4746482221817802E-002
           7           1  -31.6189995      -71.7409973       3.1471701186306572E-002
           7           2  -31.6189995      -71.7409973       2.5069012623536495E-002
           7           3  -31.6189995      -71.7409973       2.6981873137337582E-002
           7           4  -31.6189995      -71.7409973       2.9303163978128800E-002
           7           5  -31.6189995      -71.7409973       2.7895784198892264E-002
           7           6  -31.6189995      -71.7409973       1.8786813321132349E-002
           7           7  -31.6189995      -71.7409973       2.2071504002962154E-002
           7           8  -31.6189995      -71.7409973       2.4144301559014866E-002
           7           9  -31.6189995      -71.7409973       2.0380527876217969E-002
           7          10  -31.6189995      -71.7409973       2.8421448366226627E-002
           7          11  -31.6189995      -71.7409973       1.3542089465780180E-002
           8           1  -31.6009998      -71.7409973       2.5916128335635315E-002
           8           2  -31.6009998      -71.7409973       2.1695086585265453E-002
           8           3  -31.6009998      -71.7409973       2.1752470493572963E-002
           8           4  -31.6009998      -71.7409973       2.4761557554512856E-002
           8           5  -31.6009998      -71.7409973       2.3392437888854797E-002
           8           6  -31.6009998      -71.7409973       1.4646737896210573E-002
           8           7  -31.6009998      -71.7409973       1.8261524634581919E-002
           8           8  -31.6009998      -71.7409973       1.9025915922613029E-002
           8           9  -31.6009998      -71.7409973       1.5441704710083154E-002
           8          10  -31.6009998      -71.7409973       2.4250170332306864E-002
           8          11  -31.6009998      -71.7409973       1.0662213093751739E-002
           9           1  -31.5830002      -71.7409973       1.9199200686644276E-002
           9           2  -31.5830002      -71.7409973       1.6239889984226628E-002
           9           3  -31.5830002      -71.7409973       1.3900620544923232E-002
           9           4  -31.5830002      -71.7409973       1.7253193547430368E-002
           9           5  -31.5830002      -71.7409973       1.7150451338231443E-002
           9           6  -31.5830002      -71.7409973       9.2890829980587647E-003
           9           7  -31.5830002      -71.7409973       1.2980544199914137E-002
           9           8  -31.5830002      -71.7409973       1.3048517854017144E-002
           9           9  -31.5830002      -71.7409973       1.0449614446835089E-002
           9          10  -31.5830002      -71.7409973       1.7613658364798244E-002
           9          11  -31.5830002      -71.7409973       7.2523613938120478E-003
          10           1  -31.5650005      -71.7409973       1.1313415918658342E-002
          10           2  -31.5650005      -71.7409973       9.8836788020644148E-003
          10           3  -31.5650005      -71.7409973       6.7272934646770404E-003
          10           4  -31.5650005      -71.7409973       1.0255080696632685E-002
          10           5  -31.5650005      -71.7409973       9.9960125014730509E-003
          10           6  -31.5650005      -71.7409973       4.8103001272568682E-003
          10           7  -31.5650005      -71.7409973       7.0469926696828736E-003
          10           8  -31.5650005      -71.7409973       7.5425779552304676E-003
          10           9  -31.5650005      -71.7409973       6.9830270817326408E-003
          10          10  -31.5650005      -71.7409973       1.0122477189618161E-002
          10          11  -31.5650005      -71.7409973       4.4273003938349858E-003
          11           1  -31.5470009      -71.7409973       6.1314918513403430E-003
          11           2  -31.5470009      -71.7409973       4.8302839356650640E-003
          11           3  -31.5470009      -71.7409973       4.7672297001053734E-003
          11           4  -31.5470009      -71.7409973       5.3736541374297337E-003
          11           5  -31.5470009      -71.7409973       5.1148354284361180E-003
          11           6  -31.5470009      -71.7409973       3.8470723025836270E-003
          11           7  -31.5470009      -71.7409973       4.6732347324170810E-003
          11           8  -31.5470009      -71.7409973       4.1695945396316401E-003
          11           9  -31.5470009      -71.7409973       4.6818586693481209E-003
          11          10  -31.5470009      -71.7409973       4.8247515433939596E-003
          11          11  -31.5470009      -71.7409973       2.3325059046219818E-003
