           1           1  -31.7269993      -71.7409973       1.7083813368308793E-003
           1           2  -31.7269993      -71.7409973       1.1688345708231605E-003
           1           3  -31.7269993      -71.7409973       1.0035299722093206E-003
           1           4  -31.7269993      -71.7409973       1.4154279818354761E-003
           1           5  -31.7269993      -71.7409973       1.2054707590027918E-003
           1           6  -31.7269993      -71.7409973       7.6482826160453898E-004
           1           7  -31.7269993      -71.7409973       9.3546428842850872E-004
           1           8  -31.7269993      -71.7409973       1.1003020828411817E-003
           1           9  -31.7269993      -71.7409973       8.5085935301292773E-004
           1          10  -31.7269993      -71.7409973       1.0671980015362213E-003
           1          11  -31.7269993      -71.7409973       3.8601474455554499E-004
           2           1  -31.7089996      -71.7409973       2.0741269057514187E-003
           2           2  -31.7089996      -71.7409973       2.2447563587855864E-003
           2           3  -31.7089996      -71.7409973       1.2188375033281569E-003
           2           4  -31.7089996      -71.7409973       1.7920569919127158E-003
           2           5  -31.7089996      -71.7409973       2.0740756118634300E-003
           2           6  -31.7089996      -71.7409973       1.0045392830910235E-003
           2           7  -31.7089996      -71.7409973       1.9853879533642559E-003
           2           8  -31.7089996      -71.7409973       1.6097371862018347E-003
           2           9  -31.7089996      -71.7409973       1.4529985722762221E-003
           2          10  -31.7089996      -71.7409973       2.3493460670985507E-003
           2          11  -31.7089996      -71.7409973       1.0283244241877953E-003
           3           1  -31.6910000      -71.7409973       3.1631890492937807E-003
           3           2  -31.6910000      -71.7409973       3.5269505974915142E-003
           3           3  -31.6910000      -71.7409973       2.2637670761126395E-003
           3           4  -31.6910000      -71.7409973       2.8822310636259403E-003
           3           5  -31.6910000      -71.7409973       3.5634099199218228E-003
           3           6  -31.6910000      -71.7409973       1.9195856282998693E-003
           3           7  -31.6910000      -71.7409973       3.3126654802846981E-003
           3           8  -31.6910000      -71.7409973       2.9882853692348599E-003
           3           9  -31.6910000      -71.7409973       2.4224538659254158E-003
           3          10  -31.6910000      -71.7409973       3.6933904740718373E-003
           3          11  -31.6910000      -71.7409973       1.7474907375347435E-003
           4           1  -31.6730003      -71.7409973       4.0778043662970560E-003
           4           2  -31.6730003      -71.7409973       4.5136361179451507E-003
           4           3  -31.6730003      -71.7409973       3.3738347126934273E-003
           4           4  -31.6730003      -71.7409973       3.8937260790273408E-003
           4           5  -31.6730003      -71.7409973       4.8220018272055023E-003
           4           6  -31.6730003      -71.7409973       3.1103443798345429E-003
           4           7  -31.6730003      -71.7409973       4.4025047941100492E-003
           4           8  -31.6730003      -71.7409973       4.3770853787918765E-003
           4           9  -31.6730003      -71.7409973       3.3519601741993006E-003
           4          10  -31.6730003      -71.7409973       5.0771073579954362E-003
           4          11  -31.6730003      -71.7409973       2.4068928496783957E-003
           5           1  -31.6550007      -71.7409973       4.9966249643013019E-003
           5           2  -31.6550007      -71.7409973       5.0597296051868978E-003
           5           3  -31.6550007      -71.7409973       4.5141938039297896E-003
           5           4  -31.6550007      -71.7409973       4.4747979558952935E-003
           5           5  -31.6550007      -71.7409973       5.7236211095656117E-003
           5           6  -31.6550007      -71.7409973       3.9683068536477562E-003
           5           7  -31.6550007      -71.7409973       5.1599730840932168E-003
           5           8  -31.6550007      -71.7409973       5.5921362799389975E-003
           5           9  -31.6550007      -71.7409973       3.9859125113778614E-003
           5          10  -31.6550007      -71.7409973       6.0098034534185182E-003
           5          11  -31.6550007      -71.7409973       2.8230117595302311E-003
           6           1  -31.6369991      -71.7409973       5.5680177555191548E-003
           6           2  -31.6369991      -71.7409973       5.2286010425831465E-003
           6           3  -31.6369991      -71.7409973       4.9693935849660009E-003
           6           4  -31.6369991      -71.7409973       4.6986287403302388E-003
           6           5  -31.6369991      -71.7409973       6.0486067340687804E-003
           6           6  -31.6369991      -71.7409973       4.3250368224112181E-003
           6           7  -31.6369991      -71.7409973       5.4158830376156725E-003
           6           8  -31.6369991      -71.7409973       6.0542516319875405E-003
           6           9  -31.6369991      -71.7409973       4.2352842711327766E-003
           6          10  -31.6369991      -71.7409973       6.3509442948729306E-003
           6          11  -31.6369991      -71.7409973       2.9774139299851244E-003
           7           1  -31.6189995      -71.7409973       5.0706568501518098E-003
           7           2  -31.6189995      -71.7409973       5.0617119626112754E-003
           7           3  -31.6189995      -71.7409973       4.5688503321498078E-003
           7           4  -31.6189995      -71.7409973       4.5306169813826474E-003
           7           5  -31.6189995      -71.7409973       5.7418030356422038E-003
           7           6  -31.6189995      -71.7409973       4.0039768171792776E-003
           7           7  -31.6189995      -71.7409973       5.1707700327794847E-003
           7           8  -31.6189995      -71.7409973       5.6198356271488746E-003
           7           9  -31.6189995      -71.7409973       4.0123228948955271E-003
           7          10  -31.6189995      -71.7409973       6.0262399301032193E-003
           7          11  -31.6189995      -71.7409973       2.8257821532242924E-003
           8           1  -31.6009998      -71.7409973       4.1642797842772628E-003
           8           2  -31.6009998      -71.7409973       4.5338575362535091E-003
           8           3  -31.6009998      -71.7409973       3.4486383191564478E-003
           8           4  -31.6009998      -71.7409973       3.9778817909118646E-003
           8           5  -31.6009998      -71.7409973       4.8359166700125723E-003
           8           6  -31.6009998      -71.7409973       3.1419764864353814E-003
           8           7  -31.6009998      -71.7409973       4.4486536170290558E-003
           8           8  -31.6009998      -71.7409973       4.4334895575540720E-003
           8           9  -31.6009998      -71.7409973       3.4036569179322291E-003
           8          10  -31.6009998      -71.7409973       5.1016709436463954E-003
           8          11  -31.6009998      -71.7409973       2.3919881446136625E-003
           9           1  -31.5830002      -71.7409973       3.2785458605786772E-003
           9           2  -31.5830002      -71.7409973       3.5759233674262508E-003
           9           3  -31.5830002      -71.7409973       2.3546454755984940E-003
           9           4  -31.5830002      -71.7409973       2.9740664014263119E-003
           9           5  -31.5830002      -71.7409973       3.5928616832935061E-003
           9           6  -31.5830002      -71.7409973       1.9646239489425972E-003
           9           7  -31.5830002      -71.7409973       3.4115607647974798E-003
           9           8  -31.5830002      -71.7409973       2.9910099838041503E-003
           9           9  -31.5830002      -71.7409973       2.5308828592987892E-003
           9          10  -31.5830002      -71.7409973       3.7683494408658476E-003
           9          11  -31.5830002      -71.7409973       1.7296282410441761E-003
          10           1  -31.5650005      -71.7409973       2.1155841938127469E-003
          10           2  -31.5650005      -71.7409973       2.3374540953110543E-003
          10           3  -31.5650005      -71.7409973       1.3620071031210344E-003
          10           4  -31.5650005      -71.7409973       1.9074379939223467E-003
          10           5  -31.5650005      -71.7409973       2.0937948556000378E-003
          10           6  -31.5650005      -71.7409973       1.1445064678583148E-003
          10           7  -31.5650005      -71.7409973       2.0428093595918164E-003
          10           8  -31.5650005      -71.7409973       1.5641990891470559E-003
          10           9  -31.5650005      -71.7409973       1.5641406619775337E-003
          10          10  -31.5650005      -71.7409973       2.3819265144630801E-003
          10          11  -31.5650005      -71.7409973       1.0277751656357199E-003
          11           1  -31.5470009      -71.7409973       1.5822048554824304E-003
          11           2  -31.5470009      -71.7409973       1.1337949914811075E-003
          11           3  -31.5470009      -71.7409973       9.4034970132350680E-004
          11           4  -31.5470009      -71.7409973       1.3622298986086514E-003
          11           5  -31.5470009      -71.7409973       1.1606829781571249E-003
          11           6  -31.5470009      -71.7409973       7.4523627706237958E-004
          11           7  -31.5470009      -71.7409973       1.0790792870345382E-003
          11           8  -31.5470009      -71.7409973       9.2022576101093872E-004
          11           9  -31.5470009      -71.7409973       7.8848511910407622E-004
          11          10  -31.5470009      -71.7409973       1.0104564934920483E-003
          11          11  -31.5470009      -71.7409973       4.5315662052840261E-004
