           1           1  -31.7269993      -71.7409973       1.1760226495959803E-002
           1           2  -31.7269993      -71.7409973       7.7107173856842412E-003
           1           3  -31.7269993      -71.7409973       9.0221976482547771E-003
           1           4  -31.7269993      -71.7409973       1.0732528093593686E-002
           1           5  -31.7269993      -71.7409973       1.0004414809161422E-002
           1           6  -31.7269993      -71.7409973       7.6392614545849388E-003
           1           7  -31.7269993      -71.7409973       9.8181038408670356E-003
           1           8  -31.7269993      -71.7409973       1.1606389340193571E-002
           1           9  -31.7269993      -71.7409973       9.7902989695522417E-003
           1          10  -31.7269993      -71.7409973       1.1256525129645140E-002
           1          11  -31.7269993      -71.7409973       4.8443889311618506E-003
           2           1  -31.7089996      -71.7409973       2.0169052509577005E-002
           2           2  -31.7089996      -71.7409973       1.5880758995607449E-002
           2           3  -31.7089996      -71.7409973       1.4801729919543895E-002
           2           4  -31.7089996      -71.7409973       1.8438919586967240E-002
           2           5  -31.7089996      -71.7409973       1.4337924305668421E-002
           2           6  -31.7089996      -71.7409973       5.6677819727294666E-003
           2           7  -31.7089996      -71.7409973       1.4778255682153584E-002
           2           8  -31.7089996      -71.7409973       1.4041420153208277E-002
           2           9  -31.7089996      -71.7409973       1.1242338989352459E-002
           2          10  -31.7089996      -71.7409973       1.5149127421735208E-002
           2          11  -31.7089996      -71.7409973       9.3463099756151968E-003
           3           1  -31.6910000      -71.7409973       2.9111721404650768E-002
           3           2  -31.6910000      -71.7409973       2.2741759797309639E-002
           3           3  -31.6910000      -71.7409973       2.4003528091236064E-002
           3           4  -31.6910000      -71.7409973       2.5516710415362763E-002
           3           5  -31.6910000      -71.7409973       2.4799706644803906E-002
           3           6  -31.6910000      -71.7409973       1.8359863629141618E-002
           3           7  -31.6910000      -71.7409973       2.5042198214452086E-002
           3           8  -31.6910000      -71.7409973       1.9535421925818416E-002
           3           9  -31.6910000      -71.7409973       2.3851428618743710E-002
           3          10  -31.6910000      -71.7409973       2.5276400365402706E-002
           3          11  -31.6910000      -71.7409973       1.4486828309246236E-002
           4           1  -31.6730003      -71.7409973       3.6609688841573625E-002
           4           2  -31.6730003      -71.7409973       2.7575177618847039E-002
           4           3  -31.6730003      -71.7409973       3.5649334162692801E-002
           4           4  -31.6730003      -71.7409973       3.3387244924464883E-002
           4           5  -31.6730003      -71.7409973       3.5628647837253662E-002
           4           6  -31.6730003      -71.7409973       3.1966074591528573E-002
           4           7  -31.6730003      -71.7409973       3.4050086550328325E-002
           4           8  -31.6730003      -71.7409973       3.0379242046607368E-002
           4           9  -31.6730003      -71.7409973       3.6054884428569398E-002
           4          10  -31.6730003      -71.7409973       3.7430143154078513E-002
           4          11  -31.6730003      -71.7409973       1.9069044818121939E-002
           5           1  -31.6550007      -71.7409973       4.2384212330757058E-002
           5           2  -31.6550007      -71.7409973       3.0231010802824400E-002
           5           3  -31.6550007      -71.7409973       4.4586610949124202E-002
           5           4  -31.6550007      -71.7409973       4.0309821193602539E-002
           5           5  -31.6550007      -71.7409973       4.3553509032574836E-002
           5           6  -31.6550007      -71.7409973       4.2128314782710792E-002
           5           7  -31.6550007      -71.7409973       4.0943304563894521E-002
           5           8  -31.6550007      -71.7409973       4.1015536920749732E-002
           5           9  -31.6550007      -71.7409973       4.4255320775939209E-002
           5          10  -31.6550007      -71.7409973       4.5711318380855584E-002
           5          11  -31.6550007      -71.7409973       2.2275523592777072E-002
           6           1  -31.6369991      -71.7409973       4.4800468063091313E-002
           6           2  -31.6369991      -71.7409973       3.1148210279495832E-002
           6           3  -31.6369991      -71.7409973       4.8193397134052740E-002
           6           4  -31.6369991      -71.7409973       4.2914961221728554E-002
           6           5  -31.6369991      -71.7409973       4.6574289159427712E-002
           6           6  -31.6369991      -71.7409973       4.6411749899581217E-002
           6           7  -31.6369991      -71.7409973       4.3088558868562589E-002
           6           8  -31.6369991      -71.7409973       4.5100351566612677E-002
           6           9  -31.6369991      -71.7409973       4.7324882721554599E-002
           6          10  -31.6369991      -71.7409973       4.8710239702268385E-002
           6          11  -31.6369991      -71.7409973       2.3760452777270815E-002
           7           1  -31.6189995      -71.7409973       4.3171489126034426E-002
           7           2  -31.6189995      -71.7409973       3.0507649804783484E-002
           7           3  -31.6189995      -71.7409973       4.4785645487523305E-002
           7           4  -31.6189995      -71.7409973       4.0729378254035220E-002
           7           5  -31.6189995      -71.7409973       4.3711115300425686E-002
           7           6  -31.6189995      -71.7409973       4.2523623262503321E-002
           7           7  -31.6189995      -71.7409973       4.0852298478071959E-002
           7           8  -31.6189995      -71.7409973       4.1218131158651861E-002
           7           9  -31.6189995      -71.7409973       4.4297243832571429E-002
           7          10  -31.6189995      -71.7409973       4.5969689017270915E-002
           7          11  -31.6189995      -71.7409973       2.2299435279240980E-002
           8           1  -31.6009998      -71.7409973       3.7502778808939048E-002
           8           2  -31.6009998      -71.7409973       2.8167686325437015E-002
           8           3  -31.6009998      -71.7409973       3.6047713385628760E-002
           8           4  -31.6009998      -71.7409973       3.4149609973331004E-002
           8           5  -31.6009998      -71.7409973       3.5500133928974345E-002
           8           6  -31.6009998      -71.7409973       3.2465684474188433E-002
           8           7  -31.6009998      -71.7409973       3.4124578240223365E-002
           8           8  -31.6009998      -71.7409973       3.0849033190101485E-002
           8           9  -31.6009998      -71.7409973       3.6050367550001045E-002
           8          10  -31.6009998      -71.7409973       3.7772969046247350E-002
           8          11  -31.6009998      -71.7409973       1.8498601712456111E-002
           9           1  -31.5830002      -71.7409973       3.0177272362939513E-002
           9           2  -31.5830002      -71.7409973       2.3440603060535328E-002
           9           3  -31.5830002      -71.7409973       2.5591829307520186E-002
           9           4  -31.5830002      -71.7409973       2.6518992940962917E-002
           9           5  -31.5830002      -71.7409973       2.4865392195337104E-002
           9           6  -31.5830002      -71.7409973       1.8727126760104060E-002
           9           7  -31.5830002      -71.7409973       2.5321022570858102E-002
           9           8  -31.5830002      -71.7409973       1.9916492364705909E-002
           9           9  -31.5830002      -71.7409973       2.4092654692941150E-002
           9          10  -31.5830002      -71.7409973       2.6032192250753299E-002
           9          11  -31.5830002      -71.7409973       1.4354355650644529E-002
          10           1  -31.5650005      -71.7409973       2.0365581278896087E-002
          10           2  -31.5650005      -71.7409973       1.6551844865286672E-002
          10           3  -31.5650005      -71.7409973       1.5739050654799285E-002
          10           4  -31.5650005      -71.7409973       1.9328675258528001E-002
          10           5  -31.5650005      -71.7409973       1.4289910946879893E-002
          10           6  -31.5650005      -71.7409973       6.6848373301171002E-003
          10           7  -31.5650005      -71.7409973       1.4720207535891349E-002
          10           8  -31.5650005      -71.7409973       1.4570723806203702E-002
          10           9  -31.5650005      -71.7409973       1.0986738692156415E-002
          10          10  -31.5650005      -71.7409973       1.4902230090982835E-002
          10          11  -31.5650005      -71.7409973       9.5546240871943813E-003
          11           1  -31.5470009      -71.7409973       1.1481393132288010E-002
          11           2  -31.5470009      -71.7409973       6.4943507243330973E-003
          11           3  -31.5470009      -71.7409973       8.9024345680499741E-003
          11           4  -31.5470009      -71.7409973       1.1224272697529958E-002
          11           5  -31.5470009      -71.7409973       8.6022998268600361E-003
          11           6  -31.5470009      -71.7409973       6.8501475556428052E-003
          11           7  -31.5470009      -71.7409973       9.1424736998858384E-003
          11           8  -31.5470009      -71.7409973       9.8802597875953715E-003
          11           9  -31.5470009      -71.7409973       8.5769768914489546E-003
          11          10  -31.5470009      -71.7409973       1.0540422491916449E-002
          11          11  -31.5470009      -71.7409973       3.6259190933338203E-003
