           1           1  -31.7269993      -71.7409973       5.6711405342770946E-003
           1           2  -31.7269993      -71.7409973       4.6599032944407313E-003
           1           3  -31.7269993      -71.7409973       3.7517081008204417E-003
           1           4  -31.7269993      -71.7409973       5.2834193221103012E-003
           1           5  -31.7269993      -71.7409973       4.7732179179157327E-003
           1           6  -31.7269993      -71.7409973       3.9874802899017014E-003
           1           7  -31.7269993      -71.7409973       4.8443672154327945E-003
           1           8  -31.7269993      -71.7409973       4.3828521949533352E-003
           1           9  -31.7269993      -71.7409973       3.3126894944280599E-003
           1          10  -31.7269993      -71.7409973       4.4978458173067235E-003
           1          11  -31.7269993      -71.7409973       2.0594250500964432E-003
           2           1  -31.7089996      -71.7409973       7.6609008677105527E-003
           2           2  -31.7089996      -71.7409973       8.0803205272919534E-003
           2           3  -31.7089996      -71.7409973       5.3685446157664407E-003
           2           4  -31.7089996      -71.7409973       7.7348094182816997E-003
           2           5  -31.7089996      -71.7409973       6.5359276029945627E-003
           2           6  -31.7089996      -71.7409973       4.0502215766425641E-003
           2           7  -31.7089996      -71.7409973       8.4953013575024810E-003
           2           8  -31.7089996      -71.7409973       5.7553770331782621E-003
           2           9  -31.7089996      -71.7409973       6.1992317361736120E-003
           2          10  -31.7089996      -71.7409973       7.7091145706461887E-003
           2          11  -31.7089996      -71.7409973       3.2824106659176842E-003
           3           1  -31.6910000      -71.7409973       1.3198728380169531E-002
           3           2  -31.6910000      -71.7409973       1.4680994920691902E-002
           3           3  -31.6910000      -71.7409973       1.0968698877845129E-002
           3           4  -31.6910000      -71.7409973       9.9611065235974492E-003
           3           5  -31.6910000      -71.7409973       8.8048326135212237E-003
           3           6  -31.6910000      -71.7409973       7.9727170813807691E-003
           3           7  -31.6910000      -71.7409973       1.2416219252404664E-002
           3           8  -31.6910000      -71.7409973       9.1703984166319284E-003
           3           9  -31.6910000      -71.7409973       8.1992043901461080E-003
           3          10  -31.6910000      -71.7409973       1.2104499800017607E-002
           3          11  -31.6910000      -71.7409973       5.5683910466940668E-003
           4           1  -31.6730003      -71.7409973       2.0098228325229058E-002
           4           2  -31.6730003      -71.7409973       2.1476845843572772E-002
           4           3  -31.6730003      -71.7409973       1.9173994481907573E-002
           4           4  -31.6730003      -71.7409973       1.5421154766401485E-002
           4           5  -31.6730003      -71.7409973       1.1034433427516361E-002
           4           6  -31.6730003      -71.7409973       1.2997879255577625E-002
           4           7  -31.6730003      -71.7409973       1.5558854527239705E-002
           4           8  -31.6730003      -71.7409973       1.3976245761660898E-002
           4           9  -31.6730003      -71.7409973       1.3050433779451750E-002
           4          10  -31.6730003      -71.7409973       1.7014843857529886E-002
           4          11  -31.6730003      -71.7409973       8.0994603212166394E-003
           5           1  -31.6550007      -71.7409973       2.5899536688935104E-002
           5           2  -31.6550007      -71.7409973       2.6301523591649140E-002
           5           3  -31.6550007      -71.7409973       2.4601502181967366E-002
           5           4  -31.6550007      -71.7409973       1.8804795071795142E-002
           5           5  -31.6550007      -71.7409973       1.2708324490963013E-002
           5           6  -31.6550007      -71.7409973       1.6850841785590490E-002
           5           7  -31.6550007      -71.7409973       1.7663900540595526E-002
           5           8  -31.6550007      -71.7409973       1.8183376161899367E-002
           5           9  -31.6550007      -71.7409973       1.6536962282751772E-002
           5          10  -31.6550007      -71.7409973       2.0410913896084574E-002
           5          11  -31.6550007      -71.7409973       9.6986609523180643E-003
           6           1  -31.6369991      -71.7409973       2.8262485525022994E-002
           6           2  -31.6369991      -71.7409973       2.8054673168605947E-002
           6           3  -31.6369991      -71.7409973       2.6621120789173860E-002
           6           4  -31.6369991      -71.7409973       1.9897512894664557E-002
           6           5  -31.6369991      -71.7409973       1.3354142693815801E-002
           6           6  -31.6369991      -71.7409973       1.8520457406370823E-002
           6           7  -31.6369991      -71.7409973       1.8339164940698146E-002
           6           8  -31.6369991      -71.7409973       1.9776325651759026E-002
           6           9  -31.6369991      -71.7409973       1.7899047064711057E-002
           6          10  -31.6369991      -71.7409973       2.1749791226715914E-002
           6          11  -31.6369991      -71.7409973       1.0358445763961404E-002
           7           1  -31.6189995      -71.7409973       2.6232808370107288E-002
           7           2  -31.6189995      -71.7409973       2.6342818899424612E-002
           7           3  -31.6189995      -71.7409973       2.4688342886331087E-002
           7           4  -31.6189995      -71.7409973       1.8882850268887745E-002
           7           5  -31.6189995      -71.7409973       1.2826414405187649E-002
           7           6  -31.6189995      -71.7409973       1.7054849095498197E-002
           7           7  -31.6189995      -71.7409973       1.7711325338204135E-002
           7           8  -31.6189995      -71.7409973       1.8233864699411087E-002
           7           9  -31.6189995      -71.7409973       1.6491059989588039E-002
           7          10  -31.6189995      -71.7409973       2.0496328668702293E-002
           7          11  -31.6189995      -71.7409973       9.7062847715954342E-003
           8           1  -31.6009998      -71.7409973       2.0429810645716372E-002
           8           2  -31.6009998      -71.7409973       2.1578320319469449E-002
           8           3  -31.6009998      -71.7409973       1.9122785776772754E-002
           8           4  -31.6009998      -71.7409973       1.5603832248646615E-002
           8           5  -31.6009998      -71.7409973       1.1210291818194601E-002
           8           6  -31.6009998      -71.7409973       1.3245472831216562E-002
           8           7  -31.6009998      -71.7409973       1.5660943705745840E-002
           8           8  -31.6009998      -71.7409973       1.4103981892932858E-002
           8           9  -31.6009998      -71.7409973       1.2963762136633160E-002
           8          10  -31.6009998      -71.7409973       1.7036026493423433E-002
           8          11  -31.6009998      -71.7409973       7.9867882318836632E-003
           9           1  -31.5830002      -71.7409973       1.3822956419018565E-002
           9           2  -31.5830002      -71.7409973       1.4895974034084981E-002
           9           3  -31.5830002      -71.7409973       1.1336282318184315E-002
           9           4  -31.5830002      -71.7409973       1.0346162111837942E-002
           9           5  -31.5830002      -71.7409973       8.9094395441732289E-003
           9           6  -31.5830002      -71.7409973       8.3331281081385454E-003
           9           7  -31.5830002      -71.7409973       1.2641191567781155E-002
           9           8  -31.5830002      -71.7409973       9.1099713910481901E-003
           9           9  -31.5830002      -71.7409973       8.6126865712472991E-003
           9          10  -31.5830002      -71.7409973       1.2275923264119547E-002
           9          11  -31.5830002      -71.7409973       5.5446583121787569E-003
          10           1  -31.5650005      -71.7409973       8.1942773005848155E-003
          10           2  -31.5650005      -71.7409973       8.6656837520759696E-003
          10           3  -31.5650005      -71.7409973       5.4810434189892119E-003
          10           4  -31.5650005      -71.7409973       7.9794375246674785E-003
          10           5  -31.5650005      -71.7409973       6.3879955919280427E-003
          10           6  -31.5650005      -71.7409973       4.2333727586167059E-003
          10           7  -31.5650005      -71.7409973       8.6520119268906435E-003
          10           8  -31.5650005      -71.7409973       5.8652977792927807E-003
          10           9  -31.5650005      -71.7409973       6.5384624408308823E-003
          10          10  -31.5650005      -71.7409973       7.6620309105911574E-003
          10          11  -31.5650005      -71.7409973       3.2159260784415337E-003
          11           1  -31.5470009      -71.7409973       5.9185644249117007E-003
          11           2  -31.5470009      -71.7409973       4.3226914822400526E-003
          11           3  -31.5470009      -71.7409973       3.5433051298013984E-003
          11           4  -31.5470009      -71.7409973       5.3884881887095275E-003
          11           5  -31.5470009      -71.7409973       4.4210481663292493E-003
          11           6  -31.5470009      -71.7409973       3.8430517889913416E-003
          11           7  -31.5470009      -71.7409973       4.7309669339209064E-003
          11           8  -31.5470009      -71.7409973       3.9834771915715416E-003
          11           9  -31.5470009      -71.7409973       3.4605806930382956E-003
          11          10  -31.5470009      -71.7409973       4.6771716030955873E-003
          11          11  -31.5470009      -71.7409973       1.6707402008334176E-003
