           1           1  -31.7269993      -71.7409973       3.9644721188469506E-003
           1           2  -31.7269993      -71.7409973       3.4510841188941078E-003
           1           3  -31.7269993      -71.7409973       3.1299173257886021E-003
           1           4  -31.7269993      -71.7409973       3.2446390959831269E-003
           1           5  -31.7269993      -71.7409973       3.6649680455308033E-003
           1           6  -31.7269993      -71.7409973       2.5276736295017626E-003
           1           7  -31.7269993      -71.7409973       2.6840531489331632E-003
           1           8  -31.7269993      -71.7409973       4.3811760841036898E-003
           1           9  -31.7269993      -71.7409973       2.9725011506705904E-003
           1          10  -31.7269993      -71.7409973       3.2944807875357781E-003
           1          11  -31.7269993      -71.7409973       1.3810449554652366E-003
           2           1  -31.7089996      -71.7409973       7.3559495048810195E-003
           2           2  -31.7089996      -71.7409973       6.7569749913449703E-003
           2           3  -31.7089996      -71.7409973       4.3153871732221566E-003
           2           4  -31.7089996      -71.7409973       6.4004084000530486E-003
           2           5  -31.7089996      -71.7409973       6.8309980578215163E-003
           2           6  -31.7089996      -71.7409973       3.1570165294654753E-003
           2           7  -31.7089996      -71.7409973       6.0964874698594042E-003
           2           8  -31.7089996      -71.7409973       4.8307440545553373E-003
           2           9  -31.7089996      -71.7409973       4.6278310923539619E-003
           2          10  -31.7089996      -71.7409973       6.3981200744292789E-003
           2          11  -31.7089996      -71.7409973       2.6451817688109922E-003
           3           1  -31.6910000      -71.7409973       1.2053301003752279E-002
           3           2  -31.6910000      -71.7409973       1.1182274865495820E-002
           3           3  -31.6910000      -71.7409973       8.6051956976616346E-003
           3           4  -31.6910000      -71.7409973       1.0759184568298512E-002
           3           5  -31.6910000      -71.7409973       1.1832907843616439E-002
           3           6  -31.6910000      -71.7409973       7.6459484189667195E-003
           3           7  -31.6910000      -71.7409973       1.0082237966789261E-002
           3           8  -31.6910000      -71.7409973       8.7950761193293283E-003
           3           9  -31.6910000      -71.7409973       7.2572800464769400E-003
           3          10  -31.6910000      -71.7409973       1.1156059881154354E-002
           3          11  -31.6910000      -71.7409973       4.8080199459151225E-003
           4           1  -31.6730003      -71.7409973       1.6155204970485851E-002
           4           2  -31.6730003      -71.7409973       1.4961426177744198E-002
           4           3  -31.6730003      -71.7409973       1.3594851327751012E-002
           4           4  -31.6730003      -71.7409973       1.5341568617580466E-002
           4           5  -31.6730003      -71.7409973       1.6174909822956014E-002
           4           6  -31.6730003      -71.7409973       1.2713048288737816E-002
           4           7  -31.6730003      -71.7409973       1.3558374901452758E-002
           4           8  -31.6730003      -71.7409973       1.2666115595022915E-002
           4           9  -31.6730003      -71.7409973       9.8034606424278713E-003
           4          10  -31.6730003      -71.7409973       1.5466289766644062E-002
           4          11  -31.6730003      -71.7409973       7.3602312832408206E-003
           5           1  -31.6550007      -71.7409973       1.9557096253813296E-002
           5           2  -31.6550007      -71.7409973       1.7208928104960296E-002
           5           3  -31.6550007      -71.7409973       1.6790918527042408E-002
           5           4  -31.6550007      -71.7409973       1.8082846747661838E-002
           5           5  -31.6550007      -71.7409973       1.9372914597423883E-002
           5           6  -31.6550007      -71.7409973       1.6352414245635983E-002
           5           7  -31.6550007      -71.7409973       1.6151006941093247E-002
           5           8  -31.6550007      -71.7409973       1.5944251026017070E-002
           5           9  -31.6550007      -71.7409973       1.2030095941928087E-002
           5          10  -31.6550007      -71.7409973       1.8078777618516319E-002
           5          11  -31.6550007      -71.7409973       9.1690680641126013E-003
           6           1  -31.6369991      -71.7409973       2.0931567366386371E-002
           6           2  -31.6369991      -71.7409973       1.7946830056133466E-002
           6           3  -31.6369991      -71.7409973       1.7936512123545061E-002
           6           4  -31.6369991      -71.7409973       1.9091841836172154E-002
           6           5  -31.6369991      -71.7409973       2.0502057132774591E-002
           6           6  -31.6369991      -71.7409973       1.7858765940622821E-002
           6           7  -31.6369991      -71.7409973       1.6979320778308059E-002
           6           8  -31.6369991      -71.7409973       1.7286596763812667E-002
           6           9  -31.6369991      -71.7409973       1.3169519758499023E-002
           6          10  -31.6369991      -71.7409973       1.9034427748607714E-002
           6          11  -31.6369991      -71.7409973       9.8410876316894613E-003
           7           1  -31.6189995      -71.7409973       1.9825562251807038E-002
           7           2  -31.6189995      -71.7409973       1.7179618304240758E-002
           7           3  -31.6189995      -71.7409973       1.6905080392559287E-002
           7           4  -31.6189995      -71.7409973       1.8262812979662261E-002
           7           5  -31.6189995      -71.7409973       1.9389293999315778E-002
           7           6  -31.6189995      -71.7409973       1.6481751838386301E-002
           7           7  -31.6189995      -71.7409973       1.6124548604999563E-002
           7           8  -31.6189995      -71.7409973       1.5997179191458950E-002
           7           9  -31.6189995      -71.7409973       1.2044704032643426E-002
           7          10  -31.6189995      -71.7409973       1.8209899516870191E-002
           7          11  -31.6189995      -71.7409973       9.0595635039045219E-003
           8           1  -31.6009998      -71.7409973       1.6407426505225250E-002
           8           2  -31.6009998      -71.7409973       1.4980883596547118E-002
           8           3  -31.6009998      -71.7409973       1.3766717569356022E-002
           8           4  -31.6009998      -71.7409973       1.5671733242861797E-002
           8           5  -31.6009998      -71.7409973       1.6166692965872399E-002
           8           6  -31.6009998      -71.7409973       1.2810554040811516E-002
           8           7  -31.6009998      -71.7409973       1.3601647407244975E-002
           8           8  -31.6009998      -71.7409973       1.2809305813172408E-002
           8           9  -31.6009998      -71.7409973       9.8744428456374739E-003
           8          10  -31.6009998      -71.7409973       1.5614747411290791E-002
           8          11  -31.6009998      -71.7409973       7.1584052209358864E-003
           9           1  -31.5830002      -71.7409973       1.2375173832431273E-002
           9           2  -31.5830002      -71.7409973       1.1330262955113048E-002
           9           3  -31.5830002      -71.7409973       8.9072383320265708E-003
           9           4  -31.5830002      -71.7409973       1.1115809593482745E-002
           9           5  -31.5830002      -71.7409973       1.1766382877404787E-002
           9           6  -31.5830002      -71.7409973       7.8052536156737505E-003
           9           7  -31.5830002      -71.7409973       1.0215248698609514E-002
           9           8  -31.5830002      -71.7409973       8.8470265118167479E-003
           9           9  -31.5830002      -71.7409973       7.5218302678220781E-003
           9          10  -31.5830002      -71.7409973       1.1429511480851487E-002
           9          11  -31.5830002      -71.7409973       4.7947979740497141E-003
          10           1  -31.5650005      -71.7409973       7.4420918580771012E-003
          10           2  -31.5650005      -71.7409973       6.9141405321718049E-003
          10           3  -31.5650005      -71.7409973       4.3923701996130384E-003
          10           4  -31.5650005      -71.7409973       6.7169719656065604E-003
          10           5  -31.5650005      -71.7409973       6.7384120750590649E-003
          10           6  -31.5650005      -71.7409973       3.5006740312619766E-003
          10           7  -31.5650005      -71.7409973       6.1968855306383085E-003
          10           8  -31.5650005      -71.7409973       5.0960816709374095E-003
          10           9  -31.5650005      -71.7409973       4.9083243700932715E-003
          10          10  -31.5650005      -71.7409973       6.6356637795301418E-003
          10          11  -31.5650005      -71.7409973       2.8640371797588743E-003
          11           1  -31.5470009      -71.7409973       3.7198565873631483E-003
          11           2  -31.5470009      -71.7409973       3.1624233488221055E-003
          11           3  -31.5470009      -71.7409973       2.8047820359922396E-003
          11           4  -31.5470009      -71.7409973       3.2196896927285958E-003
          11           5  -31.5470009      -71.7409973       3.1315789745084252E-003
          11           6  -31.5470009      -71.7409973       2.6280844641540734E-003
          11           7  -31.5470009      -71.7409973       2.9517540801500914E-003
          11           8  -31.5470009      -71.7409973       3.6898987380846069E-003
          11           9  -31.5470009      -71.7409973       2.9251192357905914E-003
          11          10  -31.5470009      -71.7409973       3.2560125590756768E-003
          11          11  -31.5470009      -71.7409973       1.6375909006167465E-003
