           1           1  -31.7269993      -71.7409973       8.5553431222333276E-003
           1           2  -31.7269993      -71.7409973       6.6067366853648918E-003
           1           3  -31.7269993      -71.7409973       6.0754614249420571E-003
           1           4  -31.7269993      -71.7409973       8.0006663865636249E-003
           1           5  -31.7269993      -71.7409973       6.7358876355284808E-003
           1           6  -31.7269993      -71.7409973       6.3675127150057834E-003
           1           7  -31.7269993      -71.7409973       6.9513478959988091E-003
           1           8  -31.7269993      -71.7409973       6.7965671669351201E-003
           1           9  -31.7269993      -71.7409973       5.4427036882168326E-003
           1          10  -31.7269993      -71.7409973       7.4090945150182613E-003
           1          11  -31.7269993      -71.7409973       2.5362995404509697E-003
           2           1  -31.7089996      -71.7409973       1.2469976219253319E-002
           2           2  -31.7089996      -71.7409973       1.2409797814702287E-002
           2           3  -31.7089996      -71.7409973       8.4290092746529734E-003
           2           4  -31.7089996      -71.7409973       1.1789883471353844E-002
           2           5  -31.7089996      -71.7409973       9.4229369013163131E-003
           2           6  -31.7089996      -71.7409973       6.7365080349069285E-003
           2           7  -31.7089996      -71.7409973       1.3201314512009253E-002
           2           8  -31.7089996      -71.7409973       9.2044962058021474E-003
           2           9  -31.7089996      -71.7409973       6.8625862171273512E-003
           2          10  -31.7089996      -71.7409973       1.1330243611489283E-002
           2          11  -31.7089996      -71.7409973       5.7427888171966771E-003
           3           1  -31.6910000      -71.7409973       2.2984558765350917E-002
           3           2  -31.6910000      -71.7409973       2.2882295664579982E-002
           3           3  -31.6910000      -71.7409973       1.2932963164492070E-002
           3           4  -31.6910000      -71.7409973       1.5347249912036244E-002
           3           5  -31.6910000      -71.7409973       1.4550850464173561E-002
           3           6  -31.6910000      -71.7409973       1.3877800630847521E-002
           3           7  -31.6910000      -71.7409973       1.9375316887049701E-002
           3           8  -31.6910000      -71.7409973       1.3377733163759441E-002
           3           9  -31.6910000      -71.7409973       1.2446589790585993E-002
           3          10  -31.6910000      -71.7409973       1.7325033257945634E-002
           3          11  -31.6910000      -71.7409973       8.4460165537404985E-003
           4           1  -31.6730003      -71.7409973       3.4717640262812953E-002
           4           2  -31.6730003      -71.7409973       3.3151515630115147E-002
           4           3  -31.6730003      -71.7409973       2.0301539314539492E-002
           4           4  -31.6730003      -71.7409973       1.9199222315900395E-002
           4           5  -31.6730003      -71.7409973       1.8853947186081525E-002
           4           6  -31.6730003      -71.7409973       2.2670357628659748E-002
           4           7  -31.6730003      -71.7409973       2.4080716462720100E-002
           4           8  -31.6730003      -71.7409973       1.9472878468382759E-002
           4           9  -31.6730003      -71.7409973       1.9880674711745962E-002
           4          10  -31.6730003      -71.7409973       2.5389438930850623E-002
           4          11  -31.6730003      -71.7409973       1.2247876621051871E-002
           5           1  -31.6550007      -71.7409973       4.4123976845783300E-002
           5           2  -31.6550007      -71.7409973       4.0429017898634220E-002
           5           3  -31.6550007      -71.7409973       2.5790332836878944E-002
           5           4  -31.6550007      -71.7409973       2.1905091021456057E-002
           5           5  -31.6550007      -71.7409973       2.1856110153707319E-002
           5           6  -31.6550007      -71.7409973       2.9257527403691141E-002
           5           7  -31.6550007      -71.7409973       2.7238085671466981E-002
           5           8  -31.6550007      -71.7409973       2.5735413627594111E-002
           5           9  -31.6550007      -71.7409973       2.5818604274496951E-002
           5          10  -31.6550007      -71.7409973       3.0996845720440723E-002
           5          11  -31.6550007      -71.7409973       1.4787299327847152E-002
           6           1  -31.6369991      -71.7409973       4.8079296091931921E-002
           6           2  -31.6369991      -71.7409973       4.2929016881082332E-002
           6           3  -31.6369991      -71.7409973       2.8020806543610863E-002
           6           4  -31.6369991      -71.7409973       2.3023072875422230E-002
           6           5  -31.6369991      -71.7409973       2.2972840217937992E-002
           6           6  -31.6369991      -71.7409973       3.2105248434275299E-002
           6           7  -31.6369991      -71.7409973       2.8222009540043211E-002
           6           8  -31.6369991      -71.7409973       2.8077721915521027E-002
           6           9  -31.6369991      -71.7409973       2.8198301784982765E-002
           6          10  -31.6369991      -71.7409973       3.3000757894216255E-002
           6          11  -31.6369991      -71.7409973       1.5721954805265208E-002
           7           1  -31.6189995      -71.7409973       4.4612085348881052E-002
           7           2  -31.6189995      -71.7409973       4.0426564428571059E-002
           7           3  -31.6189995      -71.7409973       2.6217535171802819E-002
           7           4  -31.6189995      -71.7409973       2.2226618465510932E-002
           7           5  -31.6189995      -71.7409973       2.2026273444728829E-002
           7           6  -31.6189995      -71.7409973       2.9613970911534129E-002
           7           7  -31.6189995      -71.7409973       2.7248909576857838E-002
           7           8  -31.6189995      -71.7409973       2.5802221877415658E-002
           7           9  -31.6189995      -71.7409973       2.5982227824297953E-002
           7          10  -31.6189995      -71.7409973       3.1095769705774236E-002
           7          11  -31.6189995      -71.7409973       1.4755657578287597E-002
           8           1  -31.6009998      -71.7409973       3.5378965002981544E-002
           8           2  -31.6009998      -71.7409973       3.3204878293759690E-002
           8           3  -31.6009998      -71.7409973       2.0933589758154868E-002
           8           4  -31.6009998      -71.7409973       1.9778522783837266E-002
           8           5  -31.6009998      -71.7409973       1.9063424055299011E-002
           8           6  -31.6009998      -71.7409973       2.3052928125614356E-002
           8           7  -31.6009998      -71.7409973       2.4256004721196843E-002
           8           8  -31.6009998      -71.7409973       1.9590892033900072E-002
           8           9  -31.6009998      -71.7409973       2.0147938689637171E-002
           8          10  -31.6009998      -71.7409973       2.5481659704469480E-002
           8          11  -31.6009998      -71.7409973       1.2099887459481840E-002
           9           1  -31.5830002      -71.7409973       2.4091287371438005E-002
           9           2  -31.5830002      -71.7409973       2.3039999674952443E-002
           9           3  -31.5830002      -71.7409973       1.3796822368960302E-002
           9           4  -31.5830002      -71.7409973       1.5896213040936424E-002
           9           5  -31.5830002      -71.7409973       1.4879641109333633E-002
           9           6  -31.5830002      -71.7409973       1.4424021122798798E-002
           9           7  -31.5830002      -71.7409973       1.9711565594437343E-002
           9           8  -31.5830002      -71.7409973       1.3587295312777668E-002
           9           9  -31.5830002      -71.7409973       1.2716501116116032E-002
           9          10  -31.5830002      -71.7409973       1.7672673585145779E-002
           9          11  -31.5830002      -71.7409973       8.3645943464317769E-003
          10           1  -31.5650005      -71.7409973       1.3574918957511058E-002
          10           2  -31.5650005      -71.7409973       1.2649123525477611E-002
          10           3  -31.5650005      -71.7409973       8.6629019583808285E-003
          10           4  -31.5650005      -71.7409973       1.2177942427595720E-002
          10           5  -31.5650005      -71.7409973       9.8123652417164316E-003
          10           6  -31.5650005      -71.7409973       6.9789935569316303E-003
          10           7  -31.5650005      -71.7409973       1.3309402168511382E-002
          10           8  -31.5650005      -71.7409973       9.4645764268938941E-003
          10           9  -31.5650005      -71.7409973       6.6548639559889464E-003
          10          10  -31.5650005      -71.7409973       1.1120072434932999E-002
          10          11  -31.5650005      -71.7409973       5.7089530505466234E-003
          11           1  -31.5470009      -71.7409973       8.2680492727353130E-003
          11           2  -31.5470009      -71.7409973       6.0021410849271616E-003
          11           3  -31.5470009      -71.7409973       5.2105816877052406E-003
          11           4  -31.5470009      -71.7409973       8.1199978049473435E-003
          11           5  -31.5470009      -71.7409973       6.0569542844505948E-003
          11           6  -31.5470009      -71.7409973       6.0817369579574121E-003
          11           7  -31.5470009      -71.7409973       6.9454402431511318E-003
          11           8  -31.5470009      -71.7409973       5.7529904860703345E-003
          11           9  -31.5470009      -71.7409973       4.8212423101547273E-003
          11          10  -31.5470009      -71.7409973       6.9711700714411269E-003
          11          11  -31.5470009      -71.7409973       1.7545232573513828E-003
