           1           1  -31.7269993      -71.7409973       1.5420692145364703E-003
           1           2  -31.7269993      -71.7409973       1.4783834371983136E-003
           1           3  -31.7269993      -71.7409973       1.1749407022876811E-003
           1           4  -31.7269993      -71.7409973       1.4738018454376809E-003
           1           5  -31.7269993      -71.7409973       1.5308708947746785E-003
           1           6  -31.7269993      -71.7409973       9.2429925783322998E-004
           1           7  -31.7269993      -71.7409973       1.5498920046656869E-003
           1           8  -31.7269993      -71.7409973       1.3849858153246910E-003
           1           9  -31.7269993      -71.7409973       1.0738538924437693E-003
           1          10  -31.7269993      -71.7409973       1.6781993779761539E-003
           1          11  -31.7269993      -71.7409973       6.8274112363429741E-004
           2           1  -31.7089996      -71.7409973       2.4936668302891385E-003
           2           2  -31.7089996      -71.7409973       2.2401558794398948E-003
           2           3  -31.7089996      -71.7409973       1.7268767787775587E-003
           2           4  -31.7089996      -71.7409973       2.4419551556778621E-003
           2           5  -31.7089996      -71.7409973       2.4693416821192598E-003
           2           6  -31.7089996      -71.7409973       1.2219705316844176E-003
           2           7  -31.7089996      -71.7409973       2.4498206056161333E-003
           2           8  -31.7089996      -71.7409973       2.1526196510570929E-003
           2           9  -31.7089996      -71.7409973       1.6563197129381504E-003
           2          10  -31.7089996      -71.7409973       2.4959893478516890E-003
           2          11  -31.7089996      -71.7409973       9.7754047342625333E-004
           3           1  -31.6910000      -71.7409973       4.0509988571446453E-003
           3           2  -31.6910000      -71.7409973       3.9113152200946980E-003
           3           3  -31.6910000      -71.7409973       2.7426431936512052E-003
           3           4  -31.6910000      -71.7409973       3.3857433253709750E-003
           3           5  -31.6910000      -71.7409973       3.8860193356370686E-003
           3           6  -31.6910000      -71.7409973       2.3003297445801140E-003
           3           7  -31.6910000      -71.7409973       3.7588728549251406E-003
           3           8  -31.6910000      -71.7409973       3.8714862040606026E-003
           3           9  -31.6910000      -71.7409973       2.9192827029373004E-003
           3          10  -31.6910000      -71.7409973       3.9809752383515020E-003
           3          11  -31.6910000      -71.7409973       1.5523274293821163E-003
           4           1  -31.6730003      -71.7409973       5.4114430164936547E-003
           4           2  -31.6730003      -71.7409973       5.7447593097377731E-003
           4           3  -31.6730003      -71.7409973       4.7112927002567976E-003
           4           4  -31.6730003      -71.7409973       4.2914817984458968E-003
           4           5  -31.6730003      -71.7409973       5.3012453007651415E-003
           4           6  -31.6730003      -71.7409973       3.7569876076763999E-003
           4           7  -31.6730003      -71.7409973       4.9223539877340473E-003
           4           8  -31.6730003      -71.7409973       5.4947769237486104E-003
           4           9  -31.6730003      -71.7409973       4.8643460632460944E-003
           4          10  -31.6730003      -71.7409973       5.5981196324131873E-003
           4          11  -31.6730003      -71.7409973       2.4888826467630893E-003
           5           1  -31.6550007      -71.7409973       6.6275556421116523E-003
           5           2  -31.6550007      -71.7409973       7.0929688823482238E-003
           5           3  -31.6550007      -71.7409973       6.0043276636716075E-003
           5           4  -31.6550007      -71.7409973       4.8604825265230658E-003
           5           5  -31.6550007      -71.7409973       6.3438947325301772E-003
           5           6  -31.6550007      -71.7409973       4.8085721170211303E-003
           5           7  -31.6550007      -71.7409973       5.7838862850489760E-003
           5           8  -31.6550007      -71.7409973       6.8945452480970578E-003
           5           9  -31.6550007      -71.7409973       6.2731694951503776E-003
           5          10  -31.6550007      -71.7409973       6.6841733158321155E-003
           5          11  -31.6550007      -71.7409973       3.1312940751212662E-003
           6           1  -31.6369991      -71.7409973       7.1695352782630917E-003
           6           2  -31.6369991      -71.7409973       7.5578523359953638E-003
           6           3  -31.6369991      -71.7409973       6.4830744530129372E-003
           6           4  -31.6369991      -71.7409973       5.0889640183557593E-003
           6           5  -31.6369991      -71.7409973       6.7201670275760525E-003
           6           6  -31.6369991      -71.7409973       5.2365384099018848E-003
           6           7  -31.6369991      -71.7409973       6.0786061669910125E-003
           6           8  -31.6369991      -71.7409973       7.4200866385185169E-003
           6           9  -31.6369991      -71.7409973       6.8341060247799216E-003
           6          10  -31.6369991      -71.7409973       6.9795102289494778E-003
           6          11  -31.6369991      -71.7409973       3.2493894903750124E-003
           7           1  -31.6189995      -71.7409973       6.6437470192347832E-003
           7           2  -31.6189995      -71.7409973       7.1012308814787156E-003
           7           3  -31.6189995      -71.7409973       6.0336048755486619E-003
           7           4  -31.6189995      -71.7409973       4.9416073375616112E-003
           7           5  -31.6189995      -71.7409973       6.3660127049503384E-003
           7           6  -31.6189995      -71.7409973       4.8457737772698017E-003
           7           7  -31.6189995      -71.7409973       5.8023409358618598E-003
           7           8  -31.6189995      -71.7409973       6.9206106179268995E-003
           7           9  -31.6189995      -71.7409973       6.2994346858463194E-003
           7          10  -31.6189995      -71.7409973       6.6777883457609568E-003
           7          11  -31.6189995      -71.7409973       3.0586059028831145E-003
           8           1  -31.6009998      -71.7409973       5.4175835148481235E-003
           8           2  -31.6009998      -71.7409973       5.7947828302458539E-003
           8           3  -31.6009998      -71.7409973       4.7215561728416637E-003
           8           4  -31.6009998      -71.7409973       4.4283659703188618E-003
           8           5  -31.6009998      -71.7409973       5.3157043227553373E-003
           8           6  -31.6009998      -71.7409973       3.7672777490112613E-003
           8           7  -31.6009998      -71.7409973       4.9782819203022625E-003
           8           8  -31.6009998      -71.7409973       5.5792820015035808E-003
           8           9  -31.6009998      -71.7409973       4.8977675619173208E-003
           8          10  -31.6009998      -71.7409973       5.5553844270363334E-003
           8          11  -31.6009998      -71.7409973       2.3097100861709722E-003
           9           1  -31.5830002      -71.7409973       4.0820593550698041E-003
           9           2  -31.5830002      -71.7409973       3.9887479541871797E-003
           9           3  -31.5830002      -71.7409973       2.8118840640077372E-003
           9           4  -31.5830002      -71.7409973       3.5330432425248548E-003
           9           5  -31.5830002      -71.7409973       3.9299101517231427E-003
           9           6  -31.5830002      -71.7409973       2.3080413028712232E-003
           9           7  -31.5830002      -71.7409973       3.8830411120152433E-003
           9           8  -31.5830002      -71.7409973       3.9187993214529144E-003
           9           9  -31.5830002      -71.7409973       3.0003531763674349E-003
           9          10  -31.5830002      -71.7409973       3.9886731540869540E-003
           9          11  -31.5830002      -71.7409973       1.5873594757397349E-003
          10           1  -31.5650005      -71.7409973       2.4754983361689503E-003
          10           2  -31.5650005      -71.7409973       2.3399063012593314E-003
          10           3  -31.5650005      -71.7409973       1.7657256940992192E-003
          10           4  -31.5650005      -71.7409973       2.5643533601664862E-003
          10           5  -31.5650005      -71.7409973       2.4673649078978083E-003
          10           6  -31.5650005      -71.7409973       1.3035447917126555E-003
          10           7  -31.5650005      -71.7409973       2.5488413962338847E-003
          10           8  -31.5650005      -71.7409973       2.2685042225159043E-003
          10           9  -31.5650005      -71.7409973       1.7830679103537611E-003
          10          10  -31.5650005      -71.7409973       2.6206964755536317E-003
          10          11  -31.5650005      -71.7409973       9.2908649240840623E-004
          11           1  -31.5470009      -71.7409973       1.7024410356743466E-003
          11           2  -31.5470009      -71.7409973       1.3693887973673679E-003
          11           3  -31.5470009      -71.7409973       1.3049419460039223E-003
          11           4  -31.5470009      -71.7409973       1.5619862924833245E-003
          11           5  -31.5470009      -71.7409973       1.4922448685835835E-003
          11           6  -31.5470009      -71.7409973       9.3537761871308157E-004
          11           7  -31.5470009      -71.7409973       1.4587038339024091E-003
          11           8  -31.5470009      -71.7409973       1.2959065459679747E-003
          11           9  -31.5470009      -71.7409973       9.7105513522428139E-004
          11          10  -31.5470009      -71.7409973       1.6644561528161425E-003
          11          11  -31.5470009      -71.7409973       5.5105628917380075E-004
