           1           1  -31.7269993      -71.7409973       1.1727777365698911E-003
           1           2  -31.7269993      -71.7409973       9.3695019805741376E-004
           1           3  -31.7269993      -71.7409973       7.0611240346646245E-004
           1           4  -31.7269993      -71.7409973       9.6111531353010381E-004
           1           5  -31.7269993      -71.7409973       8.4486691485005845E-004
           1           6  -31.7269993      -71.7409973       5.2218542300422994E-004
           1           7  -31.7269993      -71.7409973       1.0181802975282230E-003
           1           8  -31.7269993      -71.7409973       6.6718464472066252E-004
           1           9  -31.7269993      -71.7409973       5.4060403736760020E-004
           1          10  -31.7269993      -71.7409973       6.5366603441346851E-004
           1          11  -31.7269993      -71.7409973       2.4857455625750685E-004
           2           1  -31.7089996      -71.7409973       1.5244188540597511E-003
           2           2  -31.7089996      -71.7409973       1.5265848999286922E-003
           2           3  -31.7089996      -71.7409973       7.8799048077716799E-004
           2           4  -31.7089996      -71.7409973       1.1514972346054766E-003
           2           5  -31.7089996      -71.7409973       1.3647120793026210E-003
           2           6  -31.7089996      -71.7409973       6.7106286279986480E-004
           2           7  -31.7089996      -71.7409973       1.3921463038928236E-003
           2           8  -31.7089996      -71.7409973       1.0959481041667737E-003
           2           9  -31.7089996      -71.7409973       9.6271747290882493E-004
           2          10  -31.7089996      -71.7409973       1.5464843633065737E-003
           2          11  -31.7089996      -71.7409973       6.9346673083485466E-004
           3           1  -31.6910000      -71.7409973       2.2482617001078915E-003
           3           2  -31.6910000      -71.7409973       2.3390030613401986E-003
           3           3  -31.6910000      -71.7409973       1.4225350724273828E-003
           3           4  -31.6910000      -71.7409973       1.8026330022165079E-003
           3           5  -31.6910000      -71.7409973       2.3318677335402230E-003
           3           6  -31.6910000      -71.7409973       1.1808383584368330E-003
           3           7  -31.6910000      -71.7409973       2.2694222679175281E-003
           3           8  -31.6910000      -71.7409973       2.0094559390411563E-003
           3           9  -31.6910000      -71.7409973       1.6397975879400796E-003
           3          10  -31.6910000      -71.7409973       2.4335848465539146E-003
           3          11  -31.6910000      -71.7409973       1.1532453137902789E-003
           4           1  -31.6730003      -71.7409973       2.9431235318552141E-003
           4           2  -31.6730003      -71.7409973       2.9447220230733062E-003
           4           3  -31.6730003      -71.7409973       2.4199084793718093E-003
           4           4  -31.6730003      -71.7409973       2.3882465289032369E-003
           4           5  -31.6730003      -71.7409973       3.1295620482796466E-003
           4           6  -31.6730003      -71.7409973       1.8957922137310252E-003
           4           7  -31.6730003      -71.7409973       2.9802772516461977E-003
           4           8  -31.6730003      -71.7409973       2.9076767043940744E-003
           4           9  -31.6730003      -71.7409973       2.2800086438941256E-003
           4          10  -31.6730003      -71.7409973       3.3184952221992632E-003
           4          11  -31.6730003      -71.7409973       1.5690173568885925E-003
           5           1  -31.6550007      -71.7409973       3.7439395563734516E-003
           5           2  -31.6550007      -71.7409973       3.2726535363790869E-003
           5           3  -31.6550007      -71.7409973       3.2379760718806048E-003
           5           4  -31.6550007      -71.7409973       2.9119219089430077E-003
           5           5  -31.6550007      -71.7409973       3.7025035300943272E-003
           5           6  -31.6550007      -71.7409973       2.4196140847541404E-003
           5           7  -31.6550007      -71.7409973       3.5077323483476025E-003
           5           8  -31.6550007      -71.7409973       3.7040094954431204E-003
           5           9  -31.6550007      -71.7409973       2.6879948897374651E-003
           5          10  -31.6550007      -71.7409973       3.9202666978857652E-003
           5          11  -31.6550007      -71.7409973       1.8108371814500508E-003
           6           1  -31.6369991      -71.7409973       4.1451880581104298E-003
           6           2  -31.6369991      -71.7409973       3.3661929135083029E-003
           6           3  -31.6369991      -71.7409973       3.5678184717041791E-003
           6           4  -31.6369991      -71.7409973       3.1497922097319044E-003
           6           5  -31.6369991      -71.7409973       3.9121210217921299E-003
           6           6  -31.6369991      -71.7409973       2.6377085434370921E-003
           6           7  -31.6369991      -71.7409973       3.6891618337789481E-003
           6           8  -31.6369991      -71.7409973       4.0023616926883705E-003
           6           9  -31.6369991      -71.7409973       2.8631343583260531E-003
           6          10  -31.6369991      -71.7409973       4.1331692198777730E-003
           6          11  -31.6369991      -71.7409973       1.9059886458705671E-003
           7           1  -31.6189995      -71.7409973       3.7903801822033946E-003
           7           2  -31.6189995      -71.7409973       3.2687566140045597E-003
           7           3  -31.6189995      -71.7409973       3.2974271329108801E-003
           7           4  -31.6189995      -71.7409973       2.9575626696287365E-003
           7           5  -31.6189995      -71.7409973       3.7186658453859209E-003
           7           6  -31.6189995      -71.7409973       2.4412299446945631E-003
           7           7  -31.6189995      -71.7409973       3.4810193639103638E-003
           7           8  -31.6189995      -71.7409973       3.7248178056026567E-003
           7           9  -31.6189995      -71.7409973       2.7132655944559817E-003
           7          10  -31.6189995      -71.7409973       3.9343063411936448E-003
           7          11  -31.6189995      -71.7409973       1.8105063238176696E-003
           8           1  -31.6009998      -71.7409973       3.0055837324432636E-003
           8           2  -31.6009998      -71.7409973       2.9624692071956961E-003
           8           3  -31.6009998      -71.7409973       2.4998215105514875E-003
           8           4  -31.6009998      -71.7409973       2.4395971994601059E-003
           8           5  -31.6009998      -71.7409973       3.1404406319770909E-003
           8           6  -31.6009998      -71.7409973       1.9194614698974048E-003
           8           7  -31.6009998      -71.7409973       3.0069866901448155E-003
           8           8  -31.6009998      -71.7409973       2.9446331571703378E-003
           8           9  -31.6009998      -71.7409973       2.3074308160554707E-003
           8          10  -31.6009998      -71.7409973       3.3405123174899192E-003
           8          11  -31.6009998      -71.7409973       1.5531510399890158E-003
           9           1  -31.5830002      -71.7409973       2.3260235904337206E-003
           9           2  -31.5830002      -71.7409973       2.3729656745844351E-003
           9           3  -31.5830002      -71.7409973       1.4708586895347668E-003
           9           4  -31.5830002      -71.7409973       1.8602277346024666E-003
           9           5  -31.5830002      -71.7409973       2.3491405850105652E-003
           9           6  -31.5830002      -71.7409973       1.2020639710626062E-003
           9           7  -31.5830002      -71.7409973       2.3442521889290853E-003
           9           8  -31.5830002      -71.7409973       2.0196581210395080E-003
           9           9  -31.5830002      -71.7409973       1.7122031562335027E-003
           9          10  -31.5830002      -71.7409973       2.4816089117134254E-003
           9          11  -31.5830002      -71.7409973       1.1494260036608948E-003
          10           1  -31.5650005      -71.7409973       1.5730874616173415E-003
          10           2  -31.5650005      -71.7409973       1.5890333733207655E-003
          10           3  -31.5650005      -71.7409973       8.3222973337322985E-004
          10           4  -31.5650005      -71.7409973       1.2225273855437648E-003
          10           5  -31.5650005      -71.7409973       1.3869548253324403E-003
          10           6  -31.5650005      -71.7409973       7.6476534046793904E-004
          10           7  -31.5650005      -71.7409973       1.4314027611309278E-003
          10           8  -31.5650005      -71.7409973       1.0735804378378033E-003
          10           9  -31.5650005      -71.7409973       1.0413648988803232E-003
          10          10  -31.5650005      -71.7409973       1.5749793257048073E-003
          10          11  -31.5650005      -71.7409973       6.9460955775960619E-004
          11           1  -31.5470009      -71.7409973       1.0761076586692708E-003
          11           2  -31.5470009      -71.7409973       8.6006051260529464E-004
          11           3  -31.5470009      -71.7409973       6.4052682222677244E-004
          11           4  -31.5470009      -71.7409973       9.2165066258352547E-004
          11           5  -31.5470009      -71.7409973       7.9254708331613914E-004
          11           6  -31.5470009      -71.7409973       4.7839851339920731E-004
          11           7  -31.5470009      -71.7409973       9.5152336570918799E-004
          11           8  -31.5470009      -71.7409973       6.1925256656873251E-004
          11           9  -31.5470009      -71.7409973       5.2768008606830948E-004
          11          10  -31.5470009      -71.7409973       6.2614094716583650E-004
          11          11  -31.5470009      -71.7409973       2.0489048568182679E-004
