           1           1  -31.7269993      -71.7409973       4.0012170926933224E-002
           1           2  -31.7269993      -71.7409973       9.0408194077382265E-002
           1           3  -31.7269993      -71.7409973       4.8035703791503431E-002
           1           4  -31.7269993      -71.7409973       6.1701982920883393E-002
           1           5  -31.7269993      -71.7409973       6.2051809431193379E-002
           1           6  -31.7269993      -71.7409973       6.1079845091667875E-002
           1           7  -31.7269993      -71.7409973       5.3911845647550444E-002
           1           8  -31.7269993      -71.7409973       5.7929575788151402E-002
           1           9  -31.7269993      -71.7409973       4.3740677040522785E-002
           1          10  -31.7269993      -71.7409973       6.8402169270807250E-002
           1          11  -31.7269993      -71.7409973       9.7101733952455999E-002
           2           1  -31.7089996      -71.7409973       7.2825428066494710E-002
           2           2  -31.7089996      -71.7409973       6.0873040345032846E-002
           2           3  -31.7089996      -71.7409973       8.8383568309387164E-002
           2           4  -31.7089996      -71.7409973       6.2636745210411682E-002
           2           5  -31.7089996      -71.7409973       6.0171266759864367E-002
           2           6  -31.7089996      -71.7409973       8.4137616242799765E-002
           2           7  -31.7089996      -71.7409973       6.0163504610202138E-002
           2           8  -31.7089996      -71.7409973       4.3241957667188399E-002
           2           9  -31.7089996      -71.7409973       7.4978066536047952E-002
           2          10  -31.7089996      -71.7409973       6.3571135895174852E-002
           2          11  -31.7089996      -71.7409973      0.11059037394949715     
           3           1  -31.6910000      -71.7409973      0.12636698695046453     
           3           2  -31.6910000      -71.7409973       8.8758807282556570E-002
           3           3  -31.6910000      -71.7409973      0.12669854405005368     
           3           4  -31.6910000      -71.7409973       8.3689563533955985E-002
           3           5  -31.6910000      -71.7409973      0.12163100362245353     
           3           6  -31.6910000      -71.7409973      0.11724247884716203     
           3           7  -31.6910000      -71.7409973      0.11463516291550113     
           3           8  -31.6910000      -71.7409973       9.7916470337602951E-002
           3           9  -31.6910000      -71.7409973      0.12550361585799685     
           3          10  -31.6910000      -71.7409973      0.10732047886852640     
           3          11  -31.6910000      -71.7409973      0.15715954363222703     
           4           1  -31.6730003      -71.7409973      0.17301322920134479     
           4           2  -31.6730003      -71.7409973      0.16550809473968853     
           4           3  -31.6730003      -71.7409973      0.17152085636920328     
           4           4  -31.6730003      -71.7409973      0.12233624193635391     
           4           5  -31.6730003      -71.7409973      0.21729435307968800     
           4           6  -31.6730003      -71.7409973      0.18194661075319643     
           4           7  -31.6730003      -71.7409973      0.20530622870833534     
           4           8  -31.6730003      -71.7409973      0.17394022290303091     
           4           9  -31.6730003      -71.7409973      0.20543665036390804     
           4          10  -31.6730003      -71.7409973      0.18550070323581375     
           4          11  -31.6730003      -71.7409973      0.28454292112252205     
           5           1  -31.6550007      -71.7409973      0.20643298375642657     
           5           2  -31.6550007      -71.7409973      0.22478310090815662     
           5           3  -31.6550007      -71.7409973      0.20164708071836521     
           5           4  -31.6550007      -71.7409973      0.14836999750146929     
           5           5  -31.6550007      -71.7409973      0.29703843351777520     
           5           6  -31.6550007      -71.7409973      0.23753863102069711     
           5           7  -31.6550007      -71.7409973      0.27941819156417802     
           5           8  -31.6550007      -71.7409973      0.24342133255942600     
           5           9  -31.6550007      -71.7409973      0.26601047592669452     
           5          10  -31.6550007      -71.7409973      0.24033075948944216     
           5          11  -31.6550007      -71.7409973      0.37580263547650888     
           6           1  -31.6369991      -71.7409973      0.21753824298360649     
           6           2  -31.6369991      -71.7409973      0.24708941620023051     
           6           3  -31.6369991      -71.7409973      0.21322813642531727     
           6           4  -31.6369991      -71.7409973      0.15787003296002083     
           6           5  -31.6369991      -71.7409973      0.32830219640936820     
           6           6  -31.6369991      -71.7409973      0.26113580947949505     
           6           7  -31.6369991      -71.7409973      0.30501980646199917     
           6           8  -31.6369991      -71.7409973      0.27041922515887890     
           6           9  -31.6369991      -71.7409973      0.28946673051008620     
           6          10  -31.6369991      -71.7409973      0.26041971989355345     
           6          11  -31.6369991      -71.7409973      0.40903390727583855     
           7           1  -31.6189995      -71.7409973      0.20620308191143430     
           7           2  -31.6189995      -71.7409973      0.22430349761202201     
           7           3  -31.6189995      -71.7409973      0.20113190465543421     
           7           4  -31.6189995      -71.7409973      0.14853760305585909     
           7           5  -31.6189995      -71.7409973      0.29981235182589011     
           7           6  -31.6189995      -71.7409973      0.23812738726832627     
           7           7  -31.6189995      -71.7409973      0.27754270527482960     
           7           8  -31.6189995      -71.7409973      0.24327755218186203     
           7           9  -31.6189995      -71.7409973      0.26652582528958524     
           7          10  -31.6189995      -71.7409973      0.23803892122129622     
           7          11  -31.6189995      -71.7409973      0.37609325846009567     
           8           1  -31.6009998      -71.7409973      0.17110346181335709     
           8           2  -31.6009998      -71.7409973      0.16525215565047041     
           8           3  -31.6009998      -71.7409973      0.17032697872043864     
           8           4  -31.6009998      -71.7409973      0.12280577973520590     
           8           5  -31.6009998      -71.7409973      0.21977878871824652     
           8           6  -31.6009998      -71.7409973      0.18187527357018482     
           8           7  -31.6009998      -71.7409973      0.20420222802916094     
           8           8  -31.6009998      -71.7409973      0.17448303270892165     
           8           9  -31.6009998      -71.7409973      0.20519444804793593     
           8          10  -31.6009998      -71.7409973      0.18052345564747954     
           8          11  -31.6009998      -71.7409973      0.28017627959984232     
           9           1  -31.5830002      -71.7409973      0.12568125104968572     
           9           2  -31.5830002      -71.7409973       8.9637504463720055E-002
           9           3  -31.5830002      -71.7409973      0.12670392420425253     
           9           4  -31.5830002      -71.7409973       8.3661046014383830E-002
           9           5  -31.5830002      -71.7409973      0.12384870517358168     
           9           6  -31.5830002      -71.7409973      0.11582543064086553     
           9           7  -31.5830002      -71.7409973      0.11636794112955776     
           9           8  -31.5830002      -71.7409973       9.5311987120165226E-002
           9           9  -31.5830002      -71.7409973      0.12628600047119579     
           9          10  -31.5830002      -71.7409973      0.10755915477139209     
           9          11  -31.5830002      -71.7409973      0.15594958555391597     
          10           1  -31.5650005      -71.7409973       7.0418949045996201E-002
          10           2  -31.5650005      -71.7409973       6.3907794902884840E-002
          10           3  -31.5650005      -71.7409973       8.8355699761675302E-002
          10           4  -31.5650005      -71.7409973       6.4576645576697483E-002
          10           5  -31.5650005      -71.7409973       6.8418304095726107E-002
          10           6  -31.5650005      -71.7409973       8.4110352666101729E-002
          10           7  -31.5650005      -71.7409973       6.1054428527504097E-002
          10           8  -31.5650005      -71.7409973       5.1545808804431527E-002
          10           9  -31.5650005      -71.7409973       7.4144453377816000E-002
          10          10  -31.5650005      -71.7409973       7.0847236296872854E-002
          10          11  -31.5650005      -71.7409973      0.10730270261657100     
          11           1  -31.5470009      -71.7409973       4.2180371226161931E-002
          11           2  -31.5470009      -71.7409973       8.6861545755768238E-002
          11           3  -31.5470009      -71.7409973       4.4292497280959527E-002
          11           4  -31.5470009      -71.7409973       6.8565505415381381E-002
          11           5  -31.5470009      -71.7409973       6.7447606798873488E-002
          11           6  -31.5470009      -71.7409973       5.8050497319717266E-002
          11           7  -31.5470009      -71.7409973       6.1836226231309126E-002
          11           8  -31.5470009      -71.7409973       6.4210227515710622E-002
          11           9  -31.5470009      -71.7409973       4.2790364251149224E-002
          11          10  -31.5470009      -71.7409973       7.2001066686380663E-002
          11          11  -31.5470009      -71.7409973       9.2839701048223006E-002
