           1           1  -31.7269993      -71.7409973       1.0468944086047868E-003
           1           2  -31.7269993      -71.7409973       9.7470887623895793E-004
           1           3  -31.7269993      -71.7409973       7.9679183752486623E-004
           1           4  -31.7269993      -71.7409973       9.4050130443857185E-004
           1           5  -31.7269993      -71.7409973       1.0249325927475688E-003
           1           6  -31.7269993      -71.7409973       6.1173016510033390E-004
           1           7  -31.7269993      -71.7409973       7.9471554181103493E-004
           1           8  -31.7269993      -71.7409973       9.1985293598776719E-004
           1           9  -31.7269993      -71.7409973       7.8598012455842708E-004
           1          10  -31.7269993      -71.7409973       1.1706307892062548E-003
           1          11  -31.7269993      -71.7409973       4.4958623011969281E-004
           2           1  -31.7089996      -71.7409973       2.0482860538277581E-003
           2           2  -31.7089996      -71.7409973       1.5691701668882883E-003
           2           3  -31.7089996      -71.7409973       1.1497960695712674E-003
           2           4  -31.7089996      -71.7409973       1.6158415290297762E-003
           2           5  -31.7089996      -71.7409973       1.7194382810158818E-003
           2           6  -31.7089996      -71.7409973       8.0661410377693191E-004
           2           7  -31.7089996      -71.7409973       1.5821856355233326E-003
           2           8  -31.7089996      -71.7409973       1.4070806914783893E-003
           2           9  -31.7089996      -71.7409973       1.0313686176293877E-003
           2          10  -31.7089996      -71.7409973       1.7737652153721659E-003
           2          11  -31.7089996      -71.7409973       6.9044995599374813E-004
           3           1  -31.6910000      -71.7409973       2.9948412849628552E-003
           3           2  -31.6910000      -71.7409973       2.4510126404459981E-003
           3           3  -31.6910000      -71.7409973       1.7390101000807118E-003
           3           4  -31.6910000      -71.7409973       2.2856256082555287E-003
           3           5  -31.6910000      -71.7409973       2.5242553016226448E-003
           3           6  -31.6910000      -71.7409973       1.4366091632409552E-003
           3           7  -31.6910000      -71.7409973       2.4464080954584703E-003
           3           8  -31.6910000      -71.7409973       2.5279819897439828E-003
           3           9  -31.6910000      -71.7409973       2.0082521829013610E-003
           3          10  -31.6910000      -71.7409973       2.7992747662877009E-003
           3          11  -31.6910000      -71.7409973       1.2445498156692992E-003
           4           1  -31.6730003      -71.7409973       3.8768280772644957E-003
           4           2  -31.6730003      -71.7409973       3.6463431351893569E-003
           4           3  -31.6730003      -71.7409973       2.8813092832397557E-003
           4           4  -31.6730003      -71.7409973       2.9320983597084329E-003
           4           5  -31.6730003      -71.7409973       3.2592278893551797E-003
           4           6  -31.6730003      -71.7409973       2.3671018453959472E-003
           4           7  -31.6730003      -71.7409973       3.2565939891380487E-003
           4           8  -31.6730003      -71.7409973       3.5716760734464882E-003
           4           9  -31.6730003      -71.7409973       3.3701257181410283E-003
           4          10  -31.6730003      -71.7409973       3.8794828824078799E-003
           4          11  -31.6730003      -71.7409973       1.9436593557566933E-003
           5           1  -31.6550007      -71.7409973       4.7033478366548523E-003
           5           2  -31.6550007      -71.7409973       4.5280047755143771E-003
           5           3  -31.6550007      -71.7409973       3.6843190072328455E-003
           5           4  -31.6550007      -71.7409973       3.3237272216258404E-003
           5           5  -31.6550007      -71.7409973       3.8951481643001548E-003
           5           6  -31.6550007      -71.7409973       3.0833780784542161E-003
           5           7  -31.6550007      -71.7409973       3.8574404175675623E-003
           5           8  -31.6550007      -71.7409973       4.4682872344961122E-003
           5           9  -31.6550007      -71.7409973       4.3605257724931784E-003
           5          10  -31.6550007      -71.7409973       4.5501489401456527E-003
           5          11  -31.6550007      -71.7409973       2.4246913942818807E-003
           6           1  -31.6369991      -71.7409973       5.0676496763024910E-003
           6           2  -31.6369991      -71.7409973       4.8415738736909816E-003
           6           3  -31.6369991      -71.7409973       3.9985194075912306E-003
           6           4  -31.6369991      -71.7409973       3.4767785413493727E-003
           6           5  -31.6369991      -71.7409973       4.1266149477414945E-003
           6           6  -31.6369991      -71.7409973       3.4047101997360715E-003
           6           7  -31.6369991      -71.7409973       4.0761632942698765E-003
           6           8  -31.6369991      -71.7409973       4.7954096233306489E-003
           6           9  -31.6369991      -71.7409973       4.7405688669567882E-003
           6          10  -31.6369991      -71.7409973       4.7908241711751721E-003
           6          11  -31.6369991      -71.7409973       2.6146364469247585E-003
           7           1  -31.6189995      -71.7409973       4.7251435085990268E-003
           7           2  -31.6189995      -71.7409973       4.5381777313335606E-003
           7           3  -31.6189995      -71.7409973       3.7127331193682971E-003
           7           4  -31.6189995      -71.7409973       3.3788394278877329E-003
           7           5  -31.6189995      -71.7409973       3.9142798294802472E-003
           7           6  -31.6189995      -71.7409973       3.1102777230209060E-003
           7           7  -31.6189995      -71.7409973       3.8735959447480403E-003
           7           8  -31.6189995      -71.7409973       4.4902586628431046E-003
           7           9  -31.6189995      -71.7409973       4.3967820120339148E-003
           7          10  -31.6189995      -71.7409973       4.5780324711909102E-003
           7          11  -31.6189995      -71.7409973       2.4053674174451148E-003
           8           1  -31.6009998      -71.7409973       3.8964638483318208E-003
           8           2  -31.6009998      -71.7409973       3.6725706302633589E-003
           8           3  -31.6009998      -71.7409973       2.9034595164996136E-003
           8           4  -31.6009998      -71.7409973       3.0304268397129941E-003
           8           5  -31.6009998      -71.7409973       3.2761114031357660E-003
           8           6  -31.6009998      -71.7409973       2.3811038318316876E-003
           8           7  -31.6009998      -71.7409973       3.2942660585853312E-003
           8           8  -31.6009998      -71.7409973       3.6180718443762560E-003
           8           9  -31.6009998      -71.7409973       3.4126888635517970E-003
           8          10  -31.6009998      -71.7409973       3.9087370770761456E-003
           8          11  -31.6009998      -71.7409973       1.9033975148159880E-003
           9           1  -31.5830002      -71.7409973       3.0783535993032314E-003
           9           2  -31.5830002      -71.7409973       2.4953599010294329E-003
           9           3  -31.5830002      -71.7409973       1.8894032993167374E-003
           9           4  -31.5830002      -71.7409973       2.3879980495972800E-003
           9           5  -31.5830002      -71.7409973       2.5638922759070029E-003
           9           6  -31.5830002      -71.7409973       1.4292362407608613E-003
           9           7  -31.5830002      -71.7409973       2.5407582320524035E-003
           9           8  -31.5830002      -71.7409973       2.5472458912895631E-003
           9           9  -31.5830002      -71.7409973       2.0908722609966038E-003
           9          10  -31.5830002      -71.7409973       2.8748553723383840E-003
           9          11  -31.5830002      -71.7409973       1.2378344117033471E-003
          10           1  -31.5650005      -71.7409973       2.1491118279874685E-003
          10           2  -31.5650005      -71.7409973       1.5340794104847133E-003
          10           3  -31.5650005      -71.7409973       1.1860376401915450E-003
          10           4  -31.5650005      -71.7409973       1.7056646205559514E-003
          10           5  -31.5650005      -71.7409973       1.7272370698125418E-003
          10           6  -31.5650005      -71.7409973       8.6840194632161307E-004
          10           7  -31.5650005      -71.7409973       1.6601438315052624E-003
          10           8  -31.5650005      -71.7409973       1.4701757969698692E-003
          10           9  -31.5650005      -71.7409973       1.1182357287707909E-003
          10          10  -31.5650005      -71.7409973       1.8713910127718890E-003
          10          11  -31.5650005      -71.7409973       6.9759573891134202E-004
          11           1  -31.5470009      -71.7409973       1.1645130045252743E-003
          11           2  -31.5470009      -71.7409973       8.7947170087927567E-004
          11           3  -31.5470009      -71.7409973       8.5996503537816261E-004
          11           4  -31.5470009      -71.7409973       1.0128440815067722E-003
          11           5  -31.5470009      -71.7409973       1.0029958128829936E-003
          11           6  -31.5470009      -71.7409973       6.4332587611630812E-004
          11           7  -31.5470009      -71.7409973       9.2869673761729083E-004
          11           8  -31.5470009      -71.7409973       8.6443889272271100E-004
          11           9  -31.5470009      -71.7409973       7.1558466039363844E-004
          11          10  -31.5470009      -71.7409973       1.1504507060581257E-003
          11          11  -31.5470009      -71.7409973       4.8392729533142570E-004
