           1           1  -31.7269993      -71.7409973       1.3247229910511556E-002
           1           2  -31.7269993      -71.7409973       1.0700251143212635E-002
           1           3  -31.7269993      -71.7409973       1.1224620370325509E-002
           1           4  -31.7269993      -71.7409973       1.0830125386374203E-002
           1           5  -31.7269993      -71.7409973       1.0531987916694447E-002
           1           6  -31.7269993      -71.7409973       8.5029861548288777E-003
           1           7  -31.7269993      -71.7409973       1.3566143649026034E-002
           1           8  -31.7269993      -71.7409973       8.7246998703340121E-003
           1           9  -31.7269993      -71.7409973       1.4849644405690029E-002
           1          10  -31.7269993      -71.7409973       7.4836808986940388E-003
           1          11  -31.7269993      -71.7409973       6.6499074701302213E-003
           2           1  -31.7089996      -71.7409973       2.4143894464394619E-002
           2           2  -31.7089996      -71.7409973       1.8819476930706101E-002
           2           3  -31.7089996      -71.7409973       1.0628338498819882E-002
           2           4  -31.7089996      -71.7409973       1.7080994102834569E-002
           2           5  -31.7089996      -71.7409973       1.9970973389969317E-002
           2           6  -31.7089996      -71.7409973       1.0986869930664028E-002
           2           7  -31.7089996      -71.7409973       2.1632742223904381E-002
           2           8  -31.7089996      -71.7409973       1.4580833602674552E-002
           2           9  -31.7089996      -71.7409973       1.7224161944777196E-002
           2          10  -31.7089996      -71.7409973       2.2613052811956878E-002
           2          11  -31.7089996      -71.7409973       1.2246239798057248E-002
           3           1  -31.6910000      -71.7409973       3.8897292163048020E-002
           3           2  -31.6910000      -71.7409973       3.1620926856975685E-002
           3           3  -31.6910000      -71.7409973       2.8425564949365465E-002
           3           4  -31.6910000      -71.7409973       2.8072980712593523E-002
           3           5  -31.6910000      -71.7409973       3.7854801771777517E-002
           3           6  -31.6910000      -71.7409973       2.0294414080269267E-002
           3           7  -31.6910000      -71.7409973       3.4293092149506044E-002
           3           8  -31.6910000      -71.7409973       2.8350957228196777E-002
           3           9  -31.6910000      -71.7409973       2.6599021391729136E-002
           3          10  -31.6910000      -71.7409973       4.0544372707278613E-002
           3          11  -31.6910000      -71.7409973       2.1304902534758915E-002
           4           1  -31.6730003      -71.7409973       5.2354496631720294E-002
           4           2  -31.6730003      -71.7409973       4.6966883310689017E-002
           4           3  -31.6730003      -71.7409973       5.0765239630555799E-002
           4           4  -31.6730003      -71.7409973       4.0694583401010183E-002
           4           5  -31.6730003      -71.7409973       5.4428145803954761E-002
           4           6  -31.6730003      -71.7409973       3.1297811968310225E-002
           4           7  -31.6730003      -71.7409973       4.4495257942996642E-002
           4           8  -31.6730003      -71.7409973       4.4493699147271096E-002
           4           9  -31.6730003      -71.7409973       4.2493738348487214E-002
           4          10  -31.6730003      -71.7409973       5.7111603837653770E-002
           4          11  -31.6730003      -71.7409973       3.2467111513895995E-002
           5           1  -31.6550007      -71.7409973       6.8198040216237488E-002
           5           2  -31.6550007      -71.7409973       5.8556453864677588E-002
           5           3  -31.6550007      -71.7409973       6.5635696325833937E-002
           5           4  -31.6550007      -71.7409973       4.9278881574524730E-002
           5           5  -31.6550007      -71.7409973       6.6965920934693085E-002
           5           6  -31.6550007      -71.7409973       4.1438217923099811E-002
           5           7  -31.6550007      -71.7409973       5.1497180083796411E-002
           5           8  -31.6550007      -71.7409973       5.8672259778945010E-002
           5           9  -31.6550007      -71.7409973       5.6938472975022053E-002
           5          10  -31.6550007      -71.7409973       6.7220697166556348E-002
           5          11  -31.6550007      -71.7409973       4.0168118823783842E-002
           6           1  -31.6369991      -71.7409973       7.4643157812135444E-002
           6           2  -31.6369991      -71.7409973       6.2503713798489027E-002
           6           3  -31.6369991      -71.7409973       7.1512874306900148E-002
           6           4  -31.6369991      -71.7409973       5.2608904857846903E-002
           6           5  -31.6369991      -71.7409973       7.1472558304182213E-002
           6           6  -31.6369991      -71.7409973       4.5832697415599158E-002
           6           7  -31.6369991      -71.7409973       5.3739241812683892E-002
           6           8  -31.6369991      -71.7409973       6.4192866009311664E-002
           6           9  -31.6369991      -71.7409973       6.2570298904853786E-002
           6          10  -31.6369991      -71.7409973       7.0769912782817093E-002
           6          11  -31.6369991      -71.7409973       4.3251856723832041E-002
           7           1  -31.6189995      -71.7409973       6.8835425354389190E-002
           7           2  -31.6189995      -71.7409973       5.8386024677656155E-002
           7           3  -31.6189995      -71.7409973       6.5970546859605683E-002
           7           4  -31.6189995      -71.7409973       5.0021327024889164E-002
           7           5  -31.6189995      -71.7409973       6.6937482988919675E-002
           7           6  -31.6189995      -71.7409973       4.1559977247180455E-002
           7           7  -31.6189995      -71.7409973       5.1599385023972218E-002
           7           8  -31.6189995      -71.7409973       5.8774098670782912E-002
           7           9  -31.6189995      -71.7409973       5.6827197537704439E-002
           7          10  -31.6189995      -71.7409973       6.7634600446911816E-002
           7          11  -31.6189995      -71.7409973       3.9665912038051365E-002
           8           1  -31.6009998      -71.7409973       5.3040492105731744E-002
           8           2  -31.6009998      -71.7409973       4.7200455787988226E-002
           8           3  -31.6009998      -71.7409973       5.0716360510609682E-002
           8           4  -31.6009998      -71.7409973       4.1769684321263031E-002
           8           5  -31.6009998      -71.7409973       5.4152280720526920E-002
           8           6  -31.6009998      -71.7409973       3.1971340703244769E-002
           8           7  -31.6009998      -71.7409973       4.4953740775692384E-002
           8           8  -31.6009998      -71.7409973       4.4866911010602396E-002
           8           9  -31.6009998      -71.7409973       4.2181430681158226E-002
           8          10  -31.6009998      -71.7409973       5.7491796191158004E-002
           8          11  -31.6009998      -71.7409973       3.1352086927497580E-002
           9           1  -31.5830002      -71.7409973       4.0262235027856828E-002
           9           2  -31.5830002      -71.7409973       3.1963879953748782E-002
           9           3  -31.5830002      -71.7409973       2.9409380012423974E-002
           9           4  -31.5830002      -71.7409973       2.9195556742989105E-002
           9           5  -31.5830002      -71.7409973       3.8003438411306358E-002
           9           6  -31.5830002      -71.7409973       2.1132209003018231E-002
           9           7  -31.5830002      -71.7409973       3.5171061828340941E-002
           9           8  -31.5830002      -71.7409973       2.8405135443874518E-002
           9           9  -31.5830002      -71.7409973       2.7877054817932675E-002
           9          10  -31.5830002      -71.7409973       4.1634417114020453E-002
           9          11  -31.5830002      -71.7409973       2.1194945202368962E-002
          10           1  -31.5650005      -71.7409973       2.4857321437757086E-002
          10           2  -31.5650005      -71.7409973       1.9406458743284179E-002
          10           3  -31.5650005      -71.7409973       1.2067779243335613E-002
          10           4  -31.5650005      -71.7409973       1.8439910108288906E-002
          10           5  -31.5650005      -71.7409973       2.0803657684940035E-002
          10           6  -31.5650005      -71.7409973       1.1979508339727302E-002
          10           7  -31.5650005      -71.7409973       2.1968295166522132E-002
          10           8  -31.5650005      -71.7409973       1.5692627007556841E-002
          10           9  -31.5650005      -71.7409973       1.8154884716355763E-002
          10          10  -31.5650005      -71.7409973       2.3493768237419440E-002
          10          11  -31.5650005      -71.7409973       1.3376387913773732E-002
          11           1  -31.5470009      -71.7409973       1.5356457153792934E-002
          11           2  -31.5470009      -71.7409973       9.3195295827970693E-003
          11           3  -31.5470009      -71.7409973       1.3229811857448127E-002
          11           4  -31.5470009      -71.7409973       1.2287702058096045E-002
          11           5  -31.5470009      -71.7409973       1.1656654427712470E-002
          11           6  -31.5470009      -71.7409973       9.5290496200432645E-003
          11           7  -31.5470009      -71.7409973       1.3885995505973922E-002
          11           8  -31.5470009      -71.7409973       1.0571853930060601E-002
          11           9  -31.5470009      -71.7409973       1.5011398438411025E-002
          11          10  -31.5470009      -71.7409973       7.0620671883216439E-003
          11          11  -31.5470009      -71.7409973       7.7423831553886172E-003
