           1           1  -31.7269993      -71.7409973       3.4986574170513293E-003
           1           2  -31.7269993      -71.7409973       2.2335389945496486E-003
           1           3  -31.7269993      -71.7409973       1.8675513053858939E-003
           1           4  -31.7269993      -71.7409973       1.9751872696530796E-003
           1           5  -31.7269993      -71.7409973       2.3334646620708742E-003
           1           6  -31.7269993      -71.7409973       1.5965983072547731E-003
           1           7  -31.7269993      -71.7409973       1.6692767485464797E-003
           1           8  -31.7269993      -71.7409973       2.8334899947660415E-003
           1           9  -31.7269993      -71.7409973       1.9173461865168849E-003
           1          10  -31.7269993      -71.7409973       2.7908766005289368E-003
           1          11  -31.7269993      -71.7409973       9.3994880828722829E-004
           2           1  -31.7089996      -71.7409973       4.8595641030295617E-003
           2           2  -31.7089996      -71.7409973       4.7160840975358593E-003
           2           3  -31.7089996      -71.7409973       2.8546420967395522E-003
           2           4  -31.7089996      -71.7409973       4.2014754272559872E-003
           2           5  -31.7089996      -71.7409973       4.6387977034236805E-003
           2           6  -31.7089996      -71.7409973       2.1860608942956715E-003
           2           7  -31.7089996      -71.7409973       3.8384748454035290E-003
           2           8  -31.7089996      -71.7409973       3.3641321221006301E-003
           2           9  -31.7089996      -71.7409973       3.1893967575593964E-003
           2          10  -31.7089996      -71.7409973       4.9757009561798848E-003
           2          11  -31.7089996      -71.7409973       1.6927502796113009E-003
           3           1  -31.6910000      -71.7409973       7.8072597933482183E-003
           3           2  -31.6910000      -71.7409973       7.6982319763587471E-003
           3           3  -31.6910000      -71.7409973       5.5737902370573550E-003
           3           4  -31.6910000      -71.7409973       7.0019931454392012E-003
           3           5  -31.6910000      -71.7409973       8.0312049258785510E-003
           3           6  -31.6910000      -71.7409973       4.8695455385766931E-003
           3           7  -31.6910000      -71.7409973       6.7544570388427200E-003
           3           8  -31.6910000      -71.7409973       6.3321960130125476E-003
           3           9  -31.6910000      -71.7409973       5.1455350057502238E-003
           3          10  -31.6910000      -71.7409973       7.1784628575975633E-003
           3          11  -31.6910000      -71.7409973       3.1272874153871894E-003
           4           1  -31.6730003      -71.7409973       1.0328885490066766E-002
           4           2  -31.6730003      -71.7409973       1.0116841629045390E-002
           4           3  -31.6730003      -71.7409973       8.6575515751089061E-003
           4           4  -31.6730003      -71.7409973       9.8154576205790860E-003
           4           5  -31.6730003      -71.7409973       1.0947039749618458E-002
           4           6  -31.6730003      -71.7409973       8.0880195249922546E-003
           4           7  -31.6730003      -71.7409973       9.3209051909293340E-003
           4           8  -31.6730003      -71.7409973       9.5217983311405401E-003
           4           9  -31.6730003      -71.7409973       7.0403856290310266E-003
           4          10  -31.6730003      -71.7409973       9.9305779503966931E-003
           4          11  -31.6730003      -71.7409973       4.8008972682661785E-003
           5           1  -31.6550007      -71.7409973       1.2420177731276478E-002
           5           2  -31.6550007      -71.7409973       1.1566397571344540E-002
           5           3  -31.6550007      -71.7409973       1.0549292728700742E-002
           5           4  -31.6550007      -71.7409973       1.1518539271775367E-002
           5           5  -31.6550007      -71.7409973       1.2995132593035079E-002
           5           6  -31.6550007      -71.7409973       1.0410134489745893E-002
           5           7  -31.6550007      -71.7409973       1.1114029776970080E-002
           5           8  -31.6550007      -71.7409973       1.2420343526643283E-002
           5           9  -31.6550007      -71.7409973       8.7845166371574180E-003
           5          10  -31.6550007      -71.7409973       1.1629282643795957E-002
           5          11  -31.6550007      -71.7409973       5.9581750930726473E-003
           6           1  -31.6369991      -71.7409973       1.3305001877044054E-002
           6           2  -31.6369991      -71.7409973       1.2025404234413065E-002
           6           3  -31.6369991      -71.7409973       1.1281485392769495E-002
           6           4  -31.6369991      -71.7409973       1.2157864808847434E-002
           6           5  -31.6369991      -71.7409973       1.3762808865195328E-002
           6           6  -31.6369991      -71.7409973       1.1381694423304525E-002
           6           7  -31.6369991      -71.7409973       1.1722281741939834E-002
           6           8  -31.6369991      -71.7409973       1.3501399496492445E-002
           6           9  -31.6369991      -71.7409973       9.6153239658532917E-003
           6          10  -31.6369991      -71.7409973       1.2220823272672127E-002
           6          11  -31.6369991      -71.7409973       6.4052487572298401E-003
           7           1  -31.6189995      -71.7409973       1.2609716961608293E-002
           7           2  -31.6189995      -71.7409973       1.1572585436902007E-002
           7           3  -31.6189995      -71.7409973       1.0617133726105345E-002
           7           4  -31.6189995      -71.7409973       1.1655149058816313E-002
           7           5  -31.6189995      -71.7409973       1.3031596608605867E-002
           7           6  -31.6189995      -71.7409973       1.0505672972984966E-002
           7           7  -31.6189995      -71.7409973       1.1131989071098795E-002
           7           8  -31.6189995      -71.7409973       1.2476824511146942E-002
           7           9  -31.6189995      -71.7409973       8.8615728314826621E-003
           7          10  -31.6189995      -71.7409973       1.1688614547254401E-002
           7          11  -31.6189995      -71.7409973       5.9041774529688274E-003
           8           1  -31.6009998      -71.7409973       1.0514263925438919E-002
           8           2  -31.6009998      -71.7409973       1.0169397822248256E-002
           8           3  -31.6009998      -71.7409973       8.7264443878840720E-003
           8           4  -31.6009998      -71.7409973       1.0054997202557954E-002
           8           5  -31.6009998      -71.7409973       1.0906151009337541E-002
           8           6  -31.6009998      -71.7409973       8.1938340931118729E-003
           8           7  -31.6009998      -71.7409973       9.3843680708704923E-003
           8           8  -31.6009998      -71.7409973       9.6483859596228818E-003
           8           9  -31.6009998      -71.7409973       7.1163128797812700E-003
           8          10  -31.6009998      -71.7409973       1.0042696285161941E-002
           8          11  -31.6009998      -71.7409973       4.6525192398900522E-003
           9           1  -31.5830002      -71.7409973       8.0444191955357097E-003
           9           2  -31.5830002      -71.7409973       7.7643354044594753E-003
           9           3  -31.5830002      -71.7409973       5.8171100074471127E-003
           9           4  -31.5830002      -71.7409973       7.2347505609781891E-003
           9           5  -31.5830002      -71.7409973       8.0323220133416331E-003
           9           6  -31.5830002      -71.7409973       5.0175759684830228E-003
           9           7  -31.5830002      -71.7409973       6.8986863024133984E-003
           9           8  -31.5830002      -71.7409973       6.3256072648059424E-003
           9           9  -31.5830002      -71.7409973       5.3541845532089618E-003
           9          10  -31.5830002      -71.7409973       7.3692411398002247E-003
           9          11  -31.5830002      -71.7409973       3.1114729365463020E-003
          10           1  -31.5650005      -71.7409973       4.9373471741467594E-003
          10           2  -31.5650005      -71.7409973       4.8693874189597863E-003
          10           3  -31.5650005      -71.7409973       2.9430367481697835E-003
          10           4  -31.5650005      -71.7409973       4.4445379793507439E-003
          10           5  -31.5650005      -71.7409973       4.6194540616542991E-003
          10           6  -31.5650005      -71.7409973       2.4543614976353730E-003
          10           7  -31.5650005      -71.7409973       3.9473529781144231E-003
          10           8  -31.5650005      -71.7409973       3.4548786369987899E-003
          10           9  -31.5650005      -71.7409973       3.4111661605971417E-003
          10          10  -31.5650005      -71.7409973       4.8190431311175182E-003
          10          11  -31.5650005      -71.7409973       1.8359941516068897E-003
          11           1  -31.5470009      -71.7409973       3.3378920244256124E-003
          11           2  -31.5470009      -71.7409973       2.1075451812932397E-003
          11           3  -31.5470009      -71.7409973       1.9574276138076322E-003
          11           4  -31.5470009      -71.7409973       2.0336780267047948E-003
          11           5  -31.5470009      -71.7409973       2.0220456413069994E-003
          11           6  -31.5470009      -71.7409973       1.7441276231595806E-003
          11           7  -31.5470009      -71.7409973       2.0569936552439251E-003
          11           8  -31.5470009      -71.7409973       2.3846162217803384E-003
          11           9  -31.5470009      -71.7409973       1.8475693569555325E-003
          11          10  -31.5470009      -71.7409973       2.6290864002496417E-003
          11          11  -31.5470009      -71.7409973       1.0855467236073947E-003
