          29           2  -31.7159996      -71.0690002      0.573047101    
          29          27  -31.6970005      -71.5960007      0.778222680    
          32          41  -31.6310005      -71.8880005      0.853655577    
          35          58  -31.5620003      -72.2429962      0.892907560    
          38           2  -31.5540009      -71.0619965      0.839596093    
          40          34  -31.4930000      -71.7330017      0.849853873    
          46          48  -31.3729992      -72.0210037      0.781627953    
          46          60  -31.3619995      -72.2730026      0.649445593    
          60          11  -31.1509991      -71.2310028      0.828130305    
          66          56  -31.0049992      -72.1679993      0.780163229    
          71          60  -30.9109993      -72.2460022      0.837737203    
          74          59  -30.8579998      -72.2220001      0.552452624    
          76           8  -30.8649998      -71.1549988       1.00000000    
          79          48  -30.7779999      -71.9869995      0.808590055    
          87          70  -30.6130009      -72.4369965      0.617402017    
          89          17  -30.6240005      -71.3310013      0.733477592    
         100          15  -30.4270000      -71.2789993      0.759146035    
         102          47  -30.3640003      -71.9420013      0.657495975    
         102          65  -30.3479996      -72.3160019      0.745638430    
         115           2  -30.1660004      -70.9960022      0.721912146    
