           3          68  -32.1279984      -72.4899979      0.836532891    
          25          46  -31.7530003      -72.0009995      0.810315251    
          29          12  -31.7089996      -71.2799988      0.860768378    
          32          63  -31.6110001      -72.3519974      0.844735682    
          40          30  -31.4960003      -71.6490021      0.971273243    
          46          45  -31.3750000      -71.9580002      0.814718723    
          49          51  -31.3160000      -72.0810013      0.888266146    
          52          47  -31.2649994      -71.9940033      0.826448917    
          55          19  -31.2350006      -71.4039993      0.929500937    
          55          51  -31.2080002      -72.0749969      0.791889012    
          81          13  -30.7709999      -71.2549973      0.958236516    
          82          58  -30.7150002      -72.1920013      0.981658340    
          83          29  -30.7220001      -71.5869980      0.921805441    
          95          66  -30.4729996      -72.3450012      0.999497294    
          96          45  -30.4740009      -71.9069977      0.959038913    
         109          52  -30.2339993      -72.0390015      0.818967104    
         112          17  -30.2089996      -71.3099976       1.00000000    
         117          44  -30.0970001      -71.8649979      0.971821368    
         118          18  -30.1000004      -71.3249969      0.949730754    
         120          32  -30.0529995      -71.6139984      0.969761908    
