          19          15  -31.8869991      -71.3529968      0.610876143    
          19          69  -31.8390007      -72.4929962      0.475214094    
          32          35  -31.6359997      -71.7620010      0.584292412    
          49          43  -31.3230000      -71.9130020      0.569829881    
          67          45  -30.9969997      -71.9369965      0.600054383    
          67          64  -30.9790001      -72.3339996      0.529108882    
          74          33  -30.8810005      -71.6790009      0.632955432    
          74          49  -30.8670006      -72.0130005      0.527916789    
          80           8  -30.7929993      -71.1510010      0.593194425    
          80          30  -30.7749996      -71.6100006      0.883993685    
          80          33  -30.7730007      -71.6729965      0.925275624    
          82          58  -30.7150002      -72.1920013      0.527183175    
          87          22  -30.6560001      -71.4369965      0.594328284    
          88          70  -30.5949993      -72.4359970      0.560283720    
         109           3  -30.2740002      -71.0220032      0.423636436    
         109          31  -30.2520008      -71.6029968      0.488335609    
         112           7  -30.2169991      -71.1029968      0.507035196    
         118          20  -30.0990009      -71.3669968      0.656915665    
         118          44  -30.0790005      -71.8639984      0.470580369    
         121          23  -30.0419998      -71.4260025      0.626886129    
