           2          16  -32.1920013      -71.3899994      0.781367183    
           4          67  -32.1110001      -72.4670029      0.773661196    
           7          52  -32.0709991      -72.1470032      0.617544115    
          10          67  -32.0029984      -72.4609985      0.797959387    
          15          44  -31.9349995      -71.9690018      0.997630656    
          17          62  -31.8820000      -72.3470001      0.825702727    
          26          63  -31.7189999      -72.3580017      0.916143060    
          31           6  -31.6770000      -71.1520004      0.709082961    
          49          41  -31.3250008      -71.8710022      0.870712459    
          51          35  -31.2940006      -71.7429962      0.808057845    
          54          19  -31.2530003      -71.4049988       1.00000000    
          69          38  -30.9669991      -71.7880020      0.869839787    
          71          55  -30.9160004      -72.1409988      0.943112016    
          82          70  -30.7040005      -72.4430008      0.916121781    
          84          70  -30.6679993      -72.4400024      0.614325285    
          89          61  -30.5860004      -72.2470016      0.828045905    
         101          24  -30.4020004      -71.4660034      0.907862723    
         102           3  -30.3999996      -71.0279999      0.995240033    
         102          18  -30.3889999      -71.3399963      0.788355350    
         118          31  -30.0900002      -71.5950012      0.934693277    
