           2          16  -32.1920013      -71.3899994      0.934699893    
           7          52  -32.0709991      -72.1470032      0.780126810    
          15          44  -31.9349995      -71.9690018      0.847614467    
          17          62  -31.8820000      -72.3470001      0.648616254    
          44          55  -31.4020004      -72.1699982      0.800712943    
          50          47  -31.3010006      -71.9960022      0.693076491    
          57           6  -31.2089996      -71.1289978      0.880551040    
          58          31  -31.1709995      -71.6520004      0.920489788    
          64          42  -31.0540009      -71.8769989      0.953775167    
          71          55  -30.9160004      -72.1409988      0.905303299    
          81          49  -30.7409992      -72.0059967      0.871039331    
          82          70  -30.7040005      -72.4430008      0.923427284    
          89           4  -30.6340008      -71.0599976      0.753220797    
          89          58  -30.5890007      -72.1849976      0.500524163    
          89          61  -30.5860004      -72.2470016      0.664694071    
          91          39  -30.5699997      -71.7870026      0.642561793    
         101          24  -30.4020004      -71.4660034      0.825506449    
         102           3  -30.3999996      -71.0279999      0.993656039    
         102          13  -30.3920002      -71.2360001      0.616844475    
         102          18  -30.3889999      -71.3399963      0.536542773    
