           3          46  -32.1489983      -72.0240021      0.736808777    
           3          55  -32.1409988      -72.2149963      0.716930270    
           6          13  -32.1230011      -71.3219986      0.559504807    
           8          27  -32.0750008      -71.6169968      0.926401138    
          12          69  -31.9650002      -72.5009995      0.773641527    
          36          51  -31.5499992      -72.0950012      0.693388999    
          37          16  -31.5620003      -71.3570023      0.683072567    
          40          29  -31.4969997      -71.6279984      0.652379513    
          41          24  -31.4829998      -71.5220032      0.690929353    
          42          40  -31.4519997      -71.8570023      0.683042169    
          56          53  -31.1879997      -72.1149979      0.588742554    
          58          15  -31.1840000      -71.3170013      0.841378391    
          60          50  -31.1189995      -72.0479965      0.593742132    
          75          70  -30.8299999      -72.4499969      0.726381898    
          89          25  -30.6170006      -71.4980011      0.920285165    
          94          63  -30.4939995      -72.2839966      0.825311184    
         100          29  -30.4160004      -71.5699997      0.895531595    
         110          51  -30.2169991      -72.0169983       1.00000000    
         111          21  -30.2240009      -71.3939972      0.889281929    
         119           4  -30.0930004      -71.0339966      0.860850692    
