           3           4  -32.1839981      -71.1340027      0.689811289    
           7          33  -32.0880013      -71.7450027      0.692786455    
          10          15  -32.0489998      -71.3610001      0.671267807    
          13          43  -31.9720001      -71.9499969      0.802036583    
          13          47  -31.9680004      -72.0350037      0.991795123    
          15          31  -31.9459991      -71.6949997      0.767007589    
          15          49  -31.9300003      -72.0749969      0.962352931    
          27          42  -31.7199993      -71.9150009      0.696669757    
          32          46  -31.6270008      -71.9940033      0.690864384    
          39          20  -31.5219994      -71.4400024      0.671693087    
          46          14  -31.4009991      -71.3069992      0.589058876    
          61          38  -31.1110001      -71.7959976      0.664538920    
          67          41  -31.0000000      -71.8529968      0.673309326    
          73          68  -30.8680000      -72.4110031      0.662829161    
          76          24  -30.8519993      -71.4889984      0.700699747    
          81          66  -30.7250004      -72.3600006      0.334182680    
          81          68  -30.7229996      -72.4020004      0.516911268    
          94          70  -30.4869995      -72.4290009      0.698338509    
          96          51  -30.4689999      -72.0319977      0.734485805    
         115          34  -30.1410007      -71.6600037      0.763829529    
