           1          49  -32.1819992      -72.0899963      0.780729353    
          16          45  -31.9160004      -71.9889984      0.896550059    
          18          30  -31.8929996      -71.6699982      0.849493146    
          23           6  -31.8220005      -71.1589966      0.676199675    
          26          31  -31.7479992      -71.6839981      0.916423440    
          27          43  -31.7189999      -71.9359970      0.859715819    
          30          64  -31.6459999      -72.3750000      0.886398077    
          39          50  -31.4969997      -72.0709991       1.00000000    
          49          58  -31.3090000      -72.2279968      0.820088565    
          64          12  -31.0779991      -71.2490005      0.576441228    
          64          54  -31.0429993      -72.1279984      0.846713722    
          66           7  -31.0459995      -71.1419983      0.825851858    
          74          26  -30.8869991      -71.5329971      0.856203198    
          79          20  -30.8020000      -71.4029999      0.896077871    
          86          66  -30.6350002      -72.3550034      0.839319646    
         102          21  -30.3859997      -71.4020004      0.710954666    
         105           3  -30.3460007      -71.0250015      0.917087674    
         107          21  -30.2959995      -71.3980026      0.847324252    
         117          22  -30.1149998      -71.4089966      0.827374697    
         121          65  -30.0060005      -72.2959976      0.763917685    
