          13          46  -31.9689999      -72.0139999      0.788964689    
          26           3  -31.7700005      -71.0930023      0.788185298    
          29          12  -31.7089996      -71.2799988      0.801501870    
          40          30  -31.4960003      -71.6490021      0.766123414    
          45          58  -31.3810005      -72.2320023      0.818636537    
          46          37  -31.3820000      -71.7900009      0.731675267    
          52          47  -31.2649994      -71.9940033      0.758522630    
          55          19  -31.2350006      -71.4039993      0.829350352    
          55          51  -31.2080002      -72.0749969      0.870226264    
          67          10  -31.0259991      -71.2040024      0.803664088    
          67          42  -30.9990005      -71.8740005      0.709713161    
          76          27  -30.8500004      -71.5510025      0.878266513    
          81          13  -30.7709999      -71.2549973      0.856595457    
          83          29  -30.7220001      -71.5869980      0.922286868    
          95          66  -30.4729996      -72.3450012      0.861059427    
          96          45  -30.4740009      -71.9069977      0.943704784    
         100          48  -30.3999996      -71.9649963       1.00000000    
         101           3  -30.4179993      -71.0289993      0.904412329    
         105          66  -30.2929993      -72.3339996      0.783792019    
         112          17  -30.2089996      -71.3099976      0.926075399    
