          13          64  -31.9519997      -72.3939972      0.761674583    
          17          53  -31.8899994      -72.1569977      0.847778141    
          24           1  -31.8069992      -71.0530014       1.00000000    
          25          57  -31.7430000      -72.2330017      0.895327210    
          31           2  -31.6800003      -71.0680008      0.772301197    
          33          57  -31.5990009      -72.2239990      0.803023696    
          34          37  -31.5979996      -71.8020020      0.778212845    
          41          47  -31.4640007      -72.0049973      0.732256770    
          56          45  -31.1949997      -71.9479980      0.725207806    
          62          14  -31.1130009      -71.2929993      0.817725480    
          62          22  -31.1060009      -71.4599991      0.911506236    
          66           9  -31.0440006      -71.1839981      0.780829072    
          67          39  -31.0020008      -71.8109970      0.778093517    
          78          21  -30.8190002      -71.4240036      0.662544549    
          93          11  -30.5559998      -71.2020035      0.664179623    
          94          53  -30.5030003      -72.0759964      0.731019318    
          98          59  -30.4260006      -72.1959991      0.690330327    
         106          18  -30.3169994      -71.3359985      0.740010083    
         116          43  -30.1159992      -71.8450012      0.768579364    
         117          62  -30.0809994      -72.2379990      0.760974824    
