          18          28  -31.8939991      -71.6279984      0.843108952    
          19          57  -31.8509998      -72.2389984      0.848411500    
          29          60  -31.6679993      -72.2919998      0.752854228    
          36          63  -31.5389996      -72.3470001      0.768700540    
          39          53  -31.4939995      -72.1340027      0.875454366    
          42          24  -31.4650002      -71.5210037      0.975026190    
          54          23  -31.2500000      -71.4889984      0.746843278    
          56          26  -31.2110004      -71.5500031      0.636145532    
          63          33  -31.0790005      -71.6890030      0.806340396    
          65          13  -31.0590000      -71.2689972      0.909617364    
          77          31  -30.8290005      -71.6340027      0.821342349    
          88          39  -30.6240005      -71.7900009      0.643434048    
          88          45  -30.6180000      -71.9150009      0.882108986    
          93          40  -30.5330009      -71.8059998      0.757368088    
          94          30  -30.5230007      -71.5970001      0.721598864    
         103          30  -30.3610001      -71.5879974      0.890584290    
         105          65  -30.2940006      -72.3130035       1.00000000    
         108           4  -30.2910004      -71.0439987      0.996931612    
         114          10  -30.1779995      -71.1630020      0.911645532    
         118           4  -30.1110001      -71.0350037      0.907328606    
