           7          22  -32.0970001      -71.5120010      0.778111935    
          17          57  -31.8869991      -72.2419968      0.822422981    
          18          10  -31.9090004      -71.2480011      0.740499616    
          22          35  -31.8160000      -71.7720032      0.718975246    
          44          43  -31.4130001      -71.9179993      0.869179368    
          45          22  -31.4130001      -71.4759979      0.883242011    
          47          38  -31.3630009      -71.8099976      0.956435680    
          65           8  -31.0629997      -71.1640015       1.00000000    
          65          35  -31.0419998      -71.7289963      0.537005484    
          67          42  -30.9990005      -71.8740005      0.885912299    
          75          28  -30.8670006      -71.5729980      0.837437928    
          75          56  -30.8430004      -72.1579971      0.764320731    
          80          21  -30.7830009      -71.4219971      0.960126579    
          85          14  -30.6980000      -71.2720032      0.855481267    
          87          33  -30.6469994      -71.6660004      0.589535356    
          90          61  -30.5680008      -72.2460022      0.677725017    
          92          21  -30.5660000      -71.4110031      0.833346784    
         100          32  -30.4130001      -71.6330032      0.604329586    
         100          66  -30.3829994      -72.3389969      0.692945302    
         110          13  -30.2479992      -71.2289963      0.754154325    
