          13          25  -31.9869995      -71.5699997      0.699796259    
          18          50  -31.8750000      -72.0930023      0.998952866    
          24          36  -31.7789993      -71.7910004      0.624852240    
          25          52  -31.7469997      -72.1269989      0.833552539    
          30           8  -31.6940002      -71.1949997      0.765427828    
          35          66  -31.5540009      -72.4110031      0.789631784    
          45          39  -31.3980007      -71.8330002      0.790501595    
          50           6  -31.3349991      -71.1350021      0.937658787    
          51          63  -31.2689991      -72.3310013      0.843614459    
          52          36  -31.2749996      -71.7630005      0.819432318    
          56          33  -31.2049999      -71.6959991      0.957911849    
          59           4  -31.1739998      -71.0859985      0.936255217    
          77          48  -30.8139992      -71.9889984      0.946833253    
          78          62  -30.7830009      -72.2799988      0.843543291    
          86          23  -30.6730003      -71.4589996      0.944441795    
          89          50  -30.5960007      -72.0179977      0.805987895    
         115          48  -30.1289997      -71.9499969      0.697359800    
         118          51  -30.0730000      -72.0090027      0.749173403    
         119          37  -30.0669994      -71.7180023      0.360325217    
         120          37  -30.0489998      -71.7170029      0.318024397    
