           7          14  -32.1040001      -71.3430023      0.989362776    
          27          31  -31.7299995      -71.6829987      0.902349234    
          30          26  -31.6800003      -71.5739975      0.832134008    
          38          26  -31.5359993      -71.5670013      0.889249682    
          39           3  -31.5359993      -71.0820007      0.712037086    
          47           3  -31.3910007      -71.0749969      0.764364600    
          50          28  -31.3180008      -71.5970001      0.828861237    
          52           1  -31.3029995      -71.0289993      0.919558883    
          52          22  -31.2870007      -71.4690018      0.981096029    
          53          19  -31.2709999      -71.4059982      0.879938126    
          68          23  -30.9969997      -71.4749985      0.781966031    
          89          25  -30.6170006      -71.4980011       1.00000000    
          89          53  -30.5930004      -72.0810013      0.820463061    
          91          20  -30.5849991      -71.3919983      0.858919680    
          97          52  -30.4500008      -72.0520020      0.935284138    
          99          31  -30.4319992      -71.6129990      0.934781969    
         102          32  -30.3770008      -71.6309967      0.964830637    
         105          64  -30.2950001      -72.2919998      0.817782640    
         106          56  -30.2840004      -72.1250000      0.672416210    
         107          25  -30.2929993      -71.4810028      0.711944222    
