           5          12  -32.1409988      -71.3020020      0.821373701    
          14          47  -31.9500008      -72.0339966      0.716478646    
          22          13  -31.8339996      -71.3079987      0.997115612    
          28          10  -31.7280006      -71.2389984       1.00000000    
          30          34  -31.6730003      -71.7429962      0.716733754    
          48          48  -31.3369999      -72.0189972      0.722542703    
          64          11  -31.0790005      -71.2279968      0.838210583    
          71          24  -30.9430008      -71.4940033      0.863716185    
          79          13  -30.8069992      -71.2559967      0.757464528    
          85          62  -30.6569996      -72.2720032      0.731076121    
          86          10  -30.6830006      -71.1880035      0.582549870    
          86          25  -30.6709995      -71.5000000      0.783043921    
          91          37  -30.5709991      -71.7450027      0.814838231    
          91          64  -30.5470009      -72.3079987      0.829886854    
          97          30  -30.4689999      -71.5940018      0.669681668    
         101          12  -30.4109993      -71.2160034      0.631186187    
         102          62  -30.3509998      -72.2539978      0.779547215    
         106          42  -30.2970009      -71.8349991      0.824288130    
         116          15  -30.1389999      -71.2649994      0.722070873    
         120           4  -30.0750008      -71.0339966      0.723059773    
