           5          12  -32.1409988      -71.3020020      0.617463231    
          14          47  -31.9500008      -72.0339966      0.689493835    
          22          48  -31.8050003      -72.0459976      0.720239103    
          30          34  -31.6730003      -71.7429962      0.739664018    
          36          12  -31.5830002      -71.2740021      0.634875953    
          44          29  -31.4249992      -71.6240005      0.890308082    
          48          48  -31.3369999      -72.0189972      0.701684773    
          64          11  -31.0790005      -71.2279968      0.859110296    
          66          71  -30.9909992      -72.4810028      0.804472744    
          75          48  -30.8500004      -71.9909973      0.719082534    
          77          49  -30.8129997      -72.0100021      0.873922169    
          85          62  -30.6569996      -72.2720032      0.776114047    
          86          25  -30.6709995      -71.5000000      0.929031730    
          91          37  -30.5709991      -71.7450027      0.917892456    
          91          64  -30.5470009      -72.3079987      0.937118351    
          97          30  -30.4689999      -71.5940018      0.876305461    
         102          67  -30.3460007      -72.3580017      0.730307639    
         110          42  -30.2250004      -71.8310013       1.00000000    
         113          38  -30.1739998      -71.7450027      0.995101154    
         116          14  -30.1389999      -71.2440033      0.798803806    
