          16           3  -31.9500008      -71.1019974      0.882371306    
          16          58  -31.9039993      -72.2639999      0.663574517    
          20          34  -31.8530006      -71.7529984      0.954079807    
          29          11  -31.7099991      -71.2590027      0.906199157    
          45          47  -31.3910007      -72.0009995      0.917876542    
          45          70  -31.3700008      -72.4840012      0.671242893    
          59          66  -31.1219997      -72.3850021      0.845553815    
          65          14  -31.0590000      -71.2900009       1.00000000    
          78          41  -30.8020000      -71.8420029      0.857067466    
          81          17  -30.7679996      -71.3379974      0.999837756    
          85          29  -30.6860008      -71.5849991      0.921899915    
          89          19  -30.6219997      -71.3720016      0.908798635    
          91          34  -30.5739994      -71.6829987      0.909394324    
         102          68  -30.3449993      -72.3789978      0.931541860    
         107          25  -30.2929993      -71.4810028      0.896142364    
         113          30  -30.1809998      -71.5790024      0.987325132    
         116           3  -30.1480007      -71.0159988      0.818862915    
         116          53  -30.1070004      -72.0530014      0.905130565    
         119          28  -30.0739994      -71.5319977      0.851853073    
         120          59  -30.0289993      -72.1729965      0.867616832    
