          13          46  -31.9689999      -72.0139999      0.755743086    
          17          34  -31.9069996      -71.7559967      0.811511159    
          26           3  -31.7700005      -71.0930023      0.875198066    
          30          10  -31.6919994      -71.2369995      0.907087564    
          45          58  -31.3810005      -72.2320023      0.999947786    
          46          37  -31.3820000      -71.7900009      0.863040924    
          46          44  -31.3759995      -71.9369965      0.888226926    
          51          21  -31.3050003      -71.4489975      0.878849268    
          65           4  -31.0660000      -71.0800018      0.717411816    
          67          10  -31.0259991      -71.2040024      0.763711572    
          67          42  -30.9990005      -71.8740005      0.734300137    
          76          27  -30.8500004      -71.5510025      0.940799356    
          77          15  -30.8419991      -71.3000031      0.871505260    
          93          18  -30.5510006      -71.3479996      0.910132825    
          98          31  -30.4500008      -71.6139984      0.893676460    
         100          48  -30.3999996      -71.9649963       1.00000000    
         101           3  -30.4179993      -71.0289993      0.886983752    
         105          66  -30.2929993      -72.3339996      0.838996112    
         117           6  -30.1270008      -71.0780029      0.896817386    
         120          42  -30.0440006      -71.8209991      0.920266688    
