          13          48  -31.9669991      -72.0559998      0.930860043    
          19          15  -31.8869991      -71.3529968       1.00000000    
          26          53  -31.7280006      -72.1470032      0.784801424    
          32          35  -31.6359997      -71.7620010      0.843085825    
          41          51  -31.4599991      -72.0889969      0.899691701    
          49          54  -31.3129997      -72.1439972      0.761765122    
          56          69  -31.1730003      -72.4509964      0.730339050    
          67          64  -30.9790001      -72.3339996      0.844456613    
          73          28  -30.9029999      -71.5749969      0.635696590    
          74          33  -30.8810005      -71.6790009      0.789491832    
          74          49  -30.8670006      -72.0130005      0.771706045    
          80          30  -30.7749996      -71.6100006      0.775036633    
          82          31  -30.7390003      -71.6289978      0.786615789    
          87          22  -30.6560001      -71.4369965      0.886256456    
          92          35  -30.5550003      -71.7030029      0.877273381    
         104          17  -30.3530006      -71.3170013      0.859360278    
         109          31  -30.2520008      -71.6029968      0.780899107    
         117          69  -30.0739994      -72.3830032      0.857436121    
         118          44  -30.0790005      -71.8639984      0.792196691    
         121          23  -30.0419998      -71.4260025      0.845781386    
