           2          17  -32.1920013      -71.4110031      0.779769242    
           3          37  -32.1570015      -71.8330002      0.758178532    
          10          36  -32.0320015      -71.8050003      0.706596315    
          17           2  -31.9330006      -71.0800018      0.733783424    
          27          13  -31.7439995      -71.3030014      0.707304060    
          40          46  -31.4820004      -71.9850006      0.827285588    
          42          18  -31.4699993      -71.3949966      0.491672397    
          43          44  -31.4300003      -71.9400024      0.885207593    
          45          66  -31.3740005      -72.4000015      0.661848605    
          47          51  -31.3519993      -72.0830002      0.661640167    
          54          53  -31.2240009      -72.1179962      0.620342135    
          59          61  -31.1259995      -72.2799988      0.620508790    
          69          56  -30.9510002      -72.1640015      0.712262094    
          79          35  -30.7889996      -71.7160034      0.665634751    
          79          64  -30.7630005      -72.3209991      0.938922644    
          80          62  -30.7469997      -72.2779999      0.993476391    
          91          48  -30.5620003      -71.9749985      0.622460425    
         109           5  -30.2719994      -71.0640030      0.735833764    
         117          25  -30.1130009      -71.4710007      0.631479740    
         121          19  -30.0450001      -71.3430023      0.620290041    
