           3          37  -32.1570015      -71.8330002      0.722198427    
          13          48  -31.9669991      -72.0559998      0.722096562    
          17           2  -31.9330006      -71.0800018      0.775276363    
          26          53  -31.7280006      -72.1470032      0.778103590    
          27          13  -31.7439995      -71.3030014      0.757584095    
          40          46  -31.4820004      -71.9850006      0.692053676    
          41          51  -31.4599991      -72.0889969      0.654279292    
          47          51  -31.3519993      -72.0830002      0.721984923    
          49          54  -31.3129997      -72.1439972      0.696659863    
          54          53  -31.2240009      -72.1179962      0.618918598    
          56          69  -31.1730003      -72.4509964      0.610565841    
          73          28  -30.9029999      -71.5749969      0.529285610    
          79          35  -30.7889996      -71.7160034      0.610568047    
          79          64  -30.7630005      -72.3209991      0.975912869    
          80          62  -30.7469997      -72.2779999      0.973294795    
          82          31  -30.7390003      -71.6289978      0.703532398    
          92          35  -30.5550003      -71.7030029      0.618143976    
         104          17  -30.3530006      -71.3170013      0.622637749    
         109           5  -30.2719994      -71.0640030      0.711275935    
         117          69  -30.0739994      -72.3830032      0.634522974    
