          16          58  -31.9039993      -72.2639999      0.864067376    
          29           2  -31.7159996      -71.0690002      0.774515629    
          32          41  -31.6310005      -71.8880005      0.843915164    
          32          55  -31.6180000      -72.1829987      0.949314117    
          35          58  -31.5620003      -72.2429962      0.879364014    
          44          49  -31.4080009      -72.0439987       1.00000000    
          47          32  -31.3680000      -71.6839981      0.867362142    
          49          64  -31.3040009      -72.3539963      0.878246307    
          60          11  -31.1509991      -71.2310028      0.873857260    
          66          56  -31.0049992      -72.1679993      0.847068071    
          68          48  -30.9759998      -71.9980011      0.757351637    
          74          59  -30.8579998      -72.2220001      0.653905988    
          76           8  -30.8649998      -71.1549988      0.822963238    
          78          39  -30.8040009      -71.8000031      0.596576154    
          79          48  -30.7779999      -71.9869995      0.751710236    
          87          40  -30.6410007      -71.8119965      0.940876961    
         102          47  -30.3640003      -71.9420013      0.708561361    
         102          65  -30.3479996      -72.3160019      0.802319407    
         103           1  -30.3829994      -70.9860001      0.718940556    
         118          40  -30.0820007      -71.7809982      0.909871042    
