          22          17  -31.8309994      -71.3919983      0.765145659    
          22          38  -31.8139992      -71.8349991       1.00000000    
          37          21  -31.5580006      -71.4619980      0.724264622    
          39          60  -31.4880009      -72.2809982      0.709377885    
          42          18  -31.4699993      -71.3949966      0.712764025    
          42          44  -31.4480000      -71.9410019      0.592764676    
          44          40  -31.4160004      -71.8550034      0.828769803    
          46          12  -31.4029999      -71.2649994      0.848746061    
          57          40  -31.1809998      -71.8420029      0.789382935    
          57          48  -31.1739998      -72.0100021      0.565521121    
          67          15  -31.0219994      -71.3089981      0.589916945    
          75           3  -30.8869991      -71.0510025      0.795627594    
          75          54  -30.8449993      -72.1159973      0.653577924    
          81           1  -30.7800007      -71.0039978      0.853107631    
          82          14  -30.7520008      -71.2750015      0.752288818    
          90          53  -30.5750008      -72.0800018      0.754560053    
         111           6  -30.2360001      -71.0830002      0.725362062    
         113          49  -30.1639996      -71.9729996      0.853303611    
         117           1  -30.1310005      -70.9739990      0.773965418    
         120          15  -30.0669994      -71.2610016      0.673508465    
