           3          26  -32.1660004      -71.6009979      0.687613904    
           3          57  -32.1389999      -72.2570038      0.764073014    
           7          13  -32.1049995      -71.3209991      0.776276529    
          25          21  -31.7740002      -71.4739990      0.667512417    
          32          40  -31.6320000      -71.8669968      0.728546083    
          33          42  -31.6119995      -71.9079971      0.737829924    
          45          62  -31.3780003      -72.3160019      0.767002344    
          63          15  -31.0939999      -71.3130035      0.632727861    
          72          14  -30.9319992      -71.2839966      0.650862813    
          74          37  -30.8780003      -71.7620010      0.757822275    
         106          59  -30.2819996      -72.1880035      0.633395493    
         108           4  -30.2910004      -71.0439987      0.944261789    
         108          18  -30.2800007      -71.3339996      0.597360075    
         108          42  -30.2609997      -71.8330002      0.893115699    
         109           8  -30.2700005      -71.1259995      0.895869374    
         114          51  -30.1450005      -72.0130005      0.649740160    
         116          63  -30.0979996      -72.2600021      0.664772511    
         119           4  -30.0930004      -71.0339966      0.685709476    
         119          68  -30.0389996      -72.3600006      0.681197405    
         121          36  -30.0319996      -71.6959991      0.616583526    
