           2          31  -32.1800003      -71.7070007      0.765879214    
           8          22  -32.0789986      -71.5110016      0.834214151    
          27          26  -31.7339993      -71.5770035      0.798481882    
          30          13  -31.6900005      -71.3000031      0.847747505    
          35           4  -31.6070004      -71.1060028      0.752813995    
          37          22  -31.5569992      -71.4840012      0.855048895    
          54          56  -31.2210007      -72.1809998      0.820208669    
          60          44  -31.1240005      -71.9229965      0.757951617    
          66          36  -31.0230007      -71.7490005      0.921066940    
          67          44  -30.9979992      -71.9160004      0.757492542    
          73          16  -30.9130001      -71.3239975      0.800565898    
          79          25  -30.7980003      -71.5070038      0.756842852    
          82           8  -30.7570000      -71.1490021       1.00000000    
          87          58  -30.6250000      -72.1869965      0.850341082    
          92          53  -30.5389996      -72.0780029      0.733105123    
          94          19  -30.5319996      -71.3679962      0.733040512    
         106          14  -30.3199997      -71.2529984      0.726598144    
         109          32  -30.2509995      -71.6240005      0.789803863    
         116          67  -30.0939999      -72.3430023      0.738698125    
         118          42  -30.0799999      -71.8229980      0.743387282    
