          11          20  -32.0270004      -71.4660034      0.778843105    
          11          52  -31.9990005      -72.1419983      0.723656118    
          24           1  -31.8069992      -71.0530014      0.856808066    
          25          57  -31.7430000      -72.2330017       1.00000000    
          31           2  -31.6800003      -71.0680008      0.857496083    
          34          37  -31.5979996      -71.8020020      0.827147901    
          42          38  -31.4529991      -71.8150024      0.746268928    
          49          22  -31.3409996      -71.4720001      0.801106155    
          61          65  -31.0869999      -72.3610001      0.780832350    
          62          14  -31.1130009      -71.2929993      0.774855912    
          62          22  -31.1060009      -71.4599991      0.829842985    
          67          39  -31.0020008      -71.8109970      0.869632423    
          75          16  -30.8770008      -71.3229980      0.793782115    
          78          21  -30.8190002      -71.4240036      0.701172650    
          84          47  -30.6889992      -71.9609985      0.774598718    
          89          30  -30.6130009      -71.6019974      0.806654096    
          94          53  -30.5030003      -72.0759964      0.742593825    
         105          60  -30.2989998      -72.2089996      0.803586185    
         116          43  -30.1159992      -71.8450012      0.779966176    
         117          62  -30.0809994      -72.2379990      0.832383990    
