          15          14  -31.9599991      -71.3349991      0.790072322    
          19          69  -31.8390007      -72.4929962      0.853563666    
          42          48  -31.4449997      -72.0250015      0.689403534    
          46          23  -31.3939991      -71.4960022      0.749775469    
          49          43  -31.3230000      -71.9130020      0.772529364    
          52          24  -31.2849998      -71.5110016      0.763781309    
          61          49  -31.1009998      -72.0260010      0.805460036    
          67          45  -30.9969997      -71.9369965      0.825805247    
          75          41  -30.8560009      -71.8450012      0.881089270    
          80           8  -30.7929993      -71.1510010      0.669598877    
          80          33  -30.7730007      -71.6729965      0.741209507    
          82          58  -30.7150002      -72.1920013      0.856763363    
          88          70  -30.5949993      -72.4359970      0.634524882    
          89           2  -30.6350002      -71.0179977      0.915496409    
          93          15  -30.5529995      -71.2860031      0.803119242    
          99          34  -30.4300003      -71.6750031      0.647928476    
         109           3  -30.2740002      -71.0220032      0.886891365    
         112           7  -30.2169991      -71.1029968      0.662072599    
         115          38  -30.1380005      -71.7429962      0.815853596    
         118          20  -30.0990009      -71.3669968      0.993566155    
