           3           4  -32.1839981      -71.1340027      0.956863582    
           8          56  -32.0499992      -72.2300034      0.956661820    
          10          15  -32.0489998      -71.3610001      0.905762196    
          13          47  -31.9680004      -72.0350037      0.803510487    
          18          38  -31.8859997      -71.8389969      0.828936219    
          32          46  -31.6270008      -71.9940033      0.884634674    
          37          53  -31.5300007      -72.1360016      0.823186815    
          46          14  -31.4009991      -71.3069992      0.771607697    
          59          31  -31.1529999      -71.6510010      0.802211642    
          61          38  -31.1110001      -71.7959976      0.910312891    
          63          51  -31.0639992      -72.0660019      0.716879189    
          67          41  -31.0000000      -71.8529968      0.813206553    
          68          14  -31.0049992      -71.2870026      0.628088713    
          71          57  -30.9139996      -72.1829987      0.985256195    
          73          47  -30.8869991      -71.9720001      0.721625984    
          81          66  -30.7250004      -72.3600006      0.701484680    
          81          68  -30.7229996      -72.4020004      0.591773808    
          96          51  -30.4689999      -72.0319977      0.775848091    
          99          65  -30.4020004      -72.3199997      0.823034406    
         107          13  -30.3020000      -71.2310028      0.909128129    
