           3          37  -32.1570015      -71.8330002      0.540844381    
          13          48  -31.9669991      -72.0559998      0.562514544    
          17           2  -31.9330006      -71.0800018      0.648890793    
          26          53  -31.7280006      -72.1470032      0.612517297    
          27          13  -31.7439995      -71.3030014      0.605766535    
          40          46  -31.4820004      -71.9850006      0.560675085    
          41          51  -31.4599991      -72.0889969      0.560009003    
          47          51  -31.3519993      -72.0830002      0.671378195    
          49          54  -31.3129997      -72.1439972      0.637295604    
          54          53  -31.2240009      -72.1179962      0.687622607    
          56          69  -31.1730003      -72.4509964      0.588960469    
          73          28  -30.9029999      -71.5749969      0.466350973    
          79          35  -30.7889996      -71.7160034      0.563413560    
          79          64  -30.7630005      -72.3209991       1.00000000    
          80          62  -30.7469997      -72.2779999      0.832249641    
          82          31  -30.7390003      -71.6289978      0.515805423    
          92          35  -30.5550003      -71.7030029      0.438529313    
         104          17  -30.3530006      -71.3170013      0.613539636    
         109           5  -30.2719994      -71.0640030      0.594577134    
         117          69  -30.0739994      -72.3830032      0.652827144    
