2 17 -32.1920013 -71.4110031 0.555108607 1
3 37 -32.1570015 -71.8330002 0.614719808 1
10 36 -32.0320015 -71.8050003 0.547899723 1
17 2 -31.9330006 -71.0800018 0.558618963 1
27 13 -31.7439995 -71.3030014 0.532461345 1
40 46 -31.4820004 -71.9850006 0.667980075 1
42 18 -31.4699993 -71.3949966 0.431345791 1
43 44 -31.4300003 -71.9400024 0.682130396 1
45 66 -31.3740005 -72.4000015 0.595219493 1
47 51 -31.3519993 -72.0830002 0.513624966 1
54 53 -31.2240009 -72.1179962 0.497208595 1
59 61 -31.1259995 -72.2799988 0.425535083 1
69 56 -30.9510002 -72.1640015 0.477507412 1
79 35 -30.7889996 -71.7160034 0.434164733 1
79 64 -30.7630005 -72.3209991 1.00000000 1
80 62 -30.7469997 -72.2779999 0.894299865 1
91 48 -30.5620003 -71.9749985 0.505993903 1
109 5 -30.2719994 -71.0640030 0.579001307 1
117 25 -30.1130009 -71.4710007 0.611975551 1
121 19 -30.0450001 -71.3430023 0.563879311 1
3 37 -32.1570015 -71.8330002 0.540844381 2
13 48 -31.9669991 -72.0559998 0.562514544 2
17 2 -31.9330006 -71.0800018 0.648890793 2
26 53 -31.7280006 -72.1470032 0.612517297 2
27 13 -31.7439995 -71.3030014 0.605766535 2
40 46 -31.4820004 -71.9850006 0.560675085 2
41 51 -31.4599991 -72.0889969 0.560009003 2
47 51 -31.3519993 -72.0830002 0.671378195 2
49 54 -31.3129997 -72.1439972 0.637295604 2
54 53 -31.2240009 -72.1179962 0.687622607 2
56 69 -31.1730003 -72.4509964 0.588960469 2
73 28 -30.9029999 -71.5749969 0.466350973 2
79 35 -30.7889996 -71.7160034 0.563413560 2
79 64 -30.7630005 -72.3209991 1.00000000 2
80 62 -30.7469997 -72.2779999 0.832249641 2
82 31 -30.7390003 -71.6289978 0.515805423 2
92 35 -30.5550003 -71.7030029 0.438529313 2
104 17 -30.3530006 -71.3170013 0.613539636 2
109 5 -30.2719994 -71.0640030 0.594577134 2
117 69 -30.0739994 -72.3830032 0.652827144 2
13 48 -31.9669991 -72.0559998 0.790936172 3
19 15 -31.8869991 -71.3529968 0.917846382 3
26 53 -31.7280006 -72.1470032 0.709766984 3
32 35 -31.6359997 -71.7620010 0.648527801 3
41 51 -31.4599991 -72.0889969 0.727263033 3
49 54 -31.3129997 -72.1439972 0.657981932 3
56 69 -31.1730003 -72.4509964 0.624392390 3
67 64 -30.9790001 -72.3339996 0.705869615 3
73 28 -30.9029999 -71.5749969 0.444110215 3
74 33 -30.8810005 -71.6790009 0.709300339 3
74 49 -30.8670006 -72.0130005 0.674528003 3
80 30 -30.7749996 -71.6100006 0.869865000 3
82 31 -30.7390003 -71.6289978 0.944205582 3
87 22 -30.6560001 -71.4369965 0.635083377 3
92 35 -30.5550003 -71.7030029 0.658212423 3
104 17 -30.3530006 -71.3170013 0.575062156 3
109 31 -30.2520008 -71.6029968 0.526245832 3
117 69 -30.0739994 -72.3830032 0.692133844 3
118 44 -30.0790005 -71.8639984 0.647857070 3
121 23 -30.0419998 -71.4260025 0.529456615 3
19 15 -31.8869991 -71.3529968 0.521862209 4
19 69 -31.8390007 -72.4929962 0.536185622 4
32 35 -31.6359997 -71.7620010 0.557175100 4
49 43 -31.3230000 -71.9130020 0.562034726 4
67 45 -30.9969997 -71.9369965 0.647705853 4
67 64 -30.9790001 -72.3339996 0.596411467 4
74 33 -30.8810005 -71.6790009 0.725890517 4
74 49 -30.8670006 -72.0130005 0.537362576 4
80 8 -30.7929993 -71.1510010 0.667524159 4
80 30 -30.7749996 -71.6100006 1.00000000 4
80 33 -30.7730007 -71.6729965 0.765733421 4
82 58 -30.7150002 -72.1920013 0.726837873 4
87 22 -30.6560001 -71.4369965 0.515611649 4
88 70 -30.5949993 -72.4359970 0.511705399 4
109 3 -30.2740002 -71.0220032 0.547834337 4
109 31 -30.2520008 -71.6029968 0.469047904 4
112 7 -30.2169991 -71.1029968 0.544852138 4
118 20 -30.0990009 -71.3669968 0.731022656 4
118 44 -30.0790005 -71.8639984 0.627230167 4
121 23 -30.0419998 -71.4260025 0.566636026 4
15 14 -31.9599991 -71.3349991 0.790072322 5
19 69 -31.8390007 -72.4929962 0.853563666 5
42 48 -31.4449997 -72.0250015 0.689403534 5
46 23 -31.3939991 -71.4960022 0.749775469 5
49 43 -31.3230000 -71.9130020 0.772529364 5
52 24 -31.2849998 -71.5110016 0.763781309 5
61 49 -31.1009998 -72.0260010 0.805460036 5
67 45 -30.9969997 -71.9369965 0.825805247 5
75 41 -30.8560009 -71.8450012 0.881089270 5
80 8 -30.7929993 -71.1510010 0.669598877 5
80 33 -30.7730007 -71.6729965 0.741209507 5
82 58 -30.7150002 -72.1920013 0.856763363 5
88 70 -30.5949993 -72.4359970 0.634524882 5
89 2 -30.6350002 -71.0179977 0.915496409 5
93 15 -30.5529995 -71.2860031 0.803119242 5
99 34 -30.4300003 -71.6750031 0.647928476 5
109 3 -30.2740002 -71.0220032 0.886891365 5
112 7 -30.2169991 -71.1029968 0.662072599 5
115 38 -30.1380005 -71.7429962 0.815853596 5
118 20 -30.0990009 -71.3669968 0.993566155 5
12 36 -31.9960003 -71.8030014 0.783359945 6
15 14 -31.9599991 -71.3349991 0.757350802 6
42 48 -31.4449997 -72.0250015 0.686658621 6
46 23 -31.3939991 -71.4960022 0.684663355 6
52 24 -31.2849998 -71.5110016 0.707949162 6
61 49 -31.1009998 -72.0260010 0.706903636 6
67 29 -31.0109997 -71.6019974 1.00000000 6
75 41 -30.8560009 -71.8450012 0.650665522 6
86 53 -30.6469994 -72.0839996 0.583287120 6
89 2 -30.6350002 -71.0179977 0.769946098 6
89 12 -30.6280003 -71.2269974 0.757600248 6
91 45 -30.5639992 -71.9120026 0.855524421 6
91 65 -30.5459995 -72.3280029 0.661379278 6
93 15 -30.5529995 -71.2860031 0.776711404 6
99 34 -30.4300003 -71.6750031 0.578419507 6
115 19 -30.1539993 -71.3489990 0.618625224 6
115 31 -30.1439991 -71.5979996 0.647639930 6
115 38 -30.1380005 -71.7429962 0.757282495 6
120 33 -30.0520000 -71.6340027 0.781769693 6
121 49 -30.0200005 -71.9649963 0.719816029 6
8 56 -32.0499992 -72.2300034 0.652266979 7
12 36 -31.9960003 -71.8030014 0.728333414 7
18 38 -31.8859997 -71.8389969 0.743406892 7
37 53 -31.5300007 -72.1360016 0.868706465 7
59 31 -31.1529999 -71.6510010 0.761693299 7
63 51 -31.0639992 -72.0660019 0.697134256 7
67 29 -31.0109997 -71.6019974 1.00000000 7
68 14 -31.0049992 -71.2870026 0.534435868 7
71 57 -30.9139996 -72.1829987 0.685510278 7
73 47 -30.8869991 -71.9720001 0.793882310 7
86 53 -30.6469994 -72.0839996 0.649046659 7
89 12 -30.6280003 -71.2269974 0.721732557 7
91 45 -30.5639992 -71.9120026 0.790185213 7
91 65 -30.5459995 -72.3280029 0.711790025 7
99 65 -30.4020004 -72.3199997 0.809108198 7
107 13 -30.3020000 -71.2310028 0.770342648 7
115 19 -30.1539993 -71.3489990 0.893899858 7
115 31 -30.1439991 -71.5979996 0.708809197 7
120 33 -30.0520000 -71.6340027 0.832172513 7
121 49 -30.0200005 -71.9649963 0.620047450 7
3 4 -32.1839981 -71.1340027 0.956863582 8
8 56 -32.0499992 -72.2300034 0.956661820 8
10 15 -32.0489998 -71.3610001 0.905762196 8
13 47 -31.9680004 -72.0350037 0.803510487 8
18 38 -31.8859997 -71.8389969 0.828936219 8
32 46 -31.6270008 -71.9940033 0.884634674 8
37 53 -31.5300007 -72.1360016 0.823186815 8
46 14 -31.4009991 -71.3069992 0.771607697 8
59 31 -31.1529999 -71.6510010 0.802211642 8
61 38 -31.1110001 -71.7959976 0.910312891 8
63 51 -31.0639992 -72.0660019 0.716879189 8
67 41 -31.0000000 -71.8529968 0.813206553 8
68 14 -31.0049992 -71.2870026 0.628088713 8
71 57 -30.9139996 -72.1829987 0.985256195 8
73 47 -30.8869991 -71.9720001 0.721625984 8
81 66 -30.7250004 -72.3600006 0.701484680 8
81 68 -30.7229996 -72.4020004 0.591773808 8
96 51 -30.4689999 -72.0319977 0.775848091 8
99 65 -30.4020004 -72.3199997 0.823034406 8
107 13 -30.3020000 -71.2310028 0.909128129 8
3 4 -32.1839981 -71.1340027 0.699184418 9
7 33 -32.0880013 -71.7450027 0.858178437 9
10 15 -32.0489998 -71.3610001 0.696035028 9
13 43 -31.9720001 -71.9499969 0.862656415 9
13 47 -31.9680004 -72.0350037 0.991052806 9
15 31 -31.9459991 -71.6949997 0.765079319 9
15 49 -31.9300003 -72.0749969 0.859187841 9
27 42 -31.7199993 -71.9150009 0.653716624 9
32 46 -31.6270008 -71.9940033 0.661685288 9
39 20 -31.5219994 -71.4400024 0.643804371 9
46 14 -31.4009991 -71.3069992 0.713663578 9
61 38 -31.1110001 -71.7959976 0.793209732 9
67 41 -31.0000000 -71.8529968 0.855967641 9
73 68 -30.8680000 -72.4110031 0.669412971 9
76 24 -30.8519993 -71.4889984 0.748339415 9
81 66 -30.7250004 -72.3600006 0.769912183 9
81 68 -30.7229996 -72.4020004 0.472633064 9
94 70 -30.4869995 -72.4290009 0.636350334 9
96 51 -30.4689999 -72.0319977 0.658182621 9
115 34 -30.1410007 -71.6600037 0.611928344 9
4 67 -32.1110001 -72.4670029 0.687574506 10
7 33 -32.0880013 -71.7450027 0.917952418 10
10 67 -32.0029984 -72.4609985 1.00000000 10
13 43 -31.9720001 -71.9499969 0.701990604 10
15 31 -31.9459991 -71.6949997 0.800528884 10
15 49 -31.9300003 -72.0749969 0.713275909 10
26 63 -31.7189999 -72.3580017 0.632259011 10
27 42 -31.7199993 -71.9150009 0.643262446 10
31 6 -31.6770000 -71.1520004 0.884630144 10
39 20 -31.5219994 -71.4400024 0.610472381 10
49 41 -31.3250008 -71.8710022 0.699596643 10
51 35 -31.2940006 -71.7429962 0.790117264 10
54 19 -31.2530003 -71.4049988 0.593644261 10
69 38 -30.9669991 -71.7880020 0.984116852 10
73 68 -30.8680000 -72.4110031 0.762900710 10
76 24 -30.8519993 -71.4889984 0.589471400 10
84 70 -30.6679993 -72.4400024 0.766638160 10
94 70 -30.4869995 -72.4290009 0.644366980 10
115 34 -30.1410007 -71.6600037 0.767339230 10
118 31 -30.0900002 -71.5950012 0.734212935 10
