           4          25  -32.1489983      -71.5849991      0.227926508    
          10          59  -32.0120010      -72.2740021       1.00000000    
          18          28  -31.8939991      -71.6330032      0.270861149    
          26          45  -31.7360001      -71.9710007      0.818553567    
          29          47  -31.6800003      -72.0090027      0.809277296    
          29          60  -31.6690006      -72.2730026      0.797357738    
          36          63  -31.5400009      -72.3259964      0.948037088    
          39          53  -31.4950008      -72.1200027      0.796934426    
          40          48  -31.4810009      -72.0169983      0.670487702    
          42          24  -31.4650002      -71.5279999      0.189189270    
          55          46  -31.2129993      -71.9609985      0.925431907    
          63          33  -31.0790005      -71.6900024      0.185597748    
          65          13  -31.0590000      -71.2839966      0.154109329    
          72          30  -30.9190006      -71.6210022      0.259926170    
          86          46  -30.6539993      -71.9290009      0.874089837    
          88          51  -30.6140003      -72.0279999      0.830542147    
          93          40  -30.5330009      -71.8020020      0.841031492    
         108           4  -30.2900009      -71.0650024      0.183496699    
         111          40  -30.2089996      -71.7839966      0.836824834    
         114          10  -30.1779995      -71.1800003      0.227131292    
