           1           1  -31.7210007      -71.7809982       1.0936887934803963E-002
           1           2  -31.7210007      -71.7809982       1.0994672891683877E-002
           1           3  -31.7199993      -71.7809982       5.6813178816810250E-003
           1           4  -31.7199993      -71.7809982       1.1371527332812548E-002
           1           5  -31.7199993      -71.7809982       1.0706266853958368E-002
           1           6  -31.7199993      -71.7809982       1.0994672891683877E-002
           1           7  -31.7199993      -71.7819977       5.7613832177594304E-003
           1           8  -31.7199993      -71.7819977       6.3267421210184693E-003
           1           9  -31.7199993      -71.7819977       6.1965869972482324E-003
           1          10  -31.7199993      -71.7819977       1.1084966477937996E-002
           1          11  -31.7199993      -71.7819977       8.6521238554269075E-003
           2           1  -31.7040005      -71.7720032       1.0543173179030418E-002
           2           2  -31.7040005      -71.7730026       1.1187800206243992E-002
           2           3  -31.7040005      -71.7730026       1.0431593284010887E-002
           2           4  -31.7040005      -71.7730026       1.0801784694194794E-002
           2           5  -31.7040005      -71.7730026       1.1187800206243992E-002
           2           6  -31.7040005      -71.7730026       1.0973148746415973E-002
           2           7  -31.7040005      -71.7730026       1.0543173179030418E-002
           2           8  -31.7040005      -71.7740021       7.1973963640630245E-003
           2           9  -31.7029991      -71.7740021       6.7157481098547578E-003
           2          10  -31.7029991      -71.7740021       9.3198083341121674E-003
           2          11  -31.7029991      -71.7740021       5.4692346602678299E-003
           3           1  -31.6870003      -71.7639999       1.3384472811594605E-002
           3           2  -31.6870003      -71.7649994       1.0285346535965800E-002
           3           3  -31.6870003      -71.7649994       1.0371829150244594E-002
           3           4  -31.6870003      -71.7649994       8.8263831567019224E-003
           3           5  -31.6870003      -71.7649994       9.2647864948958158E-003
           3           6  -31.6870003      -71.7649994       9.2647864948958158E-003
           3           7  -31.6870003      -71.7649994       7.5590159976854920E-003
           3           8  -31.6870003      -71.7659988       9.3513713218271732E-003
           3           9  -31.6870003      -71.7659988       7.0476424880325794E-003
           3          10  -31.6870003      -71.7659988       1.0109386174008250E-002
           3          11  -31.6870003      -71.7659988       5.1418896764516830E-003
           4           1  -31.6709995      -71.7559967       7.9983533360064030E-003
           4           2  -31.6709995      -71.7559967       7.9983533360064030E-003
           4           3  -31.6709995      -71.7570038       7.7584609389305115E-003
           4           4  -31.6700001      -71.7570038       1.1222002678550780E-002
           4           5  -31.6700001      -71.7570038       4.7606653533875942E-003
           4           6  -31.6700001      -71.7570038       6.2930923886597157E-003
           4           7  -31.6700001      -71.7570038       7.6629212126135826E-003
           4           8  -31.6700001      -71.7570038       9.1063617728650570E-003
           4           9  -31.6700001      -71.7580032       6.5547968260943890E-003
           4          10  -31.6700001      -71.7580032       8.1910830922424793E-003
           4          11  -31.6700001      -71.7580032       7.9983533360064030E-003
           5           1  -31.6539993      -71.7480011       6.3646053895354271E-003
           5           2  -31.6539993      -71.7480011       4.4379690662026405E-003
           5           3  -31.6539993      -71.7490005       5.8334022760391235E-003
           5           4  -31.6539993      -71.7490005       4.1870679706335068E-003
           5           5  -31.6539993      -71.7490005       6.2558703357353806E-003
           5           6  -31.6539993      -71.7490005       1.2306098942644894E-002
           5           7  -31.6539993      -71.7490005       6.3646053895354271E-003
           5           8  -31.6539993      -71.7490005       4.4379690662026405E-003
           5           9  -31.6529999      -71.7500000       4.4379690662026405E-003
           5          10  -31.6529999      -71.7500000       5.6652644416317344E-003
           5          11  -31.6529999      -71.7500000       4.4379690662026405E-003
           6           1  -31.6369991      -71.7399979       1.3132672756910324E-004
           6           2  -31.6369991      -71.7399979       1.3396237045526505E-004
           6           3  -31.6369991      -71.7399979       1.3466738164424896E-004
           6           4  -31.6369991      -71.7409973       1.3466738164424896E-004
           6           5  -31.6369991      -71.7409973       1.3132672756910324E-004
           6           6  -31.6369991      -71.7409973       1.3466738164424896E-004
           6           7  -31.6369991      -71.7409973       1.3132672756910324E-004
           6           8  -31.6369991      -71.7409973       1.3114325702190399E-004
           6           9  -31.6369991      -71.7419968       1.3132672756910324E-004
           6          10  -31.6369991      -71.7419968       1.3466738164424896E-004
           6          11  -31.6369991      -71.7419968       1.3396237045526505E-004
           7           1  -31.6210003      -71.7320023       5.2166213499731384E-003
           7           2  -31.6210003      -71.7320023       4.5501408385462128E-003
           7           3  -31.6210003      -71.7320023       4.7566099929099437E-003
           7           4  -31.6200008      -71.7330017       4.2922915454255417E-003
           7           5  -31.6200008      -71.7330017       7.6229771148064174E-003
           7           6  -31.6200008      -71.7330017       6.2440293841063976E-003
           7           7  -31.6200008      -71.7330017       5.2166213499731384E-003
           7           8  -31.6200008      -71.7330017       4.1080627706833184E-003
           7           9  -31.6200008      -71.7330017       2.9614178929477930E-003
           7          10  -31.6200008      -71.7340012       3.6231306148692966E-003
           7          11  -31.6200008      -71.7340012       2.9614178929477930E-003
           8           1  -31.6040001      -71.7239990       7.6084090615040623E-003
           8           2  -31.6040001      -71.7239990       7.6084090615040623E-003
           8           3  -31.6040001      -71.7239990       7.6084090615040623E-003
           8           4  -31.6040001      -71.7249985       1.3433056919893716E-002
           8           5  -31.6040001      -71.7249985       9.4367789570242167E-003
           8           6  -31.6040001      -71.7249985       7.0251506040222012E-003
           8           7  -31.6040001      -71.7249985       7.2168451733887196E-003
           8           8  -31.6040001      -71.7249985       7.4101919308304787E-003
           8           9  -31.6030006      -71.7249985       4.5582058373838663E-003
           8          10  -31.6030006      -71.7259979       5.1334651652723551E-003
           8          11  -31.6030006      -71.7259979       5.1353191956877708E-003
           9           1  -31.5869999      -71.7160034       9.3351346440613270E-003
           9           2  -31.5869999      -71.7160034       9.3423691796488129E-003
           9           3  -31.5869999      -71.7160034       9.3351346440613270E-003
           9           4  -31.5869999      -71.7160034       9.0991580145782791E-003
           9           5  -31.5869999      -71.7170029       1.0833078995347023E-002
           9           6  -31.5869999      -71.7170029       8.8136634076363407E-003
           9           7  -31.5869999      -71.7170029       1.3731957878917456E-002
           9           8  -31.5869999      -71.7170029       7.4525587260723114E-003
           9           9  -31.5869999      -71.7170029       7.2554862126708031E-003
           9          10  -31.5869999      -71.7170029       6.8112304434180260E-003
           9          11  -31.5869999      -71.7180023       3.2528983429074287E-003
          10           1  -31.5709991      -71.7080002       9.5391010618186556E-003
          10           2  -31.5709991      -71.7080002       9.8950034007430077E-003
          10           3  -31.5709991      -71.7080002       9.5772901768214069E-003
          10           4  -31.5699997      -71.7080002       8.7964010890573263E-003
          10           5  -31.5699997      -71.7089996       9.8950034007430077E-003
          10           6  -31.5699997      -71.7089996       9.5555502921342850E-003
          10           7  -31.5699997      -71.7089996       1.1409129947423935E-002
          10           8  -31.5699997      -71.7089996       8.0635165795683861E-003
          10           9  -31.5699997      -71.7089996       7.5052543543279171E-003
          10          10  -31.5699997      -71.7089996       8.5725421085953712E-003
          10          11  -31.5699997      -71.7099991       3.4906873479485512E-003
          11           1  -31.5540009      -71.6999969       8.4147816742188297E-003
          11           2  -31.5540009      -71.6999969       8.8185784625238739E-003
          11           3  -31.5540009      -71.6999969       9.2244883999228477E-003
          11           4  -31.5540009      -71.6999969       9.4947461038827896E-003
          11           5  -31.5540009      -71.7009964       9.2194741810089909E-003
          11           6  -31.5540009      -71.7009964       8.8185784625238739E-003
          11           7  -31.5540009      -71.7009964       8.4147816742188297E-003
          11           8  -31.5540009      -71.7009964       7.0288362912833691E-003
          11           9  -31.5529995      -71.7009964       7.8979860991239548E-003
          11          10  -31.5529995      -71.7009964       7.8979860991239548E-003
          11          11  -31.5529995      -71.7020035       3.6446661688387394E-003
