 0.0000000E+00  0.0000000E+00           1
   80.00000      5.0000001E-02           1
   160.0000      0.1000000               1
   240.0000      0.1500000               1
   320.0000      0.2000000               1
   400.0000      0.2500000               1
   320.0000      0.3000000               1
   240.0000      0.3500000               1
   160.0000      0.4000000               1
   80.00000      0.4500000               1
  0.0000000E+00  0.5000000               1
  0.0 0.55 1
  0 0.6 1
  0 0.65 1
  0 0.7 1
  0 0.75 1
