0
0
0
0
0
0
0
0
0
0
0
0
0
0
0
0
0
0
0
0
0
0
0
0
0
0
0
0
0
0
0
0
0
0
0
0
0
0
0
0
0
0
0
0
0
0
0
0
0
0
0
0
0
0
0
0
0
0
0
0
0
0
0
0
0
0
0
0
0
0
0
0
0
0
0
0
0
0
0
0
0
0
0
0
0
0
0
0
0
0
0
0
0
0
0
0
0
0
0
0
0
0
0
0
0
0
0
0
0
0
0
0
0
0
0
0
0
0
0
0
0
0
0
0
0
0
0
0
0
0
0
0
0
0
0
0
0
0
0
0
0
0
0
0
0
0
0
0
0
0
0
0
0
0
0
0
0
0
0
0
0
0
0
0
0
0
0
0
0
0
0
0
0
0
0
0
0
0
0
0
0
0
0
0
0
0
0
0
0
0
0
0
0
0
0
0
0
0
0
0
0
0
0
0
0
0
0
0
0
0
0
0
0
0
0
0
0
0
0
0
0
0
0
0
0
0
0
0
0
0
0
0
0
0
0
0
0
0
-1.73184e-05
-5.17196e-05
-0.000102033
-0.000163871
-0.000224059
-0.000215389
-7.0436e-05
0.00033192
0.00118
0.0027305
0.0052713
0.009112
0.01451
0.021601
0.030359
0.040568
0.051849
0.063701
0.075566
0.08692
0.0973
0.10639
0.11399
0.12001
0.12447
0.12748
0.12915
0.12963
0.12909
0.12766
0.1255
0.12276
0.1196
0.11613
0.11253
0.10887
0.10525
0.10171
0.09828
0.09497
0.09175
0.0886
0.08548
0.0824
0.07934
0.076289
0.073256
0.070253
0.067285
0.064367
0.061511
0.058717
0.055986
0.053318
0.0507
0.048121
0.045572
0.043043
0.040528
0.03803
0.035554
0.033116
0.030737
0.028442
0.026259
0.024219
0.022338
0.020636
0.019113
0.017767
0.016586
0.015554
0.01465
0.013856
0.013154
0.012529
0.011971
0.011477
0.011045
0.010681
0.010391
0.010178
0.010035
0.009942
0.009865
0.009758
0.009581
0.0093
0.008902
0.008398
0.00782
0.007212
0.006623
0.006091
0.005644
0.0052897
0.0050205
0.0048166
0.0046503
0.0044924
0.0043144
0.0040909
0.003796
0.003401
0.0028722
0.0021743
0.0012744
0.0001528
-0.0011905
-0.0027298
-0.00441602
-0.00618
-0.0079382
-0.0095963
-0.0110539
-0.0122089
-0.0129656
-0.013248
-0.013015
-0.012266
-0.01105
-0.009453
-0.007588
-0.005582
-0.003549
-0.0015949
0.000202
0.0017831
0.0031121
0.0041724
0.0049656
0.0055086
0.00583151
0.005973
0.0059757
0.0058801
0.0057175
0.0055005
0.0052057
0.0047501
0.0039625
0.0025653
0.0001837
-0.0036047
-0.00917454
-0.0167371
-0.0262362
-0.037295
-0.04924
-0.061204
-0.072268
-0.081609
-0.088627
-0.092981
-0.094612
-0.093685
-0.090538
-0.085614
-0.079398
-0.072382
-0.065018
-0.057689
-0.050687
-0.044217
-0.038374
-0.033179
-0.028595
-0.024571
-0.021053
-0.018018
-0.015461
-0.013395
-0.011814
-0.010668
-0.009856
-0.009232
-0.008612
-0.007818
-0.006693
-0.005124
-0.003041
-0.000424
0.00271
0.006311
0.010286
0.014513
0.0188417
0.0231052
0.0271361
0.0307827
0.033923
0.036474
0.038415
0.039808
0.040839
0.041861
0.043417
0.046213
0.051016
0.058492
0.069012
0.082488
0.09832
0.115453
0.132569
0.14833
0.16164
0.17175
0.17838
0.18163
0.18191
0.1798
0.17592
0.17081
0.1649
0.15855
0.15195
0.14526
0.13855
0.13193
0.12543
0.11917
0.1132
0.1076
0.10239
0.09759
0.0932
0.08916
0.08542
0.08194
0.07865
0.07553
0.07252
0.06958
0.0667
0.06383
0.06099
0.058155
0.055365
0.052663
0.050107
0.047756
0.045652
0.043798
0.042146
0.04058
0.038912
0.036881
0.034172
0.030455
0.025451
0.019006
0.011151
0.00213
-0.007615
-0.017525
-0.027014
-0.035561
-0.0427745
-0.0484248
-0.0524262
-0.054804
-0.055658
-0.055128
-0.053376
-0.050581
-0.046939
-0.042663
-0.037982
-0.033127
-0.028315
-0.02374
-0.019555
-0.015867
-0.01275
-0.010234
-0.008323
-0.006985
-0.006149
-0.005707
-0.005506
-0.005369
-0.005129
-0.004641
-0.003835
-0.002706
-0.001327
0.0001819
0.0016831
0.003049
0.0041781
0.004996
0.0054437
0.0054619
0.0049864
0.00395841
0.00234885
0.0001885
-0.0024104
-0.0052494
-0.00805786
-0.0105203
-0.0123115
-0.0131297
-0.0127334
-0.0109711
-0.0078133
-0.003372
0.0021005
0.0082353
0.0145943
0.0207288
0.026236
0.0307968
0.034198
0.036332
0.037183
0.036816
0.03536
0.032993
0.029926
0.026387
0.022604
0.018779
0.015078
0.011617
0.008461
0.005632
0.003118
0.0009
-0.001034
-0.002671
-0.003966
-0.004847
-0.005227
-0.0050476
-0.0042974
-0.0030463
-0.0014549
0.0002374
0.00174855
0.00280512
0.0031967
0.0028142
0.0016677
-0.0001279
-0.0023858
-0.0048924
-0.0074494
-0.0098988
-0.0121316
-0.0140709
-0.0156473
-0.0167701
-0.017316
-0.017143
-0.01613
-0.014234
-0.0115356
-0.0082694
-0.004791
-0.0015118
0.0011937
0.00307132
0.0040427
0.0042062
0.0037973
0.0031226
0.002487
0.002137
0.002228
0.00281
0.003838
0.005191
0.006694
0.008149
0.00936
0.010163
0.010446
0.010166
0.00936
0.008132
0.006643
0.005083
0.003633
0.0024322
0.0015421
0.0009289
0.0004588
-8.59e-05
-0.0009691
-0.0024445
-0.0046927
-0.0077659
-0.0115555
-0.0157997
-0.0201307
-0.0241512
-0.0275173
-0.0300066
-0.031549
-0.032217
-0.032185
-0.031667
-0.030876
-0.029968
-0.029045
-0.028163
-0.027354
-0.026655
-0.026125
-0.025852
-0.025932
-0.026448
-0.027429
-0.028839
-0.030554
-0.032381
-0.034079
-0.035391
-0.036095
-0.036023
-0.03509
-0.033298
-0.030723
-0.027503
-0.023816
-0.019872
-0.015889
-0.012103
-0.008738
-0.005996
-0.004029
-0.002923
-0.002669
-0.003177
-0.004282
-0.005778
-0.00745
-0.009096
-0.010543
-0.011651
-0.012319
-0.012483
-0.012129
-0.011298
-0.010088
-0.008652
-0.007172
-0.005837
-0.004815
-0.004236
-0.004172
-0.004636
-0.0055837
-0.0069253
-0.0085408
-0.0103058
-0.0121198
-0.0139349
-0.0157749
-0.0177388
-0.0199821
-0.022677
-0.025963
-0.029888
-0.034379
-0.039224
-0.044095
-0.048595
-0.052333
-0.054989
-0.056387
-0.05652
-0.055548
-0.053766
-0.051523
-0.049161
-0.046921
-0.044926
-0.043161
-0.041514
-0.039816
-0.037909
-0.035674
-0.03307
-0.030122
-0.026919
-0.023597
-0.02032
-0.017272
-0.014634
-0.012572
-0.011206
-0.010589
-0.010692
-0.011402
-0.012534
-0.013858
-0.015131
-0.01613
-0.016673
-0.016637
-0.015972
-0.014691
-0.012871
-0.010625
-0.008098
-0.005436
-0.00278
-0.000249
0.002066
0.004109
0.005862
0.007351
0.0086348
0.0098074
0.0109728
0.0122285
0.0136419
0.0152336
0.0169729
0.0187842
0.0205677
0.022224
0.02368
0.024905
0.025915
0.026774
0.02757
0.028403
0.029356
0.030471
0.031743
0.033108
0.034449
0.035622
0.036475
0.036882
0.036764
0.036103
0.034939
0.033361
0.031479
0.029407
0.027243
0.02506
0.022901
0.020795
0.018767
0.01685
0.0151
0.013587
0.012389
0.011567
0.011152
0.011128
0.011434
0.011982
0.012671
0.013411
0.014134
0.014798
0.015381
0.015878
0.016304
0.0167
0.017145
0.017758
0.018689
0.020085
0.022052
0.024604
0.027644
0.030954
0.034219
0.037081
0.039198
0.040304
0.040252
0.039033
0.036763
0.03365
0.029961
0.025969
0.021929
0.01806
0.014517
0.011403
0.008764
0.0066
0.004887
0.003581
0.002644
0.002032
0.001708
0.001634
0.001759
0.002028
0.002379
0.002765
0.003146
0.003512
0.003869
0.004231
0.004605
0.004979
0.005312
0.0055374
0.0055723
0.0053311
0.0047407
0.0037516
0.0023486
0.0005549
-0.0015675
-0.0039219
-0.006386
-0.0088284
-0.0111276
-0.0131917
-0.0149722
-0.0164671
-0.0177106
-0.0187533
-0.0196369
-0.0203765
-0.020954
-0.021325
-0.021444
-0.021277
-0.02083
-0.020152
-0.019333
-0.018485
-0.017728
-0.01717
-0.016887
-0.016908
-0.017217
-0.017746
-0.018391
-0.019029
-0.019529
-0.019784
-0.019719
-0.019309
-0.018571
-0.017559
-0.016351
-0.015026
-0.013652
-0.012269
-0.010892
-0.009513
-0.00811
-0.006665
-0.005178
-0.003673
-0.002195
-0.000813
0.000404
0.001383
0.002072
0.002437
0.0024761
0.0022231
0.0017449
0.0011367
0.0005036
-6.24e-05
-0.0005124
-0.0008613
-0.0011957
-0.0016621
-0.0024322
-0.0036574
-0.005423
-0.007713
-0.0104023
-0.0132697
-0.0160376
-0.018416
-0.020156
-0.021081
-0.021114
-0.020271
-0.018654
-0.016424
-0.013771
-0.010894
-0.007982
-0.0052
-0.002674
-0.000501
0.00126
0.002587
0.003487
0.0039852
0.0041255
0.0039597
0.0035462
0.0029485
0.0022359
0.0014787
0.0007437
8.45e-05
-0.0004663
-0.0009029
-0.00124264
-0.00151907
-0.00176576
-0.00200184
-0.00222175
-0.00239278
-0.0024628
-0.00237431
-0.00208112
-0.00156422
-0.00084021
3.63328e-05
0.000980456
0.00189051
0.0026674
0.0032341
0.0035563
0.0036541
0.0036055
0.0035366
0.0035981
0.0039327
0.0046392
0.0057474
0.0072051
0.0088919
0.0106454
0.012299
0.013721
0.014832
0.015626
0.016151
0.016494
0.016765
0.017055
0.01743
0.017906
0.018455
0.019006
0.01946
0.019716
0.019687
0.019314
0.01858
0.017503
0.016132
0.014543
0.012818
0.011043
0.009293
0.007619
0.00605
0.004589
0.003214
0.001899
0.000619
-0.00063
-0.001831
-0.0029333
-0.0038675
-0.0045512
-0.004906
-0.0048742
-0.0044308
-0.0035919
-0.0024119
-0.0009782
0.0006076
0.0022473
0.0038656
0.0054247
0.006927
0.0084082
0.0099162
0.0114848
0.0131093
0.0147321
0.0162442
0.0175021
0.0183584
0.018687
0.018418
0.017543
0.016114
0.014233
0.012028
0.00964
0.007197
0.004818
0.002598
0.000614
-0.001076
-0.002437
-0.003446
-0.0040972
-0.0043937
-0.0043495
-0.0039895
-0.003353
-0.0024994
-0.0015078
-0.0004732
0.0005083
0.001355
0.0020165
0.0024816
0.0027769
0.0029521
0.00306
0.0031365
0.0031859
0.0031799
0.0030658
0.0027829
0.0022821
0.0015391
0.000564
-0.0005986
-0.0018759
-0.0031778
-0.00441078
-0.00549287
-0.00636962
-0.0070261
-0.0074949
-0.0078533
-0.0082095
-0.0086778
-0.0093489
-0.0102626
-0.0113944
-0.0126575
-0.0139259
-0.0150643
-0.015963
-0.016558
-0.016846
-0.016879
-0.016745
-0.016546
-0.016384
-0.01633
-0.01642
-0.016648
-0.01697
-0.017311
-0.017581
-0.017696
-0.017584
-0.017205
-0.016555
-0.015659
-0.014574
-0.013366
-0.012103
-0.010838
-0.009603
-0.008405
-0.007232
-0.006064
-0.004887
-0.003701
-0.002532
-0.001423
-0.000431
0.000384
0.0009687
0.001291
0.0013376
0.0011164
0.0006535
-1.05e-05
-0.0008271
-0.0017463
-0.0027235
-0.0037269
-0.0047444
-0.0057841
-0.0068702
-0.008029
-0.0092734
-0.0105846
-0.0119039
-0.0131335
-0.0141522
-0.014836
-0.015083
-0.014839
-0.014098
-0.012908
-0.011356
-0.009553
-0.007616
-0.005657
-0.003773
-0.002042
-0.000521
0.000748
0.001745
0.002458
0.0028913
0.0030564
0.0029724
0.0026675
0.0021802
0.0015624
0.000877
0.0001931
-0.0004243
-0.0009275
-0.0012963
-0.0015425
-0.0017061
-0.001841
-0.0019988
-0.0022098
-0.0024725
-0.0027513
-0.0029848
-0.0031018
-0.0030376
-0.0027516
-0.0022353
-0.0015151
-0.0006486
0.0002849
0.0011976
0.0020082
0.00265769
0.00312388
0.00342948
0.00364303
0.0038666
0.0042137
0.0047807
0.0056209
0.0067258
0.0080256
0.0094036
0.0107224
0.0118542
0.0127065
0.0132376
0.0134572
0.013422
0.013214
0.01293
0.012656
0.012458
0.012365
0.012368
0.012428
0.012479
0.012445
0.012256
0.01186
0.011236
0.010394
0.009372
0.008223
0.007008
0.005784
0.004592
0.003457
0.002389
0.00139
0.0004639
-0.0003839
-0.001136
-0.0017689
-0.0022568
-0.0025784
-0.0027218
-0.0026866
-0.0024834
-0.0021321
-0.001656
-0.0010811
-0.0004323
0.0002673
0.0009989
0.0017521
0.0025284
0.0033418
0.0042157
0.0051732
0.006224
0.0073499
0.0084994
0.0095893
0.0105186
0.0111884
0.0115215
0.0114765
0.0110539
0.0102875
0.0092384
0.0079789
0.0065816
0.0051176
0.0036517
0.0022426
0.0009461
-0.0001883
-0.0011201
-0.0018187
-0.002269
-0.0024689
-0.0024298
-0.0021747
-0.0017383
-0.0011659
-0.0005123
0.0001621
0.0007988
0.0013506
0.0017903
0.0021153
0.0023472
0.0025225
0.00268
0.0028461
0.0030256
0.0031973
0.0033205
0.0033449
0.0032241
0.0029281
0.0024493
0.0018068
0.0010421
0.0002144
-0.0006087
-0.00136197
-0.0019943
-0.00247988
-0.0028292
-0.00309008
-0.0033412
-0.0036772
-0.0041857
-0.0049213
-0.0058897
-0.0070414
-0.0082807
-0.0094871
-0.0105417
-0.0113506
-0.0118641
-0.0120784
-0.012034
-0.0118004
-0.0114617
-0.011098
-0.010772
-0.010521
-0.010352
-0.010243
-0.01015
-0.010024
-0.009814
-0.009484
-0.009017
-0.008417
-0.007706
-0.006918
-0.006087
-0.0052443
-0.0044136
-0.0036092
-0.002838
-0.002106
-0.001421
-0.0007974
-0.000256
0.000179
0.0004833
0.0006401
0.0006425
0.000496
0.0002168
-0.0001711
-0.0006401
-0.0011631
-0.0017152
-0.0022763
-0.0028328
-0.0033796
-0.003923
-0.00448
-0.0050748
-0.0057307
-0.0064581
-0.0072442
-0.0080483
-0.0088046
-0.009434
-0.0098602
-0.0100267
-0.0099045
-0.0094973
-0.0088327
-0.0079545
-0.0069138
-0.0057599
-0.0045404
-0.0033025
-0.0020928
-0.00096
4.88e-05
0.0008909
0.0015334
0.0019569
0.0021568
0.0021416
0.0019327
0.0015609
0.0010664
0.0004951
-0.0001031
-0.0006803
-0.0011975
-0.0016317
-0.0019797
-0.0022573
-0.0024924
-0.0027143
-0.002942
-0.0031751
-0.0033922
-0.0035547
-0.0036173
-0.0035393
-0.0032958
-0.0028819
-0.0023154
-0.0016327
-0.0008841
-0.000126
0.0005862
0.0012074
0.0017116
0.00209947
0.00240249
0.00267971
0.00300674
0.00345786
0.00408472
0.0048988
0.0058649
0.0069049
0.0079151
0.0087891
0.0094404
0.0098191
0.0099187
0.0097723
0.0094426
0.0090069
0.0085423
0.0081119
0.0077575
0.0074953
0.0073163
0.0071928
0.0070852
0.0069527
0.0067594
0.0064828
0.0061147
0.0056613
0.0051381
0.0045651
0.0039627
0.0033457
0.0027246
0.0021057
0.0014948
0.0009006
0.0003385
-0.0001706
-0.0006023
-0.0009331
-0.0011462
-0.0012347
-0.0012032
-0.0010655
-0.0008411
-0.0005507
-0.0002126
0.0001591
0.0005539
0.0009657
0.0013924
0.0018376
0.0023102
0.002823
0.0033871
0.0040047
0.0046611
0.0053212
0.0059315
0.0064296
0.0067574
0.0068724
0.0067562
0.0064148
0.0058731
0.0051669
0.004335
0.003414
0.0024389
0.0014433
0.0004633
-0.0004616
-0.0012919
-0.0019901
-0.0025262
-0.0028807
-0.003046
-0.0030265
-0.0028363
-0.0025
-0.00204974
-0.00152464
-0.000967908
-0.000421865
7.83498e-05
0.000511055
0.000871602
0.00117224
0.00143607
0.00168785
0.00194398
0.00220474
0.00245226
0.00265394
0.00277102
0.00276834
0.0026223
0.0023267
0.0018925
0.0013469
0.0007284
8.2009e-05
-0.000547133
-0.00111961
-0.00160965
-0.00201203
-0.00234601
-0.00265479
-0.00299773
-0.0034358
-0.0040135
-0.0047448
-0.0056028
-0.0065238
-0.0074196
-0.0081967
-0.0087762
-0.0091098
-0.0091855
-0.0090272
-0.0086863
-0.008229
-0.0077237
-0.0072309
-0.0067951
-0.0064404
-0.0061705
-0.0059717
-0.0058181
-0.0056782
-0.0055221
-0.0053273
-0.0050812
-0.0047821
-0.0044364
-0.0040549
-0.0036492
-0.0032276
-0.0027955
-0.0023564
-0.0019146
-0.0014791
-0.001064
-0.0006893
-0.0003775
-0.0001487
-1.64e-05
1.68e-05
-4.19e-05
-0.000177
-0.0003694
-0.0006011
-0.000858
-0.0011317
-0.0014186
-0.0017181
-0.0020324
-0.002366
-0.0027259
-0.0031212
-0.0035583
-0.0040375
-0.0045451
-0.0050516
-0.0055135
-0.0058803
-0.0061045
-0.0061533
-0.006014
-0.0056942
-0.0052177
-0.004616
-0.0039215
-0.0031634
-0.0023683
-0.0015605
-0.0007682
-2.14e-05
0.0006465
0.0012038
0.0016242
0.0018902
0.0019951
0.0019431
0.0017471
0.0014288
0.0010156
0.00054
3.6918e-05
-0.000459455
-0.000920512
-0.00132783
-0.00167657
-0.00197505
-0.00224058
-0.00249211
-0.0027419
-0.0029891
-0.0032181
-0.0034008
-0.0035042
-0.003498
-0.0033626
-0.0030925
-0.0026981
-0.0022032
-0.0016416
-0.0010525
-0.0004757
5.31e-05
0.0005091
0.0008834
0.00118811
0.00145631
0.00173726
0.00208479
0.00254279
0.00313024
0.00383263
0.0046017
0.0053649
0.0060409
0.006558
0.0068674
0.0069521
0.0068262
0.0065285
0.0061139
0.0056417
0.0051677
0.004736
0.0043759
0.0040998
0.0039036
0.0037704
0.0036755
0.0035918
0.0034943
0.0033653
0.0031949
0.0029811
0.0027272
0.0024393
0.0021232
0.0017835
0.0014258
0.0010566
0.0006866
0.0003313
1.02e-05
-0.0002565
-0.0004514
-0.0005646
-0.0005953
-0.0005522
-0.0004502
-0.0003064
-0.0001359
5.14e-05
0.0002507
0.0004613
0.000685
0.0009244
0.0011829
0.0014651
0.0017764
0.0021211
0.0024976
0.0028942
0.0032861
0.0036368
0.0039041
0.0040497
0.0040478
0.0038905
0.0035889
0.0031656
0.0026497
0.0020685
0.0014447
0.0007966
0.0001413
-0.0005022
-0.0011103
-0.001656
-0.0021121
-0.002455
-0.0026686
-0.0027462
-0.00269012
-0.00251138
-0.00222709
-0.00185967
-0.00143531
-0.000982482
-0.000529226
-9.9681e-05
0.000289939
0.000633917
0.000937122
0.00121179
0.00147159
0.001725
0.00196994
0.00219225
0.00236807
0.00246918
0.00247045
0.00235553
0.00212064
0.00177519
0.00133964
0.000842646
0.000317291
-0.000202559
-0.000686221
-0.0011104
-0.00146447
-0.00175424
-0.00200354
-0.00225096
-0.00254168
-0.00291505
-0.0033921
-0.0039663
-0.0046022
-0.0052413
-0.005815
-0.0062595
-0.0065292
-0.0066045
-0.0064916
-0.0062199
-0.0058336
-0.0053832
-0.0049181
-0.0044809
-0.0041026
-0.0038014
-0.003581
-0.0034335
-0.0033406
-0.0032804
-0.0032294
-0.0031676
-0.0030813
-0.0029629
-0.0028102
-0.0026247
-0.0024092
-0.0021678
-0.0019048
-0.0016271
-0.001345
-0.0010723
-0.0008265
-0.0006248
-0.0004812
-0.0004035
-0.0003907
-0.0004345
-0.0005207
-0.0006342
-0.0007624
-0.0008977
-0.0010375
-0.0011835
-0.001339
-0.0015078
-0.0016935
-0.0019
-0.002131
-0.0023897
-0.0026746
-0.0029758
-0.0032731
-0.0035368
-0.0037319
-0.0038269
-0.0038011
-0.0036493
-0.003382
-0.0030209
-0.0025917
-0.0021178
-0.0016172
-0.001103
-0.0005861
-7.96e-05
0.0003996
0.0008306
0.0011908
0.0014605
0.0016253
0.0016787
0.0016224
0.0014642
0.0012179
0.000901073
0.000534643
0.000141569
-0.000255238
-0.000635613
-0.000985503
-0.00129929
-0.00158018
-0.00183748
-0.00208205
-0.00232046
-0.00255051
-0.0027598
-0.0029273
-0.0030285
-0.0030415
-0.0029521
-0.0027572
-0.0024646
-0.0020921
-0.0016636
-0.0012067
-0.0007498
-0.0003192
6.44e-05
0.0003895
0.0006573
0.000884078
0.0010995
0.00134057
0.00164216
0.00202592
0.00249154
0.00301393
0.00354702
0.00403376
0.0044187
0.0046602
0.0047362
0.0046482
0.0044163
0.0040753
0.0036666
0.0032327
0.0028124
0.0024374
0.002129
0.001898
0.0017429
0.0016533
0.0016107
0.0015941
0.0015827
0.0015594
0.0015129
0.0014368
0.0013291
0.0011906
0.001024
0.0008335
0.0006257
0.0004108
0.0002018
1.41e-05
-0.0001369
-0.000239
-0.0002866
-0.0002814
-0.0002323
-0.0001529
-5.7354e-05
4.3079e-05
0.000142254
0.000239388
0.000337749
0.000442296
0.000557936
0.00068862
0.000837684
0.00100794
0.00120107
0.00141524
0.00164217
0.00186502
0.00205892
0.0021949
0.0022468
0.0021975
0.0020441
0.0017976
0.0014785
0.001111
0.0007165
0.0003105
-9.77e-05
-0.0005011
-0.0008924
-0.0012604
-0.0015903
-0.00186531
-0.00206946
-0.00219129
-0.00222521
-0.00217148
-0.00203588
-0.00182826
-0.0015619
-0.00125285
-0.000919021
-0.000579066
-0.000249781
5.655e-05
0.000334389
0.000585362
0.000816502
0.00103628
0.00124993
0.00145551
0.00164232
0.00179267
0.00188571
0.00190275
0.00183176
0.00166977
0.00142346
0.00110729
0.000741139
0.000347726
-4.9569e-05
-0.000428736
-0.000771436
-0.00106602
-0.00131072
-0.00151582
-0.00170352
-0.00190365
-0.00214634
-0.00245255
-0.00282614
-0.0032502
-0.003689
-0.0040956
-0.0044228
-0.0046326
-0.0047037
-0.0046332
-0.0044352
-0.0041365
-0.0037706
-0.0033733
-0.0029795
-0.0026192
-0.0023154
-0.0020825
-0.0019249
-0.001837
-0.0018051
-0.0018108
-0.0018334
-0.0018551
-0.0018612
-0.0018429
-0.0017951
-0.0017168
-0.001609
-0.0014755
-0.0013226
-0.0011593
-0.0009982
-0.0008535
-0.0007391
-0.0006656
-0.0006376
-0.0006529
-0.0007024
-0.0007733
-0.0008523
-0.0009293
-0.0009991
-0.0010622
-0.0011228
-0.0011868
-0.00126
-0.0013465
-0.0014497
-0.0015717
-0.0017137
-0.0018741
-0.002046
-0.0022156
-0.002362
-0.0024603
-0.0024878
-0.0024297
-0.0022836
-0.0020595
-0.0017769
-0.0014587
-0.0011248
-0.0007895
-0.0004605
-0.0001417
0.0001629
0.0004466
0.000699
0.0009079
0.0010612
0.0011497
0.001169
0.00111891
0.00100374
0.000830755
0.000609767
0.000352591
7.293e-05
-0.000214713
-0.00049674
-0.000762839
-0.00100773
-0.00123206
-0.00144096
-0.00164094
-0.00183597
-0.00202408
-0.00219603
-0.00233639
-0.00242709
-0.0024518
-0.0023998
-0.0022685
-0.002063
-0.0017956
-0.0014829
-0.0011438
-0.0007979
-0.0004638
-0.0001577
0.000109
0.000332229
0.000517778
0.000681653
0.000847664
0.00104149
0.00128311
0.0015792
0.00191929
0.00227625
0.00261217
0.00288671
0.00306632
0.0031302
0.0030733
0.0029047
0.0026447
0.0023203
0.0019615
0.0015985
0.001259
0.0009663
0.000737
0.0005792
0.0004916
0.0004647
0.0004825
0.0005263
0.0005776
0.000621
0.0006454
0.0006439
0.0006136
0.0005543
0.0004687
0.0003624
0.0002438
0.000124126
1.6533e-05
-6.6459e-05
-0.000115514
-0.000126674
-0.000102803
-5.2578e-05
1.178e-05
7.7888e-05
0.000136391
0.000182953
0.000218545
0.000248
0.000277907
0.00031453
0.000362734
0.000425939
0.000506482
0.000605529
0.000721987
0.000850365
0.000979163
0.00109066
0.00116355
0.00117756
0.00111929
0.000986092
0.00078696
0.000539757
0.000265583
-1.6503e-05
-0.00029324
-0.000557877
-0.000807889
-0.00104167
-0.00125578
-0.00144373
-0.00159689
-0.00170655
-0.0017659
-0.00177165
-0.00172393
-0.00162589
-0.00148281
-0.00130156
-0.00109053
-0.000859633
-0.000619852
-0.000381946
-0.000154622
5.728e-05
0.000253573
0.000437856
0.000615119
0.000788421
0.000955988
0.00110981
0.00123676
0.00132129
0.00134913
0.00131089
0.00120396
0.00103276
0.000807514
0.000542035
0.00025208
-4.623e-05
-0.000337295
-0.000607188
-0.00084505
-0.00104565
-0.00121143
-0.00135363
-0.00149077
-0.00164449
-0.00183313
-0.00206513
-0.00233492
-0.0026225
-0.0028974
-0.0031261
-0.0032791
-0.0033371
-0.0032936
-0.003154
-0.0029334
-0.002653
-0.0023372
-0.0020116
-0.0017008
-0.0014273
-0.0012083
-0.0010544
-0.0009677
-0.0009423
-0.000965
-0.0010194
-0.0010875
-0.0011538
-0.001206
-0.0012361
-0.0012397
-0.0012158
-0.0011663
-0.0010954
-0.001011
-0.0009231
-0.0008438
-0.0007844
-0.0007533
-0.0007542
-0.0007843
-0.0008353
-0.0008958
-0.0009539
-0.001001
-0.0010329
-0.0010508
-0.0010591
-0.001065
-0.001075
-0.0010941
-0.0011264
-0.0011741
-0.0012388
-0.00132
-0.0014133
-0.0015096
-0.001594
-0.001648
-0.0016534
-0.0015979
-0.0014782
-0.0013019
-0.0010849
-0.0008467
-0.0006053
-0.0003736
-0.0001581
3.95e-05
0.0002191
0.0003793
0.0005165
0.0006251
0.0006992
0.000734306
0.000728339
0.000681974
0.000597846
0.000479732
0.000332254
0.000160977
-2.7323e-05
-0.000224706
-0.000422921
-0.000614798
-0.00079593
-0.00096558
-0.00112619
-0.00128147
-0.00143375
-0.00158145
-0.00171777
-0.00183144
-0.00190896
-0.00193804
-0.00191037
-0.0018236
-0.0016814
-0.0014923
-0.0012678
-0.0010211
-0.0007653
-0.0005132
-0.000277
-6.6392e-05
0.000112586
0.000259966
0.000383228
0.000496484
0.000617604
0.00076301
0.000942033
0.00115264
0.00138054
0.00160188
0.00178887
0.00191617
0.00196636
0.00193212
0.00181644
0.00163029
0.00139017
0.00111573
0.000828132
0.000548869
0.000298291
9.3572e-05
-5.354e-05
-0.000138164
-0.000163458
-0.000139333
-8.0407e-05
-3.167e-06
7.6994e-05
0.000147536
0.000199623
0.000228025
0.000230763
0.000208627
0.000165257
0.000107154
4.3493e-05
-1.4972e-05
-5.7691e-05
-7.6722e-05
-6.8745e-05
-3.6124e-05
1.3552e-05
6.9576e-05
0.000120935
0.000159208
0.000180435
0.000185469
0.000179018
0.00016772
0.000158224
0.000155958
0.000164897
0.000187785
0.000226236
0.00028026
0.000346863
0.000418556
0.000482888
0.000523876
0.000525343
0.000475486
0.000370635
0.000216596
2.7295e-05
-0.000179458
-0.000386641
-0.000581834
-0.000758525
-0.000915114
-0.00105216
-0.00116998
-0.00126707
-0.00134026
-0.00138592
-0.0014014
-0.00138596
-0.00134081
-0.00126822
-0.00117112
-0.00105242
-0.000915438
-0.000764318
-0.000604451
-0.000441857
-0.000282191
-0.000129342
1.5557e-05
0.000154085
0.000288934
0.000421829
0.000551298
0.000671554
0.000772815
0.000843536
0.00087291
0.000853712
0.000783783
0.000666119
0.000507928
0.000318917
0.000109863
-0.00010832
-0.000324989
-0.000530127
-0.00071493
-0.000873314
-0.00100383
-0.00111096
-0.00120523
-0.00130114
-0.00141313
-0.00155059
-0.00171405
-0.0018936
-0.00207065
-0.0022224
-0.0023274
-0.0023698
-0.0023425
-0.0022467
-0.0020904
-0.0018863
-0.0016501
-0.0013992
-0.0011517
-0.0009256
-0.0007374
-0.0005993
-0.0005177
-0.000492
-0.0005148
-0.0005735
-0.0006534
-0.0007398
-0.0008205
-0.0008862
-0.0009313
-0.0009531
-0.0009515
-0.0009293
-0.000892
-0.0008477
-0.0008059
-0.0007764
-0.0007666
-0.0007798
-0.0008141
-0.0008624
-0.0009151
-0.0009616
-0.0009941
-0.0010083
-0.0010051
-0.0009887
-0.0009653
-0.0009417
-0.0009233
-0.0009142
-0.0009174
-0.0009349
-0.0009671
-0.0010122
-0.0010641
-0.0011128
-0.0011444
-0.0011443
-0.0011016
-0.0010117
-0.0008789
-0.0007152
-0.0005364
-0.0003584
-0.0001933
-4.75e-05
7.69e-05
0.0001812
0.0002664
0.000332355
0.000377789
0.000400781
0.000400245
0.000376634
0.00033167
0.000267834
0.000187357
9.2108e-05
-1.6279e-05
-0.000135679
-0.000262938
-0.000393904
-0.000524264
-0.000650806
-0.000772256
-0.000889506
-0.00100453
-0.00111861
-0.00123042
-0.00133501
-0.00142403
-0.00148742
-0.00151579
-0.00150281
-0.00144643
-0.00134926
-0.00121737
-0.001059
-0.00088308
-0.000698551
-0.000514075
-0.000337973
-0.000177831
-3.948e-05
7.455e-05
0.000166722
0.000244669
0.00032001
0.000405192
0.000509374
0.000634711
0.00077464
0.000914886
0.00103693
0.00112247
0.00115777
0.00113576
0.00105655
0.000926059
0.00075407
0.000552878
0.000336405
0.000119812
-8.1219e-05
-0.000251711
-0.000379521
-0.000457218
-0.00048367
-0.000464061
-0.000408612
-0.000330457
-0.00024304
-0.000158141
-8.48462e-05
-2.92067e-05
5.6103e-06
1.89328e-05
1.26192e-05
-8.8237e-06
-3.84645e-05
-6.76717e-05
-8.75895e-05
-9.12225e-05
-7.52653e-05
-4.11621e-05
5.0329e-06
5.42532e-05
9.68921e-05
0.000125265
0.00013528
0.000127196
0.000104812
7.3988e-05
4.09633e-05
1.12755e-05
-1.08332e-05
-2.21981e-05
-2.0607e-05
-5.089e-06
2.33725e-05
6.03059e-05
9.73065e-05
0.00012254
0.000123169
8.84435e-05
1.35289e-05
-9.8964e-05
-0.000239271
-0.000393272
-0.000546353
-0.000686938
-0.000808352
-0.000908451
-0.000988148
-0.00104901
-0.00109193
-0.0011167
-0.0011229
-0.00111061
-0.00108115
-0.00103687
-0.000980347
-0.00091362
-0.000837818
-0.000753358
-0.000660792
-0.000561565
-0.000458099
-0.000353485
-0.000250295
-0.000149809
-5.1625e-05
4.565e-05
0.000142858
0.000238855
0.000329349
0.000407185
0.000463616
0.000490495
0.000482168
0.000436879
0.000356708
0.000246935
0.000114569
-3.2905e-05
-0.000188181
-0.000344246
-0.000494303
-0.000631929
-0.000751745
-0.000850808
-0.000929981
-0.000994653
-0.00105397
-0.00111851
-0.00119679
-0.001292
-0.00139999
-0.00151014
-0.00160736
-0.00167629
-0.0017049
-0.0016869
-0.0016213
-0.0015125
-0.0013683
-0.0011981
-0.001013
-0.0008255
-0.0006488
-0.0004964
-0.0003798
-0.0003066
-0.0002796
-0.0002954
-0.0003457
-0.0004193
-0.0005039
-0.0005885
-0.0006645
-0.000725644
-0.000768647
-0.00079222
-0.00079748
-0.000787951
-0.000769496
-0.000749729
-0.000736676
-0.000736996
-0.000754051
-0.00078699
-0.000830576
-0.00087671
-0.000916369
-0.0009422
-0.000950091
-0.000939808
-0.000914626
-0.000879839
-0.000841349
-0.000804469
-0.000773497
-0.00075166
-0.000741437
-0.00074426
-0.00075978
-0.000784851
-0.000812687
-0.000833265
-0.000835024
-0.000808016
-0.000746899
-0.000652888
-0.0005338
-0.000402
-0.000270538
-0.000150502
-4.8637e-05
3.2559e-05
9.3751e-05
0.000136584
0.000162459
0.000172071
0.000165865
0.000144791
0.000110932
6.7107e-05
1.6187e-05
-3.9868e-05
-0.0001003
-0.000165492
-0.00023609
-0.000312019
-0.000392195
-0.000474665
-0.000557471
-0.000639413
-0.000720602
-0.000801947
-0.000884063
-0.000965844
-0.00104364
-0.00111126
-0.0011611
-0.00118594
-0.00118084
-0.00114414
-0.00107778
-0.00098624
-0.000875577
-0.000752091
-0.000621818
-0.000490368
-0.000363216
-0.000245779
-0.00014279
-5.7369e-05
1.0312e-05
6.3896e-05
0.000110459
0.000158787
0.00021667
0.000287804
0.000370089
0.000455442
0.000531828
0.000586435
0.00060889
0.000593168
0.000538315
0.000447472
0.000326568
0.000183182
2.6023e-05
-0.000134963
-0.000288618
-0.000423346
-0.000528546
-0.0005963
-0.000623228
-0.000611142
-0.000566525
-0.000499045
-0.00041948
-0.000337893
-0.000262488
-0.000199176
-0.000151517
-0.00012109
-0.00010745
-0.000107938
-0.000117712
-0.000130217
-0.000138231
-0.0001355
-0.000118532
-8.7667e-05
-4.7285e-05
-4.606e-06
3.2132e-05
5.592e-05
6.2576e-05
5.1578e-05
2.5548e-05
-1.0809e-05
-5.2064e-05
-9.3153e-05
-0.000129901
-0.000159007
-0.000177898
-0.000184778
-0.000179332
-0.000163702
-0.000143209
-0.000126259
-0.000123009
-0.000142782
-0.000191204
-0.000268302
-0.000368074
-0.000480122
-0.00059258
-0.000695135
-0.000781032
-0.000847532
-0.000894883
-0.000924673
-0.000938561
-0.000937656
-0.000922974
-0.000896078
-0.000859473
-0.000816379
-0.000769917
-0.000722192
-0.000673748
-0.000623845
-0.000571072
-0.000514411
-0.000453859
-0.000390389
-0.000325404
-0.000259839
-0.000193834
-0.000126779
-5.8226e-05
1.0811e-05
7.7191e-05
0.000135593
0.000179373
0.000202164
0.000199549
0.000170086
0.000115339
3.9287e-05
-5.2873e-05
-0.000155739
-0.000264339
-0.000374202
-0.000480995
-0.000580336
-0.000668064
-0.000741199
-0.000798821
-0.000843238
-0.000879809
-0.000915867
-0.000958208
-0.00101084
-0.00107292
-0.00113854
-0.00119811
-0.00124101
-0.00125826
-0.0012445
-0.00119858
-0.0011228
-0.001022
-0.0009018
-0.0007694
-0.0006325
-0.0005002
-0.0003824
-0.0002888
-0.000226967
-0.000200703
-0.000209444
-0.000248179
-0.000308849
-0.000381977
-0.000458531
-0.000530921
-0.000593618
-0.000642948
-0.000677153
-0.000696183
-0.000701934
-0.000698305
-0.000690945
-0.000686318
-0.000690229
-0.000706225
-0.000734433
-0.000771344
-0.000810578
-0.00084465
-0.000866964
-0.000873372
-0.000862911
-0.000837654
-0.000801683
-0.00075993
-0.000717103
-0.000677213
-0.000643544
-0.000618778
-0.00060495
-0.000602827
-0.000611209
-0.00062605
-0.000640288
-0.000645004
-0.000631698
-0.000594459
-0.0005323
-0.000449605
-0.000355028
-0.000259116
-0.000171319
-9.8288e-05
-4.3102e-05
-5.878e-06
1.4819e-05
2.0511e-05
1.2621e-05
-7.499e-06
-3.7975e-05
-7.6015e-05
-0.000118151
-0.000161026
-0.000202354
-0.000241522
-0.000279483
-0.00031814
-0.000359248
-0.00040371
-0.000451356
-0.000501364
-0.00055296
-0.000605989
-0.000660829
-0.000717707
-0.000775803
-0.000832439
-0.000882923
-0.000921391
-0.000942234
-0.000941482
-0.000917725
-0.000872337
-0.000808879
-0.00073196
-0.000646234
-0.000555806
-0.00046426
-0.000375018
-0.000291549
-0.000217289
-0.000155173
-0.000106412
-6.9697e-05
-4.0959e-05
-1.4335e-05
1.6224e-05
5.4621e-05
0.000100963
0.000150979
0.000197083
0.000230394
0.000243233
0.000230823
0.000191964
0.000128469
4.4105e-05
-5.6427e-05
-0.000167767
-0.000283696
-0.000396875
-0.00049899
-0.00058159
-0.000637548
-0.000662706
-0.000656893
-0.000623763
-0.000569995
-0.000503812
-0.000433296
-0.000365291
-0.000304982
-0.000255824
-0.000219762
-0.000197191
-0.000186875
-0.000185758
-0.0001891
-0.000191189
-0.000186682
-0.000172026
-0.000146639
-0.000113305
-7.7527e-05
-4.6048e-05
-2.503e-05
-1.8582e-05
-2.7921e-05
-5.1532e-05
-8.592e-05
-0.000126714
-0.000169587
-0.000210793
-0.000247117
-0.00027588
-0.00029492
-0.000303011
-0.000300609
-0.000290755
-0.000279158
-0.000273462
-0.000281576
-0.000309314
-0.000358466
-0.000426091
-0.000505086
-0.000586406
-0.00066131
-0.000723474
-0.000769637
-0.000799284
-0.00081344
-0.000813648
-0.000801317
-0.00077796
-0.000745635
-0.000707257
-0.000666357
-0.000626501
-0.000590097
-0.000557959
-0.000529103
-0.000501439
-0.00047271
-0.00044138
-0.000406936
-0.000369653
-0.000330031
-0.00028827
-0.000244141
-0.000197462
-0.000149023
-0.00010112
-5.7843e-05
-2.4308e-05
-5.521e-06
-5.122e-06
-2.4438e-05
-6.2276e-05
-0.000115443
-0.000179853
-0.000251427
-0.000326655
-0.000402559
-0.000476591
-0.000546064
-0.000608064
-0.000660058
-0.000700723
-0.000730645
-0.000752792
-0.00077197
-0.000793375
-0.000820759
-0.000854812
-0.000892542
-0.00092797
-0.000953726
-0.000963188
-0.000952125
-0.000919379
-0.000866301
-0.000795923
-0.000712067
-0.000619002
-0.000521503
-0.000425473
-0.000337727
-0.000265672
-0.000215731
-0.000192061
-0.000195526
-0.000223532
-0.000270538
-0.000329531
-0.000393435
-0.000456065
-0.000512682
-0.00056009
-0.00059627
-0.000620611
-0.000633829
-0.000638187
-0.00063762
-0.000637077
-0.000641421
-0.000654138
-0.00067623
-0.000705607
-0.000737578
-0.000766188
-0.000785739
-0.000792258
-0.000784263
-0.00076285
-0.000730931
-0.000692361
-0.000650987
-0.000610359
-0.000573411
-0.000542797
-0.000520736
-0.000508748
-0.000506878
-0.000513062
-0.000522681
-0.000529215
-0.000525527
-0.000505954
-0.000468105
-0.000413798
-0.000348598
-0.000280313
-0.000216767
-0.000163973
-0.000125267
-0.000101507
-9.1955e-05
-9.5285e-05
-0.000110127
-0.000134945
-0.000167746
-0.000205625
-0.000245023
-0.000282303
-0.000314881
-0.000341717
-0.000363614
-0.00038271
-0.000401538
-0.000422091
-0.000445455
-0.000471823
-0.000500958
-0.000532765
-0.000567428
-0.000605047
-0.000645004
-0.000685305
-0.000722456
-0.000751871
-0.000769027
-0.000770576
-0.000755179
-0.000723906
-0.000679545
-0.00062573
-0.000566118
-0.000503756
-0.000440963
-0.000379793
-0.00032229
-0.000270784
-0.000227452
-0.000193734
-0.000169374
-0.000152324
-0.000138715
-0.000124097
-0.000105016
-8.0396e-05
-5.2262e-05
-2.5317e-05
-5.669e-06
1.021e-06
-8.914e-06
-3.6702e-05
-8.1226e-05
-0.000139942
-0.000209696
-0.000287151
-0.000368534
-0.000449279
-0.000523804
-0.000585907
-0.000629857
-0.000651587
-0.00064984
-0.000626426
-0.000585798
-0.000533939
-0.000477016
-0.000420525
-0.000368684
-0.000324446
-0.000289637
-0.000265114
-0.000250515
-0.000244118
-0.000242799
-0.000242315
-0.000238266
-0.000227314
-0.000208236
-0.000182525
-0.000154048
-0.000128087
-0.000109837
-0.000103138
-0.000109598
-0.00012853
-0.00015755
-0.000193354
-0.000232417
-0.000271604
-0.000308123
-0.000339426
-0.000363283
-0.000378006
-0.000383079
-0.00037986
-0.000371922
-0.000364822
-0.000364929
-0.000377662
-0.000405792
-0.000448562
-0.000501659
-0.000558536
-0.000612248
-0.000657178
-0.000689972
-0.000709515
-0.000716228
-0.000711232
-0.00069578
-0.000671219
-0.000639454
-0.00060321
-0.000565984
-0.000531279
-0.000501953
-0.00047914
-0.000462305
-0.000449393
-0.000437792
-0.000425183
-0.000410143
-0.000392106
-0.000371084
-0.000347126
-0.000320118
-0.000289988
-0.000257247
-0.000223577
-0.000192005
-0.000166535
-0.00015124
-0.000149235
-0.000161756
-0.000187919
-0.000225287
-0.000270512
-0.000320312
-0.000372052
-0.000423801
-0.000474025
-0.00052121
-0.000563592
-0.000599314
-0.000627089
-0.000646748
-0.000659835
-0.000669371
-0.000679098
-0.000692159
-0.000709825
-0.000730772
-0.000751287
-0.00076633
-0.000771113
-0.000762262
-0.000738687
-0.000701256
-0.000652142
-0.000593975
-0.000529483
-0.000461571
-0.000393801
-0.000330649
-0.000277281
-0.000238746
-0.000218876
-0.000219255
-0.000238649
-0.000273481
-0.000318766
-0.000369101
-0.000419617
-0.000466615
-0.000507455
-0.000540424
-0.000564594
-0.000580002
-0.000587832
-0.000590589
-0.000591807
-0.000595406
-0.000604584
-0.000620745
-0.00064297
-0.000668049
-0.000691407
-0.000708297
-0.000715144
-0.000710219
-0.000693872
-0.000668049
-0.000635602
-0.000599534
-0.000562742
-0.000527747
-0.000496842
-0.000472307
-0.000455849
-0.000448302
-0.000448965
-0.000455051
-0.000461966
-0.000464141
-0.000456541
-0.00043612
-0.000402838
-0.000359967
-0.000312865
-0.000267618
-0.000229373
-0.000201475
-0.00018524
-0.000180483
-0.000186324
-0.000201676
-0.000225325
-0.000255533
-0.000289727
-0.000324682
-0.000356898
-0.000383586
-0.000403266
-0.000416327
-0.000424575
-0.000430602
-0.000436842
-0.000445049
-0.000456068
-0.00047014
-0.000487309
-0.000507701
-0.00053142
-0.000558019
-0.0005861
-0.000613041
-0.000635311
-0.000649184
-0.000651814
-0.000641961
-0.000620302
-0.00058898
-0.000551038
-0.00050947
-0.000466619
-0.000424105
-0.000383112
-0.000344712
-0.000310257
-0.000281215
-0.000258762
-0.00024325
-0.000233628
-0.000227451
-0.000221629
-0.000213332
-0.000201169
-0.000185944
-0.000170551
-0.000159133
-0.000155877
-0.000163711
-0.000183758
-0.000215262
-0.000256363
-0.000304803
-0.000358344
-0.000414688
-0.000471127
-0.000524149
-0.000569478
-0.000602722
-0.00062038
-0.000620801
-0.000604682
-0.000574831
-0.000535499
-0.000491365
-0.000446659
-0.000404607
-0.000367589
-0.000337158
-0.000314165
-0.00029878
-0.000290211
-0.000286542
-0.00028481
-0.000281613
-0.000273977
-0.000260372
-0.000241294
-0.000219349
-0.000198469
-0.000182901
-0.00017602
-0.0001796
-0.000193536
-0.000216276
-0.000245408
-0.000278253
-0.000312328
-0.000345331
-0.000375122
-0.000399649
-0.000417094
-0.000426352
-0.000427711
-0.000423189
-0.000416559
-0.000412632
-0.000416119
-0.000430174
-0.000455324
-0.00048935
-0.000527855
-0.00056561
-0.000597935
-0.000621647
-0.000635308
-0.00063888
-0.000632972
-0.000618488
-0.000596486
-0.000568468
-0.00053671
-0.000504218
-0.000474296
-0.000449814
-0.000432353
-0.000421882
-0.000416786
-0.00041464
-0.000412941
-0.000409778
-0.000404071
-0.000395443
-0.000383727
-0.000368826
-0.000350666
-0.000329516
-0.000306498
-0.00028383
-0.000264656
-0.000252269
-0.000249363
-0.000257205
-0.000275321
-0.00030176
-0.000333823
-0.000368744
-0.000404395
-0.000439365
-0.000472766
-0.00050382
-0.000531622
-0.000554972
-0.000572838
-0.000584826
-0.000591688
-0.000595308
-0.000598301
-0.000603177
-0.000611354
-0.000622369
-0.000633992
-0.000642754
-0.000645093
-0.000638336
-0.000621468
-0.000595055
-0.000560708
-0.000520356
-0.000475943
-0.000429273
-0.000382379
-0.000338063
-0.000299774
-0.000271276
-0.000255697
-0.000254713
-0.000268064
-0.000293505
-0.000327449
-0.000365913
-0.0004052
-0.00044243
-0.000475578
-0.000503312
-0.000524786
-0.000539675
-0.000548471
-0.000552594
-0.000554442
-0.000556983
-0.000562977
-0.000574041
-0.000590064
-0.00060898
-0.000627428
-0.000641633
-0.00064845
-0.00064607
-0.000634395
-0.000614636
-0.000588864
-0.000559359
-0.00052832
-0.000497803
-0.000469707
-0.000445947
-0.00042829
-0.000417985
-0.000415147
-0.00041838
-0.000424616
-0.000429713
-0.000429362
-0.000420481
-0.000401989
-0.000375405
-0.000344213
-0.000312883
-0.000285614
-0.000265438
-0.000253808
-0.000251025
-0.000256572
-0.000269823
-0.00028985
-0.000315398
-0.000344503
-0.000374462
-0.000402093
-0.000424616
-0.000440322
-0.000448979
-0.000451844
-0.000451248
-0.00044959
-0.000448868
-0.000450332
-0.000454567
-0.000461757
-0.000472118
-0.00048574
-0.000502445
-0.000521321
-0.000540495
-0.000557214
-0.000568498
-0.000571828
-0.000565913
-0.000551019
-0.000528853
-0.00050189
-0.000472594
-0.00044296
-0.000414223
-0.000387095
-0.00036205
-0.000339777
-0.00032115
-0.000307072
-0.000297915
-0.000293229
-0.000291486
-0.000290495
-0.000288051
-0.000282794
-0.000274866
-0.000266049
-0.000259229
-0.000257481
-0.000263199
-0.000277351
-0.000299498
-0.000328206
-0.000361785
-0.000398621
-0.000437189
-0.000475939
-0.000512749
-0.000544809
-0.000568956
-0.000582475
-0.000583689
-0.000572614
-0.000551012
-0.000521861
-0.000488579
-0.000454381
-0.000421759
-0.000392496
-0.000367724
-0.000348211
-0.000334289
-0.000325751
-0.000321527
-0.000319664
-0.000317663
-0.000312999
-0.000304032
-0.000290673
-0.000274424
-0.000258144
-0.000245172
-0.000238422
-0.000239588
-0.000249046
-0.000265836
-0.000288244
-0.00031431
-0.000342112
-0.000369888
-0.000395931
-0.00041848
-0.000435874
-0.000446797
-0.000450831
-0.000448924
-0.000443458
-0.00043796
-0.000436228
-0.000441313
-0.000454482
-0.000474915
-0.000499912
-0.000525694
-0.000548597
-0.0005658
-0.000575829
-0.000578236
-0.000573363
-0.000561677
-0.000543945
-0.000521142
-0.000494957
-0.000467796
-0.000442535
-0.000421855
-0.000407614
-0.000400268
-0.000398796
-0.000401184
-0.000405129
-0.000408589
-0.000410236
-0.000409372
-0.000405725
-0.000399083
-0.000389286
-0.000376396
-0.000361182
-0.000345178
-0.000330739
-0.000320576
-0.000317082
-0.000321526
-0.000333786
-0.000352431
-0.000375301
-0.000400055
-0.00042485
-0.000448581
-0.000470686
-0.000490814
-0.000508535
-0.000523209
-0.000534117
-0.000540857
-0.000543773
-0.000544011
-0.000543456
-0.00054403
-0.000546973
-0.000552379
-0.000558932
-0.000564192
-0.000565514
-0.000560783
-0.00054903
-0.000530541
-0.000506476
-0.000478439
-0.000447817
-0.000415861
-0.00038375
-0.00035318
-0.000326339
-0.000305827
-0.000294078
-0.000292692
-0.000301812
-0.000320103
-0.000345055
-0.000373729
-0.000403333
-0.000431657
-0.000457238
-0.000479102
-0.000496603
-0.00050937
-0.000517462
-0.00052166
-0.000523466
-0.000525009
-0.000528541
-0.000535626
-0.000546642
-0.000560421
-0.000574581
-0.000586223
-0.00059266
-0.000592224
-0.000584483
-0.000570159
-0.000550665
-0.000527702
-0.000502918
-0.000477843
-0.000453972
-0.00043283
-0.000416056
-0.000404977
-0.000400155
-0.000401099
-0.000405957
-0.000411756
-0.000415128
-0.000413179
-0.000404454
-0.000389259
-0.000369646
-0.000348717
-0.000329733
-0.000315208
-0.000306647
-0.000304562
-0.000308849
-0.000319074
-0.000334724
-0.000354983
-0.000378437
-0.000402991
-0.000426066
-0.00044509
-0.0004582
-0.000464764
-0.000465442
-0.000462018
-0.000456634
-0.000451293
-0.000447344
-0.000445616
-0.000446468
-0.000450105
-0.000456709
-0.000466287
-0.000478316
-0.000491519
-0.000503857
-0.000512928
-0.000516507
-0.000513353
-0.000503379
-0.000487767
-0.000468485
-0.000447661
-0.000426966
-0.000407454
-0.000389591
-0.000373613
-0.000359748
-0.000348467
-0.00034035
-0.000335734
-0.000334397
-0.000335426
-0.000337232
-0.00033813
-0.000336904
-0.000333328
-0.000328448
-0.000324264
-0.000323101
-0.000326883
-0.000336561
-0.000351924
-0.000371974
-0.000395306
-0.000420685
-0.000447072
-0.000473485
-0.00049872
-0.000521019
-0.000538234
-0.000548255
-0.000549615
-0.000542023
-0.000526499
-0.000505116
-0.000480409
-0.000454831
-0.000430301
-0.000408061
-0.00038892
-0.000373412
-0.000361874
-0.000354342
-0.000350341
-0.00034868
-0.000347584
-0.000345096
-0.000339646
-0.000330742
-0.000319176
-0.000306915
-0.000296511
-0.000290397
-0.000290174
-0.000296354
-0.000308443
-0.000325226
-0.000345264
-0.000367138
-0.000389542
-0.000411176
-0.000430643
-0.000446524
-0.000457495
-0.000462781
-0.000462637
-0.000458467
-0.000452723
-0.000448365
-0.000448066
-0.000453413
-0.00046445
-0.000479668
-0.000496507
-0.000512235
-0.000524521
-0.000531912
-0.000533842
-0.000530369
-0.000521693
-0.00050823
-0.000490625
-0.000469994
-0.000448123
-0.000427324
-0.000409972
-0.000397951
-0.000392042
-0.00039177
-0.000395686
-0.000401862
-0.000408355
-0.000413734
-0.000417202
-0.000418309
-0.000416764
-0.000412404
-0.000405173
-0.000395454
-0.00038429
-0.00037342
-0.000365041
-0.000361189
-0.000363153
-0.00037108
-0.000384088
-0.000400394
-0.000418075
-0.000435509
-0.000451703
-0.000466246
-0.000479009
-0.000489868
-0.000498548
-0.000504605
-0.000507728
-0.000508081
-0.000506401
-0.000503968
-0.000502299
-0.000502489
-0.000504837
-0.000508547
-0.000512012
-0.000513166
-0.000510287
-0.000502438
-0.000489678
-0.000472892
-0.000453305
-0.000432067
-0.000410087
-0.000388157
-0.000367243
-0.000348639
-0.000334118
-0.000325512
-0.000324142
-0.000330378
-0.000343483
-0.000361774
-0.000383012
-0.000405066
-0.000426273
-0.000445537
-0.000462205
-0.000475894
-0.000486284
-0.000493311
-0.000497281
-0.000499021
-0.00049996
-0.000501864
-0.0005061
-0.000513304
-0.000522967
-0.000533517
-0.000542748
-0.000548496
-0.000549215
-0.00054435
-0.000534237
-0.000519883
-0.000502523
-0.000483412
-0.000463627
-0.000444278
-0.000426546
-0.000411693
-0.000401031
-0.000395335
-0.000394664
-0.000398036
-0.000403434
-0.000408307
-0.000410177
-0.000407449
-0.000399768
-0.000388194
-0.000374753
-0.000361859
-0.000351567
-0.000345234
-0.000343483
-0.000346356
-0.000353694
-0.000365205
-0.000380427
-0.000398476
-0.00041784
-0.000436526
-0.000452339
-0.000463441
-0.000468939
-0.000469073
-0.000464957
-0.00045843
-0.000451241
-0.0004448
-0.000439972
-0.000437282
-0.000436973
-0.000439256
-0.000444293
-0.0004518
-0.000460933
-0.000470247
-0.000477806
-0.000481706
-0.000480682
-0.000474435
-0.000463668
-0.000449926
-0.000434965
-0.000420254
-0.000406798
-0.000394962
-0.000384856
-0.000376467
-0.000369988
-0.000365723
-0.000363913
-0.000364475
-0.000366793
-0.000369742
-0.000372079
-0.000372749
-0.000371393
-0.000368584
-0.000365753
-0.000364591
-0.000366699
-0.000373028
-0.000383541
-0.000397526
-0.000413898
-0.000431612
-0.000449828
-0.000467945
-0.000485185
-0.000500541
-0.000512582
-0.0005198
-0.000520974
-0.000515703
-0.00050455
-0.000488914
-0.000470698
-0.00045177
-0.000433624
-0.000417184
-0.000402928
-0.0003912
-0.000382178
-0.000375993
-0.00037248
-0.000371009
-0.000370417
-0.000369262
-0.000366204
-0.000360579
-0.000352651
-0.000343688
-0.000335577
-0.00033025
-0.000329155
-0.000332881
-0.000341226
-0.000353344
-0.000368171
-0.000384669
-0.000401896
-0.000418943
-0.000434794
-0.000448317
-0.00045836
-0.000464055
-0.000465173
-0.000462431
-0.000457413
-0.000452317
-0.000449337
-0.000450112
-0.000455111
-0.000463649
-0.000474107
-0.000484481
-0.000492934
-0.000498217
-0.000499744
-0.000497363
-0.000491213
-0.000481449
-0.000468429
-0.000452824
-0.000435848
-0.000419233
-0.000404977
-0.000394817
-0.000389692
-0.000389636
-0.000393659
-0.00040023
-0.000407666
-0.00041464
-0.000420235
-0.000423967
-0.000425547
-0.000424773
-0.000421487
-0.000415828
-0.000408411
-0.000400499
-0.000393715
-0.000389844
-0.000390124
-0.000395019
-0.000403926
-0.000415534
-0.000428267
-0.000440746
-0.000451994
-0.00046162
-0.000469658
-0.000476133
-0.000480901
-0.000483799
-0.000484635
-0.000483435
-0.000480753
-0.000477523
-0.00047487
-0.000473767
-0.000474587
-0.000476867
-0.000479486
-0.000480901
-0.00047968
-0.000474948
-0.0004666
-0.000455249
-0.000441823
-0.000427254
-0.000412293
-0.000397477
-0.000383366
-0.000370722
-0.000360746
-0.000354678
-0.000353623
-0.000357974
-0.000367396
-0.00038068
-0.000396203
-0.0004123
-0.000427742
-0.000441682
-0.000453748
-0.000463694
-0.000471398
-0.000476736
-0.000479792
-0.000480983
-0.000481255
-0.000481826
-0.000483919
-0.000488222
-0.000494618
-0.000502139
-0.000509188
-0.000514016
-0.00051532
-0.00051247
-0.000505626
-0.000495393
-0.000482731
-0.000468578
-0.00045367
-0.000438754
-0.000424724
-0.000412554
-0.000403248
-0.000397694
-0.00039623
-0.00039836
-0.000402867
-0.000407897
-0.000411462
-0.000412065
-0.000409097
-0.000402897
-0.000394773
-0.000386421
-0.000379406
-0.000374861
-0.000373394
-0.000375178
-0.000380162
-0.000388235
-0.000399161
-0.000412472
-0.000427153
-0.000441749
-0.000454515
-0.000463836
-0.000468686
-0.000468928
-0.000465255
-0.000459015
-0.000451692
-0.000444572
-0.000438567
-0.000434171
-0.000431657
-0.000431292
-0.000433225
-0.000437383
-0.000443343
-0.000450082
-0.000456139
-0.000459984
-0.000460345
-0.000456721
-0.000449464
-0.000439688
-0.000428833
-0.000418197
-0.000408706
-0.000400752
-0.000394356
-0.000389423
-0.000385943
-0.000384081
-0.000383961
-0.00038559
-0.000388515
-0.00039199
-0.000395
-0.000396668
-0.000396564
-0.000394955
-0.000392806
-0.000391472
-0.000392217
-0.000395905
-0.000402712
-0.000412147
-0.000423398
-0.000435572
-0.000448026
-0.000460275
-0.000471939
-0.000482336
-0.000490617
-0.000495702
-0.000496649
-0.000492967
-0.000484962
-0.000473611
-0.000460315
-0.000446468
-0.000433285
-0.000421435
-0.000411242
-0.000402797
-0.000396211
-0.00039161
-0.000388936
-0.000387903
-0.00038781
-0.000387602
-0.000386205
-0.000382915
-0.000377703
-0.000371337
-0.000365168
-0.000360693
-0.00035917
-0.000361227
-0.000366795
-0.000375323
-0.00038607
-0.000398207
-0.000411093
-0.000424087
-0.000436511
-0.000447482
-0.000456083
-0.000461488
-0.000463284
-0.000461701
-0.000457734
-0.000452928
-0.000449002
-0.000447404
-0.000448819
-0.000453081
-0.000459247
-0.000465907
-0.000471693
-0.000475574
-0.000476945
-0.00047563
-0.000471622
-0.000464984
-0.000455811
-0.000444487
-0.000431783
-0.000418931
-0.000407468
-0.000398885
-0.000394225
-0.000393748
-0.000396926
-0.000402648
-0.000409574
-0.000416502
-0.00042262
-0.000427384
-0.000430494
-0.000431709
-0.000430893
-0.000427961
-0.000423271
-0.000417665
-0.00041236
-0.000408769
-0.000408076
-0.000410837
-0.000416804
-0.000425089
-0.000434399
-0.000443507
-0.000451554
-0.000458148
-0.000463221
-0.000466951
-0.000469376
-0.000470378
-0.000469893
-0.000467945
-0.000464838
-0.000461251
-0.000458091
-0.000456144
-0.000455819
-0.000456977
-0.000458848
-0.000460253
-0.000460021
-0.000457328
-0.000451956
-0.000444256
-0.000434931
-0.000424732
-0.000414349
-0.000404167
-0.000394545
-0.000385967
-0.000379149
-0.000374984
-0.000374272
-0.000377424
-0.000384301
-0.000394058
-0.000405517
-0.000417382
-0.000428662
-0.000438708
-0.000447307
-0.000454373
-0.000459909
-0.000463858
-0.000466198
-0.000467084
-0.000467111
-0.000467099
-0.000468008
-0.00047047
-0.000474654
-0.000479985
-0.000485304
-0.000489283
-0.000490822
-0.000489273
-0.000484638
-0.000477411
-0.000468254
-0.000457868
-0.000446818
-0.000435605
-0.000424783
-0.000415034
-0.0004072
-0.000402067
-0.000400096
-0.000401187
-0.000404633
-0.000409156
-0.000413239
-0.000415571
-0.000415403
-0.000412714
-0.000408247
-0.000403095
-0.000398417
-0.00039519
-0.000393935
-0.000394869
-0.000398039
-0.000403431
-0.000410974
-0.000420429
-0.000431202
-0.000442281
-0.000452317
-0.00045998
