  0.0000000E+00
  0.0000000E+00
  0.0000000E+00
  0.0000000E+00
  0.0000000E+00
  0.0000000E+00
  0.0000000E+00
  0.0000000E+00
  0.0000000E+00
  0.0000000E+00
  0.0000000E+00
  0.0000000E+00
  0.0000000E+00
  0.0000000E+00
  0.0000000E+00
  0.0000000E+00
  0.0000000E+00
  0.0000000E+00
  0.0000000E+00
  0.0000000E+00
  0.0000000E+00
  0.0000000E+00
  0.0000000E+00
  0.0000000E+00
  0.0000000E+00
  0.0000000E+00
  0.0000000E+00
  0.0000000E+00
  0.0000000E+00
  0.0000000E+00
  0.0000000E+00
  0.0000000E+00
  0.0000000E+00
  0.0000000E+00
  0.0000000E+00
  0.0000000E+00
  0.0000000E+00
  0.0000000E+00
  0.0000000E+00
  0.0000000E+00
  0.0000000E+00
  0.0000000E+00
  0.0000000E+00
  0.0000000E+00
  0.0000000E+00
  0.0000000E+00
  0.0000000E+00
  0.0000000E+00
  0.0000000E+00
  0.0000000E+00
  0.0000000E+00
  0.0000000E+00
  0.0000000E+00
  0.0000000E+00
  0.0000000E+00
  0.0000000E+00
  0.0000000E+00
  0.0000000E+00
  0.0000000E+00
  0.0000000E+00
  0.0000000E+00
  0.0000000E+00
  0.0000000E+00
  0.0000000E+00
  0.0000000E+00
  0.0000000E+00
  0.0000000E+00
  0.0000000E+00
  0.0000000E+00
  0.0000000E+00
  0.0000000E+00
  0.0000000E+00
  0.0000000E+00
  0.0000000E+00
  0.0000000E+00
  0.0000000E+00
  0.0000000E+00
  0.0000000E+00
  0.0000000E+00
  0.0000000E+00
  0.0000000E+00
  0.0000000E+00
  0.0000000E+00
  0.0000000E+00
  0.0000000E+00
  0.0000000E+00
  0.0000000E+00
  0.0000000E+00
  0.0000000E+00
  0.0000000E+00
  0.0000000E+00
  0.0000000E+00
  0.0000000E+00
  0.0000000E+00
  0.0000000E+00
  0.0000000E+00
  0.0000000E+00
  0.0000000E+00
  0.0000000E+00
  0.0000000E+00
  0.0000000E+00
  0.0000000E+00
  0.0000000E+00
  0.0000000E+00
  0.0000000E+00
  0.0000000E+00
  0.0000000E+00
  0.0000000E+00
  0.0000000E+00
  0.0000000E+00
  0.0000000E+00
  0.0000000E+00
  0.0000000E+00
  0.0000000E+00
  0.0000000E+00
  0.0000000E+00
  0.0000000E+00
  0.0000000E+00
  0.0000000E+00
  0.0000000E+00
  0.0000000E+00
  0.0000000E+00
  0.0000000E+00
  0.0000000E+00
  0.0000000E+00
  0.0000000E+00
  0.0000000E+00
  0.0000000E+00
  0.0000000E+00
  0.0000000E+00
  0.0000000E+00
  0.0000000E+00
  0.0000000E+00
  0.0000000E+00
  0.0000000E+00
  0.0000000E+00
  0.0000000E+00
  0.0000000E+00
  0.0000000E+00
  0.0000000E+00
  0.0000000E+00
  0.0000000E+00
  0.0000000E+00
  0.0000000E+00
  0.0000000E+00
  0.0000000E+00
  0.0000000E+00
  0.0000000E+00
  0.0000000E+00
  0.0000000E+00
  0.0000000E+00
  0.0000000E+00
  0.0000000E+00
  0.0000000E+00
  0.0000000E+00
  0.0000000E+00
  0.0000000E+00
  0.0000000E+00
  0.0000000E+00
  0.0000000E+00
  0.0000000E+00
  0.0000000E+00
  0.0000000E+00
  0.0000000E+00
  0.0000000E+00
  0.0000000E+00
  0.0000000E+00
  0.0000000E+00
  0.0000000E+00
  0.0000000E+00
  0.0000000E+00
  0.0000000E+00
  0.0000000E+00
  0.0000000E+00
  0.0000000E+00
  0.0000000E+00
  0.0000000E+00
  0.0000000E+00
  0.0000000E+00
  0.0000000E+00
  0.0000000E+00
  0.0000000E+00
  0.0000000E+00
  0.0000000E+00
  0.0000000E+00
  0.0000000E+00
  0.0000000E+00
  0.0000000E+00
  0.0000000E+00
  0.0000000E+00
  0.0000000E+00
  0.0000000E+00
  0.0000000E+00
  0.0000000E+00
  0.0000000E+00
  0.0000000E+00
  0.0000000E+00
  0.0000000E+00
  0.0000000E+00
  0.0000000E+00
  0.0000000E+00
  0.0000000E+00
  0.0000000E+00
  0.0000000E+00
  0.0000000E+00
  0.0000000E+00
  0.0000000E+00
  0.0000000E+00
  0.0000000E+00
  0.0000000E+00
  0.0000000E+00
  0.0000000E+00
  0.0000000E+00
  0.0000000E+00
  0.0000000E+00
  0.0000000E+00
  0.0000000E+00
  0.0000000E+00
  0.0000000E+00
  0.0000000E+00
  0.0000000E+00
  0.0000000E+00
  0.0000000E+00
  0.0000000E+00
  0.0000000E+00
  0.0000000E+00
  0.0000000E+00
  0.0000000E+00
  0.0000000E+00
  0.0000000E+00
  0.0000000E+00
  0.0000000E+00
  0.0000000E+00
  0.0000000E+00
  0.0000000E+00
  0.0000000E+00
  0.0000000E+00
  0.0000000E+00
  2.2177028E-03
  6.6237557E-03
  1.3073667E-02
  2.1024870E-02
  2.8848559E-02
  2.8084829E-02
  1.0376910E-02
 -3.9223325E-02
 -0.1439976    
 -0.3356802    
 -0.6497750    
  -1.124678    
  -1.792011    
  -2.668838    
  -3.751669    
  -5.014170    
  -6.409257    
  -7.875205    
  -9.344090    
  -10.75073    
  -12.03992    
  -13.17107    
  -14.11963    
  -14.87601    
  -15.44234    
  -15.82882    
  -16.05010    
  -16.12276    
  -16.06368    
  -15.88976    
  -15.61805    
  -15.26630    
  -14.85293    
  -14.39684    
  -13.91635    
  -13.42819    
  -12.94609    
  -12.47990    
  -12.03529    
  -11.61402    
  -11.21461    
  -10.83352    
  -10.46626    
  -10.10842    
  -9.756253    
  -9.407146    
  -9.059670    
  -8.713516    
  -8.369136    
  -8.027514    
  -7.689785    
  -7.357018    
  -7.029960    
  -6.709004    
  -6.394203    
  -6.085437    
  -5.782518    
  -5.485389    
  -5.194187    
  -4.909283    
  -4.631200    
  -4.360599    
  -4.098229    
  -3.844969    
  -3.601803    
  -3.369870    
  -3.150378    
  -2.944535    
  -2.753362    
  -2.577571    
  -2.417433    
  -2.272747    
  -2.142833    
  -2.026631    
  -1.922806    
  -1.829918    
  -1.746565    
  -1.671576    
  -1.604172    
  -1.544102    
  -1.491645    
  -1.447475    
  -1.412317    
  -1.386488    
  -1.369404    
  -1.359269    
  -1.353051    
  -1.346835    
  -1.336434    
  -1.318145    
  -1.289382    
  -1.249057    
  -1.197590    
  -1.136633    
  -1.068601    
 -0.9961870    
 -0.9219535    
 -0.8481075    
 -0.7764168    
 -0.7082359    
 -0.6445344    
 -0.5858837    
 -0.5323309    
 -0.4831946    
 -0.4368295    
 -0.3904982    
 -0.3404390    
 -0.2822102    
 -0.2112750    
 -0.1237227    
 -1.6960917E-02
  0.1097545    
  0.2550161    
  0.4151754    
  0.5844381    
  0.7551401    
  0.9182207    
   1.063959    
   1.182950    
   1.267214    
   1.311202    
   1.312498    
   1.272022    
   1.193726    
   1.083872    
  0.9501216    
  0.8006312    
  0.6433117    
  0.4853020    
  0.3326786    
  0.1903114    
  6.1822314E-02
 -5.0401758E-02
 -0.1451486    
 -0.2222759    
 -0.2825431    
 -0.3273646    
 -0.3584552    
 -0.3772897    
 -0.3842742    
 -0.3775380    
 -0.3514479    
 -0.2951875    
 -0.1920238    
 -1.9941837E-02
  0.2458792    
  0.6288697    
   1.145945    
   1.802694    
   2.590234    
   3.484594    
   4.448827    
   5.437187    
   6.400440    
   7.291128    
   8.068101    
   8.699630    
   9.165256    
   9.456276    
   9.575203    
   9.534151    
   9.352674    
   9.055070    
   8.667678    
   8.216245    
   7.723992    
   7.210380    
   6.690771    
   6.176734    
   5.676980    
   5.198312    
   4.746425    
   4.326141    
   3.941214    
   3.593692    
   3.283292    
   3.006957    
   2.758975    
   2.531514    
   2.315534    
   2.101722    
   1.881329    
   1.646740    
   1.391829    
   1.112150    
  0.8051071    
  0.4700841    
  0.1085515    
 -0.2759220    
 -0.6777770    
  -1.089759    
  -1.503424    
  -1.909930    
  -2.301290    
  -2.672308    
  -3.023328    
  -3.363408    
  -3.713165    
  -4.105884    
  -4.585599    
  -5.201313    
  -5.998043    
  -7.006462    
  -8.234068    
  -9.660293    
  -11.23731    
  -12.89618    
  -14.55696    
  -16.13976    
  -17.57479    
  -18.80916    
  -19.81020    
  -20.56488    
  -21.07693    
  -21.36229    
  -21.44449    
  -21.35023    
  -21.10648    
  -20.73851    
  -20.26935    
  -19.71967    
  -19.10835    
  -18.45282    
  -17.76933    
  -17.07264    
  -16.37577    
  -15.68945    
  -15.02185    
  -14.37835    
  -13.76178    
  -13.17283    
  -12.61068    
  -12.07355    
  -11.55925    
  -11.06549    
  -10.59010    
  -10.13100    
  -9.686280    
  -9.254312    
  -8.834005    
  -8.424975    
  -8.027850    
  -7.644255    
  -7.276670    
  -6.927838    
  -6.599972    
  -6.293550    
  -6.006017    
  -5.730464    
  -5.454999    
  -5.163034    
  -4.834971    
  -4.451025    
  -3.994799    
  -3.456602    
  -2.835712    
  -2.140893    
  -1.389264    
 -0.6038036    
  0.1896832    
  0.9654182    
   1.699758    
   2.372420    
   2.966952    
   3.470702    
   3.874709    
   4.173674    
   4.366166    
   4.454795    
   4.446316    
   4.351340    
   4.183670    
   3.959179    
   3.694613    
   3.406361    
   3.109502    
   2.817086    
   2.539709    
   2.285195    
   2.058387    
   1.860984    
   1.691620    
   1.546226    
   1.418803    
   1.302480    
   1.190722    
   1.078360    
  0.9622329    
  0.8412820    
  0.7162120    
  0.5888770    
  0.4617065    
  0.3373811    
  0.2188678    
  0.1097002    
  1.4273486E-02
 -6.2129181E-02
 -0.1137590    
 -0.1352904    
 -0.1230069    
 -7.6012157E-02
  2.7952313E-03
  0.1061809    
  0.2225910    
  0.3367804    
  0.4310799    
  0.4872465    
  0.4887232    
  0.4229520    
  0.2833007    
  7.0172392E-02
 -0.2089599    
 -0.5405686    
 -0.9068578    
  -1.287900    
  -1.663730    
  -2.016043    
  -2.329410    
  -2.591983    
  -2.795797    
  -2.936710    
  -3.014132    
  -3.030544    
  -2.990907    
  -2.901928    
  -2.771333    
  -2.607149    
  -2.417125    
  -2.208294    
  -1.986820    
  -1.758050    
  -1.526785    
  -1.297610    
  -1.075205    
 -0.8644401    
 -0.6701881    
 -0.4968040    
 -0.3474274    
 -0.2232563    
 -0.1230625    
 -4.3135788E-02
  2.2243317E-02
  7.9887107E-02
  0.1365341    
  0.1977210    
  0.2669566    
  0.3453756    
  0.4319130    
  0.5238878    
  0.6178028    
  0.7100957    
  0.7976061    
  0.8775727    
  0.9471652    
   1.002706    
   1.038956    
   1.048862    
   1.024154    
  0.9568405    
  0.8413255    
  0.6765167    
  0.4672407    
  0.2243790    
 -3.6424577E-02
 -0.2971937    
 -0.5405452    
 -0.7523728    
 -0.9236903    
  -1.051315    
  -1.137446    
  -1.188394    
  -1.212897    
  -1.220345    
  -1.219271    
  -1.216229    
  -1.215166    
  -1.217245    
  -1.221125    
  -1.223575    
  -1.220366    
  -1.207252    
  -1.180942    
  -1.139826    
  -1.084358    
  -1.016962    
 -0.9414983    
 -0.8623772    
 -0.7835126    
 -0.7073106    
 -0.6339293    
 -0.5609360    
 -0.4834762    
 -0.3949368    
 -0.2880488    
 -0.1562121    
  5.2076462E-03
  0.1979136    
  0.4202725    
  0.6675735    
  0.9328675    
   1.208130    
   1.485439    
   1.757872    
   2.019990    
   2.267861    
   2.498838    
   2.711262    
   2.904372    
   3.078443    
   3.235214    
   3.378320    
   3.513543    
   3.648479    
   3.791644    
   3.951005    
   4.132326    
   4.337641    
   4.564384    
   4.805291    
   5.049212    
   5.282481    
   5.490686    
   5.660345    
   5.780313    
   5.842591    
   5.842710    
   5.779607    
   5.655328    
   5.474514    
   5.244034    
   4.972569    
   4.670274    
   4.348223    
   4.017844    
   3.690130    
   3.374910    
   3.080160    
   2.811640    
   2.572755    
   2.364699    
   2.186684    
   2.036281    
   1.909713    
   1.802202    
   1.708361    
   1.622720    
   1.540309    
   1.457252    
   1.371201    
   1.281573    
   1.189501    
   1.097559    
   1.009290    
  0.9286785    
  0.8595966    
  0.8053380    
  0.7682637    
  0.7496759    
  0.7499589    
  0.7690371    
  0.8070706    
  0.8652434    
  0.9463559    
   1.054960    
   1.196823    
   1.377735    
   1.601881    
   1.870184    
   2.179028    
   2.519794    
   2.879318    
   3.241301    
   3.588307    
   3.904048    
   4.175442    
   4.394125    
   4.557022    
   4.666053    
   4.726996    
   4.747881    
   4.737206    
   4.702487    
   4.649276    
   4.580888    
   4.498597    
   4.402327    
   4.291449    
   4.165595    
   4.025245    
   3.872173    
   3.709621    
   3.542271    
   3.375929    
   3.217035    
   3.071911    
   2.945957    
   2.842815    
   2.763829    
   2.707753    
   2.670909    
   2.647616    
   2.630904    
   2.613309    
   2.587673    
   2.547786    
   2.488905    
   2.408035    
   2.304048    
   2.177582    
   2.030855    
   1.867331    
   1.691322    
   1.507459    
   1.320117    
   1.132753    
  0.9472923    
  0.7636691    
  0.5797323    
  0.3916135    
  0.1945996    
 -1.5660232E-02
 -0.2418727    
 -0.4841198    
 -0.7394521    
  -1.002162    
  -1.264667    
  -1.518757    
  -1.756898    
  -1.973303    
  -2.164607    
  -2.330048    
  -2.471241    
  -2.591560    
  -2.695347    
  -2.787034    
  -2.870377    
  -2.947855    
  -3.020411    
  -3.087478    
  -3.147322    
  -3.197519    
  -3.235531    
  -3.259172    
  -3.266966    
  -3.258240    
  -3.233119    
  -3.192337    
  -3.137073    
  -3.068727    
  -2.988847    
  -2.899100    
  -2.801368    
  -2.697792    
  -2.590850    
  -2.483275    
  -2.377904    
  -2.277396    
  -2.184004    
  -2.099391    
  -2.024615    
  -1.960215    
  -1.906411    
  -1.863263    
  -1.830799    
  -1.809051    
  -1.798141    
  -1.798437    
  -1.810864    
  -1.837223    
  -1.880425    
  -1.944366    
  -2.033368    
  -2.151175    
  -2.299741    
  -2.478100    
  -2.681680    
  -2.902225    
  -3.128454    
  -3.347275    
  -3.545363    
  -3.710663    
  -3.833674    
  -3.908208    
  -3.931675    
  -3.904826    
  -3.831262    
  -3.716698    
  -3.568253    
  -3.393692    
  -3.200840    
  -2.997067    
  -2.788965    
  -2.582133    
  -2.381176    
  -2.189753    
  -2.010711    
  -1.846151    
  -1.697491    
  -1.565456    
  -1.450098    
  -1.350824    
  -1.266546    
  -1.195859    
  -1.137259    
  -1.089269    
  -1.050477    
  -1.019444    
 -0.9945344    
 -0.9737272    
 -0.9545200    
 -0.9339342    
 -0.9086707    
 -0.8753590    
 -0.8308898    
 -0.7727558    
 -0.6993662    
 -0.6102615    
 -0.5062103    
 -0.3891056    
 -0.2616507    
 -0.1268337    
  1.2713342E-02
  0.1553257    
  0.3006880    
  0.4498143    
  0.6045586    
  0.7667513    
  0.9372120    
   1.114930    
   1.296705    
   1.477359    
   1.650478    
   1.809436    
   1.948476    
   2.063555    
   2.152855    
   2.216841    
   2.257993    
   2.280254    
   2.288357    
   2.287078    
   2.280619    
   2.272114    
   2.263391    
   2.254945    
   2.246153    
   2.235629    
   2.221667    
   2.202600    
   2.177108    
   2.144350    
   2.103976    
   2.056001    
   2.000663    
   1.938251    
   1.869021    
   1.793161    
   1.710874    
   1.622488    
   1.528604    
   1.430168    
   1.328512    
   1.225313    
   1.122519    
   1.022226    
  0.9265696    
  0.8375794    
  0.7570224    
  0.6862287    
  0.6259712    
  0.5764451    
  0.5374388    
  0.5086920    
  0.4904047    
  0.4837186    
  0.4909870    
  0.5156362    
  0.5615685    
  0.6321827    
  0.7292618    
  0.8520144    
  0.9965631    
   1.156018    
   1.321144    
   1.481440    
   1.626405    
   1.746733    
   1.835233    
   1.887344    
   1.901265    
   1.877748    
   1.819692    
   1.731591    
   1.619002    
   1.488027    
   1.344873    
   1.195462    
   1.045181    
  0.8986993    
  0.7599068    
  0.6318892    
  0.5169542    
  0.4166347    
  0.3316833    
  0.2620563    
  0.2069482    
  0.1648947    
  0.1339722    
  0.1120611    
  9.7123705E-02
  8.7411992E-02
  8.1552677E-02
  7.8483038E-02
  7.7272937E-02
  7.6900713E-02
  7.6071911E-02
  7.3147938E-02
  6.6220991E-02
  5.3320643E-02
  3.2711040E-02
  3.2089972E-03
 -3.5541557E-02
 -8.2906120E-02
 -0.1372549    
 -0.1961484    
 -0.2567223    
 -0.3162415    
 -0.3727421    
 -0.4256114    
 -0.4759453    
 -0.5265169    
 -0.5812944    
 -0.6445548    
 -0.7198175    
 -0.8088658    
 -0.9111557    
  -1.023747    
  -1.141794    
  -1.259412    
  -1.370716    
  -1.470742    
  -1.556104    
  -1.625301    
  -1.678658    
  -1.717973    
  -1.745993    
  -1.765790    
  -1.780199    
  -1.791346    
  -1.800395    
  -1.807492    
  -1.811919    
  -1.812352    
  -1.807203    
  -1.794930    
  -1.774295    
  -1.744502    
  -1.705266    
  -1.656773    
  -1.599596    
  -1.534534    
  -1.462482    
  -1.384306    
  -1.300790    
  -1.212631    
  -1.120522    
  -1.025247    
 -0.9278018    
 -0.8294708    
 -0.7318820    
 -0.6369896    
 -0.5470048    
 -0.4642547    
 -0.3910054    
 -0.3292499    
 -0.2805202    
 -0.2457604    
 -0.2253360    
 -0.2191895    
 -0.2271342    
 -0.2491926    
 -0.2858575    
 -0.3381282    
 -0.4072532    
 -0.4941864    
 -0.5989044    
 -0.7197730    
 -0.8531896    
 -0.9936035    
  -1.133963    
  -1.266471    
  -1.383499    
  -1.478426    
  -1.546299    
  -1.584175    
  -1.591191    
  -1.568371    
  -1.518292    
  -1.444679    
  -1.351998    
  -1.245064    
  -1.128726    
  -1.007598    
 -0.8858914    
 -0.7673053    
 -0.6550128    
 -0.5516632    
 -0.4593861    
 -0.3797470    
 -0.3136765    
 -0.2613844    
 -0.2223272    
 -0.1952718    
 -0.1784819    
 -0.1699860    
 -0.1678664    
 -0.1704748    
 -0.1765166    
 -0.1849779    
 -0.1949399    
 -0.2053521    
 -0.2148604    
 -0.2217495    
 -0.2240289    
 -0.2196351    
 -0.2067073    
 -0.1838694    
 -0.1504658    
 -0.1067045    
 -5.3685069E-02
  6.7140940E-03
  7.2097465E-02
  0.1399576    
  0.2081724    
  0.2755066    
  0.3419819    
  0.4089688    
  0.4789160    
  0.5547300    
  0.6389440    
  0.7328948    
  0.8361599    
  0.9464127    
   1.059746    
   1.171331    
   1.276262    
   1.370335    
   1.450640    
   1.515832    
   1.566133    
   1.603072    
   1.629084    
   1.647006    
   1.659609    
   1.669181    
   1.677268    
   1.684534    
   1.690817    
   1.695297    
   1.696763    
   1.693887    
   1.685483    
   1.670674    
   1.648986    
   1.620312    
   1.584839    
   1.542917    
   1.494962    
   1.441368    
   1.382514    
   1.318812    
   1.250796    
   1.179195    
   1.104990    
   1.029416    
  0.9539198    
  0.8800768    
  0.8095074    
  0.7437895    
  0.6843854    
  0.6325637    
  0.5893467    
  0.5554689    
  0.5313950    
  0.5173985    
  0.5137250    
  0.5207791    
  0.5392733    
  0.5702247    
  0.6147555    
  0.6736847    
  0.7470161    
  0.8334557    
  0.9301376    
   1.032650    
   1.135398    
   1.232200    
   1.317019    
   1.384622    
   1.431108    
   1.454166    
   1.453127    
   1.428816    
   1.383300    
   1.319548    
   1.241129    
   1.151893    
   1.055717    
  0.9562794    
  0.8569134    
  0.7605125    
  0.6695041    
  0.5858430    
  0.5110281    
  0.4460895    
  0.3915630    
  0.3474539    
  0.3132470    
  0.2879759    
  0.2703770    
  0.2590894    
  0.2528655    
  0.2507112    
  0.2519225    
  0.2559949    
  0.2624476    
  0.2706183    
  0.2795081    
  0.2877226    
  0.2935408    
  0.2950891    
  0.2905861    
  0.2785970    
  0.2582589    
  0.2294321    
  0.1927541    
  0.1495726    
  0.1017523    
  5.1352061E-02
  2.0567328E-04
 -5.0520789E-02
 -0.1006838    
 -0.1513087    
 -0.2044369    
 -0.2626625    
 -0.3284503    
 -0.4034114    
 -0.4877457    
 -0.5799981    
 -0.6772057    
 -0.7753658    
 -0.8701062    
 -0.9573629    
  -1.033946    
  -1.097886    
  -1.148553    
  -1.186548    
  -1.213444    
  -1.231413    
  -1.242833    
  -1.249888    
  -1.254276    
  -1.257008    
  -1.258384    
  -1.258058    
  -1.255237    
  -1.248915    
  -1.238108    
  -1.222022    
  -1.200160    
  -1.172334    
  -1.138638    
  -1.099355    
  -1.054899    
  -1.005756    
 -0.9524875    
 -0.8957298    
 -0.8362374    
 -0.7748937    
 -0.7127079    
 -0.6507674    
 -0.5901853    
 -0.5320360    
 -0.4773156    
 -0.4269136    
 -0.3816147    
 -0.3420960    
 -0.3089249    
 -0.2825458    
 -0.2632881    
 -0.2514074    
 -0.2471808    
 -0.2510293    
 -0.2636216    
 -0.2858757    
 -0.3188098    
 -0.3632236    
 -0.4192875    
 -0.4861502    
 -0.5617061    
 -0.6426024    
 -0.7245183    
 -0.8026431    
 -0.8722470    
 -0.9291968    
 -0.9703447    
 -0.9937266    
 -0.9985948    
 -0.9853056    
 -0.9551528    
 -0.9101597    
 -0.8528836    
 -0.7862083    
 -0.7131631    
 -0.6367413    
 -0.5597532    
 -0.4847038    
 -0.4137304    
 -0.3485717    
 -0.2905648    
 -0.2406393    
 -0.1993096    
 -0.1666612    
 -0.1423601    
 -0.1257029    
 -0.1157268    
 -0.1113585    
 -0.1115729    
 -0.1155048    
 -0.1224833    
 -0.1319711    
 -0.1434356    
 -0.1561970    
 -0.1693148    
 -0.1815537    
 -0.1914473    
 -0.1974411    
 -0.1980847    
 -0.1922252    
 -0.1791721    
 -0.1588005    
 -0.1315873    
 -9.8563135E-02
 -6.1176538E-02
 -2.1062266E-02
  2.0266086E-02
  6.1762433E-02
  0.1031494    
  0.1450766    
  0.1890549    
  0.2371341    
  0.2913800    
  0.3532726    
  0.4232031    
  0.5002024    
  0.5819910    
  0.6653076    
  0.7464389    
  0.8217940    
  0.8884150    
  0.9443123    
  0.9886166    
   1.021540    
   1.044199    
   1.058320    
   1.065915    
   1.068951    
   1.069083    
   1.067460    
   1.064654    
   1.060703    
   1.055234    
   1.047634    
   1.037228    
   1.023422    
   1.005787    
  0.9840891    
  0.9582726    
  0.9284245    
  0.8947460    
  0.8575251    
  0.8171486    
  0.7741153    
  0.7290587    
  0.6827387    
  0.6360227    
  0.5898325    
  0.5450844    
  0.5026246    
  0.4631949    
  0.4274149    
  0.3957925    
  0.3687353    
  0.3465654    
  0.3295226    
  0.3177755    
  0.3114495    
  0.3106978    
  0.3157920    
  0.3272061    
  0.3456235    
  0.3718321    
  0.4064837    
  0.4497761    
  0.5011362    
  0.5590253    
  0.6209317    
  0.6835829    
  0.7433076    
  0.7964751    
  0.8398936    
  0.8711057    
  0.8885276    
  0.8914763    
  0.8800937    
  0.8552411    
  0.8183613    
  0.7713565    
  0.7164510    
  0.6560561    
  0.5926151    
  0.5284697    
  0.4657404    
  0.4062516    
  0.3514878    
  0.3025876    
  0.2603438    
  0.2252074    
  0.1972873    
  0.1763675    
  0.1619506    
  0.1533415    
  0.1497601    
  0.1504587    
  0.1548031    
  0.1622908    
  0.1724923    
  0.1849406    
  0.1990037    
  0.2137961    
  0.2281570    
  0.2407171    
  0.2500311    
  0.2547510    
  0.2537907    
  0.2464637    
  0.2325643    
  0.2123931    
  0.1867170    
  0.1566692    
  0.1235773    
  8.8730253E-02
  5.3104173E-02
  1.7109400E-02
 -1.9571150E-02
 -5.7974469E-02
 -9.9642411E-02
 -0.1462229    
 -0.1989807    
 -0.2583541    
 -0.3236813    
 -0.3931814    
 -0.4641863    
 -0.5335623    
 -0.5981917    
 -0.6554223    
 -0.7033850    
 -0.7411582    
 -0.7687601    
 -0.7870221    
 -0.7973634    
 -0.8015313    
 -0.8013183    
 -0.7983283    
 -0.7937947    
 -0.7884929    
 -0.7827255    
 -0.7764010    
 -0.7691485    
 -0.7604625    
 -0.7498178    
 -0.7367629    
 -0.7209607    
 -0.7022037    
 -0.6803939    
 -0.6555349    
 -0.6277231    
 -0.5971622    
 -0.5641758    
 -0.5292261    
 -0.4929092    
 -0.4559311    
 -0.4190505    
 -0.3830204    
 -0.3485274    
 -0.3161574    
 -0.2863835    
 -0.2595846    
 -0.2360712    
 -0.2161103    
 -0.1999339    
 -0.1877447    
 -0.1797259    
 -0.1760763    
 -0.1770642    
 -0.1830843    
 -0.1946687    
 -0.2124174    
 -0.2368268    
 -0.2680503    
 -0.3056554    
 -0.3484677    
 -0.3945562    
 -0.4413919    
 -0.4861296    
 -0.5259525    
 -0.5583774    
 -0.5814793    
 -0.5939959    
 -0.5953435    
 -0.5855569    
 -0.5652148    
 -0.5353529    
 -0.4973839    
 -0.4530032    
 -0.4040913    
 -0.3525955    
 -0.3004155    
 -0.2492968    
 -0.2007612    
 -0.1560633    
 -0.1161771    
 -8.1792094E-02
 -5.3315856E-02
 -3.0875150E-02
 -1.4329287E-02
 -3.3061081E-03
  2.7289232E-03
  4.3809745E-03
  2.2309881E-03
 -3.2299594E-03
 -1.1612828E-02
 -2.2580517E-02
 -3.5753161E-02
 -5.0601132E-02
 -6.6368908E-02
 -8.2058161E-02
 -9.6483722E-02
 -0.1083856    
 -0.1165723    
 -0.1200608    
 -0.1181892    
 -0.1106853    
 -9.7689874E-02
 -7.9732999E-02
 -5.7662893E-02
 -3.2521050E-02
 -5.3660572E-03
  2.2942139E-02
  5.1957440E-02
  8.1801690E-02
  0.1131933    
  0.1473083    
  0.1854815    
  0.2288106    
  0.2777718    
  0.3319559    
  0.3900105    
  0.4497893    
  0.5086758    
  0.5639832    
  0.6133409    
  0.6549817    
  0.6879079    
  0.7119181    
  0.7275333    
  0.7358296    
  0.7382363    
  0.7363112    
  0.7315370    
  0.7251450    
  0.7180117    
  0.7106180    
  0.7030851    
  0.6952500    
  0.6867771    
  0.6772619    
  0.6663172    
  0.6536159    
  0.6389163    
  0.6220590    
  0.6029705    
  0.5816602    
  0.5582412    
  0.5329461    
  0.5061425    
  0.4783196    
  0.4500604    
  0.4219847    
  0.3946905    
  0.3686950    
  0.3444081    
  0.3221294    
  0.3020763    
  0.2844181    
  0.2693125    
  0.2569214    
  0.2474169    
  0.2409783    
  0.2378062    
  0.2381508    
  0.2423476    
  0.2508247    
  0.2640549    
  0.2824311    
  0.3060867    
  0.3347028    
  0.3673798    
  0.4026207    
  0.4384512    
  0.4726396    
  0.5029709    
  0.5274920    
  0.5446917    
  0.5535766    
  0.5536782    
  0.5450051    
  0.5279860    
  0.5034025    
  0.4723404    
  0.4361263    
  0.3962574    
  0.3543074    
  0.3118312    
  0.2702727    
  0.2308971    
  0.1947462    
  0.1626267    
  0.1351070    
  0.1125239    
  9.4988503E-02
  8.2400396E-02
  7.4477427E-02
  7.0809327E-02
  7.0928030E-02
  7.4382059E-02
  8.0787055E-02
  8.9834817E-02
  0.1012504    
  0.1147130    
  0.1297657    
  0.1457512    
  0.1617967    
  0.1768614    
  0.1898320    
  0.1996477    
  0.2054201    
  0.2065306    
  0.2026904    
  0.1939621    
  0.1807410    
  0.1637032    
  0.1437110    
  0.1216778    
  9.8394975E-02
  7.4352942E-02
  4.9596060E-02
  2.3670210E-02
 -4.2976416E-03
 -3.5380080E-02
 -7.0534289E-02
 -0.1102742    
 -0.1544223    
 -0.2020178    
 -0.2514028    
 -0.3004635    
 -0.3469501    
 -0.3888014    
 -0.4244054    
 -0.4527617    
 -0.4735311    
 -0.4869967    
 -0.4939543    
 -0.4955585    
 -0.4931413    
 -0.4880368    
 -0.4814229    
 -0.4742089    
 -0.4669716    
 -0.4599594    
 -0.4531381    
 -0.4462774    
 -0.4390344    
 -0.4310373    
 -0.4219371    
 -0.4114426    
 -0.3993300    
 -0.3854549    
 -0.3697612    
 -0.3523006    
 -0.3332438    
 -0.3128910    
 -0.2916573    
 -0.2700393    
 -0.2485586    
 -0.2277046    
 -0.2078837    
 -0.1893957    
 -0.1724349    
 -0.1571229    
 -0.1435486    
 -0.1318068    
 -0.1220174    
 -0.1143288    
 -0.1089104    
 -0.1059519    
 -0.1056745    
 -0.1083535    
 -0.1143257    
 -0.1239586    
 -0.1375607    
 -0.1552439    
 -0.1767730    
 -0.2014592    
 -0.2281387    
 -0.2552630    
 -0.2810762    
 -0.3038355    
 -0.3220106    
 -0.3344235    
 -0.3403080    
 -0.3393068    
 -0.3314242    
 -0.3169787    
 -0.2965578    
 -0.2709865    
 -0.2412887    
 -0.2086396    
 -0.1742959    
 -0.1395172    
 -0.1054842    
 -7.3238477E-02
 -4.3642312E-02
 -1.7364493E-02
  5.1198886E-03
  2.3522243E-02
  3.7733223E-02
  4.7810785E-02
  5.3956646E-02
  5.6475695E-02
  5.5720311E-02
  5.2033212E-02
  4.5706853E-02
  3.6978394E-02
  2.6065839E-02
  1.3235624E-02
 -1.1219982E-03
 -1.6437391E-02
 -3.1950049E-02
 -4.6748828E-02
 -5.9855253E-02
 -7.0329994E-02
 -7.7376924E-02
 -8.0426745E-02
 -7.9186596E-02
 -7.3658071E-02
 -6.4123921E-02
 -5.1108401E-02
 -3.5306495E-02
 -1.7482067E-02
  1.6660494E-03
  2.1651734E-02
  4.2330235E-02
  6.3961670E-02
  8.7172180E-02
  0.1127996    
  0.1416467    
  0.1742077    
  0.2104434    
  0.2496759    
  0.2906270    
  0.3315934    
  0.3706993    
  0.4061722    
  0.4365657    
  0.4609142    
  0.4787952    
  0.4903199    
  0.4960552    
  0.4969139    
  0.4940122    
  0.4885268    
  0.4815505    
  0.4739827    
  0.4664564    
  0.4593183    
  0.4526474    
  0.4463162    
  0.4400613    
  0.4335588    
  0.4264755    
  0.4185110    
  0.4094178    
  0.3990202    
  0.3872246    
  0.3740395    
  0.3595867    
  0.3441088    
  0.3279501    
  0.3115254    
  0.2952664    
  0.2795691    
  0.2647448    
  0.2510005    
  0.2384441    
  0.2271171    
  0.2170352    
  0.2082300    
  0.2007711    
  0.1947717    
  0.1903772    
  0.1877578    
  0.1871088    
  0.1886625    
  0.1926922    
  0.1994931    
  0.2093171    
  0.2222699    
  0.2381905    
  0.2565621    
  0.2764890    
  0.2967654    
  0.3160127    
  0.3328607    
  0.3461099    
  0.3548466    
  0.3584858    
  0.3567626    
  0.3496895    
  0.3375138    
  0.3206818    
  0.2998192    
  0.2757104    
  0.2492678    
  0.2214787    
  0.1933446    
  0.1658139    
  0.1397289    
  0.1157903    
  9.4545007E-02
  7.6386146E-02
  6.1559319E-02
  5.0168343E-02
  4.2185184E-02
  3.7466828E-02
  3.5786625E-02
  3.6877513E-02
  4.0478855E-02
  4.6369068E-02
  5.4370470E-02
  6.4318739E-02
  7.6005667E-02
  8.9113243E-02
  0.1031661    
  0.1175183    
  0.1313877    
  0.1439257    
  0.1543106    
  0.1618369    
  0.1659865    
  0.1664722    
  0.1632533    
  0.1565243    
  0.1466853    
  0.1342900    
  0.1199701    
  0.1043313    
  8.7835364E-02
  7.0688240E-02
  5.2771892E-02
  3.3653282E-02
  1.2690392E-02
 -1.0780161E-02
 -3.7218001E-02
 -6.6680841E-02
 -9.8711573E-02
 -0.1323446    
 -0.1662284    
 -0.1988242    
 -0.2286284    
 -0.2543688    
 -0.2751438    
 -0.2904887    
 -0.3003820    
 -0.3052008    
 -0.3056427    
 -0.3026192    
 -0.2971406    
 -0.2901944    
 -0.2826422    
 -0.2751376    
 -0.2680898    
 -0.2616632    
 -0.2558168    
 -0.2503598    
 -0.2450169    
 -0.2394820    
 -0.2334616    
 -0.2266996    
 -0.2189992    
 -0.2102391    
 -0.2003924    
 -0.1895384    
 -0.1778676    
 -0.1656668    
 -0.1532869    
 -0.1410917    
 -0.1294071    
 -0.1184771    
 -0.1084443    
 -9.9355370E-02
 -9.1193072E-02
 -8.3918773E-02
 -7.7514194E-02
 -7.2006114E-02
 -6.7473486E-02
 -6.4037763E-02
 -6.1850399E-02
 -6.1085489E-02
 -6.1943132E-02
 -6.4651288E-02
 -6.9451906E-02
 -7.6553695E-02
 -8.6053215E-02
 -9.7840361E-02
 -0.1115243    
 -0.1264102    
 -0.1415492    
 -0.1558509    
 -0.1682305    
 -0.1777436    
 -0.1836811    
 -0.1856035    
 -0.1833290    
 -0.1768912    
 -0.1664986    
 -0.1525052    
 -0.1353970    
 -0.1157786    
 -9.4355665E-02
 -7.1898788E-02
 -4.9194913E-02
 -2.6994193E-02
 -5.9661334E-03
  1.3328834E-02
  3.0450357E-02
  4.5077659E-02
  5.7004005E-02
  6.6131681E-02
  7.2466552E-02
  7.6105870E-02
  7.7215716E-02
  7.5997241E-02
  7.2649568E-02
  6.7341469E-02
  6.0207125E-02
  5.1370300E-02
  4.0992703E-02
  2.9329393E-02
  1.6772194E-02
  3.8616904E-03
 -8.7391837E-03
 -2.0304816E-02
 -3.0124916E-02
 -3.7581414E-02
 -4.2210367E-02
 -4.3738704E-02
 -4.2097248E-02
 -3.7413321E-02
 -2.9988155E-02
 -2.0258259E-02
 -8.7394118E-03
  4.0512667E-03
  1.7690133E-02
  3.1941656E-02
  4.6825610E-02
  6.2626399E-02
  7.9825573E-02
  9.8960333E-02
  0.1204420    
  0.1443833    
  0.1704891    
  0.1980384    
  0.2259685    
  0.2530259    
  0.2779504    
  0.2996390    
  0.3172701    
  0.3303703    
  0.3388327    
  0.3428909    
  0.3430668    
  0.3400947    
  0.3348311    
  0.3281510    
  0.3208548    
  0.3135872    
  0.3067899    
  0.3006858    
  0.2953013    
  0.2905093    
  0.2860856    
  0.2817571    
  0.2772453    
  0.2722956    
  0.2667012    
  0.2603208    
  0.2530981    
  0.2450758    
  0.2364006    
  0.2273080    
  0.2180934    
  0.2090647    
  0.2004939    
  0.1925746    
  0.1854039    
  0.1789871    
  0.1732689    
  0.1681724    
  0.1636423    
  0.1596706    
  0.1563068    
  0.1536483    
  0.1518274    
  0.1509997    
  0.1513416    
  0.1530486    
  0.1563258    
  0.1613524    
  0.1682225    
  0.1768686    
  0.1869993    
  0.1980761    
  0.2093509    
  0.2199541    
  0.2290166    
  0.2357841    
  0.2396992    
  0.2404289    
  0.2378516    
  0.2320179    
  0.2231121    
  0.2114228    
  0.1973331    
  0.1813137    
  0.1639131    
  0.1457318    
  0.1273866    
  0.1094681    
  9.2505388E-02
  7.6941215E-02
  6.3124947E-02
  5.1313657E-02
  4.1677706E-02
  3.4304701E-02
  2.9203752E-02
  2.6312461E-02
  2.5513047E-02
  2.6657715E-02
  2.9598678E-02
  3.4211066E-02
  4.0398132E-02
  4.8071399E-02
  5.7110645E-02
  6.7315437E-02
  7.8367464E-02
  8.9817457E-02
  0.1011059    
  0.1116124    
  0.1207231    
  0.1278958    
  0.1327144    
  0.1349207    
  0.1344268    
  0.1313084    
  0.1257884    
  0.1182080    
  0.1089863    
  9.8560177E-02
  8.7311469E-02
  7.5486667E-02
  6.3134484E-02
  5.0083589E-02
  3.5983678E-02
  2.0408276E-02
  2.9996471E-03
 -1.6384579E-02
 -3.7566524E-02
 -6.0017683E-02
 -8.2910627E-02
 -0.1052345    
 -0.1259415    
 -0.1440858    
 -0.1589336    
 -0.1700249    
 -0.1771986    
 -0.1805819    
 -0.1805573    
 -0.1777076    
 -0.1727465    
 -0.1664364    
 -0.1595043    
 -0.1525649    
 -0.1460676    
 -0.1402728    
 -0.1352596    
 -0.1309562    
 -0.1271861    
 -0.1237135    
 -0.1202839    
 -0.1166543    
 -0.1126173    
 -0.1080219    
 -0.1027922    
 -9.6941374E-02
 -9.0576902E-02
 -8.3889872E-02
 -7.7127509E-02
 -7.0550136E-02
 -6.4385615E-02
 -5.8790214E-02
 -5.3829499E-02
 -4.9481824E-02
 -4.5665633E-02
 -4.2278331E-02
 -3.9236363E-02
 -3.6503028E-02
 -3.4099828E-02
 -3.2100577E-02
 -3.0617768E-02
 -2.9788939E-02
 -2.9770127E-02
 -3.0732621E-02
 -3.2854635E-02
 -3.6295507E-02
 -4.1149069E-02
 -4.7383007E-02
 -5.4785799E-02
 -6.2943779E-02
 -7.1266204E-02
 -7.9056747E-02
 -8.5614540E-02
 -9.0331957E-02
 -9.2765383E-02
 -9.2661157E-02
 -8.9942954E-02
 -8.4674619E-02
 -7.7022634E-02
 -6.7229256E-02
 -5.5602323E-02
 -4.2511884E-02
 -2.8385300E-02
 -1.3690799E-02
  1.0903039E-03
  1.5496845E-02
  2.9116785E-02
  4.1605528E-02
  5.2691966E-02
  6.2175047E-02
  6.9917887E-02
  7.5843625E-02
  7.9934023E-02
  8.2225166E-02
  8.2797728E-02
  8.1757978E-02
  7.9214893E-02
  7.5259931E-02
  6.9962375E-02
  6.3384138E-02
  5.5613544E-02
  4.6805680E-02
  3.7217047E-02
  2.7218027E-02
  1.7277341E-02
  7.9209330E-03
 -3.2414609E-04
 -6.9871596E-03
 -1.1699820E-02
 -1.4224526E-02
 -1.4464351E-02
 -1.2458955E-02
 -8.3712786E-03
 -2.4666160E-03
  4.9175387E-03
  1.3414832E-02
  2.2687882E-02
  3.2493684E-02
  4.2740781E-02
  5.3516854E-02
  6.5069072E-02
  7.7729888E-02
  9.1803886E-02
  0.1074443    
  0.1245581    
  0.1427660    
  0.1614322    
  0.1797489    
  0.1968548    
  0.2119497    
  0.2243888    
  0.2337414    
  0.2398182    
  0.2426692    
  0.2425644    
  0.2399568    
  0.2354321    
  0.2296413    
  0.2232302    
  0.2167687    
  0.2106979    
  0.2052970    
  0.2006821    
  0.1968258    
  0.1935954    
  0.1907912    
  0.1881855    
  0.1855524    
  0.1826925    
  0.1794516    
  0.1757412    
  0.1715511    
  0.1669575    
  0.1621133    
  0.1572247    
  0.1525136    
  0.1481747    
  0.1443381    
  0.1410499    
  0.1382735    
  0.1359143    
  0.1338538    
  0.1319889    
  0.1302602    
  0.1286648    
  0.1272532    
  0.1261172    
  0.1253756    
  0.1251661    
  0.1256393    
  0.1269524    
  0.1292487    
  0.1326226    
  0.1370691    
  0.1424394    
  0.1484174    
  0.1545374    
  0.1602394    
  0.1649536    
  0.1681847    
  0.1695755    
  0.1689297    
  0.1662024    
  0.1614661    
  0.1548751    
  0.1466380    
  0.1370084    
  0.1262821    
  0.1147960    
  0.1029159    
  9.1017030E-02
  7.9457358E-02
  6.8554752E-02
  5.8572054E-02
  4.9714655E-02
  4.2134821E-02
  3.5938919E-02
  3.1190995E-02
  2.7914194E-02
  2.6091328E-02
  2.5670487E-02
  2.6577601E-02
  2.8734658E-02
  3.2075703E-02
  3.6552522E-02
  4.2123195E-02
  4.8725035E-02
  5.6239363E-02
  6.4461887E-02
  7.3089577E-02
  8.1732072E-02
  8.9945391E-02
  9.7280152E-02
  0.1033300    
  0.1077721    
  0.1103909    
  0.1110877    
  0.1098766    
  0.1068743    
  0.1022847    
  9.6377902E-02
  8.9457177E-02
  8.1816010E-02
  7.3684387E-02
  6.5178886E-02
  5.6271460E-02
  4.6796173E-02
  3.6499638E-02
  2.5128735E-02
  1.2531929E-02
 -1.2547638E-03
 -1.5964951E-02
 -3.1114766E-02
 -4.6064906E-02
 -6.0112942E-02
 -7.2589070E-02
 -8.2936428E-02
 -9.0763494E-02
 -9.5870554E-02
 -9.8254308E-02
 -9.8098360E-02
 -9.5748939E-02
 -9.1678686E-02
 -8.6436406E-02
 -8.0587134E-02
 -7.4649170E-02
 -6.9041535E-02
 -6.4048991E-02
 -5.9812088E-02
 -5.6338884E-02
 -5.3533871E-02
 -5.1232792E-02
 -4.9236871E-02
 -4.7340658E-02
 -4.5355760E-02
 -4.3130130E-02
 -4.0566482E-02
 -3.7636530E-02
 -3.4388840E-02
 -3.0943457E-02
 -2.7471906E-02
 -2.4163300E-02
 -2.1185260E-02
 -1.8648844E-02
 -1.6588368E-02
 -1.4961067E-02
 -1.3666947E-02
 -1.2581249E-02
 -1.1589963E-02
 -1.0617763E-02
 -9.6422983E-03
 -8.6936848E-03
 -7.8441873E-03
 -7.1950601E-03
 -6.8665906E-03
 -6.9921101E-03
 -7.7113076E-03
 -9.1549372E-03
 -1.1416143E-02
 -1.4510721E-02
 -1.8338269E-02
 -2.2660350E-02
 -2.7110372E-02
 -3.1237761E-02
 -3.4577448E-02
 -3.6722630E-02
 -3.7380692E-02
 -3.6397081E-02
 -3.3747505E-02
 -2.9508201E-02
 -2.3821983E-02
 -1.6872777E-02
 -8.8739311E-03
 -6.5986438E-05
  9.2837224E-03
  1.8887794E-02
  2.8454376E-02
  3.7707366E-02
  4.6404805E-02
  5.4349747E-02
  6.1391499E-02
  6.7419164E-02
  7.2354212E-02
  7.6145507E-02
  7.8769274E-02
  8.0229528E-02
  8.0556586E-02
  7.9799004E-02
  7.8010701E-02
  7.5237058E-02
  7.1509965E-02
  6.6855669E-02
  6.1317034E-02
  5.4982521E-02
  4.8013125E-02
  4.0654797E-02
  3.3230864E-02
  2.6113842E-02
  1.9685751E-02
  1.4295503E-02
  1.0224560E-02
  7.6654903E-03
  6.7145876E-03
  7.3745078E-03
  9.5628044E-03
  1.3123534E-02
  1.7842742E-02
  2.3471311E-02
  2.9758245E-02
  3.6492851E-02
  4.3548014E-02
  5.0910849E-02
  5.8686066E-02
  6.7062460E-02
  7.6246761E-02
  8.6380385E-02
  9.7465143E-02
  0.1093189    
  0.1215771    
  0.1337372    
  0.1452306    
  0.1555013    
  0.1640734    
  0.1705975    
  0.1748766    
  0.1768726    
  0.1767034    
  0.1746286    
  0.1710261    
  0.1663518    
  0.1610928    
  0.1557117    
  0.1505979    
  0.1460307    
  0.1421644    
  0.1390334    
  0.1365749    
  0.1346565    
  0.1331080    
  0.1317462    
  0.1303979    
  0.1289171    
  0.1272031    
  0.1252144    
  0.1229783    
  0.1205868    
  0.1181815    
  0.1159233    
  0.1139581    
  0.1123824    
  0.1112238    
  0.1104386    
  0.1099281    
  0.1095667    
  0.1092352    
  0.1088474    
  0.1083660    
  0.1078027    
  0.1072120    
  0.1066777    
  0.1063045    
  0.1062098    
  0.1065183    
  0.1073494    
  0.1087951    
  0.1108866    
  0.1135615    
  0.1166428    
  0.1198442    
  0.1228032    
  0.1251389    
  0.1265137    
  0.1266854    
  0.1255285    
  0.1230312    
  0.1192688    
  0.1143738    
  0.1085095    
  0.1018585    
  9.4619475E-02
  8.7007739E-02
  7.9250269E-02
  7.1574859E-02
  6.4193927E-02
  5.7290044E-02
  5.1007230E-02
  4.5452103E-02
  4.0700678E-02
  3.6807206E-02
  3.3809260E-02
  3.1728707E-02
  3.0569330E-02
  3.0316329E-02
  3.0940119E-02
  3.2405987E-02
  3.4684293E-02
  3.7756033E-02
  4.1606832E-02
  4.6209700E-02
  5.1500004E-02
  5.7352629E-02
  6.3569307E-02
  6.9884159E-02
  7.5985536E-02
  8.1550822E-02
  8.6281680E-02
  8.9934573E-02
  9.2339054E-02
  9.3404911E-02
  9.3118854E-02
  9.1538124E-02
  8.8781014E-02
  8.5016452E-02
  8.0446944E-02
  7.5284503E-02
  6.9717377E-02
  6.3874006E-02
  5.7793219E-02
  5.1415950E-02
  4.4605233E-02
  3.7195686E-02
  2.9059703E-02
  2.0172464E-02
  1.0653856E-02
  7.7488692E-04
 -9.0725739E-03
 -1.8431190E-02
 -2.6842454E-02
 -3.3903815E-02
 -3.9309062E-02
 -4.2871170E-02
 -4.4531513E-02
 -4.4360261E-02
 -4.2548802E-02
 -3.9393868E-02
 -3.5270039E-02
 -3.0591195E-02
 -2.5763988E-02
 -2.1142950E-02
 -1.6994769E-02
 -1.3479928E-02
 -1.0652439E-02
 -8.4755179E-03
 -6.8458407E-03
 -5.6198658E-03
 -4.6373862E-03
 -3.7415063E-03
 -2.7957240E-03
 -1.6997553E-03
 -4.0354123E-04
  1.0835960E-03
  2.6931467E-03
  4.3100826E-03
  5.7976674E-03
  7.0292237E-03
  7.9187145E-03
  8.4412564E-03
  8.6374925E-03
  8.6009633E-03
  8.4531577E-03
  8.3138561E-03
  8.2753226E-03
  8.3867777E-03
  8.6508896E-03
  9.0296119E-03
  9.4545567E-03
  9.8366244E-03
  1.0072682E-02
  1.0051532E-02
  9.6638137E-03
  8.8201007E-03
  7.4775852E-03
  5.6688911E-03
  3.5216294E-03
  1.2579188E-03
 -8.3120866E-04
 -2.4323966E-03
 -3.2640405E-03
 -3.1214601E-03
 -1.9004010E-03
  4.0488123E-04
  3.7228258E-03
  7.9326872E-03
  1.2888390E-02
  1.8431803E-02
  2.4396135E-02
  3.0605821E-02
  3.6879234E-02
  4.3037478E-02
  4.8916902E-02
  5.4381128E-02
  5.9327073E-02
  6.3683622E-02
  6.7403115E-02
  7.0452414E-02
  7.2806403E-02
  7.4447334E-02
  7.5366862E-02
  7.5569130E-02
  7.5069129E-02
  7.3887303E-02
  7.2040632E-02
  6.9538444E-02
  6.6385917E-02
  6.2598281E-02
  5.8220875E-02
  5.3350117E-02
  4.8144616E-02
  4.2822625E-02
  3.7643373E-02
  3.2878995E-02
  2.8783252E-02
  2.5565678E-02
  2.3375135E-02
  2.2294452E-02
  2.2342581E-02
  2.3480764E-02
  2.5619447E-02
  2.8626395E-02
  3.2337882E-02
  3.6576759E-02
  4.1177806E-02
  4.6018090E-02
  5.1043134E-02
  5.6279477E-02
  6.1823171E-02
  6.7804404E-02
  7.4334256E-02
  8.1450634E-02
  8.9078471E-02
  9.7018860E-02
  0.1049679    
  0.1125605    
  0.1194213    
  0.1252124    
  0.1296691    
  0.1326200    
  0.1339962    
  0.1338337    
  0.1322702    
  0.1295367    
  0.1259368    
  0.1218180    
  0.1175327    
  0.1133991    
  0.1096662    
  0.1064940    
  0.1039494    
  0.1020172    
  0.1006184    
  9.9634275E-02
  9.8926373E-02
  9.8355502E-02
  9.7796023E-02
  9.7150944E-02
  9.6364677E-02
  9.5433071E-02
  9.4404489E-02
  9.3371071E-02
  9.2447951E-02
  9.1745824E-02
  9.1341980E-02
  9.1260746E-02
  9.1466777E-02
  9.1875061E-02
  9.2371263E-02
  9.2838958E-02
  9.3183383E-02
  9.3347736E-02
  9.3317293E-02
  9.3116067E-02
  9.2797838E-02
  9.2437893E-02
  9.2125639E-02
  9.1959804E-02
  9.2039980E-02
  9.2452615E-02
  9.3248121E-02
  9.4416849E-02
  9.5870040E-02
  9.7437941E-02
  9.8887600E-02
  9.9961303E-02
  0.1004224    
  0.1000968    
  9.8894298E-02
  9.6811436E-02
  9.3912974E-02
  9.0308063E-02
  8.6126707E-02
  8.1507206E-02
  7.6591305E-02
  7.1524434E-02
  6.6453233E-02
  6.1519634E-02
  5.6850135E-02
  5.2546378E-02
  4.8679754E-02
  4.5294221E-02
  4.2414408E-02
  4.0055875E-02
  3.8231809E-02
  3.6955178E-02
  3.6235835E-02
  3.6077093E-02
  3.6474288E-02
  3.7418328E-02
  3.8901482E-02
  4.0921934E-02
  4.3481123E-02
  4.6573263E-02
  5.0167810E-02
  5.4192223E-02
  5.8520477E-02
  6.2974654E-02
  6.7339182E-02
  7.1385384E-02
  7.4897707E-02
  7.7696845E-02
  7.9653434E-02
  8.0693416E-02
  8.0795124E-02
  7.9984330E-02
  7.8328215E-02
  7.5930148E-02
  7.2921239E-02
  6.9448285E-02
  6.5653771E-02
  6.1651923E-02
  5.7504561E-02
  5.3208139E-02
  4.8697900E-02
  4.3873575E-02
  3.8640153E-02
  3.2954123E-02
  2.6858812E-02
  2.0498568E-02
  1.4106763E-02
  7.9737622E-03
  2.4050872E-03
 -2.3184416E-03
 -5.9706448E-03
 -8.3979182E-03
 -9.5278770E-03
 -9.3728965E-03
 -8.0299200E-03
 -5.6758048E-03
 -2.5546504E-03
  1.0447012E-03
  4.8199040E-03
  8.4899608E-03
  1.1826555E-02
  1.4674994E-02
  1.6960923E-02
  1.8683745E-02
  1.9901155E-02
  2.0709991E-02
  2.1227695E-02
  2.1576537E-02
  2.1869998E-02
  2.2199957E-02
  2.2624364E-02
  2.3157746E-02
  2.3767879E-02
  2.4382122E-02
  2.4903959E-02
  2.5237307E-02
  2.5312159E-02
  2.5104180E-02
  2.4642080E-02
  2.4001399E-02
  2.3286743E-02
  2.2608353E-02
  2.2059832E-02
  2.1702940E-02
  2.1561455E-02
  2.1623438E-02
  2.1848014E-02
  2.2173118E-02
  2.2521609E-02
  2.2806397E-02
  2.2936976E-02
  2.2831453E-02
  2.2434698E-02
  2.1739647E-02
  2.0804374E-02
  1.9756908E-02
  1.8782040E-02
  1.8091271E-02
  1.7883614E-02
  1.8309405E-02
  1.9447824E-02
  2.1303568E-02
  2.3819815E-02
  2.6899898E-02
  3.0427953E-02
  3.4282546E-02
  3.8341723E-02
  4.2483859E-02
  4.6588704E-02
  5.0542891E-02
  5.4247737E-02
  5.7627894E-02
  6.0635127E-02
  6.3246116E-02
  6.5453596E-02
  6.7256540E-02
  6.8651989E-02
  6.9632851E-02
  7.0189469E-02
  7.0314370E-02
  7.0004627E-02
  6.9261312E-02
  6.8084702E-02
  6.6471264E-02
  6.4414538E-02
  6.1913844E-02
  5.8987796E-02
  5.5690195E-02
  5.2120008E-02
  4.8421863E-02
  4.4774000E-02
  4.1368511E-02
  3.8387977E-02
  3.5985734E-02
  3.4273170E-02
  3.3315819E-02
  3.3135373E-02
  3.3714883E-02
  3.5003550E-02
  3.6921162E-02
  3.9362960E-02
  4.2208795E-02
  4.5337256E-02
  4.8645426E-02
  5.2069075E-02
  5.5596720E-02
  5.9269171E-02
  6.3162588E-02
  6.7356192E-02
  7.1895026E-02
  7.6757565E-02
  8.1840940E-02
  8.6966760E-02
  9.1905661E-02
  9.6410088E-02
  0.1002481    
  0.1032280    
  0.1052153    
  0.1061389    
  0.1059955    
  0.1048514    
  0.1028407    
  0.1001572    
  9.7038962E-02
  9.3742162E-02
  9.0512536E-02
  8.7555781E-02
  8.5017979E-02
  8.2976542E-02
  8.1444182E-02
  8.0380119E-02
  7.9706952E-02
  7.9325981E-02
  7.9131626E-02
  7.9022586E-02
  7.8913666E-02
  7.8746550E-02
  7.8499638E-02
  7.8191757E-02
  7.7879176E-02
  7.7641763E-02
  7.7563040E-02
  7.7706248E-02
  7.8096442E-02
  7.8711435E-02
  7.9486243E-02
  8.0326803E-02
  8.1131153E-02
  8.1808887E-02
  8.2296602E-02
  8.2563750E-02
  8.2612634E-02
  8.2472578E-02
  8.2194068E-02
  8.1842467E-02
  8.1494145E-02
  8.1230342E-02
  8.1128113E-02
  8.1244461E-02
  8.1598721E-02
  8.2156301E-02
  8.2823180E-02
  8.3453774E-02
  8.3875202E-02
  8.3919547E-02
  8.3456829E-02
  8.2415462E-02
  8.0788456E-02
  7.8623489E-02
  7.6005235E-02
  7.3035739E-02
  6.9822013E-02
  6.6469640E-02
  6.3082002E-02
  5.9758682E-02
  5.6591775E-02
  5.3658850E-02
  5.1016189E-02
  4.8694771E-02
  4.6703339E-02
  4.5035981E-02
  4.3682761E-02
  4.2637542E-02
  4.1901957E-02
  4.1483596E-02
  4.1392040E-02
  4.1634761E-02
  4.2216916E-02
  4.3143407E-02
  4.4422101E-02
  4.6062835E-02
  4.8071414E-02
  5.0437868E-02
  5.3123571E-02
  5.6051295E-02
  5.9104420E-02
  6.2135588E-02
  6.4984180E-02
  6.7495532E-02
  6.9538891E-02
  7.1018435E-02
  7.1877286E-02
  7.2094731E-02
  7.1682148E-02
  7.0677958E-02
  6.9144927E-02
  6.7165993E-02
  6.4838998E-02
  6.2265854E-02
  5.9537616E-02
  5.6716681E-02
  5.3824097E-02
  5.0836500E-02
  4.7697600E-02
  4.4342063E-02
  4.0726673E-02
  3.6858048E-02
  3.2808091E-02
  2.8711794E-02
  2.4749946E-02
  2.1122169E-02
  1.8019451E-02
  1.5602333E-02
  1.3987717E-02
  1.3241963E-02
  1.3377485E-02
  1.4350588E-02
  1.6061055E-02
  1.8356189E-02
  2.1042256E-02
  2.3903925E-02
  2.6729191E-02
  2.9334633E-02
  3.1584933E-02
  3.3402439E-02
  3.4766469E-02
  3.5703935E-02
  3.6276162E-02
  3.6564928E-02
  3.6660671E-02
  3.6652122E-02
  3.6616858E-02
  3.6611293E-02
  3.6662068E-02
  3.6760654E-02
  3.6865164E-02
  3.6910046E-02
  3.6823612E-02
  3.6548369E-02
  3.6058784E-02
  3.5370287E-02
  3.4537878E-02
  3.3644300E-02
  3.2782715E-02
  3.2038238E-02
  3.1474221E-02
  3.1125112E-02
  3.0996291E-02
  3.1067772E-02
  3.1299841E-02
  3.1637676E-02
  3.2015454E-02
  3.2360677E-02
  3.2602198E-02
  3.2682639E-02
  3.2574356E-02
  3.2293525E-02
  3.1907510E-02
  3.1529587E-02
  3.1300839E-02
  3.1362399E-02
  3.1827550E-02
  3.2761205E-02
  3.4173284E-02
  3.6024846E-02
  3.8243428E-02
  4.0739622E-02
  4.3419834E-02
  4.6192043E-02
  4.8967864E-02
  5.1663466E-02
  5.4203082E-02
  5.6524515E-02
  5.8585603E-02
  6.0367096E-02
  6.1870884E-02
  6.3111946E-02
  6.4108692E-02
  6.4874217E-02
  6.5412417E-02
  6.5718144E-02
  6.5781720E-02
  6.5592781E-02
  6.5142542E-02
  6.4422093E-02
  6.3420735E-02
  6.2125970E-02
  6.0528584E-02
  5.8631536E-02
  5.6461792E-02
  5.4078698E-02
  5.1576197E-02
  4.9075387E-02
  4.6710812E-02
  4.4613045E-02
  4.2893473E-02
  4.1633893E-02
  4.0883642E-02
  4.0661354E-02
  4.0959634E-02
  4.1748799E-02
  4.2979997E-02
  4.4587240E-02
  4.6491414E-02
  4.8607465E-02
  5.0856601E-02
  5.3180285E-02
  5.5552628E-02
  5.7984393E-02
  6.0516488E-02
  6.3201629E-02
  6.6079818E-02
  6.9153838E-02
  7.2374932E-02
  7.5641386E-02
  7.8811832E-02
  8.1725635E-02
  8.4226392E-02
  8.6179882E-02
  8.7486304E-02
  8.8085324E-02
  8.7959625E-02
  8.7136619E-02
  8.5690707E-02
  8.3740763E-02
  8.1443332E-02
  7.8977413E-02
  7.6524518E-02
  7.4245907E-02
  7.2265260E-02
  7.0657752E-02
  6.9449633E-02
  6.8624437E-02
  6.8134591E-02
  6.7912586E-02
  6.7882091E-02
  6.7965977E-02
  6.8094909E-02
  6.8215348E-02
  6.8298228E-02
  6.8343945E-02
  6.8382733E-02
  6.8467289E-02
  6.8659082E-02
  6.9009721E-02
  6.9545232E-02
  7.0255950E-02
  7.1096934E-02
  7.1996205E-02
  7.2870202E-02
  7.3639818E-02
  7.4243829E-02
  7.4645244E-02
  7.4833266E-02
  7.4819803E-02
  7.4635737E-02
  7.4326009E-02
  7.3946968E-02
  7.3562287E-02
  7.3237211E-02
  7.3027380E-02
  7.2966062E-02
  7.3050551E-02
  7.3235095E-02
  7.3432602E-02
  7.3528998E-02
  7.3405571E-02
  7.2963975E-02
  7.2144471E-02
  7.0934415E-02
  6.9364116E-02
  6.7494951E-02
  6.5404117E-02
  6.3173503E-02
  6.0883041E-02
  5.8609027E-02
  5.6422453E-02
  5.4386754E-02
  5.2552518E-02
  5.0952334E-02
  4.9597196E-02
  4.8478633E-02
  4.7575388E-02
  4.6863232E-02
  4.6323206E-02
  4.5946959E-02
  4.5736503E-02
  4.5700971E-02
  4.5851778E-02
  4.6200283E-02
  4.6757642E-02
  4.7536518E-02
  4.8550773E-02
  4.9812287E-02
  5.1323008E-02
  5.3065598E-02
  5.4995012E-02
  5.7036322E-02
  5.9089869E-02
  6.1043303E-02
  6.2786117E-02
  6.4223699E-02
  6.5286033E-02
  6.5931037E-02
  6.6142224E-02
  6.5924861E-02
  6.5301858E-02
  6.4311787E-02
  6.3006826E-02
  6.1450947E-02
  5.9714314E-02
  5.7864636E-02
  5.5954952E-02
  5.4013282E-02
  5.2037198E-02
  4.9997848E-02
  4.7852825E-02
  4.5566563E-02
  4.3130338E-02
  4.0576428E-02
  3.7980512E-02
  3.5453066E-02
  3.3122528E-02
  3.1116704E-02
  2.9546801E-02
  2.8497636E-02
  2.8022621E-02
  2.8141478E-02
  2.8837955E-02
  3.0057890E-02
  3.1709056E-02
  3.3665996E-02
  3.5780773E-02
  3.7899729E-02
  3.9882146E-02
  4.1617133E-02
  4.3033447E-02
  4.4101972E-02
  4.4830766E-02
  4.5256417E-02
  4.5433618E-02
  4.5426603E-02
  4.5301523E-02
  4.5119923E-02
  4.4931196E-02
  4.4765558E-02
  4.4628292E-02
  4.4498701E-02
  4.4334691E-02
  4.4084541E-02
  4.3702021E-02
  4.3161593E-02
  4.2467620E-02
  4.1656330E-02
  4.0788926E-02
  3.9939296E-02
  3.9179377E-02
  3.8567584E-02
  3.8141523E-02
  3.7916344E-02
  3.7886295E-02
  3.8028538E-02
  3.8306408E-02
  3.8672347E-02
  3.9070617E-02
  3.9442644E-02
  3.9735314E-02
  3.9912708E-02
  3.9967421E-02
  3.9928675E-02
  3.9861817E-02
  3.9858378E-02
  4.0017392E-02
  4.0424600E-02
  4.1134756E-02
  4.2163279E-02
  4.3487545E-02
  4.5056876E-02
  4.6804853E-02
  4.8660412E-02
  5.0553810E-02
  5.2419323E-02
  5.4196071E-02
  5.5830717E-02
  5.7281084E-02
  5.8521636E-02
  5.9546210E-02
  6.0367294E-02
  6.1009463E-02
  6.1500963E-02
  6.1864730E-02
  6.2113401E-02
  6.2247850E-02
  6.2260609E-02
  6.2139835E-02
  6.1873119E-02
  6.1447620E-02
  6.0849816E-02
  6.0064878E-02
  5.9079725E-02
  5.7888489E-02
  5.6501310E-02
  5.4951377E-02
  5.3298093E-02
  5.1622845E-02
  5.0019629E-02
  4.8581801E-02
  4.7390256E-02
  4.6504676E-02
  4.5961119E-02
  4.5773458E-02
  4.5937732E-02
  4.6435479E-02
  4.7236353E-02
  4.8298802E-02
  4.9571674E-02
  5.0997254E-02
  5.2518349E-02
  5.4087497E-02
  5.5676758E-02
  5.7282772E-02
  5.8925617E-02
  6.0638782E-02
  6.2453788E-02
  6.4382456E-02
  6.6404641E-02
  6.8464242E-02
  7.0475519E-02
  7.2335653E-02
  7.3940724E-02
  7.5198650E-02
  7.6038383E-02
  7.6413170E-02
  7.6303080E-02
  7.5716428E-02
  7.4692525E-02
  7.3302001E-02
  7.1644917E-02
  6.9842421E-02
  6.8024069E-02
  6.6311039E-02
  6.4801954E-02
  6.3562617E-02
  6.2623553E-02
  6.1982464E-02
  6.1612058E-02
  6.1468095E-02
  6.1497428E-02
  6.1643630E-02
  6.1853029E-02
  6.2080450E-02
  6.2296104E-02
  6.2490430E-02
  6.2676743E-02
  6.2887751E-02
  6.3167058E-02
  6.3555382E-02
  6.4077757E-02
  6.4733706E-02
  6.5495104E-02
  6.6310339E-02
  6.7115180E-02
  6.7844711E-02
  6.8444781E-02
  6.8878017E-02
  6.9126748E-02
  6.9191463E-02
  6.9088660E-02
  6.8847373E-02
  6.8507507E-02
  6.8117015E-02
  6.7728348E-02
  6.7390896E-02
  6.7141660E-02
  6.6994689E-02
  6.6933863E-02
  6.6911027E-02
  6.6853806E-02
  6.6679798E-02
  6.6315018E-02
  6.5709166E-02
  6.4844884E-02
  6.3737564E-02
  6.2428545E-02
  6.0973894E-02
  5.9435099E-02
  5.7872619E-02
  5.6343652E-02
  5.4900374E-02
  5.3588461E-02
  5.2443292E-02
  5.1485788E-02
  5.0718870E-02
  5.0128546E-02
  4.9688704E-02
  4.9369387E-02
  4.9144715E-02
  4.8999026E-02
  4.8928238E-02
  4.8937973E-02
  4.9039155E-02
  4.9244825E-02
  4.9568351E-02
  5.0023992E-02
  5.0626703E-02
  5.1390477E-02
  5.2323457E-02
  5.3421196E-02
  5.4659676E-02
  5.5992562E-02
  5.7353437E-02
  5.8664214E-02
  5.9845734E-02
  6.0829025E-02
  6.1562635E-02
  6.2015969E-02
  6.2177181E-02
  6.2049855E-02
  6.1649032E-02
  6.0999390E-02
  6.0133912E-02
  5.9093703E-02
  5.7925642E-02
  5.6677826E-02
  5.5391550E-02
  5.4093719E-02
  5.2791011E-02
  5.1470328E-02
  5.0105121E-02
  4.8668247E-02
  4.7146071E-02
  4.5550197E-02
  4.3921433E-02
  4.2326402E-02
  4.0847111E-02
  3.9568283E-02
  3.8565684E-02
  3.7898976E-02
  3.7608054E-02
  3.7711944E-02
  3.8207155E-02
  3.9065894E-02
  4.0234227E-02
  4.1633252E-02
  4.3164197E-02
  4.4719037E-02
  4.6193715E-02
  4.7501579E-02
  4.8582237E-02
  4.9405579E-02
  4.9969509E-02
  5.0294477E-02
  5.0415754E-02
  5.0377365E-02
  5.0226625E-02
  5.0009985E-02
  4.9767654E-02
  4.9528521E-02
  4.9304660E-02
  4.9088992E-02
  4.8856426E-02
  4.8571013E-02
  4.8196729E-02
  4.7709744E-02
  4.7107019E-02
  4.6410061E-02
  4.5661580E-02
  4.4917267E-02
  4.4234619E-02
  4.3663554E-02
  4.3239754E-02
  4.2982452E-02
  4.2894587E-02
  4.2965304E-02
  4.3171857E-02
  4.3481659E-02
  4.3853641E-02
  4.4241752E-02
  4.4600405E-02
  4.4893004E-02
  4.5100749E-02
  4.5230307E-02
  4.5315757E-02
  4.5414053E-02
  4.5593016E-02
  4.5916513E-02
  4.6430077E-02
  4.7152516E-02
  4.8074123E-02
  4.9162280E-02
  5.0369985E-02
  5.1644892E-02
  5.2934527E-02
  5.4189473E-02
  5.5364352E-02
  5.6419965E-02
  5.7325751E-02
  5.8064427E-02
  5.8634426E-02
  5.9050322E-02
  5.9338104E-02
  5.9528317E-02
  5.9648063E-02
  5.9715528E-02
  5.9737202E-02
  5.9709795E-02
  5.9623510E-02
  5.9465982E-02
  5.9223562E-02
  5.8882084E-02
  5.8426507E-02
  5.7842661E-02
  5.7120532E-02
  5.6260586E-02
  5.5279326E-02
  5.4212864E-02
  5.3114809E-02
  5.2050229E-02
  5.1085860E-02
  5.0280850E-02
  4.9679156E-02
  4.9307201E-02
  4.9174793E-02
  4.9278881E-02
  4.9606614E-02
  5.0137948E-02
  5.0846118E-02
  5.1698234E-02
  5.2656014E-02
  5.3679664E-02
  5.4733451E-02
  5.5792868E-02
  5.6849211E-02
  5.7910800E-02
  5.8998149E-02
  6.0134668E-02
  6.1334230E-02
  6.2591575E-02
  6.3877188E-02
  6.5139934E-02
  6.6314302E-02
  6.7331485E-02
  6.8128780E-02
  6.8656616E-02
  6.8880893E-02
  6.8784468E-02
  6.8367600E-02
  6.7650221E-02
  6.6672973E-02
  6.5497957E-02
  6.4204805E-02
  6.2883340E-02
  6.1621763E-02
  6.0495932E-02
  5.9560146E-02
  5.8843669E-02
  5.8351219E-02
  5.8067996E-02
  5.7965633E-02
  5.8008101E-02
  5.8155686E-02
  5.8368951E-02
  5.8612313E-02
  5.8859017E-02
  5.9095293E-02
  5.9323765E-02
  5.9562828E-02
  5.9842031E-02
  6.0192484E-02
  6.0636945E-02
  6.1180789E-02
  6.1808553E-02
  6.2485177E-02
  6.3163228E-02
  6.3791811E-02
  6.4325847E-02
  6.4731531E-02
  6.4989351E-02
  6.5093614E-02
  6.5051213E-02
  6.4879261E-02
  6.4604245E-02
  6.4260535E-02
  6.3888356E-02
  6.3528776E-02
  6.3217260E-02
  6.2975146E-02
  6.2803261E-02
  6.2678315E-02
  6.2556453E-02
  6.2381934E-02
  6.2100288E-02
  6.1670221E-02
  6.1072487E-02
  6.0311794E-02
  5.9413712E-02
  5.8416780E-02
  5.7365444E-02
  5.6304593E-02
  5.5277031E-02
  5.4321803E-02
  5.3473145E-02
  5.2757502E-02
  5.2190151E-02
  5.1771879E-02
  5.1488992E-02
  5.1316347E-02
  5.1224079E-02
  5.1184423E-02
  5.1177919E-02
  5.1195767E-02
  5.1239412E-02
  5.1316995E-02
  5.1440187E-02
  5.1621910E-02
  5.1876057E-02
  5.2217003E-02
  5.2659024E-02
  5.3212989E-02
  5.3881802E-02
  5.4654624E-02
  5.5504043E-02
  5.6386657E-02
  5.7248641E-02
  5.8033314E-02
  5.8690269E-02
  5.9181448E-02
  5.9484411E-02
  5.9590805E-02
  5.9503641E-02
  5.9233751E-02
  5.8797974E-02
  5.8217861E-02
  5.7520118E-02
  5.6735724E-02
  5.5897869E-02
  5.5036783E-02
  5.4174643E-02
  5.3320676E-02
  5.2470088E-02
  5.1606711E-02
  5.0710838E-02
  4.9768772E-02
  4.8781853E-02
  4.7770757E-02
  4.6774838E-02
  4.5845989E-02
  4.5040231E-02
  4.4409052E-02
  4.3994013E-02
  4.3823790E-02
  4.3913879E-02
  4.4265617E-02
  4.4865187E-02
  4.5681681E-02
  4.6666671E-02
  4.7755916E-02
  4.8875649E-02
  4.9951233E-02
  5.0917268E-02
  5.1725179E-02
  5.2347492E-02
  5.2777447E-02
  5.3025652E-02
  5.3114522E-02
  5.3073715E-02
  5.2936196E-02
  5.2735593E-02
  5.2502703E-02
  5.2262124E-02
  5.2027937E-02
  5.1800963E-02
  5.1567841E-02
  5.1305007E-02
  5.0985556E-02
  5.0588686E-02
  5.0107080E-02
  4.9551554E-02
  4.8950072E-02
  4.8342872E-02
  4.7774039E-02
  4.7284249E-02
  4.6904773E-02
  4.6655204E-02
  4.6542794E-02
  4.6564121E-02
  4.6706241E-02
  4.6948086E-02
  4.7260851E-02
  4.7610153E-02
  4.7959216E-02
  4.8275005E-02
  4.8534725E-02
  4.8732568E-02
  4.8882902E-02
  4.9019042E-02
  4.9185958E-02
  4.9430203E-02
  4.9788691E-02
  5.0281104E-02
  5.0906330E-02
  5.1645286E-02
  5.2466344E-02
  5.3332239E-02
  5.4204453E-02
  5.5046376E-02
  5.5824120E-02
  5.6508224E-02
  5.7075333E-02
  5.7511907E-02
  5.7816803E-02
  5.8002539E-02
  5.8092177E-02
  5.8114409E-02
  5.8096506E-02
  5.8059078E-02
  5.8012392E-02
  5.7957072E-02
  5.7886403E-02
  5.7790007E-02
  5.7655502E-02
  5.7469994E-02
  5.7219665E-02
  5.6891013E-02
  5.6472469E-02
  5.5959057E-02
  5.5356778E-02
  5.4686219E-02
  5.3981822E-02
  5.3288370E-02
  5.2653678E-02
  5.2121300E-02
  5.1723968E-02
  5.1481247E-02
  5.1399905E-02
  5.1477112E-02
  5.1703114E-02
  5.2063912E-02
  5.2541684E-02
  5.3115051E-02
  5.3758692E-02
  5.4445416E-02
  5.5149388E-02
  5.5851173E-02
  5.6541312E-02
  5.7222504E-02
  5.7907224E-02
  5.8612455E-02
  5.9351034E-02
  6.0124513E-02
  6.0918458E-02
  6.1702974E-02
  6.2436678E-02
  6.3074291E-02
  6.3573234E-02
  6.3899212E-02
  6.4027868E-02
  6.3945770E-02
  6.3650347E-02
  6.3151352E-02
  6.2471826E-02
  6.1649688E-02
  6.0736265E-02
  5.9792336E-02
  5.8880370E-02
  5.8056634E-02
  5.7363816E-02
  5.6827396E-02
  5.6454923E-02
  5.6239266E-02
  5.6162603E-02
  5.6200970E-02
  5.6326944E-02
  5.6512352E-02
  5.6730408E-02
  5.6959163E-02
  5.7184424E-02
  5.7403278E-02
  5.7624739E-02
  5.7867792E-02
  5.8155086E-02
  5.8505770E-02
  5.8927950E-02
  5.9414852E-02
  5.9944153E-02
  6.0482521E-02
  6.0991716E-02
  6.1435938E-02
  6.1786354E-02
  6.2024165E-02
  6.2140752E-02
  6.2137276E-02
  6.2022816E-02
  6.1814226E-02
  6.1535072E-02
  6.1214920E-02
  6.0885943E-02
  6.0578715E-02
  6.0315926E-02
  6.0107019E-02
  5.9944052E-02
  5.9802640E-02
  5.9646647E-02
  5.9437085E-02
  5.9140950E-02
  5.8739107E-02
  5.8229387E-02
  5.7625808E-02
  5.6953501E-02
  5.6243766E-02
  5.5529129E-02
  5.4841269E-02
  5.4209191E-02
  5.3658661E-02
  5.3209998E-02
  5.2875638E-02
  5.2656908E-02
  5.2543279E-02
  5.2513838E-02
  5.2542176E-02
  5.2601825E-02
  5.2672125E-02
  5.2741259E-02
  5.2807011E-02
  5.2874219E-02
  5.2952271E-02
  5.3052355E-02
  5.3186830E-02
  5.3368386E-02
  5.3609978E-02
  5.3922880E-02
  5.4313678E-02
  5.4779686E-02
  5.5306222E-02
  5.5865921E-02
  5.6422181E-02
  5.6934442E-02
  5.7365354E-02
  5.7686169E-02
  5.7879981E-02
  5.7940859E-02
  5.7871800E-02
  5.7681378E-02
  5.7381924E-02
  5.6988068E-02
  5.6517310E-02
  5.5989962E-02
  5.5428524E-02
  5.4854508E-02
  5.4285139E-02
  5.3729303E-02
  5.3186160E-02
  5.2645784E-02
  5.2093845E-02
  5.1518083E-02
  5.0915230E-02
  5.0294638E-02
  4.9679209E-02
  4.9101669E-02
  4.8599135E-02
  4.8206523E-02
  4.7952577E-02
  4.7857493E-02
  4.7932949E-02
  4.8181679E-02
  4.8597235E-02
  4.9162205E-02
  4.9847446E-02
  5.0611883E-02
  5.1405996E-02
  5.2177340E-02
  5.2878022E-02
  5.3470440E-02
  5.3931631E-02
  5.4253496E-02
  5.4441046E-02
  5.4508220E-02
  5.4474663E-02
  5.4362755E-02
  5.4196138E-02
  5.3997446E-02
  5.3786393E-02
  5.3576387E-02
  5.3372171E-02
  5.3167827E-02
  5.2948624E-02
  5.2695222E-02
  5.2390505E-02
  5.2025575E-02
  5.1604416E-02
  5.1144298E-02
  5.0673094E-02
  5.0223358E-02
  4.9826737E-02
  4.9509037E-02
  4.9288090E-02
  4.9172737E-02
  4.9163919E-02
  4.9255263E-02
  4.9434017E-02
  4.9680810E-02
  4.9970914E-02
  5.0276022E-02
  5.0568547E-02
  5.0826170E-02
  5.1037539E-02
  5.1205486E-02
  5.1347733E-02
  5.1492687E-02
  5.1673066E-02
  5.1917650E-02
  5.2244879E-02
  5.2658912E-02
  5.3150304E-02
  5.3699084E-02
  5.4279745E-02
  5.4864723E-02
  5.5427052E-02
  5.5941548E-02
  5.6385975E-02
  5.6742180E-02
  5.6998987E-02
  5.7154465E-02
  5.7217550E-02
  5.7206463E-02
  5.7145353E-02
  5.7058889E-02
  5.6967575E-02
  5.6883823E-02
  5.6811567E-02
  5.6747437E-02
  5.6683760E-02
  5.6610245E-02
  5.6515682E-02
  5.6388099E-02
  5.6215521E-02
  5.5986732E-02
  5.5694498E-02
  5.5338737E-02
  5.4929871E-02
  5.4489054E-02
  5.4046333E-02
  5.3635675E-02
  5.3289343E-02
  5.3032275E-02
  5.2879643E-02
  5.2836504E-02
  5.2900292E-02
  5.3063095E-02
  5.3314287E-02
  5.3641256E-02
  5.4029744E-02
  5.4463048E-02
  5.4922950E-02
  5.5391341E-02
  5.5853643E-02
  5.6301426E-02
  5.6734633E-02
  5.7160832E-02
  5.7592254E-02
  5.8039993E-02
  5.8508765E-02
  5.8992680E-02
  5.9474815E-02
  5.9929073E-02
  6.0325373E-02
  6.0634542E-02
  6.0832776E-02
  6.0902875E-02
  6.0835119E-02
  6.0626563E-02
  6.0281932E-02
  5.9814006E-02
  5.9245445E-02
  5.8608558E-02
  5.7943799E-02
  5.7294555E-02
  5.6701805E-02
  5.6198116E-02
  5.5804498E-02
  5.5528801E-02
  5.5367853E-02
  5.5310320E-02
  5.5340331E-02
  5.5439252E-02
  5.5587705E-02
  5.5766471E-02
  5.5958658E-02
  5.6151569E-02
  5.6339711E-02
  5.6526136E-02
  5.6722321E-02
  5.6944173E-02
  5.7207156E-02
  5.7520222E-02
  5.7882018E-02
  5.8279205E-02
  5.8689017E-02
  5.9083488E-02
  5.9435178E-02
  5.9720773E-02
  5.9924044E-02
  6.0035933E-02
  6.0054548E-02
  5.9983838E-02
  5.9833545E-02
  5.9618920E-02
  5.9360724E-02
  5.9083134E-02
  5.8811095E-02
  5.8565628E-02
  5.8359582E-02
  5.8193564E-02
  5.8055501E-02
  5.7922985E-02
  5.7769056E-02
  5.7568479E-02
  5.7304155E-02
  5.6970358E-02
  5.6573380E-02
  5.6128491E-02
  5.5656523E-02
  5.5180300E-02
  5.4722764E-02
  5.4305315E-02
  5.3947438E-02
  5.3665049E-02
  5.3468704E-02
  5.3360712E-02
  5.3334028E-02
  5.3372767E-02
  5.3455424E-02
  5.3558987E-02
  5.3663965E-02
  5.3757459E-02
  5.3834666E-02
  5.3897329E-02
  5.3951889E-02
  5.4007161E-02
  5.4073390E-02
  5.4161318E-02
  5.4282200E-02
  5.4446608E-02
  5.4662507E-02
  5.4931700E-02
  5.5247404E-02
  5.5593144E-02
  5.5944633E-02
  5.6273162E-02
  5.6551177E-02
  5.6756761E-02
  5.6876726E-02
  5.6906354E-02
  5.6848109E-02
  5.6708850E-02
  5.6498092E-02
  5.6226432E-02
  5.5905908E-02
  5.5550087E-02
  5.5174172E-02
  5.4793067E-02
  5.4419339E-02
  5.4060370E-02
  5.3716954E-02
  5.3382941E-02
  5.3048141E-02
  5.2702338E-02
  5.2340418E-02
  5.1965397E-02
  5.1589943E-02
  5.1234420E-02
  5.0923448E-02
  5.0681021E-02
  5.0527371E-02
  5.0476857E-02
  5.0538033E-02
  5.0713476E-02
  5.1000066E-02
  5.1387943E-02
  5.1859766E-02
  5.2389730E-02
  5.2945383E-02
  5.3490669E-02
  5.3991180E-02
  5.4418541E-02
  5.4754186E-02
  5.4990232E-02
  5.5128712E-02
  5.5178490E-02
  5.5152815E-02
  5.5066891E-02
  5.4936983E-02
  5.4779023E-02
  5.4607660E-02
  5.4434180E-02
  5.4264653E-02
  5.4097660E-02
  5.3924888E-02
  5.3733107E-02
  5.3508967E-02
  5.3243484E-02
  5.2936371E-02
  5.2597310E-02
  5.2244913E-02
  5.1902629E-02
  5.1594522E-02
  5.1341172E-02
  5.1157709E-02
  5.1052701E-02
  5.1028933E-02
  5.1083852E-02
  5.1210310E-02
  5.1396038E-02
  5.1624190E-02
  5.1874079E-02
  5.2123923E-02
  5.2354034E-02
  5.2551281E-02
  5.2712213E-02
  5.2844703E-02
  5.2965790E-02
  5.3097825E-02
  5.3262509E-02
  5.3475864E-02
  5.3744335E-02
  5.4064471E-02
  5.4424461E-02
  5.4807600E-02
  5.5194821E-02
  5.5567045E-02
  5.5905927E-02
  5.6194913E-02
  5.6419808E-02
  5.6570977E-02
  5.6645382E-02
  5.6648470E-02
  5.6593485E-02
  5.6499582E-02
  5.6387611E-02
  5.6276288E-02
  5.6178350E-02
  5.6099564E-02
  5.6039181E-02
  5.5992186E-02
  5.5950772E-02
  5.5906057E-02
  5.5848267E-02
  5.5767406E-02
  5.5653423E-02
  5.5498358E-02
  5.5298775E-02
  5.5058748E-02
  5.4790508E-02
  5.4513879E-02
  5.4252770E-02
  5.4031145E-02
  5.3868085E-02
  5.3775489E-02
  5.3757407E-02
  5.3811785E-02
  5.3932250E-02
  5.4110635E-02
  5.4337669E-02
  5.4603517E-02
  5.4896839E-02
  5.5205252E-02
  5.5516090E-02
  5.5818785E-02
  5.6106605E-02
  5.6378659E-02
  5.6639727E-02
  5.6898743E-02
  5.7164785E-02
  5.7443399E-02
  5.7733219E-02
  5.8025159E-02
  5.8303040E-02
  5.8547098E-02
  5.8737259E-02
  5.8856834E-02
  5.8893468E-02
  5.8839958E-02
  5.8693644E-02
  5.8456816E-02
  5.8136653E-02
  5.7746787E-02
  5.7307441E-02
  5.6845099E-02
  5.6389283E-02
  5.5969097E-02
  5.5608720E-02
  5.5324733E-02
  5.5124391E-02
  5.5006791E-02
  5.4964747E-02
  5.4987635E-02
  5.5062678E-02
  5.5176545E-02
  5.5315722E-02
  5.5467851E-02
  5.5622678E-02
  5.5774368E-02
  5.5922825E-02
  5.6074377E-02
  5.6239605E-02
  5.6430187E-02
  5.6654453E-02
  5.6914117E-02
  5.7202071E-02
  5.7503611E-02
  5.7798978E-02
  5.8067705E-02
  5.8291461E-02
  5.8456611E-02
  5.8554750E-02
  5.8582772E-02
  5.8541775E-02
  5.8437198E-02
  5.8278508E-02
  5.8079708E-02
  5.7858076E-02
  5.7632696E-02
  5.7421267E-02
  5.7236951E-02
  5.7084698E-02
  5.6960236E-02
  5.6850642E-02
  5.6738026E-02
  5.6603651E-02
  5.6433029E-02
  5.6218971E-02
  5.5963028E-02
  5.5673797E-02
  5.5364754E-02
  5.5051517E-02
  5.4750334E-02
  5.4476526E-02
  5.4244369E-02
  5.4066092E-02
  5.3950634E-02
  5.3901192E-02
  5.3914100E-02
  5.3978313E-02
  5.4077487E-02
  5.4192703E-02
  5.4306656E-02
  5.4406565E-02
  5.4486215E-02
  5.4545064E-02
  5.4587185E-02
  5.4619130E-02
  5.4649014E-02
  5.4685324E-02
  5.4737210E-02
  5.4813683E-02
  5.4922726E-02
  5.5068411E-02
  5.5249114E-02
  5.5455763E-02
  5.5672806E-02
  5.5880100E-02
  5.6057215E-02
  5.6187075E-02
  5.6259096E-02
  5.6269236E-02
  5.6219500E-02
  5.6115426E-02
  5.5964567E-02
  5.5774804E-02
  5.5554606E-02
  5.5313077E-02
  5.5060577E-02
  5.4807425E-02
  5.4562867E-02
  5.4332715E-02
  5.4118361E-02
  5.3915795E-02
  5.3717494E-02
  5.3515036E-02
  5.3302892E-02
  5.3080738E-02
  5.2855309E-02
  5.2639123E-02
  5.2448537E-02
  5.2300025E-02
  5.2207876E-02
  5.2182328E-02
  5.2229661E-02
  5.2352078E-02
  5.2548271E-02
  5.2812666E-02
  5.3135034E-02
  5.3499222E-02
  5.3884055E-02
  5.4264929E-02
  5.4617602E-02
  5.4921128E-02
  5.5161197E-02
  5.5330981E-02
  5.5431034E-02
  5.5466939E-02
  5.5447605E-02
  5.5383302E-02
  5.5285234E-02
  5.5164363E-02
  5.5031389E-02
  5.4895204E-02
  5.4761745E-02
  5.4631826E-02
  5.4501064E-02
  5.4360718E-02
  5.4200854E-02
  5.4013427E-02
  5.3796131E-02
  5.3553749E-02
  5.3298216E-02
  5.3045779E-02
  5.2814126E-02
  5.2619077E-02
  5.2472968E-02
  5.2383434E-02
  5.2354045E-02
  5.2384447E-02
  5.2471019E-02
  5.2606273E-02
  5.2779038E-02
  5.2974623E-02
  5.3176709E-02
  5.3369183E-02
  5.3539660E-02
  5.3681981E-02
  5.3798229E-02
  5.3897675E-02
  5.3994764E-02
  5.4105163E-02
  5.4241996E-02
  5.4412335E-02
  5.4616429E-02
  5.4848056E-02
  5.5096846E-02
  5.5349898E-02
  5.5593837E-02
  5.5815484E-02
  5.6002762E-02
  5.6144834E-02
  5.6233801E-02
  5.6266088E-02
  5.6244384E-02
  5.6177408E-02
  5.6079220E-02
  5.5966325E-02
  5.5854756E-02
  5.5756535E-02
  5.5678505E-02
  5.5621963E-02
  5.5584140E-02
  5.5559378E-02
  5.5540770E-02
  5.5520542E-02
  5.5490680E-02
  5.5442836E-02
  5.5369627E-02
  5.5266332E-02
  5.5133231E-02
  5.4976504E-02
  5.4808475E-02
  5.4645587E-02
  5.4505445E-02
  5.4402899E-02
  5.4347802E-02
  5.4343905E-02
  5.4389842E-02
  5.4480530E-02
  5.4609340E-02
  5.4769080E-02
  5.4952662E-02
  5.5152308E-02
  5.5359721E-02
  5.5566180E-02
  5.5764098E-02
  5.5948179E-02
  5.6117099E-02
  5.6273818E-02
  5.6424916E-02
  5.6577809E-02
  5.6738228E-02
  5.6907337E-02
  5.7080805E-02
  5.7248708E-02
  5.7397839E-02
  5.7514232E-02
  5.7585955E-02
  5.7604071E-02
  5.7563391E-02
  5.7461817E-02
  5.7300460E-02
  5.7083338E-02
  5.6818392E-02
  5.6518085E-02
  5.6199562E-02
  5.5882812E-02
  5.5588402E-02
  5.5334091E-02
  5.5132724E-02
  5.4990351E-02
  5.4906972E-02
  5.4877795E-02
  5.4895531E-02
  5.4951388E-02
  5.5036355E-02
  5.5141192E-02
  5.5257250E-02
  5.5376645E-02
  5.5493958E-02
  5.5607475E-02
  5.5720359E-02
  5.5839390E-02
  5.5973262E-02
  5.6129228E-02
  5.6310493E-02
  5.6513783E-02
  5.6729820E-02
  5.6944914E-02
  5.7144165E-02
  5.7313569E-02
  5.7442397E-02
  5.7523485E-02
  5.7553586E-02
  5.7532240E-02
  5.7461966E-02
  5.7348251E-02
  5.7200152E-02
  5.7029612E-02
  5.6850862E-02
  5.6678083E-02
  5.6523170E-02
  5.6392599E-02
  5.6286272E-02
  5.6197334E-02
  5.6114446E-02
  5.6024291E-02
  5.5915464E-02
  5.5780917E-02
  5.5619646E-02
  5.5435698E-02
  5.5237222E-02
  5.5034369E-02
  5.4838356E-02
  5.4659989E-02
  5.4509759E-02
  5.4396987E-02
  5.4329075E-02
  5.4309465E-02
  5.4336745E-02
  5.4403733E-02
