  0.0000000E+00
  0.0000000E+00
  0.0000000E+00
  0.0000000E+00
  0.0000000E+00
  0.0000000E+00
  0.0000000E+00
  0.0000000E+00
  0.0000000E+00
  0.0000000E+00
  0.0000000E+00
  0.0000000E+00
  0.0000000E+00
  0.0000000E+00
  0.0000000E+00
  0.0000000E+00
  0.0000000E+00
  0.0000000E+00
  0.0000000E+00
  0.0000000E+00
  0.0000000E+00
  0.0000000E+00
  0.0000000E+00
  0.0000000E+00
  0.0000000E+00
  0.0000000E+00
  0.0000000E+00
  0.0000000E+00
  0.0000000E+00
  0.0000000E+00
  0.0000000E+00
  0.0000000E+00
  0.0000000E+00
  0.0000000E+00
  0.0000000E+00
  0.0000000E+00
  0.0000000E+00
  0.0000000E+00
  0.0000000E+00
  0.0000000E+00
  0.0000000E+00
  0.0000000E+00
  0.0000000E+00
  0.0000000E+00
  0.0000000E+00
  0.0000000E+00
  0.0000000E+00
  0.0000000E+00
  0.0000000E+00
  0.0000000E+00
  0.0000000E+00
  0.0000000E+00
  0.0000000E+00
  0.0000000E+00
  0.0000000E+00
  0.0000000E+00
  0.0000000E+00
  0.0000000E+00
  0.0000000E+00
  0.0000000E+00
  0.0000000E+00
  0.0000000E+00
  0.0000000E+00
  0.0000000E+00
  0.0000000E+00
  0.0000000E+00
  0.0000000E+00
  0.0000000E+00
  0.0000000E+00
  0.0000000E+00
  0.0000000E+00
  0.0000000E+00
  0.0000000E+00
  0.0000000E+00
  0.0000000E+00
  0.0000000E+00
  0.0000000E+00
  0.0000000E+00
  0.0000000E+00
  0.0000000E+00
  0.0000000E+00
  0.0000000E+00
  0.0000000E+00
  0.0000000E+00
  0.0000000E+00
  0.0000000E+00
  0.0000000E+00
  0.0000000E+00
  0.0000000E+00
  0.0000000E+00
  0.0000000E+00
  0.0000000E+00
  0.0000000E+00
  0.0000000E+00
  0.0000000E+00
  0.0000000E+00
  0.0000000E+00
  0.0000000E+00
  0.0000000E+00
  0.0000000E+00
  0.0000000E+00
  0.0000000E+00
  0.0000000E+00
  0.0000000E+00
  0.0000000E+00
  0.0000000E+00
  0.0000000E+00
  0.0000000E+00
  0.0000000E+00
  0.0000000E+00
  0.0000000E+00
  0.0000000E+00
  0.0000000E+00
  0.0000000E+00
  0.0000000E+00
  0.0000000E+00
  0.0000000E+00
  0.0000000E+00
  0.0000000E+00
  0.0000000E+00
  0.0000000E+00
  0.0000000E+00
  0.0000000E+00
  0.0000000E+00
  0.0000000E+00
  0.0000000E+00
  0.0000000E+00
  0.0000000E+00
  0.0000000E+00
  0.0000000E+00
  0.0000000E+00
  0.0000000E+00
  0.0000000E+00
  0.0000000E+00
  0.0000000E+00
  0.0000000E+00
  0.0000000E+00
  0.0000000E+00
  0.0000000E+00
  0.0000000E+00
  0.0000000E+00
  0.0000000E+00
  0.0000000E+00
  0.0000000E+00
  0.0000000E+00
  0.0000000E+00
  0.0000000E+00
  0.0000000E+00
  0.0000000E+00
  0.0000000E+00
  0.0000000E+00
  0.0000000E+00
  0.0000000E+00
  0.0000000E+00
  0.0000000E+00
  0.0000000E+00
  0.0000000E+00
  0.0000000E+00
  0.0000000E+00
  0.0000000E+00
  0.0000000E+00
  0.0000000E+00
  0.0000000E+00
  0.0000000E+00
  0.0000000E+00
  0.0000000E+00
  0.0000000E+00
  0.0000000E+00
  0.0000000E+00
  0.0000000E+00
  0.0000000E+00
  0.0000000E+00
  0.0000000E+00
  0.0000000E+00
  0.0000000E+00
  0.0000000E+00
  0.0000000E+00
  0.0000000E+00
  0.0000000E+00
  0.0000000E+00
  0.0000000E+00
  0.0000000E+00
  0.0000000E+00
  0.0000000E+00
  0.0000000E+00
  0.0000000E+00
  0.0000000E+00
  0.0000000E+00
  0.0000000E+00
  0.0000000E+00
  0.0000000E+00
  0.0000000E+00
  0.0000000E+00
  0.0000000E+00
  0.0000000E+00
  0.0000000E+00
  0.0000000E+00
  0.0000000E+00
  0.0000000E+00
  0.0000000E+00
  0.0000000E+00
  0.0000000E+00
  0.0000000E+00
  0.0000000E+00
  0.0000000E+00
  0.0000000E+00
  0.0000000E+00
  0.0000000E+00
  0.0000000E+00
  0.0000000E+00
  0.0000000E+00
  0.0000000E+00
  0.0000000E+00
  0.0000000E+00
  0.0000000E+00
  0.0000000E+00
  0.0000000E+00
  0.0000000E+00
  0.0000000E+00
  0.0000000E+00
  0.0000000E+00
  0.0000000E+00
  0.0000000E+00
  0.0000000E+00
  0.0000000E+00
  0.0000000E+00
  0.0000000E+00
  0.0000000E+00
  0.0000000E+00
  0.0000000E+00
  0.0000000E+00
  0.0000000E+00
  0.0000000E+00
  0.0000000E+00
  0.0000000E+00
  0.0000000E+00
  0.0000000E+00
  0.0000000E+00
  0.0000000E+00
  2.2350324E-03
  6.6755111E-03
  1.3175773E-02
  2.1188874E-02
  2.9072830E-02
  2.8300559E-02
  1.0447912E-02
 -3.9554220E-02
 -0.1451758    
 -0.3384074    
 -0.6550404    
  -1.133780    
  -1.806505    
  -2.690417    
  -3.781998    
  -5.054698    
  -6.461057    
  -7.938843    
  -9.419583    
  -10.83757    
  -12.13714    
  -13.27736    
  -14.23351    
  -14.99590    
  -15.56669    
  -15.95617    
  -16.17912    
  -16.25227    
  -16.19264    
  -16.01729    
  -15.74343    
  -15.38894    
  -14.97241    
  -14.51286    
  -14.02876    
  -13.53696    
  -13.05123    
  -12.58151    
  -12.13348    
  -11.70890    
  -11.30627    
  -10.92203    
  -10.55168    
  -10.19076    
  -9.835528    
  -9.483376    
  -9.132872    
  -8.783715    
  -8.436372    
  -8.091836    
  -7.751251    
  -7.415695    
  -7.085910    
  -6.762287    
  -6.444870    
  -6.133529    
  -5.828061    
  -5.528406    
  -5.234690    
  -4.947289    
  -4.666731    
  -4.393694    
  -4.128945    
  -3.873392    
  -3.628046    
  -3.394071    
  -3.172700    
  -2.965155    
  -2.772460    
  -2.595324    
  -2.434005    
  -2.288287    
  -2.157470    
  -2.040473    
  -1.935946    
  -1.842434    
  -1.758524    
  -1.683040    
  -1.615204    
  -1.554771    
  -1.502025    
  -1.457642    
  -1.422342    
  -1.396420    
  -1.379259    
  -1.369018    
  -1.362624    
  -1.356127    
  -1.345329    
  -1.326536    
  -1.297196    
  -1.256264    
  -1.204207    
  -1.142718    
  -1.074239    
  -1.001471    
 -0.9269684    
 -0.8529186    
 -0.7810618    
 -0.7127229    
 -0.6488437    
 -0.5899697    
 -0.5361223    
 -0.4865912    
 -0.4396980    
 -0.3926691    
 -0.3417104    
 -0.2823605    
 -0.2100827    
 -0.1209918    
 -1.2544701E-02
  0.1159337    
  0.2629523    
  0.4247687    
  0.5954878    
  0.7673437    
  0.9311799    
   1.077200    
   1.195957    
   1.279471    
   1.322242    
   1.321940    
   1.279600    
   1.199296    
   1.087409    
  0.9517028    
  0.8004150    
  0.6415139    
  0.4821748    
  0.3284908    
  0.1853302    
  5.6298088E-02
 -5.6248724E-02
 -0.1511369    
 -0.2282665    
 -0.2884376    
 -0.3330961    
 -0.3639691    
 -0.3825084    
 -0.3890366    
 -0.3815121    
 -0.3540240    
 -0.2953812    
 -0.1884279    
 -1.0774344E-02
  0.2626116    
  0.6551046    
   1.183243    
   1.851941    
   2.651452    
   3.556883    
   4.530465    
   5.525849    
   6.493464    
   7.385789    
   8.161840    
   8.790227    
   9.250930    
   9.535737    
   9.647649    
   9.599230    
   9.410421    
   9.105815    
   8.711947    
   8.254666    
   7.757216    
   7.239017    
   6.715379    
   6.197822    
   5.695027    
   5.213799    
   4.759843    
   4.337974    
   3.951896    
   3.603561    
   3.292532    
   3.015575    
   2.766795    
   2.538206    
   2.320654    
   2.104757    
   1.881745    
   1.644019    
   1.385506    
   1.101851    
  0.7905794    
  0.4512272    
  8.5430771E-02
 -0.3030735    
 -0.7085748    
  -1.123696    
  -1.539912    
  -1.948359    
  -2.341110    
  -2.713159    
  -3.065202    
  -3.406839    
  -3.759392    
  -4.156917    
  -4.644109    
  -5.270347    
  -6.080560    
  -7.104816    
  -8.349564    
  -9.792915    
  -11.38571    
  -13.05790    
  -14.72880    
  -16.31824    
  -17.75653    
  -18.99120    
  -19.99015    
  -20.74095    
  -21.24788    
  -21.52735    
  -21.60320    
  -21.50235    
  -21.25191    
  -20.87722    
  -20.40143    
  -19.84526    
  -19.22767    
  -18.56618    
  -17.87708    
  -17.17517    
  -16.47350    
  -15.78277    
  -15.11113    
  -14.46389    
  -13.84383    
  -13.25159    
  -12.68632    
  -12.14617    
  -11.62893    
  -11.13228    
  -10.65403    
  -10.19207    
  -9.744519    
  -9.309758    
  -8.886744    
  -8.475156    
  -8.075677    
  -7.689974    
  -7.320535    
  -6.970048    
  -6.640615    
  -6.332522    
  -6.042957    
  -5.764694    
  -5.485511    
  -5.188539    
  -4.854029    
  -4.462224    
  -3.996977    
  -3.449032    
  -2.818227    
  -2.113915    
  -1.353735    
 -0.5610561    
  0.2380863    
   1.017828    
   1.754550    
   2.428071    
   3.022077    
   3.524080    
   3.925295    
   4.220621    
   4.408839    
   4.492788    
   4.479453    
   4.379667    
   4.207420    
   3.978742    
   3.710489    
   3.419117    
   3.119741    
   2.825413    
   2.546696    
   2.291345    
   2.064093    
   1.866488    
   1.696987    
   1.551350    
   1.423439    
   1.306307    
   1.193419    
   1.079677    
  0.9620394    
  0.8395859    
  0.7131488    
  0.5846834    
  0.4566936    
  0.3319195    
  0.2133872    
  0.1046944    
  1.0295295E-02
 -6.4497940E-02
 -0.1139673    
 -0.1328993    
 -0.1177759    
 -6.7971729E-02
  1.3299479E-02
  0.1184778    
  0.2357079    
  0.3495025    
  0.4420413    
  0.4950512    
  0.4920873    
  0.4208438    
  0.2750576    
  5.5569530E-02
 -0.2296985    
 -0.5668160    
 -0.9376678    
  -1.322114    
  -1.700079    
  -2.053245    
  -2.366247    
  -2.627365    
  -2.828813    
  -2.966660    
  -3.040545    
  -3.053172    
  -3.009710    
  -2.917029    
  -2.782972    
  -2.615632    
  -2.422778    
  -2.211432    
  -1.987738    
  -1.757032    
  -1.524129    
  -1.293656    
  -1.070371    
 -0.8592233    
 -0.6651494    
 -0.4925143    
 -0.3443877    
 -0.2218069    
 -0.1233044    
 -4.4887837E-02
  1.9435525E-02
  7.6688528E-02
  0.1337187    
  0.1960531    
  0.2670852    
  0.3477629    
  0.4368079    
  0.5313403    
  0.6277059    
  0.7222325    
  0.8116830    
  0.8932266    
  0.9639423    
   1.020030    
   1.056107    
   1.065000    
   1.038395    
  0.9683823    
  0.8495997    
  0.6813108    
  0.4687535    
  0.2231841    
 -3.9499506E-02
 -0.3012424    
 -0.5447594    
 -0.7561800    
 -0.9268244    
  -1.053815    
  -1.139596    
  -1.190636    
  -1.215720    
  -1.224196    
  -1.224475    
  -1.222936    
  -1.223327    
  -1.226616    
  -1.231298    
  -1.234031    
  -1.230542    
  -1.216622    
  -1.189084    
  -1.146478    
  -1.089449    
  -1.020602    
 -0.9439369    
 -0.8639246    
 -0.7844456    
 -0.7077721    
 -0.6338447    
 -0.5599667    
 -0.4810300    
 -0.3902409    
 -0.2802779    
 -0.1446499    
  2.1015719E-02
  0.2180543    
  0.4444354    
  0.6951043    
  0.9628893    
   1.239696    
   1.517674    
   1.790075    
   2.051677    
   2.298758    
   2.528827    
   2.740330    
   2.932558    
   3.105821    
   3.261893    
   3.404471    
   3.539422    
   3.674439    
   3.818119    
   3.978463    
   4.161194    
   4.368227    
   4.596799    
   4.839405    
   5.084640    
   5.318614    
   5.526747    
   5.695475    
   5.813652    
   5.873356    
   5.870254    
   5.803464    
   5.675239    
   5.490444    
   5.256174    
   4.981342    
   4.676302    
   4.352284    
   4.020795    
   3.692826    
   3.378111    
   3.084463    
   2.817439    
   2.580224    
   2.373812    
   2.197243    
   2.047948    
   1.922046    
   1.814699    
   1.720503    
   1.634030    
   1.550410    
   1.465917    
   1.378385    
   1.287421    
   1.194328    
   1.101807    
   1.013474    
  0.9333252    
  0.8651908    
  0.8122737    
  0.7768148    
  0.7599921    
  0.7620891    
  0.7829827    
  0.8228565    
  0.8829939    
  0.9663501    
   1.077651    
   1.222799    
   1.407639    
   1.636278    
   1.909428    
   2.223145    
   2.568413    
   2.931678    
   3.296321    
   3.644727    
   3.960603    
   4.231028    
   4.447930    
   4.608587    
   4.715255    
   4.773958    
   4.792848    
   4.780408    
   4.744041    
   4.689134    
   4.618836    
   4.534311    
   4.435436    
   4.321609    
   4.192552    
   4.048877    
   3.892529    
   3.726927    
   3.556937    
   3.388532    
   3.228270    
   3.082528    
   2.956674    
   2.854242    
   2.776385    
   2.721632    
   2.686062    
   2.663767    
   2.647597    
   2.629966    
   2.603664    
   2.562497    
   2.501795    
   2.418680    
   2.312165    
   2.183037    
   2.033654    
   1.867599    
   1.689275    
   1.503368    
   1.314272    
   1.125419    
  0.9386727    
  0.7538762    
  0.5687730    
  0.3793975    
  0.1809691    
 -3.0883897E-02
 -0.2588372    
 -0.5028972    
 -0.7600150    
  -1.024383    
  -1.288347    
  -1.543662    
  -1.782816    
  -2.000082    
  -2.192185    
  -2.358460    
  -2.500606    
  -2.622042    
  -2.727102    
  -2.820154    
  -2.904840    
  -2.983491    
  -3.056902    
  -3.124376    
  -3.184103    
  -3.233639    
  -3.270489    
  -3.292551    
  -3.298463    
  -3.287666    
  -3.260381    
  -3.217416    
  -3.159993    
  -3.089541    
  -3.007631    
  -2.915967    
  -2.816484    
  -2.711396    
  -2.603255    
  -2.494858    
  -2.389071    
  -2.288538    
  -2.195452    
  -2.111386    
  -2.037298    
  -1.973638    
  -1.920557    
  -1.878072    
  -1.846191    
  -1.824941    
  -1.814457    
  -1.815149    
  -1.828021    
  -1.854994    
  -1.899129    
  -1.964466    
  -2.055436    
  -2.175796    
  -2.327404    
  -2.509074    
  -2.715923    
  -2.939332    
  -3.167680    
  -3.387609    
  -3.585646    
  -3.749730    
  -3.870471    
  -3.941895    
  -3.961671    
  -3.930830    
  -3.853228    
  -3.734793    
  -3.582804    
  -3.405127    
  -3.209635    
  -3.003696    
  -2.793879    
  -2.585741    
  -2.383843    
  -2.191807    
  -2.012441    
  -1.847804    
  -1.699268    
  -1.567500    
  -1.452493    
  -1.353603    
  -1.269705    
  -1.199383    
  -1.141139    
  -1.093510    
  -1.055092    
  -1.024432    
 -0.9998549    
 -0.9792730    
 -0.9601007    
 -0.9392737    
 -0.9134199    
 -0.8791194    
 -0.8332477    
 -0.7733203    
 -0.6978083    
 -0.6063496    
 -0.4998342    
 -0.3802868    
 -0.2505325    
 -0.1136508    
  2.7677311E-02
  0.1717853    
  0.3183920    
  0.4685618    
  0.6241909    
  0.7871244    
  0.9581639    
   1.136255    
   1.318149    
   1.498638    
   1.671312    
   1.829594    
   1.967816    
   2.082048    
   2.170593    
   2.234021    
   2.274890    
   2.297173    
   2.305585    
   2.304836    
   2.299023    
   2.291155    
   2.282933    
   2.274741    
   2.265885    
   2.254951    
   2.240250    
   2.220171    
   2.193472    
   2.159388    
   2.117639    
   2.068282    
   2.011567    
   1.947775    
   1.877141    
   1.799837    
   1.716062    
   1.626171    
   1.530809    
   1.430989    
   1.328117    
   1.223938    
   1.120454    
   1.019796    
  0.9240996    
  0.8353621    
  0.7552828    
  0.6850970    
  0.6254720    
  0.5765118    
  0.5379553    
  0.5095572    
  0.4916044    
  0.4853847    
  0.4934232    
  0.5192980    
  0.5669963    
  0.6399013    
  0.7396707    
  0.8652919    
   1.012609    
   1.174444    
   1.341312    
   1.502535    
   1.647533    
   1.767019    
   1.853904    
   1.903784    
   1.915052    
   1.888660    
   1.827692    
   1.736806    
   1.621691    
   1.488543    
   1.343626    
   1.192887    
   1.041705    
  0.8947238    
  0.7557898    
  0.6279368    
  0.5134143    
  0.4136913    
  0.3294517    
  0.2605808    
  0.2062069    
  0.1648118    
  0.1344395    
  0.1129642    
  9.8366193E-02
  8.8930480E-02
  8.3317503E-02
  8.0483675E-02
  7.9493344E-02
  7.9292089E-02
  7.8533337E-02
  7.5521044E-02
  6.8301179E-02
  5.4884255E-02
  3.3551026E-02
  3.1728148E-03
 -3.6521550E-02
 -8.4795915E-02
 -0.1399213    
 -0.1993815    
 -0.2602775    
 -0.3198946    
 -0.3763466    
 -0.4291471    
 -0.4795428    
 -0.5304492    
 -0.5859336    
 -0.6503027    
 -0.7270237    
 -0.8177599    
 -0.9218040    
  -1.036050    
  -1.155519    
  -1.274250    
  -1.386349    
  -1.486899    
  -1.572608    
  -1.642075    
  -1.695724    
  -1.735414    
  -1.763910    
  -1.784257    
  -1.799217    
  -1.810818    
  -1.820124    
  -1.827191    
  -1.831246    
  -1.830944    
  -1.824718    
  -1.811075    
  -1.788850    
  -1.757332    
  -1.716322    
  -1.666077    
  -1.607226    
  -1.540595    
  -1.467081    
  -1.387530    
  -1.302698    
  -1.213259    
  -1.119900    
  -1.023423    
 -0.9248748    
 -0.8256089    
 -0.7273359    
 -0.6320879    
 -0.5421342    
 -0.4598269    
 -0.3874161    
 -0.3268401    
 -0.2795438    
 -0.2463696    
 -0.2275847    
 -0.2230566    
 -0.2325604    
 -0.2561214    
 -0.2942679    
 -0.3480471    
 -0.4187412    
 -0.5072999    
 -0.6136417    
 -0.7360236    
 -0.8706996    
  -1.011970    
  -1.152660    
  -1.284901    
  -1.401054    
  -1.494554    
  -1.560546    
  -1.596218    
  -1.600846    
  -1.575583    
  -1.523125    
  -1.447291    
  -1.352626    
  -1.244000    
  -1.126301    
  -1.004163    
 -0.8818040    
 -0.7629202    
 -0.6506709    
 -0.5476806    
 -0.4560391    
 -0.3772528    
 -0.3121729    
 -0.2609148    
 -0.2228384    
 -0.1966293    
 -0.1805005    
 -0.1724693    
 -0.1706446    
 -0.1734278    
 -0.1795774    
 -0.1881149    
 -0.1981263    
 -0.2085325    
 -0.2179268    
 -0.2245333    
 -0.2263122    
 -0.2211754    
 -0.2072729    
 -0.1832727    
 -0.1485921    
 -0.1035290    
 -4.9276780E-02
  1.2204465E-02
  7.8464679E-02
  0.1469815    
  0.2156654    
  0.2833582    
  0.3501901    
  0.4176457    
  0.4882645    
  0.5649928    
  0.6503392    
  0.7455539    
  0.8500882    
  0.9614807    
   1.075713    
   1.187895    
   1.293115    
   1.387222    
   1.467393    
   1.532387    
   1.582527    
   1.619412    
   1.645514    
   1.663666    
   1.676590    
   1.686503    
   1.694861    
   1.702241    
   1.708412    
   1.712514    
   1.713329    
   1.709558    
   1.700068    
   1.684051    
   1.661099    
   1.631161    
   1.594453    
   1.551333    
   1.502204    
   1.447441    
   1.387409    
   1.322522    
   1.253336    
   1.180624    
   1.105427    
   1.029039    
  0.9529571    
  0.8787910    
  0.8081747    
  0.7426776    
  0.6837358    
  0.6325778    
  0.5901772    
  0.5572186    
  0.5341217    
  0.5211288    
  0.5184728    
  0.5265669    
  0.5461473    
  0.5782577    
  0.6240335    
  0.6842744    
  0.7589259    
  0.8465961    
  0.9442975    
   1.047494    
   1.150490    
   1.247050    
   1.331128    
   1.397542    
   1.442477    
   1.463731    
   1.460756    
   1.434487    
   1.387086    
   1.321603    
   1.241662    
   1.151155    
   1.053983    
  0.9538308    
  0.8540307    
  0.7574641    
  0.6665388    
  0.5831818    
  0.5088533    
  0.4445320    
  0.3906903    
  0.3472644    
  0.3136743    
  0.2889061    
  0.2716755    
  0.2606340    
  0.2545732    
  0.2525536    
  0.2539226    
  0.2582058    
  0.2649211    
  0.2733706    
  0.2824941    
  0.2908255    
  0.2965798    
  0.2978424    
  0.2928233    
  0.2801142    
  0.2589099    
  0.2291498    
  0.1915592    
  0.1475672    
  9.9097393E-02
  4.8230927E-02
 -3.2211968E-03
 -5.4161388E-02
 -0.1045482    
 -0.1555204    
 -0.2092161    
 -0.2682823    
 -0.3351757    
 -0.4114373    
 -0.4971502    
 -0.5907225    
 -0.6890627    
 -0.7880760    
 -0.8833481    
 -0.9708253    
  -1.047373    
  -1.111106    
  -1.161490    
  -1.199212    
  -1.225910    
  -1.243785    
  -1.255210    
  -1.262325    
  -1.266764    
  -1.269462    
  -1.270649    
  -1.269926    
  -1.266481    
  -1.259317    
  -1.247488    
  -1.230253    
  -1.207176    
  -1.178126    
  -1.143238    
  -1.102819    
  -1.057295    
  -1.007153    
 -0.9529575    
 -0.8953516    
 -0.8351067    
 -0.7731296    
 -0.7104555    
 -0.6481929    
 -0.5874672    
 -0.5293528    
 -0.4748350    
 -0.4247842    
 -0.3799610    
 -0.3410172    
 -0.3084947    
 -0.2828148    
 -0.2642887    
 -0.2531613    
 -0.2497110    
 -0.2543730    
 -0.2678393    
 -0.2910513    
 -0.3250365    
 -0.3705768    
 -0.4277907    
 -0.4957441    
 -0.5722300    
 -0.6537967    
 -0.7360466    
 -0.8141274    
 -0.8833092    
 -0.9394932    
 -0.9795925    
  -1.001715    
  -1.005186    
 -0.9904329    
 -0.9588140    
 -0.9124117    
 -0.8538386    
 -0.7860283    
 -0.7120510    
 -0.6349298    
 -0.5574909    
 -0.4822408    
 -0.4113059    
 -0.3464015    
 -0.2888306    
 -0.2394770    
 -0.1988004    
 -0.1668259    
 -0.1431612    
 -0.1270556    
 -0.1175187    
 -0.1134753    
 -0.1139213    
 -0.1180284    
 -0.1251643    
 -0.1348182    
 -0.1464621    
 -0.1593953    
 -0.1726364    
 -0.1848997    
 -0.1946729    
 -0.2003708    
 -0.2005360    
 -0.1940342    
 -0.1802166    
 -0.1590175    
 -0.1309813    
 -9.7203992E-02
 -5.9185069E-02
 -1.8585123E-02
  2.3092665E-02
  6.4850070E-02
  0.1064882    
  0.1487518    
  0.1932388    
  0.2420540    
  0.2972686    
  0.3603135    
  0.4314838    
  0.5096905    
  0.5925341    
  0.6766607    
  0.7583060    
  0.8338761    
  0.9004535    
  0.9561179    
   1.000084    
   1.032644    
   1.054977    
   1.068847    
   1.076273    
   1.079200    
   1.079241    
   1.077490    
   1.074475    
   1.070193    
   1.064257    
   1.056057    
   1.044942    
   1.030346    
   1.011880    
  0.9893395    
  0.9626923    
  0.9320391    
  0.8975894    
  0.8596359    
  0.8185744    
  0.7749171    
  0.7293187    
  0.6825635    
  0.6355428    
  0.5891954    
  0.5444446    
  0.5021311    
  0.4629802    
  0.4275877    
  0.3964343    
  0.3698999    
  0.3482822    
  0.3318005    
  0.3206097    
  0.3148307    
  0.3146225    
  0.3202738    
  0.3322830    
  0.3513565    
  0.3782928    
  0.4137309    
  0.4578280    
  0.5099450    
  0.5684641    
  0.6307973    
  0.6936154    
  0.7532186    
  0.8059793    
  0.8487337    
  0.8790680    
  0.8954493    
  0.8972442    
  0.8846423    
  0.8585515    
  0.8204619    
  0.7723238    
  0.7164091    
  0.6551717    
  0.5910874    
  0.5265180    
  0.4635883    
  0.4041140    
  0.3495587    
  0.3010297    
  0.2592801    
  0.2247147    
  0.1973923    
  0.1770495    
  0.1631495    
  0.1549744    
  0.1517408    
  0.1527168    
  0.1572961    
  0.1650057    
  0.1754348    
  0.1881163    
  0.2023966    
  0.2173516    
  0.2317753    
  0.2442576    
  0.2533283    
  0.2576345    
  0.2561079    
  0.2480984    
  0.2334506    
  0.2125215    
  0.1861333    
  0.1554643    
  0.1218681    
  8.6633079E-02
  5.0703835E-02
  1.4431653E-02
 -2.2576157E-02
 -6.1430842E-02
 -0.1037259    
 -0.1511209    
 -0.2048453    
 -0.2652592    
 -0.3315973    
 -0.4019718    
 -0.4736288    
 -0.5433841    
 -0.6081138    
 -0.6651985    
 -0.7128320    
 -0.7501701    
 -0.7773076    
 -0.7951394    
 -0.8051267    
 -0.8090324    
 -0.8086404    
 -0.8055269    
 -0.8008858    
 -0.7954512    
 -0.7894906    
 -0.7828895    
 -0.7752687    
 -0.7661293    
 -0.7549612    
 -0.7413332    
 -0.7249283    
 -0.7055541    
 -0.6831232    
 -0.6576450    
 -0.6292220    
 -0.5980669    
 -0.5645180    
 -0.5290587    
 -0.4923098    
 -0.4550007    
 -0.4179067    
 -0.3817878    
 -0.3473261    
 -0.3150936    
 -0.2855439    
 -0.2590353    
 -0.2358600    
 -0.2162707    
 -0.2004891    
 -0.1887117    
 -0.1811197    
 -0.1779153    
 -0.1793760    
 -0.1859090    
 -0.1980577    
 -0.2164243    
 -0.2414904    
 -0.2733743    
 -0.3115901    
 -0.3549009    
 -0.4013177    
 -0.4482688    
 -0.4928909    
 -0.5323729    
 -0.5642564    
 -0.5866525    
 -0.5983371    
 -0.5987639    
 -0.5880020    
 -0.5666642    
 -0.5358221    
 -0.4969278    
 -0.4517166    
 -0.4021060    
 -0.3500738    
 -0.2975386    
 -0.2462542    
 -0.1977379    
 -0.1532295    
 -0.1136793    
 -7.9744317E-02
 -5.1792931E-02
 -2.9908737E-02
 -1.3908717E-02
 -3.3855296E-03
  2.2170516E-03
  3.5087753E-03
  1.0583231E-03
 -4.6663298E-03
 -1.3300947E-02
 -2.4524810E-02
 -3.7958294E-02
 -5.3053912E-02
 -6.9023542E-02
 -8.4830068E-02
 -9.9253163E-02
 -0.1110093    
 -0.1189005    
 -0.1219550    
 -0.1195379    
 -0.1114157    
 -9.7773887E-02
 -7.9187915E-02
 -5.6545354E-02
 -3.0913470E-02
 -3.3560761E-03
  2.5286136E-02
  5.4610342E-02
  8.4797680E-02
  0.1166275    
  0.1513207    
  0.1902254    
  0.2344130    
  0.2842957    
  0.3393761    
  0.3982084    
  0.4585671    
  0.5177879    
  0.5731714    
  0.6223714    
  0.6636717    
  0.6961407    
  0.7196459    
  0.7347687    
  0.7426292    
  0.7446812    
  0.7424863    
  0.7375135    
  0.7309677    
  0.7236945    
  0.7161446    
  0.7084169    
  0.7003356    
  0.6915635    
  0.6817024    
  0.6703762    
  0.6572689    
  0.6421475    
  0.6248581    
  0.6053302    
  0.5835781    
  0.5597233    
  0.5340127    
  0.5068343    
  0.4786994    
  0.4502112    
  0.4220029    
  0.3946753    
  0.3687384    
  0.3445865    
  0.3225001    
  0.3026786    
  0.2852772    
  0.2704453    
  0.2583412    
  0.2491363    
  0.2430121    
  0.2401737    
  0.2408783    
  0.2454705    
  0.2543850    
  0.2680945    
  0.2869786    
  0.3111411    
  0.3402193    
  0.3732633    
  0.4087288    
  0.4446085    
  0.4786579    
  0.5086696    
  0.5327145    
  0.5493128    
  0.5575033    
  0.5568469    
  0.5473785    
  0.5295514    
  0.5041754    
  0.4723662    
  0.4354839    
  0.3950574    
  0.3526866    
  0.3099440    
  0.2682801    
  0.2289562    
  0.1930009    
  0.1611993    
  0.1340925    
  0.1119849    
  9.4952308E-02
  8.2860388E-02
  7.5398311E-02
  7.2137430E-02
  7.2604790E-02
  7.6357245E-02
  8.3027765E-02
  9.2327073E-02
  0.1039925    
  0.1177024    
  0.1329841    
  0.1491524    
  0.1653015    
  0.1803602    
  0.1931954    
  0.2027413    
  0.2081194    
  0.2087352    
  0.2043336    
  0.1950163    
  0.1812185    
  0.1636519    
  0.1432037    
  0.1207961    
  9.7208492E-02
  7.2898135E-02
  4.7860149E-02
  2.1586578E-02
 -6.8395175E-03
 -3.8509700E-02
 -7.4366651E-02
 -0.1148761    
 -0.1597878    
 -0.2080597    
 -0.2579622    
 -0.3073329    
 -0.3539045    
 -0.3956304    
 -0.4309370    
 -0.4588791    
 -0.4791764    
 -0.4921682    
 -0.4986942    
 -0.4999385    
 -0.4972450    
 -0.4919443    
 -0.4851972    
 -0.4778883    
 -0.4705672    
 -0.4634573    
 -0.4565069    
 -0.4494756    
 -0.4420188    
 -0.4337679    
 -0.4243796    
 -0.4135686    
 -0.4011164    
 -0.3868834    
 -0.3708204    
 -0.3529896    
 -0.3335775    
 -0.3129034    
 -0.2914029    
 -0.2695898    
 -0.2479958    
 -0.2271109    
 -0.2073331    
 -0.1889469    
 -0.1721298    
 -0.1569883    
 -0.1436012    
 -0.1320587    
 -0.1224799    
 -0.1150150    
 -0.1098360    
 -0.1071360    
 -0.1071409    
 -0.1101314    
 -0.1164483    
 -0.1264579    
 -0.1404567    
 -0.1585320    
 -0.1804120    
 -0.2053658    
 -0.2321911    
 -0.2593139    
 -0.2849701    
 -0.3074279    
 -0.3251799    
 -0.3370770    
 -0.3423804    
 -0.3407555    
 -0.3322248    
 -0.3171238    
 -0.2960593    
 -0.2698798    
 -0.2396361    
 -0.2065305    
 -0.1718437    
 -0.1368510    
 -0.1027404    
 -7.0550397E-02
 -4.1132737E-02
 -1.5138957E-02
  6.9782347E-03
  2.4956463E-02
  3.8714807E-02
  4.8339307E-02
  5.4055776E-02
  5.6185294E-02
  5.5085998E-02
  5.1095735E-02
  4.4494696E-02
  3.5506397E-02
  2.4340421E-02
  1.1265206E-02
 -3.3148117E-03
 -1.8806117E-02
 -3.4419972E-02
 -4.9220152E-02
 -6.2211793E-02
 -7.2451778E-02
 -7.9153374E-02
 -8.1767760E-02
 -8.0030717E-02
 -7.3976874E-02
 -6.3922897E-02
 -5.0423700E-02
 -3.4197580E-02
 -1.6019002E-02
  3.4190007E-03
  2.3654118E-02
  4.4580206E-02
  6.6502549E-02
  9.0086639E-02
  0.1161913    
  0.1456129    
  0.1788101    
  0.2156851    
  0.2554916    
  0.2968877    
  0.3381242    
  0.3773057    
  0.4126660    
  0.4427883    
  0.4667506    
  0.4841814    
  0.4952411    
  0.5005392    
  0.5010197    
  0.4978167    
  0.4921108    
  0.4849866    
  0.4773261    
  0.4697395    
  0.4625503    
  0.4558176    
  0.4494000    
  0.4430267    
  0.4363714    
  0.4291026    
  0.4209226    
  0.4115878    
  0.4009271    
  0.3888538    
  0.3753863    
  0.3606609    
  0.3449369    
  0.3285764    
  0.3120080    
  0.2956712    
  0.2799610    
  0.2651803    
  0.2515220    
  0.2390791    
  0.2278803    
  0.2179337    
  0.2092683    
  0.2019553    
  0.1961114    
  0.1918857    
  0.1894521    
  0.1890096    
  0.1907945    
  0.1950830    
  0.2021688    
  0.2122941    
  0.2255444    
  0.2417288    
  0.2602957    
  0.2803179    
  0.3005685    
  0.3196643    
  0.3362453    
  0.3491335    
  0.3574411    
  0.3606065    
  0.3583827    
  0.3507953    
  0.3381027    
  0.3207640    
  0.2994220    
  0.2748821    
  0.2480790    
  0.2200200    
  0.1917209    
  0.1641365    
  0.1381077    
  0.1143269    
  9.3327753E-02
  7.5485520E-02
  6.1024971E-02
  5.0026961E-02
  4.2440504E-02
  3.8102444E-02
  3.6772065E-02
  3.8176723E-02
  4.2058919E-02
  4.8206437E-02
  5.6452461E-02
  6.6639178E-02
  7.8556217E-02
  9.1873124E-02
  0.1060935    
  0.1205472    
  0.1344296    
  0.1468784    
  0.1570686    
  0.1643025    
  0.1680797    
  0.1681369    
  0.1644613    
  0.1572755    
  0.1470060    
  0.1342270    
  0.1195820    
  0.1036753    
  8.6952463E-02
  6.9589823E-02
  5.1432252E-02
  3.2011881E-02
  1.0665032E-02
 -1.3271374E-02
 -4.0231872E-02
 -7.0228085E-02
 -0.1027458    
 -0.1367641    
 -0.1708896    
 -0.2035617    
 -0.2332781    
 -0.2587869    
 -0.2792212    
 -0.2941574    
 -0.3036170    
 -0.3080155    
 -0.3080823    
 -0.3047506    
 -0.2990409    
 -0.2919397    
 -0.2842977    
 -0.2767506    
 -0.2696861    
 -0.2632479    
 -0.2573783    
 -0.2518748    
 -0.2464556    
 -0.2408129    
 -0.2346540    
 -0.2277252    
 -0.2198343    
 -0.2108664    
 -0.2008046    
 -0.1897414    
 -0.1778828    
 -0.1655310    
 -0.1530488    
 -0.1408061    
 -0.1291266    
 -0.1182456    
 -0.1082921    
 -9.9298634E-02
 -9.1236733E-02
 -8.4061645E-02
 -7.7754229E-02
 -7.2344571E-02
 -6.7916580E-02
 -6.4596556E-02
 -6.2539935E-02
 -6.1924160E-02
 -6.2952153E-02
 -6.5853529E-02
 -7.0868410E-02
 -7.8197248E-02
 -8.7919734E-02
 -9.9900864E-02
 -0.1137209    
 -0.1286587    
 -0.1437487    
 -0.1578972    
 -0.1700304    
 -0.1792245    
 -0.1847945    
 -0.1863224    
 -0.1836419    
 -0.1767959    
 -0.1659998    
 -0.1516150    
 -0.1341385    
 -0.1141900    
 -9.2492022E-02
 -6.9830775E-02
 -4.7004845E-02
 -2.4769982E-02
 -3.7954159E-03
  1.5364150E-02
  3.2278232E-02
  4.6639327E-02
  5.8256697E-02
  6.7050651E-02
  7.3045634E-02
  7.6355711E-02
  7.7159248E-02
  7.5662963E-02
  7.2064325E-02
  6.6525050E-02
  5.9170879E-02
  5.0120354E-02
  3.9537124E-02
  2.7686929E-02
  1.4979298E-02
  1.9756565E-03
 -1.0642362E-02
 -2.2137126E-02
 -3.1795353E-02
 -3.9005648E-02
 -4.3318536E-02
 -4.4480812E-02
 -4.2446014E-02
 -3.7364863E-02
 -2.9560551E-02
 -1.9487964E-02
 -7.6745385E-03
  5.3608716E-03
  1.9204913E-02
  3.3644211E-02
  4.8728436E-02
  6.4772107E-02
  8.2277678E-02
  0.1017863    
  0.1236923    
  0.1480726    
  0.1745851    
  0.2024621    
  0.2306022    
  0.2577310    
  0.2825852    
  0.3040760    
  0.3214087    
  0.3341431    
  0.3422085    
  0.3458729    
  0.3456885    
  0.3424127    
  0.3369161    
  0.3300782    
  0.3226940    
  0.3153944    
  0.3086026    
  0.3025211    
  0.2971580    
  0.2923723    
  0.2879302    
  0.2835538    
  0.2789636    
  0.2739061    
  0.2681781    
  0.2616446    
  0.2542587    
  0.2460752    
  0.2372552    
  0.2280482    
  0.2187600    
  0.2097033    
  0.2011476    
  0.1932777    
  0.1861778    
  0.1798400    
  0.1741987    
  0.1691721    
  0.1647051    
  0.1607941    
  0.1574943    
  0.1549090    
  0.1531747    
  0.1524502    
  0.1529141    
  0.1547632    
  0.1582008    
  0.1633995    
  0.1704393    
  0.1792317    
  0.1894607    
  0.2005652    
  0.2117821    
  0.2222393    
  0.2310778    
  0.2375629    
  0.2411598    
  0.2415557    
  0.2386430    
  0.2324801    
  0.2232554    
  0.2112614    
  0.1968880    
  0.1806159    
  0.1630062    
  0.1446715    
  0.1262376    
  0.1082999    
  9.1387063E-02
  7.5937986E-02
  6.2294640E-02
  5.0704271E-02
  4.1325361E-02
  3.4231879E-02
  2.9418437E-02
  2.6809067E-02
  2.6275653E-02
  2.7665177E-02
  3.0830456E-02
  3.5651743E-02
  4.2038821E-02
  4.9907181E-02
  5.9134610E-02
  6.9511421E-02
  8.0703929E-02
  9.2244714E-02
  0.1035580    
  0.1140127    
  0.1229920    
  0.1299594    
  0.1345107    
  0.1364044    
  0.1355716    
  0.1321073    
  0.1262532    
  0.1183667    
  0.1088782    
  9.8228894E-02
  8.6794563E-02
  7.4805789E-02
  6.2287491E-02
  4.9042638E-02
  3.4700975E-02
  1.8829316E-02
  1.0804158E-03
 -1.8660974E-02
 -4.0179048E-02
 -6.2904969E-02
 -8.5977748E-02
 -0.1083658    
 -0.1290160    
 -0.1469920    
 -0.1615799    
 -0.1723470    
 -0.1791620    
 -0.1821822    
 -0.1818181    
 -0.1786757    
 -0.1734854    
 -0.1670174    
 -0.1599977    
 -0.1530313    
 -0.1465518    
 -0.1408007    
 -0.1358388    
 -0.1315788    
 -0.1278330    
 -0.1243588    
 -0.1208989    
 -0.1172099    
 -0.1130873    
 -0.1083855    
 -0.1030371    
 -9.7066529E-02
 -9.0594351E-02
 -8.3824277E-02
 -7.7012829E-02
 -7.0424229E-02
 -6.4283513E-02
 -5.8738310E-02
 -5.3841908E-02
 -4.9560320E-02
 -4.5802608E-02
 -4.2461868E-02
 -3.9455470E-02
 -3.6751606E-02
 -3.4378301E-02
 -3.2415681E-02
 -3.0981103E-02
 -3.0215507E-02
 -3.0277265E-02
 -3.1338848E-02
 -3.3577349E-02
 -3.7146628E-02
 -4.2129010E-02
 -4.8474502E-02
 -5.5950236E-02
 -6.4122289E-02
 -7.2386526E-02
 -8.0043964E-02
 -8.6402655E-02
 -9.0872891E-02
 -9.3032151E-02
 -9.2645846E-02
 -8.9650840E-02
 -8.4117852E-02
 -7.6215789E-02
 -6.6188529E-02
 -5.4347366E-02
 -4.1068848E-02
 -2.6788969E-02
 -1.1984688E-02
  2.8558855E-03
  1.7268289E-02
  3.0840611E-02
  4.3231390E-02
  5.4174829E-02
  6.3476712E-02
  7.1008570E-02
  7.6703452E-02
  8.0554120E-02
  8.2607396E-02
  8.2952671E-02
  8.1701033E-02
  7.8961670E-02
  7.4822441E-02
  6.9347598E-02
  6.2596016E-02
  5.4657817E-02
  4.5696054E-02
  3.5980370E-02
  2.5896698E-02
  1.5928088E-02
  6.6098333E-03
 -1.5284009E-03
 -8.0203069E-03
 -1.2507780E-02
 -1.4767097E-02
 -1.4717023E-02
 -1.2413361E-02
 -8.0346279E-03
 -1.8600877E-03
  5.7619438E-03
  1.4459851E-02
  2.3898715E-02
  3.3846769E-02
  4.4231083E-02
  5.5160981E-02
  6.6901922E-02
  7.9794906E-02
  9.4138816E-02
  0.1100669    
  0.1274558    
  0.1458926    
  0.1647120    
  0.1830868    
  0.2001494    
  0.2151048    
  0.2273234    
  0.2363956    
  0.2421568    
  0.2446821    
  0.2442666    
  0.2413855    
  0.2366418    
  0.2306970    
  0.2241990    
  0.2177120    
  0.2116639    
  0.2063174    
  0.2017705    
  0.1979805    
  0.1948022    
  0.1920280    
  0.1894259    
  0.1867689    
  0.1838592    
  0.1805475    
  0.1767526    
  0.1724746    
  0.1678016    
  0.1628979    
  0.1579783    
  0.1532680    
  0.1489592    
  0.1451735    
  0.1419457    
  0.1392276    
  0.1369154    
  0.1348868    
  0.1330397    
  0.1313194    
  0.1297300    
  0.1283284    
  0.1272117    
  0.1265023    
  0.1263407    
  0.1268787    
  0.1282729    
  0.1306627    
  0.1341329    
  0.1386639    
  0.1440882    
  0.1500717    
  0.1561363    
  0.1617187    
  0.1662567    
  0.1692708    
  0.1704234    
  0.1695362    
  0.1665773    
  0.1616254    
  0.1548367    
  0.1464201    
  0.1366303    
  0.1257667    
  0.1141719    
  0.1022176    
  9.0283506E-02
  7.8729652E-02
  6.7873292E-02
  5.7974614E-02
  4.9235228E-02
  4.1802805E-02
  3.5778105E-02
  3.1218423E-02
  2.8138969E-02
  2.6514290E-02
  2.6285300E-02
  2.7373556E-02
  2.9700270E-02
  3.3201914E-02
  3.7834015E-02
  4.3556977E-02
  5.0306499E-02
  5.7957154E-02
  6.6293381E-02
  7.4998662E-02
  8.3670303E-02
  9.1856048E-02
  9.9104129E-02
  0.1050119    
  0.1092649    
  0.1116593    
  0.1121094    
  0.1106424    
  0.1073881    
  0.1025623    
  9.6444942E-02
  8.9345276E-02
  8.1556700E-02
  7.3301814E-02
  6.4683042E-02
  5.5654436E-02
  4.6033643E-02
  3.5557978E-02
  2.3976324E-02
  1.1151455E-02
 -2.8567335E-03
 -1.7754029E-02
 -3.3031281E-02
 -4.8031729E-02
 -6.2045641E-02
 -7.4406199E-02
 -8.4567539E-02
 -9.2154600E-02
 -9.6987307E-02
 -9.9083513E-02
 -9.8648369E-02
 -9.6048370E-02
 -9.1773413E-02
 -8.6384028E-02
 -8.0450110E-02
 -7.4486814E-02
 -6.8903267E-02
 -6.3969575E-02
 -5.9809860E-02
 -5.6416728E-02
 -5.3682197E-02
 -5.1433127E-02
 -4.9465567E-02
 -4.7572047E-02
 -4.5564972E-02
 -4.3295950E-02
 -4.0674191E-02
 -3.7680548E-02
 -3.4374379E-02
 -3.0886268E-02
 -2.7395690E-02
 -2.4095071E-02
 -2.1149669E-02
 -1.8662952E-02
 -1.6658491E-02
 -1.5082541E-02
 -1.3826678E-02
 -1.2762159E-02
 -1.1775901E-02
 -1.0797255E-02
 -9.8105073E-03
 -8.8524241E-03
 -8.0007203E-03
 -7.3605613E-03
 -7.0550130E-03
 -7.2190212E-03
 -7.9922853E-03
 -9.5025441E-03
 -1.1835501E-02
 -1.4994468E-02
 -1.8863058E-02
 -2.3186659E-02
 -2.7586862E-02
 -3.1609435E-02
 -3.4795117E-02
 -3.6751024E-02
 -3.7202351E-02
 -3.6011577E-02
 -3.3166822E-02
 -2.8750781E-02
 -2.2907933E-02
 -1.5821626E-02
 -7.7048759E-03
  1.2002727E-03
  1.0623214E-02
  2.0272991E-02
  2.9855115E-02
  3.9092701E-02
  4.7745019E-02
  5.5617481E-02
  6.2562242E-02
  6.8471275E-02
  7.3269419E-02
  7.6909654E-02
  7.9373583E-02
  8.0671251E-02
  8.0838673E-02
  7.9928257E-02
  7.7995032E-02
  7.5082831E-02
  7.1220852E-02
  6.6433623E-02
  6.0765464E-02
  5.4310661E-02
  4.7239956E-02
  3.9810874E-02
  3.2357521E-02
  2.5259687E-02
  1.8901477E-02
  1.3628853E-02
  9.7160405E-03
  7.3459256E-03
  6.6040321E-03
  7.4821203E-03
  9.8871207E-03
  1.3653050E-02
  1.8557141E-02
  2.4344182E-02
  3.0761724E-02
  3.7603524E-02
  4.4753026E-02
  5.2211851E-02
  6.0099136E-02
  6.8613090E-02
  7.7960975E-02
  8.8274255E-02
  9.9536166E-02
  0.1115418    
  0.1239051    
  0.1361077    
  0.1475740    
  0.1577489    
  0.1661648    
  0.1724849    
  0.1765279    
  0.1782729    
  0.1778562    
  0.1755555    
  0.1717647    
  0.1669523    
  0.1616117    
  0.1562047    
  0.1511137    
  0.1466051    
  0.1428186    
  0.1397741    
  0.1373961    
  0.1355435    
  0.1340400    
  0.1326999    
  0.1313500    
  0.1298470    
  0.1280957    
  0.1260626    
  0.1237847    
  0.1213638    
  0.1189486    
  0.1167037    
  0.1147727    
  0.1132454    
  0.1121396    
  0.1114010    
  0.1109229    
  0.1105758    
  0.1102411    
  0.1098369    
  0.1093322    
  0.1087454    
  0.1081362    
  0.1075929    
  0.1072228    
  0.1071456    
  0.1074863    
  0.1083625    
  0.1098602    
  0.1120004    
  0.1147068    
  0.1177881    
  0.1209468    
  0.1238160    
  0.1260189    
  0.1272300    
  0.1272228    
  0.1258880    
  0.1232255    
  0.1193174    
  0.1142978    
  0.1083293    
  0.1015931    
  9.4287984E-02
  8.6630777E-02
  7.8850262E-02
  7.1175344E-02
  6.3817963E-02
  5.6958973E-02
  5.0739940E-02
  4.5265213E-02
  4.0608995E-02
  3.6823899E-02
  3.3945356E-02
  3.1992059E-02
  3.0963643E-02
  3.0840997E-02
  3.1591322E-02
  3.3178624E-02
  3.5574168E-02
  3.8760930E-02
  4.2725824E-02
  4.7440518E-02
  5.2835405E-02
  5.8777042E-02
  6.5057106E-02
  7.1400307E-02
  7.7488713E-02
  8.2997672E-02
  8.7631434E-02
  9.1152541E-02
  9.3398713E-02
  9.4288699E-02
  9.3818121E-02
  9.2052862E-02
  8.9119561E-02
  8.5194789E-02
  8.0486856E-02
  7.5210266E-02
  6.9550864E-02
  6.3629471E-02
  5.7473268E-02
  5.1010776E-02
  4.4095851E-02
  3.6560949E-02
  2.8285021E-02
  1.9257495E-02
  9.6167848E-03
 -3.4781219E-04
 -1.0230650E-02
 -1.9567335E-02
 -2.7899463E-02
 -3.4830406E-02
 -4.0063728E-02
 -4.3424707E-02
 -4.4868637E-02
 -4.4480845E-02
 -4.2468373E-02
 -3.9142948E-02
 -3.4891304E-02
 -3.0134732E-02
 -2.5281046E-02
 -2.0679584E-02
 -1.6586820E-02
 -1.3150102E-02
 -1.0410004E-02
 -8.3179539E-03
 -6.7615435E-03
 -5.5911862E-03
 -4.6435068E-03
 -3.7609355E-03
 -2.8088298E-03
 -1.6913876E-03
 -3.6548043E-04
  1.1509251E-03
  2.7804596E-03
  4.4010966E-03
  5.8727404E-03
  7.0701689E-03
  7.9134284E-03
  8.3867097E-03
  8.5402280E-03
  8.4753158E-03
  8.3174845E-03
  8.1862463E-03
  8.1700897E-03
  8.3124032E-03
  8.6095016E-03
  9.0179062E-03
  9.4649754E-03
  9.8583931E-03
  1.0092854E-02
  1.0056159E-02
  9.6399924E-03
  8.7592928E-03
  7.3797563E-03
  5.5457670E-03
  3.3978957E-03
  1.1688571E-03
 -8.4536290E-04
 -2.3340557E-03
 -3.0253776E-03
 -2.7288224E-03
 -1.3546792E-03
  1.0912202E-03
  4.5305630E-03
  8.8405684E-03
  1.3876031E-02
  1.9480370E-02
  2.5487665E-02
  3.1722199E-02
  3.8001847E-02
  4.4147830E-02
  4.9997814E-02
  5.5417795E-02
  6.0307276E-02
  6.4597152E-02
  6.8240933E-02
  7.1205862E-02
  7.3467366E-02
  7.5009122E-02
  7.5825244E-02
  7.5922899E-02
  7.5319707E-02
  7.4037373E-02
  7.2092474E-02
  6.9492988E-02
  6.6243209E-02
  6.2359549E-02
  5.7891626E-02
  5.2943010E-02
  4.7681049E-02
  4.2332124E-02
  3.7161164E-02
  3.2442044E-02
  2.8426444E-02
  2.5318611E-02
  2.3260428E-02
  2.2327207E-02
  2.2530599E-02
  2.3824831E-02
  2.6113590E-02
  2.9258186E-02
  3.3089519E-02
  3.7427496E-02
  4.2107768E-02
  4.7012746E-02
  5.2097153E-02
  5.7398058E-02
  6.3020080E-02
  6.9096558E-02
  7.5734504E-02
  8.2961053E-02
  9.0686157E-02
  9.8695531E-02
  0.1066733    
  0.1142479    
  0.1210431    
  0.1267257    
  0.1310381    
  0.1338188    
  0.1350099    
  0.1346599    
  0.1329197    
  0.1300336    
  0.1263171    
  0.1221251    
  0.1178128    
  0.1136950    
  0.1100123    
  0.1069136    
  0.1044536    
  0.1026059    
  0.1012831    
  0.1003601    
  9.9695109E-02
  9.9147782E-02
  9.8593526E-02
  9.7938903E-02
  9.7134128E-02
  9.6182749E-02
  9.5141098E-02
  9.4107971E-02
  9.3201905E-02
  9.2532717E-02
  9.2172466E-02
  9.2137329E-02
  9.2383027E-02
  9.2817150E-02
  9.3321227E-02
  9.3778685E-02
  9.4097935E-02
  9.4227545E-02
  9.4158597E-02
  9.3920521E-02
  9.3571298E-02
  9.3189545E-02
  9.2867099E-02
  9.2704110E-02
  9.2799835E-02
  9.3237571E-02
  9.4060957E-02
  9.5250286E-02
  9.6705280E-02
  9.8246209E-02
  9.9634729E-02
  0.1006145    
  0.1009565    
  0.1004989    
  9.9164955E-02
  9.6962042E-02
  9.3961708E-02
  9.0275533E-02
  8.6032987E-02
  8.1370652E-02
  7.6428823E-02
  7.1352273E-02
  6.6287220E-02
  6.1374623E-02
  5.6738932E-02
  5.2478965E-02
  4.8663236E-02
  4.5333732E-02
  4.2514350E-02
  4.0221032E-02
  3.8467575E-02
  3.7266895E-02
  3.6627766E-02
  3.6551550E-02
  3.7031561E-02
  3.8057555E-02
  3.9621904E-02
  4.1723721E-02
  4.4365015E-02
  4.7538951E-02
  5.1211305E-02
  5.5303346E-02
  5.9681457E-02
  6.4160503E-02
  6.8519957E-02
  7.2529517E-02
  7.5975515E-02
  7.8683190E-02
  8.0529146E-02
  8.1445657E-02
  8.1417084E-02
  8.0474824E-02
  7.8691535E-02
  7.6175980E-02
  7.3064044E-02
  6.9505632E-02
  6.5643393E-02
  6.1587930E-02
  5.7393968E-02
  5.3049158E-02
  4.8480984E-02
  4.3585476E-02
  3.8269747E-02
  3.2498337E-02
  2.6326610E-02
  1.9911721E-02
  1.3497404E-02
  7.3800432E-03
  1.8661525E-03
 -2.7666031E-03
 -6.2979520E-03
 -8.5818600E-03
 -9.5546674E-03
 -9.2387050E-03
 -7.7420482E-03
 -5.2531823E-03
 -2.0268194E-03
  1.6403071E-03
  5.4424494E-03
  9.1004213E-03
  1.2392399E-02
  1.5173385E-02
  1.7379748E-02
  1.9021012E-02
  2.0163061E-02
  2.0908616E-02
  2.1378685E-02
  2.1697147E-02
  2.1976998E-02
  2.2307483E-02
  2.2741707E-02
  2.3287622E-02
  2.3905775E-02
  2.4517296E-02
  2.5022153E-02
  2.5324648E-02
  2.5359122E-02
  2.5108485E-02
  2.4609653E-02
  2.3945188E-02
  2.3223838E-02
  2.2556420E-02
  2.2033921E-02
  2.1713376E-02
  2.1613149E-02
  2.1716250E-02
  2.1977592E-02
  2.2331811E-02
  2.2699183E-02
  2.2990836E-02
  2.3115942E-02
  2.2994757E-02
  2.2577461E-02
  2.1865439E-02
  2.0926893E-02
  1.9899178E-02
  1.8972725E-02
  1.8359061E-02
  1.8251173E-02
  1.8789018E-02
  2.0039920E-02
  2.1998245E-02
  2.4600415E-02
  2.7747018E-02
  3.1322431E-02
  3.5206825E-02
  3.9279889E-02
  4.3421127E-02
  4.7511335E-02
  5.1438667E-02
  5.5106968E-02
  5.8444064E-02
  6.1404873E-02
  6.3968144E-02
  6.6127226E-02
  6.7880280E-02
  6.9222972E-02
  7.0147179E-02
  7.0643269E-02
  7.0704713E-02
  7.0329987E-02
  6.9521092E-02
  6.8278439E-02
  6.6597901E-02
  6.4472623E-02
  6.1902862E-02
  5.8910418E-02
  5.5554431E-02
  5.1940490E-02
  4.8219565E-02
  4.4574354E-02
  4.1198369E-02
  3.8272589E-02
  3.5946403E-02
  3.4325980E-02
  3.3471443E-02
  3.3399548E-02
  3.4088876E-02
  3.5484307E-02
  3.7501205E-02
  4.0030718E-02
  4.2949654E-02
  4.6135750E-02
  4.9488347E-02
  5.2948624E-02
  5.6512345E-02
  6.0227204E-02
  6.4173289E-02
  6.8429023E-02
  7.3033549E-02
  7.7955723E-02
  8.3082080E-02
  8.8225208E-02
  9.3150400E-02
  9.7608954E-02
  0.1013712    
  0.1042503    
  0.1061176    
  0.1069086    
  0.1066284    
  0.1053519    
  0.1032233    
  0.1004463    
  9.7266130E-02
  9.3943059E-02
  9.0722151E-02
  8.7804124E-02
  8.5326977E-02
  8.3358668E-02
  8.1902824E-02
  8.0911152E-02
  8.0300637E-02
  7.9968981E-02
  7.9808787E-02
  7.9718754E-02
  7.9615556E-02
  7.9444781E-02
  7.9190485E-02
  7.8877971E-02
  7.8569278E-02
  7.8347854E-02
  7.8297339E-02
  7.8477450E-02
  7.8906886E-02
  7.9555966E-02
  8.0353074E-02
  8.1200026E-02
  8.1993908E-02
  8.2646362E-02
  8.3098114E-02
  8.3323538E-02
  8.3329611E-02
  8.3149716E-02
  8.2837574E-02
  8.2461238E-02
  8.2099095E-02
  8.1833184E-02
  8.1739359E-02
  8.1870548E-02
  8.2239084E-02
  8.2801461E-02
  8.3455078E-02
  8.4048472E-02
  8.4407739E-02
  8.4369384E-02
  8.3812065E-02
  8.2674734E-02
  8.0959909E-02
  7.8721903E-02
  7.6048419E-02
  7.3041685E-02
  6.9807291E-02
  6.6449203E-02
  6.3069455E-02
  5.9766229E-02
  5.6629758E-02
  5.3734817E-02
  5.1134229E-02
  4.8855666E-02
  4.6905559E-02
  4.5277372E-02
  4.3962143E-02
  4.2955600E-02
  4.2261150E-02
  4.1887268E-02
  4.1843388E-02
  4.2136155E-02
  4.2769957E-02
  4.3749534E-02
  4.5083120E-02
  4.6780776E-02
  4.8847500E-02
  5.1270612E-02
  5.4006834E-02
  5.6973066E-02
  6.0047057E-02
  6.3077502E-02
  6.5902345E-02
  6.8368338E-02
  7.0348278E-02
  7.1750902E-02
  7.2524004E-02
  7.2651021E-02
  7.2146855E-02
  7.1053386E-02
  6.9436841E-02
  6.7383632E-02
  6.4994469E-02
  6.2372506E-02
  5.9607524E-02
  5.6757819E-02
  5.3838577E-02
  5.0820399E-02
  4.7643077E-02
  4.4241168E-02
  4.0575761E-02
  3.6661044E-02
  3.2577761E-02
  2.8468607E-02
  2.4519157E-02
  2.0930214E-02
  1.7890915E-02
  1.5558131E-02
  1.4044031E-02
  1.3409585E-02
  1.3661032E-02
  1.4747343E-02
  1.6559957E-02
  1.8937718E-02
  2.1679794E-02
  2.4566675E-02
  2.7386189E-02
  2.9958546E-02
  3.2155141E-02
  3.3906516E-02
  3.5200067E-02
  3.6069557E-02
  3.6581498E-02
  3.6821127E-02
  3.6880802E-02
  3.6849681E-02
  3.6804076E-02
  3.6797356E-02
  3.6851432E-02
  3.6952082E-02
  3.7052061E-02
  3.7082266E-02
  3.6970425E-02
  3.6661830E-02
  3.6136441E-02
  3.5416439E-02
  3.4562983E-02
  3.3662941E-02
  3.2810684E-02
  3.2089811E-02
  3.1560171E-02
  3.1251833E-02
  3.1165868E-02
  3.1278521E-02
  3.1546894E-02
  3.1913467E-02
  3.2310270E-02
  3.2663554E-02
  3.2902665E-02
  3.2973230E-02
  3.2853320E-02
  3.2566771E-02
  3.2188848E-02
  3.1838622E-02
  3.1659015E-02
  3.1788178E-02
  3.2332316E-02
  3.3347279E-02
  3.4834292E-02
  3.6748029E-02
  3.9012801E-02
  4.1538678E-02
  4.4233076E-02
  4.7005523E-02
  4.9769051E-02
  5.2441310E-02
  5.4948598E-02
  5.7231646E-02
  5.9251834E-02
  6.0993403E-02
  6.2460762E-02
  6.3669644E-02
  6.4637519E-02
  6.5375380E-02
  6.5884866E-02
  6.6159286E-02
  6.6188432E-02
  6.5962218E-02
  6.5472379E-02
  6.4710155E-02
  6.3664615E-02
  6.2323149E-02
  6.0677286E-02
  5.8732301E-02
  5.6519251E-02
  5.4102611E-02
  5.1581323E-02
  4.9080141E-02
  4.6734903E-02
  4.4674978E-02
  4.3008570E-02
  4.1813385E-02
  4.1134711E-02
  4.0987633E-02
  4.1361839E-02
  4.2225055E-02
  4.3525733E-02
  4.5194980E-02
  4.7151171E-02
  4.9307864E-02
  5.1586926E-02
  5.3932775E-02
  5.6324311E-02
  5.8777492E-02
  6.1337024E-02
  6.4056255E-02
  6.6972218E-02
  7.0081718E-02
  7.3328629E-02
  7.6604597E-02
  7.9764046E-02
  8.2645148E-02
  8.5092850E-02
  8.6975977E-02
  8.8198565E-02
  8.8704526E-02
  8.8481359E-02
  8.7562308E-02
  8.6028658E-02
  8.4006615E-02
  8.1659220E-02
  7.9169564E-02
  7.6720111E-02
  7.4469529E-02
  7.2535925E-02
  7.0987433E-02
  6.9843240E-02
  6.9080710E-02
  6.8647437E-02
  6.8472810E-02
  6.8478525E-02
  6.8586752E-02
  6.8728887E-02
  6.8853736E-02
  6.8936132E-02
  6.8981327E-02
  6.9024496E-02
  6.9121830E-02
  6.9335692E-02
  6.9715664E-02
  7.0283115E-02
  7.1022429E-02
  7.1882918E-02
  7.2788708E-02
  7.3654741E-02
  7.4402981E-02
  7.4975111E-02
  7.5338006E-02
  7.5484686E-02
  7.5430594E-02
  7.5209580E-02
  7.4869208E-02
  7.4468084E-02
  7.4071378E-02
  7.3744394E-02
  7.3540725E-02
  7.3489025E-02
  7.3580042E-02
  7.3760919E-02
  7.3938891E-02
  7.3997460E-02
  7.3819742E-02
  7.3312961E-02
  7.2425157E-02
  7.1151532E-02
  6.9528416E-02
  6.7620508E-02
  6.5505907E-02
  6.3265696E-02
  6.0978569E-02
  5.8719397E-02
  5.6557663E-02
  5.4554760E-02
  5.2758437E-02
  5.1197644E-02
  4.9879808E-02
  4.8793808E-02
  4.7917388E-02
  4.7227114E-02
  4.6706177E-02
  4.6348728E-02
  4.6158809E-02
  4.6146613E-02
  4.6323758E-02
  4.6701383E-02
  4.7290541E-02
  4.8104081E-02
  4.9155962E-02
  5.0457444E-02
  5.2008480E-02
  5.3788245E-02
  5.5747099E-02
  5.7805616E-02
  5.9860736E-02
  6.1798837E-02
  6.3510410E-02
  6.4903632E-02
  6.5912120E-02
  6.6497482E-02
  6.6646270E-02
  6.6366099E-02
  6.5681912E-02
  6.4634360E-02
  6.3277915E-02
  6.1678726E-02
  5.9908368E-02
  5.8034368E-02
  5.6107607E-02
  5.4152291E-02
  5.2161563E-02
  5.0103098E-02
  4.7933411E-02
  4.5618959E-02
  4.3155756E-02
  4.0582173E-02
  3.7979521E-02
  3.5461988E-02
  3.3159226E-02
  3.1197915E-02
  2.9686708E-02
  2.8707296E-02
  2.8309712E-02
  2.8509943E-02
  2.9287174E-02
  3.0581659E-02
  3.2294963E-02
  3.4295887E-02
  3.6432438E-02
  3.8549669E-02
  4.0508676E-02
  4.2203020E-02
  4.3567475E-02
  4.4579096E-02
  4.5251418E-02
  4.5625243E-02
  4.5758232E-02
  4.5716435E-02
  4.5566823E-02
  4.5370623E-02
  4.5175519E-02
  4.5008566E-02
  4.4870820E-02
  4.4737190E-02
  4.4562232E-02
  4.4292990E-02
  4.3884743E-02
  4.3315809E-02
  4.2595845E-02
  4.1766305E-02
  4.0892184E-02
  4.0048994E-02
  3.9308000E-02
  3.8725212E-02
  3.8334928E-02
  3.8148791E-02
  3.8157884E-02
  3.8336590E-02
  3.8645711E-02
  3.9035451E-02
  3.9448384E-02
  3.9825432E-02
  4.0114842E-02
  4.0284283E-02
  4.0331896E-02
  4.0293258E-02
  4.0239144E-02
  4.0263847E-02
  4.0465619E-02
  4.0925942E-02
  4.1692980E-02
  4.2775206E-02
  4.4144426E-02
  4.5746546E-02
  4.7514055E-02
  4.9376335E-02
  5.1264714E-02
  5.3114753E-02
  5.4866970E-02
  5.6469884E-02
  5.7884064E-02
  5.9087433E-02
  6.0077399E-02
  6.0869187E-02
  6.1488599E-02
  6.1963301E-02
  6.2314179E-02
  6.2551275E-02
  6.2673151E-02
  6.2670864E-02
  6.2532060E-02
  6.2244322E-02
  6.1794847E-02
  6.1170023E-02
  6.0354955E-02
  5.9337050E-02
  5.8112115E-02
  5.6693364E-02
  5.5117935E-02
  5.3449359E-02
  5.1772077E-02
  5.0181359E-02
  4.8769679E-02
  4.7615480E-02
  4.6775114E-02
  4.6281356E-02
  4.6145435E-02
  4.6361472E-02
  4.6909463E-02
  4.7757532E-02
  4.8862372E-02
  5.0171014E-02
  5.1624406E-02
  5.3165209E-02
  5.4747473E-02
  5.6346323E-02
  5.7962097E-02
  5.9618052E-02
  6.1348915E-02
  6.3184910E-02
  6.5134145E-02
  6.7171425E-02
  6.9235831E-02
  7.1238309E-02
  7.3074907E-02
  7.4642584E-02
  7.5851440E-02
  7.6633029E-02
  7.6943330E-02
  7.6765336E-02
  7.6110914E-02
  7.5023822E-02
  7.3579878E-02
  7.1884222E-02
  7.0061818E-02
  6.8243757E-02
  6.6550069E-02
  6.5075725E-02
  6.3881591E-02
  6.2992744E-02
  6.2402111E-02
  6.2078655E-02
  6.1975528E-02
  6.2037814E-02
  6.2208213E-02
  6.2433042E-02
  6.2668301E-02
  6.2886707E-02
  6.3082263E-02
  6.3272148E-02
  6.3492328E-02
  6.3787781E-02
  6.4198323E-02
  6.4745776E-02
  6.5425090E-02
  6.6203415E-02
  6.7025520E-02
  6.7825459E-02
  6.8538658E-02
  6.9112919E-02
  6.9513716E-02
  6.9726408E-02
  6.9754355E-02
  6.9616593E-02
  6.9344483E-02
  6.8980120E-02
  6.8573199E-02
  6.8177029E-02
  6.7840241E-02
  6.7597084E-02
  6.7457028E-02
  6.7398362E-02
  6.7367904E-02
  6.7290209E-02
  6.7082912E-02
  6.6675238E-02
  6.6022284E-02
  6.5112732E-02
  6.3967161E-02
  6.2630273E-02
  6.1159372E-02
  5.9615802E-02
  5.8059145E-02
  5.6545522E-02
  5.5125814E-02
  5.3844035E-02
  5.2733030E-02
  5.1810440E-02
  5.1075734E-02
  5.0512131E-02
  5.0092001E-02
  4.9785733E-02
  4.9569320E-02
  4.9429636E-02
  4.9365070E-02
  4.9383037E-02
  4.9495276E-02
  4.9715053E-02
  5.0055798E-02
  5.0531883E-02
  5.1158290E-02
  5.1948663E-02
  5.2909713E-02
  5.4034390E-02
  5.5295121E-02
  5.6641888E-02
  5.8005400E-02
  5.9306350E-02
  6.0466178E-02
  6.1418142E-02
  6.2113799E-02
  6.2525555E-02
  6.2643871E-02
  6.2474009E-02
  6.2032171E-02
  6.1344124E-02
  6.0444184E-02
  5.9374936E-02
  5.8184445E-02
  5.6921121E-02
  5.5625208E-02
  5.4321200E-02
  5.3012647E-02
  5.1683623E-02
  5.0306238E-02
  4.8854101E-02
  4.7316518E-02
  4.5709234E-02
  4.4077206E-02
  4.2490024E-02
  4.1030761E-02
  3.9783407E-02
  3.8821887E-02
  3.8203590E-02
  3.7966195E-02
  3.8126439E-02
  3.8678102E-02
  3.9589878E-02
  4.0803548E-02
  4.2235848E-02
  4.3784469E-02
  4.5339748E-02
  4.6798330E-02
  4.8076361E-02
  4.9117703E-02
  4.9896937E-02
  5.0416168E-02
  5.0699081E-02
  5.0783336E-02
  5.0714459E-02
  5.0540652E-02
  5.0308552E-02
  5.0057616E-02
  4.9814772E-02
  4.9589202E-02
  4.9370375E-02
  4.9130213E-02
  4.8831198E-02
  4.8437860E-02
  4.7928888E-02
  4.7305249E-02
  4.6592712E-02
  4.5837369E-02
  4.5096617E-02
  4.4427939E-02
  4.3879643E-02
  4.3484982E-02
  4.3260518E-02
  4.3206748E-02
  4.3310467E-02
  4.3546807E-02
  4.3881129E-02
  4.4270564E-02
  4.4667955E-02
  4.5027968E-02
  4.5316055E-02
  4.5517180E-02
  4.5642849E-02
  4.5731824E-02
  4.5844205E-02
  4.6048373E-02
  4.6405926E-02
  4.6958014E-02
  4.7718238E-02
  4.8672181E-02
  4.9784046E-02
  5.1005434E-02
  5.2283909E-02
  5.3567644E-02
  5.4808106E-02
  5.5960994E-02
  5.6988593E-02
  5.7862639E-02
  5.8568817E-02
  5.9108913E-02
  5.9500355E-02
  5.9770700E-02
  5.9950460E-02
  6.0065139E-02
  6.0130488E-02
  6.0150493E-02
  6.0119938E-02
  6.0027976E-02
  5.9861805E-02
  5.9607673E-02
  5.9251267E-02
  5.8777489E-02
  5.8172453E-02
  5.7427257E-02
  5.6544632E-02
  5.5544168E-02
  5.4465335E-02
  5.3364374E-02
  5.2307624E-02
  5.1361348E-02
  5.0582737E-02
  5.0013043E-02
  4.9675960E-02
  4.9579162E-02
  4.9718183E-02
  5.0079294E-02
  5.0641693E-02
  5.1377635E-02
  5.2253079E-02
  5.3228732E-02
  5.4264393E-02
  5.5325042E-02
  5.6388110E-02
  5.7447471E-02
  5.8513947E-02
  5.9609432E-02
  6.0756970E-02
  6.1968166E-02
  6.3234292E-02
  6.4522251E-02
  6.5778270E-02
  6.6935822E-02
  6.7926623E-02
  6.8689585E-02
  6.9177121E-02
  6.9356978E-02
  6.9213837E-02
  6.8750076E-02
  6.7988344E-02
  6.6972785E-02
  6.5769233E-02
  6.4460509E-02
  6.3138045E-02
  6.1889824E-02
  6.0789406E-02
  5.9887554E-02
  5.9209526E-02
  5.8756340E-02
  5.8510359E-02
  5.8441110E-02
  5.8511313E-02
  5.8680352E-02
  5.8908500E-02
  5.9160616E-02
  5.9411447E-02
  5.9649564E-02
  5.9880573E-02
  6.0125608E-02
  6.0415860E-02
  6.0782295E-02
  6.1245661E-02
  6.1807942E-02
  6.2449928E-02
  6.3133389E-02
  6.3809097E-02
  6.4426012E-02
  6.4940333E-02
  6.5320246E-02
  6.5548569E-02
  6.5621786E-02
  6.5548822E-02
  6.5348744E-02
  6.5049939E-02
  6.4688556E-02
  6.4306065E-02
  6.3943669E-02
  6.3635372E-02
  6.3399509E-02
  6.3232705E-02
  6.3107431E-02
  6.2976666E-02
  6.2783688E-02
  6.2475499E-02
  6.2014248E-02
  6.1385192E-02
  6.0597248E-02
  5.9678979E-02
  5.8670379E-02
  5.7616234E-02
  5.6560922E-02
  5.5546582E-02
  5.4611366E-02
  5.3788271E-02
  5.3101707E-02
  5.2564275E-02
  5.2173641E-02
  5.1913273E-02
  5.1756311E-02
  5.1672708E-02
  5.1635958E-02
  5.1628835E-02
  5.1645018E-02
  5.1687974E-02
  5.1767018E-02
  5.1894445E-02
  5.2083399E-02
  5.2347925E-02
  5.2702505E-02
  5.3161252E-02
  5.3734124E-02
  5.4422136E-02
  5.5211700E-02
  5.6072425E-02
  5.6958385E-02
  5.7814457E-02
  5.8584251E-02
  5.9219051E-02
  5.9683274E-02
  5.9956968E-02
  6.0033727E-02
  5.9917826E-02
  5.9620775E-02
  5.9159942E-02
  5.8557510E-02
  5.7841133E-02
  5.7042670E-02
  5.6195654E-02
  5.5329856E-02
  5.4465961E-02
  5.3610992E-02
  5.2757975E-02
  5.1889341E-02
  5.0985601E-02
  5.0034750E-02
  4.9041044E-02
  4.8028227E-02
  4.7038045E-02
  4.6123326E-02
  4.5339700E-02
  4.4737224E-02
  4.4355724E-02
  4.4222292E-02
  4.4350948E-02
  4.4741433E-02
  4.5377832E-02
  4.6226408E-02
  4.7235586E-02
  4.8338380E-02
  4.9459353E-02
  5.0523903E-02
  5.1468380E-02
  5.2247163E-02
  5.2836247E-02
  5.3232055E-02
  5.3447712E-02
  5.3507369E-02
  5.3441849E-02
  5.3284824E-02
  5.3070307E-02
  5.2828867E-02
  5.2584048E-02
  5.2347995E-02
  5.2119005E-02
  5.1881220E-02
  5.1609434E-02
  5.1276620E-02
  5.0863512E-02
  5.0365627E-02
  4.9797114E-02
  4.9188849E-02
  4.8582811E-02
  4.8023406E-02
  4.7550365E-02
  4.7193293E-02
  4.6969783E-02
  4.6885174E-02
  4.6934277E-02
  4.7102459E-02
  4.7366865E-02
  4.7697023E-02
  4.8057243E-02
  4.8410356E-02
  4.8724230E-02
  4.8978478E-02
  4.9170818E-02
  4.9319420E-02
  4.9460635E-02
  4.9640723E-02
  4.9905397E-02
  5.0288875E-02
  5.0807066E-02
  5.1455207E-02
  5.2211393E-02
  5.3042497E-02
  5.3910833E-02
  5.4778166E-02
  5.5608403E-02
  5.6368388E-02
  5.7029676E-02
  5.7570603E-02
  5.7980031E-02
  5.8259673E-02
  5.8424741E-02
  5.8500119E-02
  5.8514941E-02
  5.8495518E-02
  5.8460463E-02
  5.8417734E-02
  5.8365911E-02
  5.8296956E-02
  5.8199730E-02
  5.8061596E-02
  5.7869416E-02
  5.7609268E-02
  5.7267714E-02
  5.6833949E-02
  5.6304514E-02
  5.5687804E-02
  5.5007070E-02
  5.4299153E-02
  5.3610113E-02
  5.2987676E-02
  5.2473944E-02
  5.2099474E-02
  5.1881503E-02
  5.1824965E-02
  5.1925879E-02
  5.2173968E-02
  5.2554883E-02
  5.3050365E-02
  5.3638399E-02
  5.4292943E-02
  5.4986425E-02
  5.5693306E-02
  5.6395352E-02
  5.7084948E-02
  5.7766706E-02
  5.8454402E-02
  5.9165057E-02
  5.9910186E-02
  6.0688954E-02
  6.1484206E-02
  6.2263977E-02
  6.2985934E-02
  6.3605018E-02
  6.4079903E-02
  6.4377822E-02
  6.4475849E-02
  6.4361744E-02
  6.4034194E-02
  6.3504584E-02
  6.2798165E-02
  6.1955489E-02
  6.1030287E-02
  6.0084946E-02
  5.9182085E-02
  5.8376621E-02
  5.7708737E-02
  5.7200979E-02
  5.6858093E-02
  5.6670755E-02
  5.6619652E-02
  5.6679871E-02
  5.6823313E-02
  5.7021476E-02
  5.7247657E-02
  5.7480603E-02
  5.7707667E-02
  5.7928074E-02
  5.8153052E-02
  5.8403183E-02
  5.8701482E-02
  5.9065949E-02
  5.9502304E-02
  6.0000855E-02
  6.0536634E-02
  6.1074592E-02
  6.1576057E-02
  6.2005945E-02
  6.2336862E-02
  6.2551692E-02
  6.2643491E-02
  6.2614903E-02
  6.2476572E-02
  6.2246829E-02
  6.1950900E-02
  6.1619647E-02
  6.1285850E-02
  6.0979553E-02
  6.0721617E-02
  6.0518514E-02
  6.0358919E-02
  6.0215581E-02
  6.0050845E-02
  5.9826087E-02
  5.9510350E-02
  5.9087582E-02
  5.8558859E-02
  5.7940751E-02
  5.7259895E-02
  5.6548078E-02
  5.5837732E-02
  5.5160116E-02
  5.4543711E-02
  5.4013431E-02
  5.3588219E-02
  5.3278405E-02
  5.3082731E-02
  5.2988119E-02
  5.2971799E-02
  5.3006716E-02
  5.3067107E-02
  5.3134013E-02
  5.3197790E-02
  5.3258199E-02
  5.3321488E-02
  5.3397812E-02
  5.3498764E-02
  5.3636909E-02
  5.3825118E-02
  5.4076340E-02
  5.4401305E-02
  5.4805327E-02
  5.5283703E-02
  5.5819340E-02
  5.6382664E-02
  5.6935776E-02
  5.7438083E-02
  5.7853412E-02
  5.8154967E-02
  5.8327939E-02
  5.8368135E-02
  5.8279581E-02
  5.8071341E-02
  5.7755925E-02
  5.7348203E-02
  5.6866165E-02
  5.6330658E-02
  5.5764552E-02
  5.5189162E-02
  5.4620739E-02
  5.4066647E-02
  5.3524353E-02
  5.2982695E-02
  5.2427169E-02
  5.1846545E-02
  5.1239517E-02
  5.0617792E-02
  5.0006151E-02
  4.9438305E-02
  4.8951145E-02
  4.8578616E-02
  4.8348032E-02
  4.8278343E-02
  4.8380196E-02
  4.8655376E-02
  4.9096160E-02
  4.9683448E-02
  5.0385900E-02
  5.1160362E-02
  5.1955830E-02
  5.2719589E-02
  5.3404748E-02
  5.3975787E-02
  5.4412257E-02
  5.4708522E-02
  5.4871507E-02
  5.4916430E-02
  5.4863721E-02
  5.4736316E-02
  5.4558165E-02
  5.4351926E-02
  5.4136820E-02
  5.3925116E-02
  5.3719725E-02
  5.3512812E-02
  5.3288121E-02
  5.3025782E-02
  5.2709486E-02
  5.2332278E-02
  5.1900703E-02
  5.1434416E-02
  5.0962936E-02
  5.0519343E-02
  5.0134767E-02
  4.9833853E-02
  4.9632948E-02
  4.9539488E-02
  4.9553081E-02
  4.9666058E-02
  4.9864288E-02
  5.0126959E-02
  5.0428022E-02
  5.0738454E-02
  5.1030863E-02
  5.1284339E-02
  5.1489990E-02
  5.1653642E-02
  5.1795613E-02
  5.1945921E-02
  5.2137353E-02
  5.2397158E-02
  5.2741259E-02
  5.3171046E-02
  5.3674757E-02
  5.4230954E-02
  5.4813590E-02
  5.5395063E-02
  5.5948704E-02
  5.6449711E-02
  5.6876522E-02
  5.7212081E-02
  5.7447035E-02
  5.7581723E-02
  5.7627499E-02
  5.7604399E-02
  5.7537358E-02
  5.7450641E-02
  5.7363261E-02
  5.7285674E-02
  5.7219919E-02
  5.7161201E-02
  5.7100989E-02
  5.7028551E-02
  5.6932446E-02
  5.6800511E-02
  5.6620695E-02
  5.6382209E-02
  5.6078829E-02
  5.5712219E-02
  5.5294987E-02
  5.4850299E-02
  5.4409541E-02
  5.4006822E-02
  5.3673483E-02
  5.3432729E-02
  5.3297769E-02
  5.3272057E-02
  5.3352036E-02
  5.3529371E-02
  5.3793319E-02
  5.4131147E-02
  5.4528315E-02
  5.4967668E-02
  5.5430688E-02
  5.5899408E-02
  5.6360003E-02
  5.6805342E-02
  5.7236858E-02
  5.7663221E-02
  5.8096994E-02
  5.8548469E-02
  5.9020717E-02
  5.9505809E-02
  5.9985083E-02
  6.0431506E-02
  6.0815036E-02
  6.1107434E-02
  6.1286058E-02
  6.1334904E-02
  6.1245140E-02
  6.1014630E-02
  6.0649008E-02
  6.0162451E-02
  5.9579369E-02
  5.8933891E-02
  5.8267772E-02
  5.7624806E-02
  5.7045180E-02
  5.6559790E-02
  5.6187402E-02
  5.5933781E-02
  5.5794042E-02
  5.5755790E-02
  5.5802502E-02
  5.5915128E-02
  5.6073990E-02
  5.6259789E-02
  5.6455918E-02
  5.6650549E-02
  5.6839623E-02
  5.7027925E-02
  5.7228323E-02
  5.7457339E-02
  5.7729959E-02
  5.8053534E-02
  5.8424540E-02
  5.8827467E-02
  5.9238024E-02
  5.9627678E-02
  5.9969317E-02
  6.0240626E-02
  6.0426582E-02
  6.0519379E-02
  6.0518242E-02
  6.0428169E-02
  6.0260154E-02
  6.0030725E-02
  5.9761893E-02
  5.9478670E-02
  5.9206035E-02
  5.8963984E-02
  5.8763374E-02
  5.8602244E-02
  5.8466073E-02
  5.8330804E-02
  5.8169194E-02
  5.7957035E-02
  5.7679277E-02
  5.7332586E-02
  5.6925338E-02
  5.6474127E-02
  5.6000423E-02
  5.5527139E-02
  5.5076975E-02
  5.4671075E-02
  5.4328442E-02
  5.4064091E-02
  5.3887095E-02
  5.3797729E-02
  5.3786796E-02
  5.3836595E-02
  5.3924739E-02
  5.4028399E-02
  5.4129299E-02
  5.4216292E-02
  5.4286338E-02
  5.4342568E-02
  5.4392319E-02
  5.4444890E-02
  5.4510791E-02
  5.4600980E-02
  5.4726850E-02
  5.4898720E-02
  5.5123728E-02
  5.5402189E-02
  5.5725433E-02
  5.6075092E-02
  5.6425553E-02
  5.6747802E-02
  5.7015043E-02
  5.7206858E-02
  5.7311822E-02
  5.7326734E-02
  5.7255026E-02
  5.7103939E-02
  5.6883048E-02
  5.6602973E-02
  5.6275915E-02
  5.5915773E-02
  5.5538006E-02
  5.5157423E-02
  5.4785978E-02
  5.4429945E-02
  5.4088827E-02
  5.3755432E-02
  5.3419258E-02
  5.3070646E-02
  5.2705862E-02
  5.2329697E-02
  5.1956382E-02
  5.1607173E-02
  5.1306713E-02
  5.1078271E-02
  5.0940979E-02
  5.0908156E-02
  5.0987549E-02
  5.1181097E-02
  5.1484942E-02
  5.1888186E-02
  5.2372046E-02
  5.2909236E-02
  5.3466063E-02
  5.4006081E-02
  5.4495461E-02
  5.4907229E-02
  5.5224683E-02
  5.5441827E-02
  5.5562168E-02
  5.5595487E-02
  5.5555541E-02
  5.5457860E-02
  5.5318948E-02
  5.5154819E-02
  5.4979961E-02
  5.4805059E-02
  5.4634959E-02
  5.4466832E-02
  5.4290999E-02
  5.4093599E-02
  5.3861529E-02
  5.3587105E-02
  5.3271879E-02
  5.2927501E-02
  5.2574016E-02
  5.2235473E-02
  5.1935729E-02
  5.1694501E-02
  5.1525880E-02
  5.1437389E-02
  5.1430833E-02
  5.1502801E-02
  5.1645108E-02
  5.1844366E-02
  5.2082565E-02
  5.2338134E-02
  5.2589089E-02
  5.2816462E-02
  5.3008702E-02
  5.3164542E-02
  5.3294089E-02
  5.3415950E-02
  5.3552985E-02
  5.3726196E-02
  5.3950008E-02
  5.4228839E-02
  5.4557431E-02
  5.4922700E-02
  5.5307370E-02
  5.5692233E-02
  5.6058299E-02
  5.6387406E-02
  5.6663360E-02
  5.6872614E-02
  5.7006788E-02
  5.7064574E-02
  5.7053424E-02
  5.6988250E-02
  5.6889232E-02
  5.6777179E-02
  5.6669872E-02
  5.6578465E-02
  5.6507099E-02
  5.6453682E-02
  5.6412298E-02
  5.6374621E-02
  5.6331497E-02
  5.6272935E-02
  5.6188811E-02
  5.6069162E-02
  5.5906665E-02
  5.5699151E-02
  5.5452365E-02
  5.5180240E-02
  5.4903924E-02
  5.4647744E-02
  5.4435052E-02
  5.4283619E-02
  5.4203786E-02
  5.4198124E-02
  5.4263692E-02
  5.4393757E-02
  5.4580111E-02
  5.4813545E-02
  5.5084147E-02
  5.5380356E-02
  5.5689581E-02
  5.5999238E-02
  5.6299265E-02
  5.6583840E-02
  5.6853224E-02
  5.7113171E-02
  5.7372939E-02
  5.7641249E-02
  5.7922471E-02
  5.8213707E-02
  5.8504440E-02
  5.8777660E-02
  5.9013408E-02
  5.9192266E-02
  5.9298437E-02
  5.9320517E-02
  5.9252035E-02
  5.9090890E-02
  5.8839917E-02
  5.8507126E-02
  5.8107268E-02
  5.7661872E-02
  5.7198465E-02
  5.6747030E-02
  5.6336261E-02
  5.5989165E-02
  5.5720698E-02
  5.5536475E-02
  5.5434305E-02
  5.5406224E-02
  5.5441182E-02
  5.5526193E-02
  5.5647772E-02
  5.5792298E-02
  5.5947471E-02
  5.6103487E-02
  5.6255449E-02
  5.6404471E-02
  5.6558110E-02
  5.6727625E-02
  5.6924608E-02
  5.7156373E-02
  5.7423085E-02
  5.7715893E-02
  5.8018751E-02
  5.8311291E-02
  5.8573164E-02
  5.8786709E-02
  5.8939219E-02
  5.9023168E-02
  5.9036262E-02
  5.8980346E-02
  5.8861684E-02
  5.8690768E-02
  5.8482636E-02
  5.8255412E-02
  5.8028515E-02
  5.7819206E-02
  5.7639398E-02
  5.7492193E-02
  5.7371374E-02
  5.7262491E-02
  5.7147007E-02
  5.7006545E-02
  5.6827880E-02
  5.6605488E-02
  5.6342524E-02
  5.6048710E-02
  5.5738200E-02
  5.5426717E-02
  5.5130493E-02
  5.4864734E-02
  5.4643493E-02
  5.4478493E-02
  5.4377705E-02
  5.4342855E-02
  5.4368503E-02
  5.4442018E-02
  5.4546054E-02
  5.4661501E-02
  5.4771788E-02
  5.4865479E-02
  5.4937847E-02
  5.4989606E-02
  5.5025738E-02
  5.5053320E-02
  5.5080723E-02
  5.5116680E-02
  5.5170514E-02
  5.5251170E-02
  5.5366158E-02
  5.5518575E-02
  5.5705316E-02
  5.5915773E-02
  5.6133159E-02
  5.6336820E-02
  5.6506693E-02
  5.6626823E-02
  5.6687992E-02
  5.6687541E-02
  5.6628328E-02
  5.6516308E-02
  5.6359053E-02
  5.6164391E-02
  5.5940717E-02
  5.5697333E-02
  5.5444736E-02
  5.5193204E-02
  5.4951575E-02
  5.4724909E-02
  5.4513555E-02
  5.4312654E-02
  5.4114271E-02
  5.3910237E-02
  5.3695973E-02
  5.3472500E-02
  5.3247821E-02
  5.3035300E-02
  5.2851506E-02
  5.2712429E-02
  5.2631538E-02
  5.2618183E-02
  5.2677996E-02
  5.2812692E-02
  5.3020526E-02
  5.3295322E-02
  5.3625938E-02
  5.3995192E-02
  5.4380920E-02
  5.4758128E-02
  5.5102777E-02
  5.5394974E-02
  5.5621751E-02
  5.5777717E-02
  5.5864584E-02
  5.5888664E-02
  5.5859108E-02
  5.5786368E-02
  5.5681705E-02
  5.5556204E-02
  5.5420537E-02
  5.5283319E-02
  5.5149741E-02
  5.5019606E-02
  5.4887425E-02
  5.4743767E-02
  5.4578651E-02
  5.4384839E-02
  5.4161347E-02
  5.3914476E-02
  5.3657409E-02
  5.3407010E-02
  5.3180914E-02
  5.2994389E-02
  5.2859005E-02
  5.2781601E-02
  5.2765097E-02
  5.2808482E-02
  5.2907478E-02
  5.3053726E-02
  5.3235091E-02
  5.3436089E-02
  5.3639967E-02
  5.3830851E-02
  5.3997364E-02
  5.4134905E-02
  5.4247241E-02
  5.4345082E-02
  5.4443609E-02
  5.4558266E-02
  5.4701257E-02
  5.4878265E-02
  5.5088159E-02
  5.5323668E-02
  5.5573840E-02
  5.5825580E-02
  5.6065507E-02
  5.6280490E-02
  5.6458589E-02
  5.6589335E-02
  5.6665596E-02
  5.6685027E-02
  5.6651838E-02
  5.6576259E-02
  5.6473386E-02
  5.6359973E-02
  5.6251533E-02
  5.6159001E-02
  5.6087893E-02
  5.6038249E-02
  5.6006521E-02
  5.5986512E-02
  5.5970974E-02
  5.5951923E-02
  5.5921234E-02
  5.5870455E-02
  5.5792570E-02
  5.5683661E-02
  5.5545282E-02
  5.5384971E-02
  5.5216264E-02
  5.5056136E-02
  5.4921992E-02
  5.4827739E-02
  5.4781973E-02
  5.4787166E-02
  5.4841142E-02
  5.4938417E-02
  5.5072345E-02
  5.5235833E-02
  5.5421870E-02
  5.5622585E-02
  5.5829573E-02
  5.6034107E-02
  5.6228966E-02
  5.6409478E-02
  5.6575250E-02
  5.6730013E-02
  5.6880809E-02
  5.7034846E-02
  5.7197131E-02
  5.7367630E-02
  5.7540853E-02
  5.7706047E-02
  5.7849802E-02
  5.7958473E-02
  5.8020856E-02
  5.8028795E-02
  5.7977717E-02
  5.7865985E-02
  5.7695039E-02
  5.7469338E-02
  5.7197589E-02
  5.6893110E-02
  5.6573879E-02
  5.6260299E-02
  5.5972766E-02
  5.5728257E-02
  5.5538364E-02
  5.5407889E-02
  5.5335820E-02
  5.5316698E-02
  5.5343021E-02
  5.5405952E-02
  5.5496443E-02
  5.5605222E-02
  5.5723596E-02
  5.5843890E-02
  5.5961233E-02
  5.6074776E-02
  5.6188542E-02
  5.6310039E-02
  5.6448080E-02
  5.6609340E-02
  5.6795891E-02
  5.7003148E-02
  5.7220705E-02
  5.7434250E-02
  5.7628851E-02
  5.7791021E-02
  5.7910688E-02
  5.7981391E-02
  5.8000445E-02
  5.7967890E-02
  5.7886779E-02
  5.7763308E-02
  5.7607371E-02
  5.7431694E-02
  5.7250958E-02
  5.7079293E-02
  5.6927826E-02
  5.6801777E-02
  5.6699533E-02
  5.6612920E-02
  5.6529846E-02
  5.6436993E-02
  5.6323674E-02
  5.6183964E-02
  5.6018021E-02
  5.5830836E-02
  5.5631120E-02
  5.5429202E-02
  5.5236321E-02
  5.5063318E-02
  5.4920625E-02
  5.4817289E-02
  5.4760147E-02
  5.4751646E-02
  5.4788996E-02
  5.4863662E-02
