  0.0000000E+00
  0.0000000E+00
  0.0000000E+00
  0.0000000E+00
  0.0000000E+00
  0.0000000E+00
  0.0000000E+00
  0.0000000E+00
  0.0000000E+00
  0.0000000E+00
  0.0000000E+00
  0.0000000E+00
  0.0000000E+00
  0.0000000E+00
  0.0000000E+00
  0.0000000E+00
  0.0000000E+00
  0.0000000E+00
  0.0000000E+00
  0.0000000E+00
  0.0000000E+00
  0.0000000E+00
  0.0000000E+00
  0.0000000E+00
  0.0000000E+00
  0.0000000E+00
  0.0000000E+00
  0.0000000E+00
  0.0000000E+00
  0.0000000E+00
  0.0000000E+00
  0.0000000E+00
  0.0000000E+00
  0.0000000E+00
  0.0000000E+00
  0.0000000E+00
  0.0000000E+00
  0.0000000E+00
  0.0000000E+00
  0.0000000E+00
  0.0000000E+00
  0.0000000E+00
  0.0000000E+00
  0.0000000E+00
  0.0000000E+00
  0.0000000E+00
  0.0000000E+00
  0.0000000E+00
  0.0000000E+00
  0.0000000E+00
  0.0000000E+00
  0.0000000E+00
  0.0000000E+00
  0.0000000E+00
  0.0000000E+00
  0.0000000E+00
  0.0000000E+00
  0.0000000E+00
  0.0000000E+00
  0.0000000E+00
  0.0000000E+00
  0.0000000E+00
  0.0000000E+00
  0.0000000E+00
  0.0000000E+00
  0.0000000E+00
  0.0000000E+00
  0.0000000E+00
  0.0000000E+00
  0.0000000E+00
  0.0000000E+00
  0.0000000E+00
  0.0000000E+00
  0.0000000E+00
  0.0000000E+00
  0.0000000E+00
  0.0000000E+00
  0.0000000E+00
  0.0000000E+00
  0.0000000E+00
  0.0000000E+00
  0.0000000E+00
  0.0000000E+00
  0.0000000E+00
  0.0000000E+00
  0.0000000E+00
  0.0000000E+00
  0.0000000E+00
  0.0000000E+00
  0.0000000E+00
  0.0000000E+00
  0.0000000E+00
  0.0000000E+00
  0.0000000E+00
  0.0000000E+00
  0.0000000E+00
  0.0000000E+00
  0.0000000E+00
  0.0000000E+00
  0.0000000E+00
  0.0000000E+00
  0.0000000E+00
  0.0000000E+00
  0.0000000E+00
  0.0000000E+00
  0.0000000E+00
  0.0000000E+00
  0.0000000E+00
  0.0000000E+00
  0.0000000E+00
  0.0000000E+00
  0.0000000E+00
  0.0000000E+00
  0.0000000E+00
  0.0000000E+00
  0.0000000E+00
  0.0000000E+00
  0.0000000E+00
  0.0000000E+00
  0.0000000E+00
  0.0000000E+00
  0.0000000E+00
  0.0000000E+00
  0.0000000E+00
  0.0000000E+00
  0.0000000E+00
  0.0000000E+00
  0.0000000E+00
  0.0000000E+00
  0.0000000E+00
  0.0000000E+00
  0.0000000E+00
  0.0000000E+00
  0.0000000E+00
  0.0000000E+00
  0.0000000E+00
  0.0000000E+00
  0.0000000E+00
  0.0000000E+00
  0.0000000E+00
  0.0000000E+00
  0.0000000E+00
  0.0000000E+00
  0.0000000E+00
  0.0000000E+00
  0.0000000E+00
  0.0000000E+00
  0.0000000E+00
  0.0000000E+00
  0.0000000E+00
  0.0000000E+00
  0.0000000E+00
  0.0000000E+00
  0.0000000E+00
  0.0000000E+00
  0.0000000E+00
  0.0000000E+00
  0.0000000E+00
  0.0000000E+00
  0.0000000E+00
  0.0000000E+00
  0.0000000E+00
  0.0000000E+00
  0.0000000E+00
  0.0000000E+00
  0.0000000E+00
  0.0000000E+00
  0.0000000E+00
  0.0000000E+00
  0.0000000E+00
  0.0000000E+00
  0.0000000E+00
  0.0000000E+00
  0.0000000E+00
  0.0000000E+00
  0.0000000E+00
  0.0000000E+00
  0.0000000E+00
  0.0000000E+00
  0.0000000E+00
  0.0000000E+00
  0.0000000E+00
  0.0000000E+00
  0.0000000E+00
  0.0000000E+00
  0.0000000E+00
  0.0000000E+00
  0.0000000E+00
  0.0000000E+00
  0.0000000E+00
  0.0000000E+00
  0.0000000E+00
  0.0000000E+00
  0.0000000E+00
  0.0000000E+00
  0.0000000E+00
  0.0000000E+00
  0.0000000E+00
  0.0000000E+00
  0.0000000E+00
  0.0000000E+00
  0.0000000E+00
  0.0000000E+00
  0.0000000E+00
  0.0000000E+00
  0.0000000E+00
  0.0000000E+00
  0.0000000E+00
  0.0000000E+00
  0.0000000E+00
  0.0000000E+00
  0.0000000E+00
  0.0000000E+00
  0.0000000E+00
  0.0000000E+00
  0.0000000E+00
  0.0000000E+00
  0.0000000E+00
  0.0000000E+00
  0.0000000E+00
  0.0000000E+00
  0.0000000E+00
  0.0000000E+00
  0.0000000E+00
  0.0000000E+00
  0.0000000E+00
  0.0000000E+00
  0.0000000E+00
  0.0000000E+00
  0.0000000E+00
  0.0000000E+00
  0.0000000E+00
  0.0000000E+00
  0.0000000E+00
  0.0000000E+00
  0.0000000E+00
  0.0000000E+00
  0.0000000E+00
 -2.2177105E-03
 -6.6237785E-03
 -1.3073715E-02
 -2.1024954E-02
 -2.8848693E-02
 -2.8085036E-02
 -1.0377251E-02
  3.9222747E-02
  0.1439966    
  0.3356785    
  0.6497719    
   1.124673    
   1.792003    
   2.668827    
   3.751654    
   5.014150    
   6.409233    
   7.875173    
   9.344054    
   10.75069    
   12.03988    
   13.17102    
   14.11958    
   14.87595    
   15.44228    
   15.82876    
   16.05004    
   16.12270    
   16.06362    
   15.88970    
   15.61799    
   15.26624    
   14.85287    
   14.39678    
   13.91629    
   13.42814    
   12.94603    
   12.47985    
   12.03525    
   11.61398    
   11.21456    
   10.83348    
   10.46623    
   10.10839    
   9.756222    
   9.407117    
   9.059643    
   8.713489    
   8.369112    
   8.027493    
   7.689763    
   7.356999    
   7.029942    
   6.708988    
   6.394187    
   6.085423    
   5.782504    
   5.485376    
   5.194175    
   4.909271    
   4.631189    
   4.360588    
   4.098218    
   3.844959    
   3.601795    
   3.369861    
   3.150370    
   2.944527    
   2.753355    
   2.577564    
   2.417426    
   2.272740    
   2.142826    
   2.026623    
   1.922799    
   1.829912    
   1.746559    
   1.671570    
   1.604165    
   1.544096    
   1.491639    
   1.447470    
   1.412312    
   1.386483    
   1.369399    
   1.359265    
   1.353047    
   1.346831    
   1.336431    
   1.318142    
   1.289379    
   1.249055    
   1.197587    
   1.136630    
   1.068598    
  0.9961843    
  0.9219508    
  0.8481049    
  0.7764143    
  0.7082333    
  0.6445320    
  0.5858814    
  0.5323287    
  0.4831925    
  0.4368277    
  0.3904966    
  0.3404376    
  0.2822090    
  0.2112741    
  0.1237222    
  1.6960820E-02
 -0.1097541    
 -0.2550151    
 -0.4151739    
 -0.5844361    
 -0.7551375    
 -0.9182176    
  -1.063956    
  -1.182946    
  -1.267210    
  -1.311197    
  -1.312493    
  -1.272017    
  -1.193720    
  -1.083866    
 -0.9501148    
 -0.8006243    
 -0.6433045    
 -0.4852946    
 -0.3326710    
 -0.1903037    
 -6.1814576E-02
  5.0409425E-02
  0.1451562    
  0.2222833    
  0.2825502    
  0.3273716    
  0.3584619    
  0.3772962    
  0.3842804    
  0.3775439    
  0.3514534    
  0.2951926    
  0.1920283    
  1.9945486E-02
 -0.2458767    
 -0.6288689    
  -1.145946    
  -1.802697    
  -2.590241    
  -3.484604    
  -4.448841    
  -5.437204    
  -6.400461    
  -7.291153    
  -8.068129    
  -8.699659    
  -9.165286    
  -9.456308    
  -9.575236    
  -9.534182    
  -9.352703    
  -9.055099    
  -8.667705    
  -8.216268    
  -7.724015    
  -7.210401    
  -6.690789    
  -6.176751    
  -5.676995    
  -5.198325    
  -4.746436    
  -4.326151    
  -3.941222    
  -3.593698    
  -3.283296    
  -3.006960    
  -2.758976    
  -2.531513    
  -2.315532    
  -2.101719    
  -1.881325    
  -1.646734    
  -1.391823    
  -1.112143    
 -0.8050996    
 -0.4700764    
 -0.1085436    
  0.2759298    
  0.6777846    
   1.089766    
   1.503431    
   1.909937    
   2.301296    
   2.672314    
   3.023334    
   3.363415    
   3.713172    
   4.105892    
   4.585608    
   5.201324    
   5.998057    
   7.006479    
   8.234089    
   9.660319    
   11.23734    
   12.89622    
   14.55700    
   16.13981    
   17.57484    
   18.80922    
   19.81027    
   20.56495    
   21.07700    
   21.36237    
   21.44457    
   21.35032    
   21.10657    
   20.73859    
   20.26942    
   19.71975    
   19.10843    
   18.45290    
   17.76940    
   17.07271    
   16.37584    
   15.68951    
   15.02191    
   14.37841    
   13.76184    
   13.17288    
   12.61073    
   12.07360    
   11.55930    
   11.06553    
   10.59015    
   10.13104    
   9.686322    
   9.254353    
   8.834044    
   8.425013    
   8.027886    
   7.644289    
   7.276704    
   6.927870    
   6.600003    
   6.293580    
   6.006046    
   5.730493    
   5.455028    
   5.163061    
   4.834997    
   4.451049    
   3.994823    
   3.456624    
   2.835732    
   2.140911    
   1.389280    
  0.6038172    
 -0.1896723    
 -0.9654098    
  -1.699752    
  -2.372417    
  -2.966951    
  -3.470703    
  -3.874711    
  -4.173678    
  -4.366171    
  -4.454801    
  -4.446321    
  -4.351346    
  -4.183674    
  -3.959183    
  -3.694618    
  -3.406364    
  -3.109505    
  -2.817088    
  -2.539710    
  -2.285196    
  -2.058387    
  -1.860983    
  -1.691619    
  -1.546224    
  -1.418801    
  -1.302476    
  -1.190718    
  -1.078355    
 -0.9622272    
 -0.8412757    
 -0.7162050    
 -0.5888693    
 -0.4616981    
 -0.3373723    
 -0.2188586    
 -0.1096907    
 -1.4263824E-02
  6.2138893E-02
  0.1137686    
  0.1352998    
  0.1230159    
  7.6020658E-02
 -2.7873784E-03
 -0.1061738    
 -0.2225848    
 -0.3367749    
 -0.4310752    
 -0.4872424    
 -0.4887194    
 -0.4229484    
 -0.2832970    
 -7.0168287E-02
  0.2089646    
  0.5405741    
  0.9068643    
   1.287908    
   1.663739    
   2.016052    
   2.329420    
   2.591994    
   2.795809    
   2.936722    
   3.014145    
   3.030556    
   2.990919    
   2.901939    
   2.771344    
   2.607160    
   2.417135    
   2.208304    
   1.986829    
   1.758058    
   1.526792    
   1.297616    
   1.075211    
  0.8644451    
  0.6701925    
  0.4968078    
  0.3474307    
  0.2232590    
  0.1230647    
  4.3137521E-02
 -2.2241993E-02
 -7.9886168E-02
 -0.1365335    
 -0.1977209    
 -0.2669569    
 -0.3453763    
 -0.4319142    
 -0.5238892    
 -0.6178048    
 -0.7100982    
 -0.7976089    
 -0.8775759    
 -0.9471686    
  -1.002710    
  -1.038960    
  -1.048866    
  -1.024157    
 -0.9568435    
 -0.8413277    
 -0.6765180    
 -0.4672411    
 -0.2243782    
  3.6426600E-02
  0.2971969    
  0.5405493    
  0.7523779    
  0.9236962    
   1.051322    
   1.137453    
   1.188401    
   1.212904    
   1.220352    
   1.219278    
   1.216236    
   1.215172    
   1.217251    
   1.221130    
   1.223580    
   1.220371    
   1.207258    
   1.180947    
   1.139830    
   1.084362    
   1.016966    
  0.9415016    
  0.8623800    
  0.7835147    
  0.7073120    
  0.6339300    
  0.5609361    
  0.4834754    
  0.3949353    
  0.2880464    
  0.1562089    
 -5.2117021E-03
 -0.1979185    
 -0.4202783    
 -0.6675801    
 -0.9328749    
  -1.208138    
  -1.485448    
  -1.757881    
  -2.020000    
  -2.267871    
  -2.498848    
  -2.711273    
  -2.904383    
  -3.078455    
  -3.235226    
  -3.378333    
  -3.513556    
  -3.648493    
  -3.791658    
  -3.951020    
  -4.132341    
  -4.337657    
  -4.564401    
  -4.805308    
  -5.049230    
  -5.282500    
  -5.490705    
  -5.660365    
  -5.780334    
  -5.842612    
  -5.842730    
  -5.779628    
  -5.655347    
  -5.474535    
  -5.244052    
  -4.972587    
  -4.670290    
  -4.348239    
  -4.017859    
  -3.690144    
  -3.374922    
  -3.080171    
  -2.811650    
  -2.572765    
  -2.364707    
  -2.186692    
  -2.036289    
  -1.909720    
  -1.802209    
  -1.708367    
  -1.622726    
  -1.540316    
  -1.457259    
  -1.371207    
  -1.281579    
  -1.189507    
  -1.097565    
  -1.009296    
 -0.9286839    
 -0.8596020    
 -0.8053434    
 -0.7682690    
 -0.7496813    
 -0.7499644    
 -0.7690426    
 -0.8070763    
 -0.8652496    
 -0.9463622    
  -1.054967    
  -1.196830    
  -1.377743    
  -1.601891    
  -1.870194    
  -2.179039    
  -2.519806    
  -2.879331    
  -3.241317    
  -3.588324    
  -3.904066    
  -4.175461    
  -4.394145    
  -4.557043    
  -4.666074    
  -4.727016    
  -4.747901    
  -4.737227    
  -4.702507    
  -4.649297    
  -4.580907    
  -4.498617    
  -4.402347    
  -4.291468    
  -4.165614    
  -4.025262    
  -3.872191    
  -3.709638    
  -3.542287    
  -3.375945    
  -3.217050    
  -3.071925    
  -2.945969    
  -2.842828    
  -2.763840    
  -2.707763    
  -2.670920    
  -2.647626    
  -2.630914    
  -2.613319    
  -2.587683    
  -2.547795    
  -2.488914    
  -2.408045    
  -2.304057    
  -2.177591    
  -2.030864    
  -1.867340    
  -1.691331    
  -1.507468    
  -1.320125    
  -1.132761    
 -0.9472997    
 -0.7636762    
 -0.5797389    
 -0.3916197    
 -0.1946052    
  1.5655363E-02
  0.2418686    
  0.4841165    
  0.7394499    
   1.002161    
   1.264667    
   1.518757    
   1.756899    
   1.973306    
   2.164611    
   2.330053    
   2.471246    
   2.591566    
   2.695354    
   2.787040    
   2.870384    
   2.947862    
   3.020419    
   3.087486    
   3.147330    
   3.197528    
   3.235540    
   3.259181    
   3.266975    
   3.258250    
   3.233128    
   3.192347    
   3.137082    
   3.068737    
   2.988855    
   2.899109    
   2.801376    
   2.697800    
   2.590858    
   2.483283    
   2.377911    
   2.277403    
   2.184011    
   2.099397    
   2.024621    
   1.960221    
   1.906417    
   1.863268    
   1.830804    
   1.809057    
   1.798147    
   1.798443    
   1.810870    
   1.837229    
   1.880432    
   1.944373    
   2.033376    
   2.151183    
   2.299750    
   2.478110    
   2.681692    
   2.902238    
   3.128467    
   3.347290    
   3.545379    
   3.710680    
   3.833691    
   3.908226    
   3.931692    
   3.904844    
   3.831280    
   3.716716    
   3.568270    
   3.393708    
   3.200855    
   2.997082    
   2.788978    
   2.582146    
   2.381187    
   2.189764    
   2.010722    
   1.846161    
   1.697500    
   1.565464    
   1.450106    
   1.350831    
   1.266552    
   1.195865    
   1.137265    
   1.089274    
   1.050482    
   1.019449    
  0.9945387    
  0.9737313    
  0.9545242    
  0.9339383    
  0.9086749    
  0.8753633    
  0.8308945    
  0.7727606    
  0.6993710    
  0.6102665    
  0.5062153    
  0.3891104    
  0.2616554    
  0.1268381    
 -1.2709222E-02
 -0.1553220    
 -0.3006847    
 -0.4498114    
 -0.6045563    
 -0.7667496    
 -0.9372110    
  -1.114930    
  -1.296705    
  -1.477360    
  -1.650480    
  -1.809439    
  -1.948479    
  -2.063559    
  -2.152860    
  -2.216846    
  -2.257998    
  -2.280260    
  -2.288362    
  -2.287084    
  -2.280626    
  -2.272120    
  -2.263398    
  -2.254951    
  -2.246159    
  -2.235636    
  -2.221673    
  -2.202606    
  -2.177114    
  -2.144356    
  -2.103981    
  -2.056007    
  -2.000669    
  -1.938256    
  -1.869026    
  -1.793166    
  -1.710879    
  -1.622493    
  -1.528609    
  -1.430172    
  -1.328516    
  -1.225317    
  -1.122523    
  -1.022229    
 -0.9265725    
 -0.8375822    
 -0.7570249    
 -0.6862311    
 -0.6259732    
 -0.5764471    
 -0.5374407    
 -0.5086938    
 -0.4904065    
 -0.4837204    
 -0.4909889    
 -0.5156384    
 -0.5615708    
 -0.6321854    
 -0.7292649    
 -0.8520182    
 -0.9965674    
  -1.156023    
  -1.321150    
  -1.481447    
  -1.626412    
  -1.746740    
  -1.835242    
  -1.887352    
  -1.901273    
  -1.877757    
  -1.819701    
  -1.731598    
  -1.619009    
  -1.488034    
  -1.344879    
  -1.195468    
  -1.045186    
 -0.8987041    
 -0.7599110    
 -0.6318927    
 -0.5169573    
 -0.4166372    
 -0.3316854    
 -0.2620579    
 -0.2069494    
 -0.1648955    
 -0.1339727    
 -0.1120612    
 -9.7123630E-02
 -8.7411702E-02
 -8.1552215E-02
 -7.8482449E-02
 -7.7272274E-02
 -7.6900013E-02
 -7.6071225E-02
 -7.3147327E-02
 -6.6220522E-02
 -5.3320330E-02
 -3.2710928E-02
 -3.2090717E-03
  3.5541318E-02
  8.2905740E-02
  0.1372544    
  0.1961479    
  0.2567217    
  0.3162410    
  0.3727416    
  0.4256109    
  0.4759450    
  0.5265166    
  0.5812944    
  0.6445550    
  0.7198180    
  0.8088668    
  0.9111571    
   1.023749    
   1.141796    
   1.259415    
   1.370720    
   1.470745    
   1.556109    
   1.625305    
   1.678663    
   1.717978    
   1.745998    
   1.765796    
   1.780205    
   1.791352    
   1.800401    
   1.807498    
   1.811926    
   1.812358    
   1.807209    
   1.794936    
   1.774301    
   1.744508    
   1.705272    
   1.656779    
   1.599602    
   1.534539    
   1.462487    
   1.384311    
   1.300794    
   1.212636    
   1.120526    
   1.025251    
  0.9278049    
  0.8294735    
  0.7318844    
  0.6369917    
  0.5470065    
  0.4642560    
  0.3910066    
  0.3292508    
  0.2805209    
  0.2457610    
  0.2253365    
  0.2191900    
  0.2271347    
  0.2491933    
  0.2858584    
  0.3381293    
  0.4072546    
  0.4941883    
  0.5989068    
  0.7197759    
  0.8531934    
  0.9936076    
   1.133968    
   1.266477    
   1.383505    
   1.478433    
   1.546306    
   1.584182    
   1.591198    
   1.568378    
   1.518300    
   1.444686    
   1.352005    
   1.245070    
   1.128732    
   1.007604    
  0.8858961    
  0.7673094    
  0.6550165    
  0.5516664    
  0.4593889    
  0.3797494    
  0.3136785    
  0.2613860    
  0.2223285    
  0.1952729    
  0.1784828    
  0.1699867    
  0.1678669    
  0.1704751    
  0.1765169    
  0.1849780    
  0.1949400    
  0.2053522    
  0.2148605    
  0.2217498    
  0.2240293    
  0.2196355    
  0.2067079    
  0.1838702    
  0.1504667    
  0.1067055    
  5.3686142E-02
 -6.7130043E-03
 -7.2096407E-02
 -0.1399566    
 -0.2081715    
 -0.2755058    
 -0.3419813    
 -0.4089684    
 -0.4789158    
 -0.5547301    
 -0.6389444    
 -0.7328956    
 -0.8361611    
 -0.9464145    
  -1.059748    
  -1.171334    
  -1.276266    
  -1.370339    
  -1.450644    
  -1.515837    
  -1.566138    
  -1.603077    
  -1.629089    
  -1.647012    
  -1.659614    
  -1.669186    
  -1.677274    
  -1.684539    
  -1.690823    
  -1.695303    
  -1.696769    
  -1.693893    
  -1.685488    
  -1.670679    
  -1.648991    
  -1.620317    
  -1.584844    
  -1.542922    
  -1.494967    
  -1.441372    
  -1.382518    
  -1.318816    
  -1.250800    
  -1.179198    
  -1.104993    
  -1.029419    
 -0.9539227    
 -0.8800793    
 -0.8095098    
 -0.7437917    
 -0.6843873    
 -0.6325654    
 -0.5893483    
 -0.5554705    
 -0.5313965    
 -0.5174000    
 -0.5137265    
 -0.5207808    
 -0.5392751    
 -0.5702266    
 -0.6147577    
 -0.6736872    
 -0.7470190    
 -0.8334591    
 -0.9301414    
  -1.032654    
  -1.135402    
  -1.232205    
  -1.317024    
  -1.384628    
  -1.431114    
  -1.454172    
  -1.453133    
  -1.428823    
  -1.383306    
  -1.319554    
  -1.241135    
  -1.151898    
  -1.055722    
 -0.9562840    
 -0.8569176    
 -0.7605165    
 -0.6695077    
 -0.5858461    
 -0.5110307    
 -0.4460919    
 -0.3915651    
 -0.3474556    
 -0.3132484    
 -0.2879772    
 -0.2703780    
 -0.2590904    
 -0.2528662    
 -0.2507118    
 -0.2519231    
 -0.2559954    
 -0.2624481    
 -0.2706188    
 -0.2795087    
 -0.2877231    
 -0.2935415    
 -0.2950899    
 -0.2905870    
 -0.2785980    
 -0.2582601    
 -0.2294333    
 -0.1927554    
 -0.1495739    
 -0.1017536    
 -5.1353391E-02
 -2.0691678E-04
  5.0519645E-02
  0.1006828    
  0.1513078    
  0.2044363    
  0.2626620    
  0.3284502    
  0.4034116    
  0.4877462    
  0.5799991    
  0.6772072    
  0.7753678    
  0.8701084    
  0.9573656    
   1.033949    
   1.097889    
   1.148557    
   1.186552    
   1.213448    
   1.231417    
   1.242837    
   1.249893    
   1.254280    
   1.257013    
   1.258389    
   1.258062    
   1.255241    
   1.248919    
   1.238112    
   1.222026    
   1.200164    
   1.172338    
   1.138642    
   1.099359    
   1.054902    
   1.005760    
  0.9524904    
  0.8957326    
  0.8362400    
  0.7748960    
  0.7127100    
  0.6507692    
  0.5901870    
  0.5320375    
  0.4773169    
  0.4269149    
  0.3816158    
  0.3420970    
  0.3089258    
  0.2825465    
  0.2632887    
  0.2514080    
  0.2471814    
  0.2510300    
  0.2636223    
  0.2858766    
  0.3188109    
  0.3632250    
  0.4192892    
  0.4861522    
  0.5617086    
  0.6426051    
  0.7245215    
  0.8026468    
  0.8722509    
  0.9292009    
  0.9703490    
  0.9937311    
  0.9985994    
  0.9853103    
  0.9551572    
  0.9101641    
  0.8528879    
  0.7862123    
  0.7131669    
  0.6367447    
  0.5597564    
  0.4847066    
  0.4137329    
  0.3485738    
  0.2905668    
  0.2406410    
  0.1993111    
  0.1666624    
  0.1423612    
  0.1257039    
  0.1157275    
  0.1113592    
  0.1115735    
  0.1155053    
  0.1224837    
  0.1319715    
  0.1434360    
  0.1561974    
  0.1693153    
  0.1815542    
  0.1914480    
  0.1974419    
  0.1980857    
  0.1922263    
  0.1791733    
  0.1588018    
  0.1315887    
  9.8564588E-02
  6.1177995E-02
  2.1063680E-02
 -2.0264728E-02
 -6.1761141E-02
 -0.1031481    
 -0.1450755    
 -0.1890539    
 -0.2371333    
 -0.2913793    
 -0.3532723    
 -0.4232030    
 -0.5002028    
 -0.5819916    
 -0.6653087    
 -0.7464404    
 -0.8217958    
 -0.8884172    
 -0.9443148    
 -0.9886193    
  -1.021543    
  -1.044202    
  -1.058323    
  -1.065918    
  -1.068954    
  -1.069087    
  -1.067463    
  -1.064658    
  -1.060706    
  -1.055237    
  -1.047637    
  -1.037232    
  -1.023425    
  -1.005790    
 -0.9840922    
 -0.9582756    
 -0.9284272    
 -0.8947486    
 -0.8575274    
 -0.8171509    
 -0.7741176    
 -0.7290607    
 -0.6827406    
 -0.6360244    
 -0.5898339    
 -0.5450857    
 -0.5026259    
 -0.4631960    
 -0.4274158    
 -0.3957933    
 -0.3687360    
 -0.3465662    
 -0.3295234    
 -0.3177762    
 -0.3114503    
 -0.3106986    
 -0.3157929    
 -0.3272071    
 -0.3456247    
 -0.3718334    
 -0.4064852    
 -0.4497779    
 -0.5011383    
 -0.5590277    
 -0.6209344    
 -0.6835858    
 -0.7433109    
 -0.7964786    
 -0.8398973    
 -0.8711096    
 -0.8885317    
 -0.8914804    
 -0.8800979    
 -0.8552451    
 -0.8183653    
 -0.7713602    
 -0.7164545    
 -0.6560594    
 -0.5926179    
 -0.5284722    
 -0.4657427    
 -0.4062536    
 -0.3514896    
 -0.3025891    
 -0.2603451    
 -0.2252086    
 -0.1972882    
 -0.1763683    
 -0.1619512    
 -0.1533420    
 -0.1497605    
 -0.1504590    
 -0.1548033    
 -0.1622910    
 -0.1724925    
 -0.1849408    
 -0.1990040    
 -0.2137964    
 -0.2281574    
 -0.2407176    
 -0.2500317    
 -0.2547517    
 -0.2537915    
 -0.2464647    
 -0.2325653    
 -0.2123942    
 -0.1867182    
 -0.1566704    
 -0.1235785    
 -8.8731371E-02
 -5.3105231E-02
 -1.7110383E-02
  1.9570267E-02
  5.7973694E-02
  9.9641785E-02
  0.1462225    
  0.1989805    
  0.2583542    
  0.3236817    
  0.3931820    
  0.4641874    
  0.5335637    
  0.5981933    
  0.6554242    
  0.7033872    
  0.7411606    
  0.7687627    
  0.7870247    
  0.7973663    
  0.8015342    
  0.8013213    
  0.7983312    
  0.7937977    
  0.7884957    
  0.7827284    
  0.7764039    
  0.7691514    
  0.7604653    
  0.7498205    
  0.7367655    
  0.7209631    
  0.7022060    
  0.6803961    
  0.6555371    
  0.6277250    
  0.5971641    
  0.5641775    
  0.5292275    
  0.4929104    
  0.4559323    
  0.4190515    
  0.3830213    
  0.3485282    
  0.3161581    
  0.2863841    
  0.2595851    
  0.2360717    
  0.2161108    
  0.1999344    
  0.1877452    
  0.1797264    
  0.1760768    
  0.1770648    
  0.1830849    
  0.1946694    
  0.2124183    
  0.2368278    
  0.2680514    
  0.3056568    
  0.3484693    
  0.3945581    
  0.4413939    
  0.4861319    
  0.5259551    
  0.5583802    
  0.5814822    
  0.5939988    
  0.5953464    
  0.5855598    
  0.5652177    
  0.5353557    
  0.4973865    
  0.4530057    
  0.4040936    
  0.3525976    
  0.3004173    
  0.2492984    
  0.2007627    
  0.1560644    
  0.1161781    
  8.1792943E-02
  5.3316601E-02
  3.0875811E-02
  1.4329858E-02
  3.3065875E-03
 -2.7285586E-03
 -4.3807086E-03
 -2.2308228E-03
  3.2300719E-03
  1.1612926E-02
  2.2580659E-02
  3.5753381E-02
  5.0601464E-02
  6.6369370E-02
  8.2058750E-02
  9.6484415E-02
  0.1083864    
  0.1165732    
  0.1200617    
  0.1181902    
  0.1106864    
  9.7690992E-02
  7.9734161E-02
  5.7664093E-02
  3.2522272E-02
  5.3672963E-03
 -2.2940917E-02
 -5.1956274E-02
 -8.1800602E-02
 -0.1131923    
 -0.1473075    
 -0.1854808    
 -0.2288102    
 -0.2777716    
 -0.3319560    
 -0.3900108    
 -0.4497898    
 -0.5086766    
 -0.5639843    
 -0.6133423    
 -0.6549832    
 -0.6879096    
 -0.7119200    
 -0.7275354    
 -0.7358317    
 -0.7382384    
 -0.7363133    
 -0.7315393    
 -0.7251472    
 -0.7180139    
 -0.7106201    
 -0.7030873    
 -0.6952521    
 -0.6867793    
 -0.6772640    
 -0.6663193    
 -0.6536178    
 -0.6389181    
 -0.6220609    
 -0.6029722    
 -0.5816619    
 -0.5582427    
 -0.5329474    
 -0.5061437    
 -0.4783207    
 -0.4500615    
 -0.4219856    
 -0.3946913    
 -0.3686958    
 -0.3444088    
 -0.3221301    
 -0.3020769    
 -0.2844187    
 -0.2693131    
 -0.2569220    
 -0.2474176    
 -0.2409789    
 -0.2378069    
 -0.2381516    
 -0.2423484    
 -0.2508256    
 -0.2640559    
 -0.2824323    
 -0.3060881    
 -0.3347043    
 -0.3673814    
 -0.4026225    
 -0.4384532    
 -0.4726417    
 -0.5029731    
 -0.5274944    
 -0.5446941    
 -0.5535791    
 -0.5536808    
 -0.5450077    
 -0.5279884    
 -0.5034047    
 -0.4723426    
 -0.4361283    
 -0.3962593    
 -0.3543091    
 -0.3118328    
 -0.2702740    
 -0.2308982    
 -0.1947472    
 -0.1626274    
 -0.1351075    
 -0.1125244    
 -9.4988808E-02
 -8.2400590E-02
 -7.4477538E-02
 -7.0809402E-02
 -7.0928060E-02
 -7.4382059E-02
 -8.0787055E-02
 -8.9834824E-02
 -0.1012504    
 -0.1147131    
 -0.1297657    
 -0.1457513    
 -0.1617969    
 -0.1768617    
 -0.1898323    
 -0.1996482    
 -0.2054207    
 -0.2065313    
 -0.2026912    
 -0.1939630    
 -0.1807420    
 -0.1637042    
 -0.1437120    
 -0.1216787    
 -9.8395921E-02
 -7.4353829E-02
 -4.9596872E-02
 -2.3670921E-02
  4.2970474E-03
  3.5379637E-02
  7.0534043E-02
  0.1102742    
  0.1544226    
  0.2020183    
  0.2514035    
  0.3004645    
  0.3469512    
  0.3888027    
  0.4244069    
  0.4527634    
  0.4735328    
  0.4869986    
  0.4939562    
  0.4955605    
  0.4931432    
  0.4880388    
  0.4814249    
  0.4742109    
  0.4669736    
  0.4599614    
  0.4531400    
  0.4462792    
  0.4390362    
  0.4310392    
  0.4219389    
  0.4114442    
  0.3993316    
  0.3854564    
  0.3697627    
  0.3523020    
  0.3332451    
  0.3128923    
  0.2916585    
  0.2700404    
  0.2485596    
  0.2277055    
  0.2078846    
  0.1893964    
  0.1724356    
  0.1571237    
  0.1435493    
  0.1318075    
  0.1220181    
  0.1143295    
  0.1089111    
  0.1059526    
  0.1056753    
  0.1083544    
  0.1143265    
  0.1239595    
  0.1375617    
  0.1552450    
  0.1767743    
  0.2014606    
  0.2281402    
  0.2552647    
  0.2810781    
  0.3038374    
  0.3220126    
  0.3344256    
  0.3403102    
  0.3393089    
  0.3314264    
  0.3169808    
  0.2965598    
  0.2709885    
  0.2412906    
  0.2086414    
  0.1742975    
  0.1395186    
  0.1054856    
  7.3239617E-02
  4.3643292E-02
  1.7365307E-02
 -5.1192390E-03
 -2.3521744E-02
 -3.7732840E-02
 -4.7810510E-02
 -5.3956468E-02
 -5.6475561E-02
 -5.5720221E-02
 -5.2033152E-02
 -4.5706805E-02
 -3.6978327E-02
 -2.6065767E-02
 -1.3235526E-02
  1.1221425E-03
  1.6437592E-02
  3.1950299E-02
  4.6749141E-02
  5.9855636E-02
  7.0330434E-02
  7.7377424E-02
  8.0427304E-02
  7.9187199E-02
  7.3658682E-02
  6.4124532E-02
  5.1109016E-02
  3.5307091E-02
  1.7482614E-02
 -1.6655549E-03
 -2.1651305E-02
 -4.2329885E-02
 -6.3961409E-02
 -8.7172024E-02
 -0.1127995    
 -0.1416468    
 -0.1742079    
 -0.2104437    
 -0.2496763    
 -0.2906277    
 -0.3315943    
 -0.3707004    
 -0.4061734    
 -0.4365671    
 -0.4609157    
 -0.4787968    
 -0.4903215    
 -0.4960569    
 -0.4969156    
 -0.4940138    
 -0.4885285    
 -0.4815519    
 -0.4739842    
 -0.4664578    
 -0.4593197    
 -0.4526488    
 -0.4463175    
 -0.4400626    
 -0.4335600    
 -0.4264768    
 -0.4185122    
 -0.4094189    
 -0.3990212    
 -0.3872256    
 -0.3740403    
 -0.3595876    
 -0.3441095    
 -0.3279508    
 -0.3115260    
 -0.2952669    
 -0.2795696    
 -0.2647451    
 -0.2510007    
 -0.2384443    
 -0.2271173    
 -0.2170354    
 -0.2082301    
 -0.2007712    
 -0.1947718    
 -0.1903773    
 -0.1877580    
 -0.1871090    
 -0.1886628    
 -0.1926925    
 -0.1994934    
 -0.2093175    
 -0.2222704    
 -0.2381909    
 -0.2565626    
 -0.2764897    
 -0.2967660    
 -0.3160135    
 -0.3328617    
 -0.3461109    
 -0.3548477    
 -0.3584869    
 -0.3567638    
 -0.3496906    
 -0.3375149    
 -0.3206828    
 -0.2998201    
 -0.2757113    
 -0.2492685    
 -0.2214793    
 -0.1933451    
 -0.1658143    
 -0.1397292    
 -0.1157904    
 -9.4545066E-02
 -7.6386116E-02
 -6.1559219E-02
 -5.0168194E-02
 -4.2184990E-02
 -3.7466608E-02
 -3.5786387E-02
 -3.6877286E-02
 -4.0478636E-02
 -4.6368863E-02
 -5.4370310E-02
 -6.4318612E-02
 -7.6005571E-02
 -8.9113176E-02
 -0.1031660    
 -0.1175184    
 -0.1313878    
 -0.1439259    
 -0.1543110    
 -0.1618373    
 -0.1659869    
 -0.1664727    
 -0.1632539    
 -0.1565250    
 -0.1466860    
 -0.1342907    
 -0.1199708    
 -0.1043319    
 -8.7835930E-02
 -7.0688769E-02
 -5.2772354E-02
 -3.3653643E-02
 -1.2690646E-02
  1.0780041E-02
  3.7218045E-02
  6.6681057E-02
  9.8711938E-02
  0.1323451    
  0.1662290    
  0.1988249    
  0.2286292    
  0.2543698    
  0.2751450    
  0.2904899    
  0.3003833    
  0.3052021    
  0.3056439    
  0.3026205    
  0.2971418    
  0.2901957    
  0.2826433    
  0.2751388    
  0.2680909    
  0.2616642    
  0.2558179    
  0.2503609    
  0.2450179    
  0.2394830    
  0.2334626    
  0.2267005    
  0.2190001    
  0.2102400    
  0.2003932    
  0.1895391    
  0.1778683    
  0.1656676    
  0.1532876    
  0.1410924    
  0.1294078    
  0.1184778    
  0.1084449    
  9.9355906E-02
  9.1193579E-02
  8.3919287E-02
  7.7514715E-02
  7.2006658E-02
  6.7474060E-02
  6.4038359E-02
  6.1851002E-02
  6.1086144E-02
  6.1943837E-02
  6.4652041E-02
  6.9452696E-02
  7.6554529E-02
  8.6054079E-02
  9.7841270E-02
  0.1115253    
  0.1264112    
  0.1415503    
  0.1558522    
  0.1682318    
  0.1777449    
  0.1836824    
  0.1856048    
  0.1833303    
  0.1768925    
  0.1664998    
  0.1525065    
  0.1353981    
  0.1157796    
  9.4356664E-02
  7.1899675E-02
  4.9195673E-02
  2.6994828E-02
  5.9666317E-03
 -1.3328451E-02
 -3.0450089E-02
 -4.5077484E-02
 -5.7003897E-02
 -6.6131622E-02
 -7.2466545E-02
 -7.6105870E-02
 -7.7215716E-02
 -7.5997233E-02
 -7.2649553E-02
 -6.7341417E-02
 -6.0207047E-02
 -5.1370200E-02
 -4.0992580E-02
 -2.9329244E-02
 -1.6772013E-02
 -3.8614634E-03
  8.7394668E-03
  2.0305160E-02
  3.0125326E-02
  3.7581895E-02
  4.2210910E-02
  4.3739293E-02
  4.2097885E-02
  3.7414003E-02
  2.9988855E-02
  2.0258972E-02
  8.7401439E-03
 -4.0505389E-03
 -1.7689427E-02
 -3.1940985E-02
 -4.6824999E-02
 -6.2625885E-02
 -7.9825163E-02
 -9.8960057E-02
 -0.1204419    
 -0.1443833    
 -0.1704891    
 -0.1980387    
 -0.2259689    
 -0.2530264    
 -0.2779510    
 -0.2996397    
 -0.3172710    
 -0.3303712    
 -0.3388338    
 -0.3428920    
 -0.3430679    
 -0.3400959    
 -0.3348322    
 -0.3281520    
 -0.3208558    
 -0.3135881    
 -0.3067907    
 -0.3006866    
 -0.2953020    
 -0.2905101    
 -0.2860864    
 -0.2817578    
 -0.2772460    
 -0.2722963    
 -0.2667019    
 -0.2603213    
 -0.2530987    
 -0.2450764    
 -0.2364011    
 -0.2273085    
 -0.2180939    
 -0.2090652    
 -0.2004943    
 -0.1925750    
 -0.1854042    
 -0.1789875    
 -0.1732692    
 -0.1681728    
 -0.1636427    
 -0.1596710    
 -0.1563072    
 -0.1536487    
 -0.1518280    
 -0.1510002    
 -0.1513422    
 -0.1530492    
 -0.1563264    
 -0.1613531    
 -0.1682233    
 -0.1768693    
 -0.1870001    
 -0.1980770    
 -0.2093519    
 -0.2199551    
 -0.2290176    
 -0.2357852    
 -0.2397003    
 -0.2404300    
 -0.2378526    
 -0.2320188    
 -0.2231129    
 -0.2114236    
 -0.1973339    
 -0.1813144    
 -0.1639137    
 -0.1457323    
 -0.1273870    
 -0.1094686    
 -9.2505783E-02
 -7.6941572E-02
 -6.3125275E-02
 -5.1313944E-02
 -4.1677903E-02
 -3.4304827E-02
 -2.9203815E-02
 -2.6312474E-02
 -2.5513023E-02
 -2.6657689E-02
 -2.9598648E-02
 -3.4211051E-02
 -4.0398154E-02
 -4.8071474E-02
 -5.7110783E-02
 -6.7315638E-02
 -7.8367740E-02
 -8.9817792E-02
 -0.1011063    
 -0.1116129    
 -0.1207236    
 -0.1278963    
 -0.1327150    
 -0.1349213    
 -0.1344275    
 -0.1313091    
 -0.1257891    
 -0.1182087    
 -0.1089869    
 -9.8560818E-02
 -8.7312065E-02
 -7.5487211E-02
 -6.3134976E-02
 -5.0084021E-02
 -3.5984043E-02
 -2.0408552E-02
 -2.9998270E-03
  1.6384512E-02
  3.7566576E-02
  6.0017850E-02
  8.2910910E-02
  0.1052350    
  0.1259420    
  0.1440864    
  0.1589343    
  0.1700257    
  0.1771995    
  0.1805827    
  0.1805581    
  0.1777084    
  0.1727473    
  0.1664372    
  0.1595051    
  0.1525656    
  0.1460683    
  0.1402735    
  0.1352603    
  0.1309569    
  0.1271868    
  0.1237141    
  0.1202845    
  0.1166548    
  0.1126179    
  0.1080224    
  0.1027927    
  9.6941814E-02
  9.0577289E-02
  8.3890244E-02
  7.7127874E-02
  7.0550486E-02
  6.4385928E-02
  5.8790512E-02
  5.3829759E-02
  4.9482059E-02
  4.5665845E-02
  4.2278528E-02
  3.9236534E-02
  3.6503203E-02
  3.4099996E-02
  3.2100748E-02
  3.0617952E-02
  2.9789140E-02
  2.9770344E-02
  3.0732861E-02
  3.2854900E-02
  3.6295786E-02
  4.1149363E-02
  4.7383334E-02
  5.4786146E-02
  6.2944159E-02
  7.1266614E-02
  7.9057202E-02
  8.5615002E-02
  9.0332434E-02
  9.2765868E-02
  9.2661634E-02
  8.9943409E-02
  8.4675066E-02
  7.7023059E-02
  6.7229651E-02
  5.5602677E-02
  4.2512193E-02
  2.8385544E-02
  1.3690986E-02
 -1.0901688E-03
 -1.5496776E-02
 -2.9116765E-02
 -4.1605536E-02
 -5.2691996E-02
 -6.2175095E-02
 -6.9917925E-02
 -7.5843662E-02
 -7.9934075E-02
 -8.2225226E-02
 -8.2797788E-02
 -8.1758045E-02
 -7.9214960E-02
 -7.5260006E-02
 -6.9962434E-02
 -6.3384198E-02
 -5.5613574E-02
 -4.6805691E-02
 -3.7217021E-02
 -2.7217954E-02
 -1.7277233E-02
 -7.9207998E-03
  3.2431824E-04
  6.9873668E-03
  1.1700051E-02
  1.4224799E-02
  1.4464669E-02
  1.2459291E-02
  8.3716204E-03
  2.4669662E-03
 -4.9171997E-03
 -1.3414520E-02
 -2.2687593E-02
 -3.2493427E-02
 -4.2740569E-02
 -5.3516705E-02
 -6.5068968E-02
 -7.7729866E-02
 -9.1803938E-02
 -0.1074444    
 -0.1245583    
 -0.1427663    
 -0.1614325    
 -0.1797494    
 -0.1968553    
 -0.2119503    
 -0.2243895    
 -0.2337421    
 -0.2398190    
 -0.2426699    
 -0.2425652    
 -0.2399576    
 -0.2354329    
 -0.2296420    
 -0.2232309    
 -0.2167693    
 -0.2106986    
 -0.2052976    
 -0.2006827    
 -0.1968264    
 -0.1935959    
 -0.1907916    
 -0.1881860    
 -0.1855529    
 -0.1826928    
 -0.1794520    
 -0.1757415    
 -0.1715514    
 -0.1669578    
 -0.1621135    
 -0.1572250    
 -0.1525138    
 -0.1481749    
 -0.1443383    
 -0.1410500    
 -0.1382737    
 -0.1359144    
 -0.1338539    
 -0.1319890    
 -0.1302603    
 -0.1286650    
 -0.1272534    
 -0.1261175    
 -0.1253759    
 -0.1251665    
 -0.1256398    
 -0.1269528    
 -0.1292492    
 -0.1326231    
 -0.1370697    
 -0.1424399    
 -0.1484180    
 -0.1545380    
 -0.1602401    
 -0.1649543    
 -0.1681854    
 -0.1695762    
 -0.1689304    
 -0.1662032    
 -0.1614669    
 -0.1548758    
 -0.1466388    
 -0.1370092    
 -0.1262829    
 -0.1147967    
 -0.1029165    
 -9.1017596E-02
 -7.9457842E-02
 -6.8555161E-02
 -5.8572423E-02
 -4.9714979E-02
 -4.2135119E-02
 -3.5939198E-02
 -3.1191250E-02
 -2.7914438E-02
 -2.6091555E-02
 -2.5670705E-02
 -2.6577814E-02
 -2.8734867E-02
 -3.2075897E-02
 -3.6552716E-02
 -4.2123388E-02
 -4.8725225E-02
 -5.6239564E-02
 -6.4462118E-02
 -7.3089838E-02
 -8.1732363E-02
 -8.9945711E-02
 -9.7280510E-02
 -0.1033304    
 -0.1077725    
 -0.1103913    
 -0.1110881    
 -0.1098770    
 -0.1068747    
 -0.1022851    
 -9.6378319E-02
 -8.9457594E-02
 -8.1816405E-02
 -7.3684797E-02
 -6.5179288E-02
 -5.6271821E-02
 -4.6796497E-02
 -3.6499903E-02
 -2.5128916E-02
 -1.2532003E-02
  1.2547731E-03
  1.5965058E-02
  3.1114984E-02
  4.6065222E-02
  6.0113348E-02
  7.2589554E-02
  8.2936995E-02
  9.0764128E-02
  9.5871232E-02
  9.8255008E-02
  9.8099105E-02
  9.5749699E-02
  9.1679454E-02
  8.6437188E-02
  8.0587909E-02
  7.4649915E-02
  6.9042258E-02
  6.4049661E-02
  5.9812721E-02
  5.6339454E-02
  5.3534400E-02
  5.1233273E-02
  4.9237333E-02
  4.7341116E-02
  4.5356214E-02
  4.3130603E-02
  4.0566962E-02
  3.7637003E-02
  3.4389284E-02
  3.0943859E-02
  2.7472287E-02
  2.4163669E-02
  2.1185614E-02
  1.8649204E-02
  1.6588725E-02
  1.4961416E-02
  1.3667277E-02
  1.2581552E-02
  1.1590257E-02
  1.0618050E-02
  9.6425889E-03
  8.6939819E-03
  7.8445124E-03
  7.1954019E-03
  6.8669519E-03
  6.9924900E-03
  7.7117118E-03
  9.1553479E-03
  1.1416569E-02
  1.4511161E-02
  1.8338718E-02
  2.2660812E-02
  2.7110834E-02
  3.1238226E-02
  3.4577921E-02
  3.6723107E-02
  3.7381172E-02
  3.6397573E-02
  3.3748012E-02
  2.9508689E-02
  2.3822460E-02
  1.6873231E-02
  8.8743428E-03
  6.6346489E-05
 -9.2833871E-03
 -1.8887497E-02
 -2.8454138E-02
 -3.7707172E-02
 -4.6404656E-02
 -5.4349687E-02
 -6.1391484E-02
 -6.7419164E-02
 -7.2354220E-02
 -7.6145522E-02
 -7.8769259E-02
 -8.0229498E-02
 -8.0556564E-02
 -7.9798989E-02
 -7.8010686E-02
 -7.5237043E-02
 -7.1509950E-02
 -6.6855654E-02
 -6.1316993E-02
 -5.4982461E-02
 -4.8013028E-02
 -4.0654678E-02
 -3.3230718E-02
 -2.6113693E-02
 -1.9685589E-02
 -1.4295319E-02
 -1.0224342E-02
 -7.6652388E-03
 -6.7143138E-03
 -7.3742173E-03
 -9.5625380E-03
 -1.3123296E-02
 -1.7842544E-02
 -2.3471158E-02
 -2.9758146E-02
 -3.6492784E-02
 -4.3547995E-02
 -5.0910860E-02
 -5.8686107E-02
 -6.7062549E-02
 -7.6246895E-02
 -8.6380541E-02
 -9.7465351E-02
 -0.1093191    
 -0.1215774    
 -0.1337376    
 -0.1452311    
 -0.1555018    
 -0.1640740    
 -0.1705981    
 -0.1748773    
 -0.1768732    
 -0.1767040    
 -0.1746293    
 -0.1710268    
 -0.1663525    
 -0.1610935    
 -0.1557123    
 -0.1505985    
 -0.1460313    
 -0.1421650    
 -0.1390340    
 -0.1365754    
 -0.1346571    
 -0.1331085    
 -0.1317466    
 -0.1303983    
 -0.1289175    
 -0.1272035    
 -0.1252148    
 -0.1229787    
 -0.1205872    
 -0.1181819    
 -0.1159237    
 -0.1139585    
 -0.1123828    
 -0.1112243    
 -0.1104391    
 -0.1099286    
 -0.1095672    
 -0.1092357    
 -0.1088479    
 -0.1083665    
 -0.1078033    
 -0.1072125    
 -0.1066782    
 -0.1063050    
 -0.1062102    
 -0.1065187    
 -0.1073498    
 -0.1087956    
 -0.1108871    
 -0.1135619    
 -0.1166432    
 -0.1198446    
 -0.1228036    
 -0.1251393    
 -0.1265141    
 -0.1266857    
 -0.1255289    
 -0.1230315    
 -0.1192692    
 -0.1143741    
 -0.1085098    
 -0.1018588    
 -9.4619691E-02
 -8.7007940E-02
 -7.9250447E-02
 -7.1575023E-02
 -6.4194068E-02
 -5.7290163E-02
 -5.1007338E-02
 -4.5452178E-02
 -4.0700734E-02
 -3.6807258E-02
 -3.3809315E-02
 -3.1728756E-02
 -3.0569373E-02
 -3.0316362E-02
 -3.0940151E-02
 -3.2406010E-02
 -3.4684312E-02
 -3.7756052E-02
 -4.1606862E-02
 -4.6209741E-02
 -5.1500048E-02
 -5.7352681E-02
 -6.3569389E-02
 -6.9884248E-02
 -7.5985648E-02
 -8.1550978E-02
 -8.6281866E-02
 -8.9934811E-02
 -9.2339329E-02
 -9.3405224E-02
 -9.3119167E-02
 -9.1538407E-02
 -8.8781275E-02
 -8.5016690E-02
 -8.0447160E-02
 -7.5284682E-02
 -6.9717519E-02
 -6.3874125E-02
 -5.7793308E-02
 -5.1416028E-02
 -4.4605311E-02
 -3.7195753E-02
 -2.9059771E-02
 -2.0172525E-02
 -1.0653895E-02
 -7.7487528E-04
  9.0726232E-03
  1.8431285E-02
  2.6842598E-02
  3.3904005E-02
  3.9309289E-02
  4.2871427E-02
  4.4531789E-02
  4.4360556E-02
  4.2549100E-02
  3.9394159E-02
  3.5270333E-02
  3.0591482E-02
  2.5764270E-02
  2.1143224E-02
  1.6995035E-02
  1.3480191E-02
  1.0652686E-02
  8.4757591E-03
  6.8460763E-03
  5.6200982E-03
  4.6376181E-03
  3.7417596E-03
  2.7959980E-03
  1.7000452E-03
  4.0383247E-04
 -1.0833106E-03
 -2.6928713E-03
 -4.3098289E-03
 -5.7974160E-03
 -7.0289667E-03
 -7.9184538E-03
 -8.4410207E-03
 -8.6372728E-03
 -8.6007928E-03
 -8.4530143E-03
 -8.3137136E-03
 -8.2751503E-03
 -8.3865738E-03
 -8.6506149E-03
 -9.0293027E-03
 -9.4542382E-03
 -9.8362975E-03
 -1.0072345E-02
 -1.0051196E-02
 -9.6634850E-03
 -8.8197477E-03
 -7.4772160E-03
 -5.6684981E-03
 -3.5212201E-03
 -1.2574637E-03
  8.3169056E-04
  2.4328772E-03
  3.2645047E-03
  3.1219095E-03
  1.9008266E-03
 -4.0449208E-04
 -3.7224337E-03
 -7.9323249E-03
 -1.2888062E-02
 -1.8431515E-02
 -2.4395879E-02
 -3.0605623E-02
 -3.6879066E-02
 -4.3037321E-02
 -4.8916753E-02
 -5.4381009E-02
 -5.9326984E-02
 -6.3683562E-02
 -6.7403108E-02
 -7.0452459E-02
 -7.2806485E-02
 -7.4447446E-02
 -7.5366996E-02
 -7.5569265E-02
 -7.5069271E-02
 -7.3887415E-02
 -7.2040722E-02
 -6.9538534E-02
 -6.6385992E-02
 -6.2598348E-02
 -5.8220953E-02
 -5.3350206E-02
 -4.8144698E-02
 -4.2822693E-02
 -3.7643414E-02
 -3.2879017E-02
 -2.8783245E-02
 -2.5565645E-02
 -2.3375086E-02
 -2.2294397E-02
 -2.2342514E-02
 -2.3480682E-02
 -2.5619371E-02
 -2.8626317E-02
 -3.2337811E-02
 -3.6576696E-02
 -4.1177761E-02
 -4.6018060E-02
 -5.1043119E-02
 -5.6279469E-02
 -6.1823189E-02
 -6.7804426E-02
 -7.4334316E-02
 -8.1450701E-02
 -8.9078538E-02
 -9.7018927E-02
 -0.1049680    
 -0.1125606    
 -0.1194213    
 -0.1252126    
 -0.1296692    
 -0.1326202    
 -0.1339964    
 -0.1338339    
 -0.1322704    
 -0.1295368    
 -0.1259369    
 -0.1218181    
 -0.1175328    
 -0.1133992    
 -0.1096662    
 -0.1064940    
 -0.1039494    
 -0.1020171    
 -0.1006183    
 -9.9634156E-02
 -9.8926231E-02
 -9.8355353E-02
 -9.7795837E-02
 -9.7150765E-02
 -9.6364461E-02
 -9.5432863E-02
 -9.4404273E-02
 -9.3370855E-02
 -9.2447743E-02
 -9.1745637E-02
 -9.1341816E-02
 -9.1260567E-02
 -9.1466628E-02
 -9.1874920E-02
 -9.2371128E-02
 -9.2838854E-02
 -9.3183294E-02
 -9.3347676E-02
 -9.3317233E-02
 -9.3116038E-02
 -9.2797801E-02
 -9.2437878E-02
 -9.2125647E-02
 -9.1959827E-02
 -9.2040010E-02
 -9.2452668E-02
 -9.3248203E-02
 -9.4416969E-02
 -9.5870204E-02
 -9.7438149E-02
 -9.8887801E-02
 -9.9961512E-02
 -0.1004227    
 -0.1000969    
 -9.8894469E-02
 -9.6811600E-02
 -9.3913138E-02
 -9.0308189E-02
 -8.6126834E-02
 -8.1507318E-02
 -7.6591372E-02
 -7.1524478E-02
 -6.6453271E-02
 -6.1519660E-02
 -5.6850154E-02
 -5.2546430E-02
 -4.8679799E-02
 -4.5294248E-02
 -4.2414423E-02
 -4.0055897E-02
 -3.8231831E-02
 -3.6955215E-02
 -3.6235902E-02
 -3.6077194E-02
 -3.6474388E-02
 -3.7418421E-02
 -3.8901571E-02
 -4.0922027E-02
 -4.3481205E-02
 -4.6573360E-02
 -5.0167918E-02
 -5.4192331E-02
 -5.8520582E-02
 -6.2974766E-02
 -6.7339294E-02
 -7.1385525E-02
 -7.4897870E-02
 -7.7697054E-02
 -7.9653658E-02
 -8.0693655E-02
 -8.0795355E-02
 -7.9984553E-02
 -7.8328416E-02
 -7.5930320E-02
 -7.2921388E-02
 -6.9448419E-02
 -6.5653883E-02
 -6.1652001E-02
 -5.7504606E-02
 -5.3208143E-02
 -4.8697866E-02
 -4.3873496E-02
 -3.8640052E-02
 -3.2953992E-02
 -2.6858648E-02
 -2.0498371E-02
 -1.4106517E-02
 -7.9734586E-03
 -2.4047389E-03
  2.3188330E-03
  5.9710671E-03
  8.3983494E-03
  9.5283147E-03
  9.3733352E-03
  8.0303447E-03
  5.6762113E-03
  2.5550430E-03
 -1.0443287E-03
 -4.8195384E-03
 -8.4895929E-03
 -1.1826174E-02
 -1.4674609E-02
 -1.6960515E-02
 -1.8683348E-02
 -1.9900778E-02
 -2.0709638E-02
 -2.1227352E-02
 -2.1576226E-02
 -2.1869695E-02
 -2.2199672E-02
 -2.2624096E-02
 -2.3157498E-02
 -2.3767648E-02
 -2.4381917E-02
 -2.4903761E-02
 -2.5237134E-02
 -2.5312001E-02
 -2.5104029E-02
 -2.4641929E-02
 -2.4001252E-02
 -2.3286572E-02
 -2.2608172E-02
 -2.2059655E-02
 -2.1702763E-02
 -2.1561282E-02
 -2.1623278E-02
 -2.1847857E-02
 -2.2172948E-02
 -2.2521423E-02
 -2.2806188E-02
 -2.2936733E-02
 -2.2831194E-02
 -2.2434408E-02
 -2.1739338E-02
 -2.0804046E-02
 -1.9756570E-02
 -1.8781690E-02
 -1.8090921E-02
 -1.7883269E-02
 -1.8309074E-02
 -1.9447515E-02
 -2.1303285E-02
 -2.3819556E-02
 -2.6899656E-02
 -3.0427715E-02
 -3.4282304E-02
 -3.8341474E-02
 -4.2483598E-02
 -4.6588466E-02
 -5.0542660E-02
 -5.4247536E-02
 -5.7627704E-02
 -6.0634948E-02
 -6.3245945E-02
 -6.5453455E-02
 -6.7256413E-02
 -6.8651877E-02
 -6.9632761E-02
 -7.0189402E-02
 -7.0314310E-02
 -7.0004560E-02
 -6.9261238E-02
 -6.8084590E-02
 -6.6471122E-02
 -6.4414397E-02
 -6.1913688E-02
 -5.8987647E-02
 -5.5690069E-02
 -5.2119900E-02
 -4.8421759E-02
 -4.4773910E-02
 -4.1368444E-02
 -3.8387887E-02
 -3.5985626E-02
 -3.4273036E-02
 -3.3315655E-02
 -3.3135150E-02
 -3.3714622E-02
 -3.5003271E-02
 -3.6920846E-02
 -3.9362639E-02
 -4.2208489E-02
 -4.5337003E-02
 -4.8645221E-02
 -5.2068915E-02
 -5.5596586E-02
 -5.9269067E-02
 -6.3162476E-02
 -6.7356095E-02
 -7.1894966E-02
 -7.6757535E-02
 -8.1840955E-02
 -8.6966813E-02
 -9.1905735E-02
 -9.6410178E-02
 -0.1002482    
 -0.1032281    
 -0.1052155    
 -0.1061390    
 -0.1059957    
 -0.1048515    
 -0.1028408    
 -0.1001574    
 -9.7039111E-02
 -9.3742289E-02
 -9.0512633E-02
 -8.7555878E-02
 -8.5018054E-02
 -8.2976624E-02
 -8.1444249E-02
 -8.0380201E-02
 -7.9707019E-02
 -7.9326048E-02
 -7.9131693E-02
 -7.9022638E-02
 -7.8913711E-02
 -7.8746580E-02
 -7.8499667E-02
 -7.8191787E-02
 -7.7879183E-02
 -7.7641778E-02
 -7.7563040E-02
 -7.7706240E-02
 -7.8096442E-02
 -7.8711450E-02
 -7.9486251E-02
 -8.0326818E-02
 -8.1131183E-02
 -8.1808917E-02
 -8.2296617E-02
 -8.2563780E-02
 -8.2612649E-02
 -8.2472578E-02
 -8.2194090E-02
 -8.1842497E-02
 -8.1494182E-02
 -8.1230409E-02
 -8.1128217E-02
 -8.1244580E-02
 -8.1598856E-02
 -8.2156487E-02
 -8.2823388E-02
 -8.3453991E-02
 -8.3875410E-02
 -8.3919756E-02
 -8.3457015E-02
 -8.2415618E-02
 -8.0788597E-02
 -7.8623615E-02
 -7.6005347E-02
 -7.3035844E-02
 -6.9822125E-02
 -6.6469736E-02
 -6.3082106E-02
 -5.9758764E-02
 -5.6591839E-02
 -5.3658884E-02
 -5.1016193E-02
 -4.8694763E-02
 -4.6703331E-02
 -4.5035984E-02
 -4.3682776E-02
 -4.2637568E-02
 -4.1902006E-02
 -4.1483659E-02
 -4.1392114E-02
 -4.1634854E-02
 -4.2217027E-02
 -4.3143548E-02
 -4.4422265E-02
 -4.6063017E-02
 -4.8071623E-02
 -5.0438087E-02
 -5.3123821E-02
 -5.6051571E-02
 -5.9104718E-02
 -6.2135916E-02
 -6.4984523E-02
 -6.7495897E-02
 -6.9539294E-02
 -7.1018837E-02
 -7.1877673E-02
 -7.2095118E-02
 -7.1682513E-02
 -7.0678301E-02
 -6.9145240E-02
 -6.7166291E-02
 -6.4839259E-02
 -6.2266082E-02
 -5.9537809E-02
 -5.6716830E-02
 -5.3824216E-02
 -5.0836604E-02
 -4.7697686E-02
 -4.4342123E-02
 -4.0726740E-02
 -3.6858123E-02
 -3.2808151E-02
 -2.8711846E-02
 -2.4750017E-02
 -2.1122245E-02
 -1.8019507E-02
 -1.5602394E-02
 -1.3987771E-02
 -1.3241981E-02
 -1.3377480E-02
 -1.4350573E-02
 -1.6061034E-02
 -1.8356165E-02
 -2.1042256E-02
 -2.3903957E-02
 -2.6729269E-02
 -2.9334744E-02
 -3.1585090E-02
 -3.3402633E-02
 -3.4766689E-02
 -3.5704158E-02
 -3.6276396E-02
 -3.6565173E-02
 -3.6660906E-02
 -3.6652338E-02
 -3.6617056E-02
 -3.6611464E-02
 -3.6662187E-02
 -3.6760740E-02
 -3.6865223E-02
 -3.6910072E-02
 -3.6823619E-02
 -3.6548361E-02
 -3.6058754E-02
 -3.5370242E-02
 -3.4537807E-02
 -3.3644199E-02
 -3.2782592E-02
 -3.2038096E-02
 -3.1474050E-02
 -3.1124918E-02
 -3.0996082E-02
 -3.1067545E-02
 -3.1299591E-02
 -3.1637415E-02
 -3.2015186E-02
 -3.2360405E-02
 -3.2601930E-02
 -3.2682378E-02
 -3.2574099E-02
 -3.2293275E-02
 -3.1907264E-02
 -3.1529345E-02
 -3.1300601E-02
 -3.1362161E-02
 -3.1827305E-02
 -3.2760955E-02
 -3.4173045E-02
 -3.6024611E-02
 -3.8243216E-02
 -4.0739443E-02
 -4.3419696E-02
 -4.6191942E-02
 -4.8967801E-02
 -5.1663399E-02
 -5.4203030E-02
 -5.6524456E-02
 -5.8585536E-02
 -6.0366999E-02
 -6.1870791E-02
 -6.3111834E-02
 -6.4108573E-02
 -6.4874105E-02
 -6.5412305E-02
 -6.5718032E-02
 -6.5781593E-02
 -6.5592654E-02
 -6.5142415E-02
 -6.4421952E-02
 -6.3420586E-02
 -6.2125821E-02
 -6.0528435E-02
 -5.8631390E-02
 -5.6461643E-02
 -5.4078549E-02
 -5.1576067E-02
 -4.9075276E-02
 -4.6710726E-02
 -4.4612970E-02
 -4.2893402E-02
 -4.1633826E-02
 -4.0883582E-02
 -4.0661287E-02
 -4.0959578E-02
 -4.1748755E-02
 -4.2979967E-02
 -4.4587221E-02
 -4.6491418E-02
 -4.8607469E-02
 -5.0856609E-02
 -5.3180303E-02
 -5.5552650E-02
 -5.7984423E-02
 -6.0516533E-02
 -6.3201696E-02
 -6.6079885E-02
 -6.9153927E-02
 -7.2375037E-02
 -7.5641528E-02
 -7.8811973E-02
 -8.1725806E-02
 -8.4226564E-02
 -8.6180054E-02
 -8.7486468E-02
 -8.8085487E-02
 -8.7959789E-02
 -8.7136768E-02
 -8.5690834E-02
 -8.3740868E-02
 -8.1443422E-02
 -7.8977473E-02
 -7.6524578E-02
 -7.4245997E-02
 -7.2265379E-02
 -7.0657872E-02
 -6.9449738E-02
 -6.8624549E-02
 -6.8134665E-02
 -6.7912638E-02
 -6.7882165E-02
 -6.7966066E-02
 -6.8094976E-02
 -6.8215430E-02
 -6.8298370E-02
 -6.8344086E-02
 -6.8382896E-02
 -6.8467513E-02
 -6.8659298E-02
 -6.9009915E-02
 -6.9545388E-02
 -7.0256077E-02
 -7.1097016E-02
 -7.1996264E-02
 -7.2870262E-02
 -7.3639885E-02
 -7.4243896E-02
 -7.4645340E-02
 -7.4833363E-02
 -7.4819908E-02
 -7.4635856E-02
 -7.4326120E-02
 -7.3947087E-02
 -7.3562406E-02
 -7.3237315E-02
 -7.3027469E-02
 -7.2966143E-02
 -7.3050618E-02
 -7.3235184E-02
 -7.3432706E-02
 -7.3529132E-02
 -7.3405713E-02
 -7.2964132E-02
 -7.2144605E-02
 -7.0934542E-02
 -6.9364227E-02
 -6.7495063E-02
 -6.5404229E-02
 -6.3173592E-02
 -6.0883135E-02
 -5.8609139E-02
 -5.6422569E-02
 -5.4386873E-02
 -5.2552648E-02
 -5.0952472E-02
 -4.9597345E-02
 -4.8478778E-02
 -4.7575526E-02
 -4.6863344E-02
 -4.6323296E-02
 -4.5947023E-02
 -4.5736551E-02
 -4.5701012E-02
 -4.5851815E-02
 -4.6200328E-02
 -4.6757694E-02
 -4.7536571E-02
 -4.8550829E-02
 -4.9812336E-02
 -5.1323056E-02
 -5.3065658E-02
 -5.4995079E-02
 -5.7036418E-02
 -5.9089970E-02
 -6.1043423E-02
 -6.2786251E-02
 -6.4223841E-02
 -6.5286152E-02
 -6.5931156E-02
 -6.6142336E-02
 -6.5924972E-02
 -6.5301970E-02
 -6.4311914E-02
 -6.3006960E-02
 -6.1451077E-02
 -5.9714425E-02
 -5.7864767E-02
 -5.5955078E-02
 -5.4013412E-02
 -5.2037340E-02
 -4.9998000E-02
 -4.7852974E-02
 -4.5566689E-02
 -4.3130439E-02
 -4.0576518E-02
 -3.7980575E-02
 -3.5453130E-02
 -3.3122580E-02
 -3.1116763E-02
 -2.9546857E-02
 -2.8497687E-02
 -2.8022645E-02
 -2.8141489E-02
 -2.8837953E-02
 -3.0057883E-02
 -3.1709056E-02
 -3.3666011E-02
 -3.5780810E-02
 -3.7899788E-02
 -3.9882213E-02
 -4.1617215E-02
 -4.3033540E-02
 -4.4102099E-02
 -4.4830915E-02
 -4.5256585E-02
 -4.5433801E-02
 -4.5426805E-02
 -4.5301709E-02
 -4.5120105E-02
 -4.4931393E-02
 -4.4765752E-02
 -4.4628486E-02
 -4.4498902E-02
 -4.4334888E-02
 -4.4084735E-02
 -4.3702211E-02
 -4.3161776E-02
 -4.2467799E-02
 -4.1656516E-02
 -4.0789109E-02
 -3.9939467E-02
 -3.9179545E-02
 -3.8567748E-02
 -3.8141668E-02
 -3.7916474E-02
 -3.7886407E-02
 -3.8028616E-02
 -3.8306456E-02
 -3.8672369E-02
 -3.9070591E-02
 -3.9442565E-02
 -3.9735198E-02
 -3.9912563E-02
 -3.9967276E-02
 -3.9928552E-02
 -3.9861713E-02
 -3.9858289E-02
 -4.0017307E-02
 -4.0424507E-02
 -4.1134641E-02
 -4.2163145E-02
 -4.3487415E-02
 -4.5056731E-02
 -4.6804696E-02
 -4.8660260E-02
 -5.0553646E-02
 -5.2419137E-02
 -5.4195907E-02
 -5.5830564E-02
 -5.7280958E-02
 -5.8521520E-02
 -5.9546139E-02
 -6.0367234E-02
 -6.1009418E-02
 -6.1500933E-02
 -6.1864711E-02
 -6.2113401E-02
 -6.2247872E-02
 -6.2260609E-02
 -6.2139835E-02
 -6.1873104E-02
 -6.1447598E-02
 -6.0849782E-02
 -6.0064841E-02
 -5.9079684E-02
 -5.7888430E-02
 -5.6501240E-02
 -5.4951288E-02
 -5.3297985E-02
 -5.1622715E-02
 -5.0019473E-02
 -4.8581641E-02
 -4.7390070E-02
 -4.6504479E-02
 -4.5960914E-02
 -4.5773249E-02
 -4.5937534E-02
 -4.6435304E-02
 -4.7236200E-02
 -4.8298668E-02
 -4.9571581E-02
 -5.0997179E-02
 -5.2518297E-02
 -5.4087467E-02
 -5.5676755E-02
 -5.7282783E-02
 -5.8925655E-02
 -6.0638852E-02
 -6.2453892E-02
 -6.4382575E-02
 -6.6404797E-02
 -6.8464413E-02
 -7.0475712E-02
 -7.2335862E-02
 -7.3940955E-02
 -7.5198911E-02
 -7.6038636E-02
 -7.6413430E-02
 -7.6303333E-02
 -7.5716659E-02
 -7.4692719E-02
 -7.3302150E-02
 -7.1645014E-02
 -6.9842480E-02
 -6.8024062E-02
 -6.6311002E-02
 -6.4801864E-02
 -6.3562505E-02
 -6.2623397E-02
 -6.1982300E-02
 -6.1611880E-02
 -6.1467912E-02
 -6.1497241E-02
 -6.1643451E-02
 -6.1852861E-02
 -6.2080290E-02
 -6.2295940E-02
 -6.2490255E-02
 -6.2676571E-02
 -6.2887587E-02
 -6.3166887E-02
 -6.3555226E-02
 -6.4077608E-02
 -6.4733572E-02
 -6.5494999E-02
 -6.6310257E-02
 -6.7115106E-02
 -6.7844667E-02
 -6.8444736E-02
 -6.8877965E-02
 -6.9126695E-02
 -6.9191404E-02
 -6.9088601E-02
 -6.8847351E-02
 -6.8507485E-02
 -6.8116993E-02
 -6.7728348E-02
 -6.7390881E-02
 -6.7141645E-02
 -6.6994667E-02
 -6.6933833E-02
 -6.6910975E-02
 -6.6853732E-02
 -6.6679701E-02
 -6.6314906E-02
 -6.5709047E-02
 -6.4844757E-02
 -6.3737445E-02
 -6.2428456E-02
 -6.0973812E-02
 -5.9435006E-02
 -5.7872530E-02
 -5.6343552E-02
 -5.4900236E-02
 -5.3588301E-02
 -5.2443124E-02
 -5.1485609E-02
 -5.0718691E-02
 -5.0128400E-02
 -4.9688578E-02
 -4.9369276E-02
 -4.9144626E-02
 -4.8998941E-02
 -4.8928149E-02
 -4.8937898E-02
 -4.9039107E-02
 -4.9244802E-02
 -4.9568340E-02
 -5.0024014E-02
 -5.0626706E-02
 -5.1390480E-02
 -5.2323449E-02
 -5.3421188E-02
 -5.4659661E-02
 -5.5992562E-02
 -5.7353448E-02
 -5.8664251E-02
 -5.9845775E-02
 -6.0829084E-02
 -6.1562713E-02
 -6.2016048E-02
 -6.2177252E-02
 -6.2049933E-02
 -6.1649092E-02
 -6.0999461E-02
 -6.0133975E-02
 -5.9093773E-02
 -5.7925720E-02
 -5.6677904E-02
 -5.5391621E-02
 -5.4093786E-02
 -5.2791066E-02
 -5.1470358E-02
 -5.0105151E-02
 -4.8668280E-02
 -4.7146123E-02
 -4.5550268E-02
 -4.3921512E-02
 -4.2326499E-02
 -4.0847182E-02
 -3.9568335E-02
 -3.8565718E-02
 -3.7898999E-02
 -3.7608068E-02
 -3.7711974E-02
 -3.8207188E-02
 -3.9065938E-02
 -4.0234275E-02
 -4.1633308E-02
 -4.3164257E-02
 -4.4719104E-02
 -4.6193786E-02
 -4.7501646E-02
 -4.8582301E-02
 -4.9405631E-02
 -4.9969550E-02
 -5.0294515E-02
 -5.0415784E-02
 -5.0377365E-02
 -5.0226606E-02
 -5.0009932E-02
 -4.9767576E-02
 -4.9528416E-02
 -4.9304552E-02
 -4.9088903E-02
 -4.8856344E-02
 -4.8570938E-02
 -4.8196655E-02
 -4.7709651E-02
 -4.7106903E-02
 -4.6409942E-02
 -4.5661464E-02
 -4.4917151E-02
 -4.4234511E-02
 -4.3663438E-02
 -4.3239634E-02
 -4.2982325E-02
 -4.2894457E-02
 -4.2965181E-02
 -4.3171745E-02
 -4.3481540E-02
 -4.3853533E-02
 -4.4241663E-02
 -4.4600327E-02
 -4.4892922E-02
 -4.5100670E-02
 -4.5230232E-02
 -4.5315679E-02
 -4.5413971E-02
 -4.5592967E-02
 -4.5916479E-02
 -4.6430059E-02
 -4.7152516E-02
 -4.8074123E-02
 -4.9162265E-02
 -5.0369974E-02
 -5.1644862E-02
 -5.2934486E-02
 -5.4189421E-02
 -5.5364300E-02
 -5.6419890E-02
 -5.7325691E-02
 -5.8064360E-02
 -5.8634367E-02
 -5.9050292E-02
 -5.9338082E-02
 -5.9528302E-02
 -5.9648063E-02
 -5.9715535E-02
 -5.9737217E-02
 -5.9709847E-02
 -5.9623595E-02
 -5.9466075E-02
 -5.9223671E-02
 -5.8882196E-02
 -5.8426607E-02
 -5.7842758E-02
 -5.7120610E-02
 -5.6260671E-02
 -5.5279411E-02
 -5.4212965E-02
 -5.3114921E-02
 -5.2050330E-02
 -5.1085949E-02
 -5.0280917E-02
 -4.9679201E-02
 -4.9307238E-02
 -4.9174823E-02
 -4.9278911E-02
 -4.9606647E-02
 -5.0137974E-02
 -5.0846118E-02
 -5.1698215E-02
 -5.2655976E-02
 -5.3679626E-02
 -5.4733422E-02
 -5.5792850E-02
 -5.6849200E-02
 -5.7910781E-02
 -5.8998115E-02
 -6.0134631E-02
 -6.1334193E-02
 -6.2591538E-02
 -6.3877158E-02
 -6.5139912E-02
 -6.6314302E-02
 -6.7331493E-02
 -6.8128787E-02
 -6.8656646E-02
 -6.8880916E-02
 -6.8784468E-02
 -6.8367608E-02
 -6.7650221E-02
 -6.6672966E-02
 -6.5497927E-02
 -6.4204782E-02
 -6.2883310E-02
 -6.1621733E-02
 -6.0495883E-02
 -5.9560098E-02
 -5.8843624E-02
 -5.8351178E-02
 -5.8067959E-02
 -5.7965595E-02
 -5.8008064E-02
 -5.8155637E-02
 -5.8368888E-02
 -5.8612216E-02
 -5.8858909E-02
 -5.9095163E-02
 -5.9323620E-02
 -5.9562672E-02
 -5.9841853E-02
 -6.0192298E-02
 -6.0636748E-02
 -6.1180588E-02
 -6.1808355E-02
 -6.2484991E-02
 -6.3163057E-02
 -6.3791655E-02
 -6.4325720E-02
 -6.4731412E-02
 -6.4989232E-02
 -6.5093473E-02
 -6.5051042E-02
 -6.4879060E-02
 -6.4604051E-02
 -6.4260326E-02
 -6.3888177E-02
 -6.3528627E-02
 -6.3217133E-02
 -6.2975019E-02
 -6.2803119E-02
 -6.2678188E-02
 -6.2556326E-02
 -6.2381841E-02
 -6.2100228E-02
 -6.1670184E-02
 -6.1072439E-02
 -6.0311742E-02
 -5.9413631E-02
 -5.8416661E-02
 -5.7365298E-02
 -5.6304432E-02
 -5.5276878E-02
 -5.4321654E-02
 -5.3473022E-02
 -5.2757364E-02
 -5.2190006E-02
 -5.1771730E-02
 -5.1488835E-02
 -5.1316168E-02
 -5.1223904E-02
 -5.1184263E-02
 -5.1177740E-02
 -5.1195581E-02
 -5.1239248E-02
 -5.1316835E-02
 -5.1440038E-02
 -5.1621791E-02
 -5.1875956E-02
 -5.2216914E-02
 -5.2658956E-02
 -5.3212941E-02
 -5.3881772E-02
 -5.4654606E-02
 -5.5504035E-02
 -5.6386657E-02
 -5.7248622E-02
 -5.8033295E-02
 -5.8690250E-02
 -5.9181429E-02
 -5.9484404E-02
 -5.9590805E-02
 -5.9503652E-02
 -5.9233762E-02
 -5.8797993E-02
 -5.8217879E-02
 -5.7520140E-02
 -5.6735754E-02
 -5.5897910E-02
 -5.5036839E-02
 -5.4174691E-02
 -5.3320702E-02
 -5.2470084E-02
 -5.1606674E-02
 -5.0710794E-02
 -4.9768712E-02
 -4.8781808E-02
 -4.7770757E-02
 -4.6774872E-02
 -4.5846049E-02
 -4.5040328E-02
 -4.4409174E-02
 -4.3994114E-02
 -4.3823861E-02
 -4.3913923E-02
 -4.4265632E-02
 -4.4865176E-02
 -4.5681674E-02
 -4.6666678E-02
 -4.7755938E-02
 -4.8875686E-02
 -4.9951274E-02
 -5.0917327E-02
 -5.1725246E-02
 -5.2347582E-02
 -5.2777555E-02
 -5.3025812E-02
 -5.3114709E-02
 -5.3073909E-02
 -5.2936371E-02
 -5.2735757E-02
 -5.2502837E-02
 -5.2262235E-02
 -5.2028056E-02
 -5.1801074E-02
 -5.1567953E-02
 -5.1305123E-02
 -5.0985672E-02
 -5.0588794E-02
 -5.0107192E-02
 -4.9551655E-02
 -4.8950162E-02
 -4.8342947E-02
 -4.7774088E-02
 -4.7284272E-02
 -4.6904780E-02
 -4.6655189E-02
 -4.6542775E-02
 -4.6564091E-02
 -4.6706207E-02
 -4.6948057E-02
 -4.7260832E-02
 -4.7610141E-02
 -4.7959227E-02
 -4.8275031E-02
 -4.8534755E-02
 -4.8732590E-02
 -4.8882928E-02
 -4.9019065E-02
 -4.9185984E-02
 -4.9430240E-02
 -4.9788743E-02
 -5.0281167E-02
 -5.0906420E-02
 -5.1645406E-02
 -5.2466493E-02
 -5.3332418E-02
 -5.4204643E-02
 -5.5046577E-02
 -5.5824317E-02
 -5.6508422E-02
 -5.7075538E-02
 -5.7512112E-02
 -5.7817008E-02
 -5.8002748E-02
 -5.8092356E-02
 -5.8114547E-02
 -5.8096614E-02
 -5.8059167E-02
 -5.8012486E-02
 -5.7957184E-02
 -5.7886541E-02
 -5.7790149E-02
 -5.7655662E-02
 -5.7470150E-02
 -5.7219833E-02
 -5.6891199E-02
 -5.6472670E-02
 -5.5959266E-02
 -5.5356968E-02
 -5.4686394E-02
 -5.3981971E-02
 -5.3288501E-02
 -5.2653808E-02
 -5.2121449E-02
 -5.1724117E-02
 -5.1481415E-02
 -5.1400103E-02
 -5.1477313E-02
 -5.1703323E-02
 -5.2064132E-02
 -5.2541912E-02
 -5.3115275E-02
 -5.3758919E-02
 -5.4445650E-02
 -5.5149611E-02
 -5.5851389E-02
 -5.6541529E-02
 -5.7222694E-02
 -5.7907421E-02
 -5.8612652E-02
 -5.9351224E-02
 -6.0124721E-02
 -6.0918670E-02
 -6.1703183E-02
 -6.2436897E-02
 -6.3074492E-02
 -6.3573442E-02
 -6.3899398E-02
 -6.4028062E-02
 -6.3945942E-02
 -6.3650526E-02
 -6.3151501E-02
 -6.2471945E-02
 -6.1649781E-02
 -6.0736336E-02
 -5.9792377E-02
 -5.8880415E-02
 -5.8056664E-02
 -5.7363834E-02
 -5.6827407E-02
 -5.6454938E-02
 -5.6239288E-02
 -5.6162622E-02
 -5.6200970E-02
 -5.6326915E-02
 -5.6512304E-02
 -5.6730356E-02
 -5.6959089E-02
 -5.7184339E-02
 -5.7403196E-02
 -5.7624649E-02
 -5.7867695E-02
 -5.8154989E-02
 -5.8505673E-02
 -5.8927853E-02
 -5.9414763E-02
 -5.9944093E-02
 -6.0482480E-02
 -6.0991675E-02
 -6.1435886E-02
 -6.1786283E-02
 -6.2024057E-02
 -6.2140632E-02
 -6.2137134E-02
 -6.2022682E-02
 -6.1814096E-02
 -6.1534937E-02
 -6.1214782E-02
 -6.0885806E-02
 -6.0578562E-02
 -6.0315765E-02
 -6.0106855E-02
 -5.9943881E-02
 -5.9802473E-02
 -5.9646469E-02
 -5.9436895E-02
 -5.9140753E-02
 -5.8738906E-02
 -5.8229174E-02
 -5.7625573E-02
 -5.6953289E-02
 -5.6243557E-02
 -5.5528939E-02
 -5.4841109E-02
 -5.4209065E-02
 -5.3658526E-02
 -5.3209860E-02
 -5.2875496E-02
 -5.2656747E-02
 -5.2543100E-02
 -5.2513659E-02
 -5.2542001E-02
 -5.2601676E-02
 -5.2671995E-02
 -5.2741148E-02
 -5.2806895E-02
 -5.2874126E-02
 -5.2952170E-02
 -5.3052258E-02
 -5.3186744E-02
 -5.3368308E-02
 -5.3609915E-02
 -5.3922832E-02
 -5.4313641E-02
 -5.4779667E-02
 -5.5306222E-02
 -5.5865940E-02
 -5.6422185E-02
 -5.6934454E-02
 -5.7365365E-02
 -5.7686199E-02
 -5.7880014E-02
 -5.7940912E-02
 -5.7871878E-02
 -5.7681482E-02
 -5.7382025E-02
 -5.6988146E-02
 -5.6517374E-02
 -5.5989992E-02
 -5.5428524E-02
 -5.4854494E-02
 -5.4285090E-02
 -5.3729217E-02
 -5.3186066E-02
 -5.2645661E-02
 -5.2093714E-02
 -5.1517963E-02
 -5.0915118E-02
 -5.0294545E-02
 -4.9679130E-02
 -4.9101591E-02
 -4.8599072E-02
 -4.8206475E-02
 -4.7952540E-02
 -4.7857460E-02
 -4.7932927E-02
 -4.8181675E-02
 -4.8597224E-02
 -4.9162205E-02
 -4.9847450E-02
 -5.0611883E-02
 -5.1405996E-02
 -5.2177358E-02
 -5.2878048E-02
 -5.3470474E-02
 -5.3931665E-02
 -5.4253519E-02
 -5.4441046E-02
 -5.4508198E-02
 -5.4474633E-02
 -5.4362722E-02
 -5.4196101E-02
 -5.3997416E-02
 -5.3786349E-02
 -5.3576328E-02
 -5.3372093E-02
 -5.3167712E-02
 -5.2948486E-02
 -5.2695066E-02
 -5.2390344E-02
 -5.2025408E-02
 -5.1604241E-02
 -5.1144101E-02
 -5.0672866E-02
 -5.0223112E-02
 -4.9826451E-02
 -4.9508739E-02
 -4.9287781E-02
 -4.9172409E-02
 -4.9163580E-02
 -4.9254920E-02
 -4.9433660E-02
 -4.9680442E-02
 -4.9970549E-02
 -5.0275691E-02
 -5.0568234E-02
 -5.0825883E-02
 -5.1037282E-02
 -5.1205255E-02
 -5.1347502E-02
 -5.1492471E-02
 -5.1672865E-02
 -5.1917460E-02
 -5.2244719E-02
 -5.2658785E-02
 -5.3150203E-02
 -5.3699005E-02
 -5.4279711E-02
 -5.4864675E-02
 -5.5427011E-02
 -5.5941492E-02
 -5.6385893E-02
 -5.6742072E-02
 -5.6998890E-02
 -5.7154369E-02
 -5.7217486E-02
 -5.7206403E-02
 -5.7145305E-02
 -5.7058852E-02
 -5.6967556E-02
 -5.6883801E-02
 -5.6811549E-02
 -5.6747444E-02
 -5.6683779E-02
 -5.6610264E-02
 -5.6515723E-02
 -5.6388140E-02
 -5.6215551E-02
 -5.5986751E-02
 -5.5694509E-02
 -5.5338740E-02
 -5.4929860E-02
 -5.4489043E-02
 -5.4046340E-02
 -5.3635716E-02
 -5.3289395E-02
 -5.3032350E-02
 -5.2879732E-02
 -5.2836597E-02
 -5.2900385E-02
 -5.3063195E-02
 -5.3314399E-02
 -5.3641379E-02
 -5.4029878E-02
 -5.4463197E-02
 -5.4923113E-02
 -5.5391498E-02
 -5.5853810E-02
 -5.6301594E-02
 -5.6734797E-02
 -5.7160970E-02
 -5.7592388E-02
 -5.8040131E-02
 -5.8508921E-02
 -5.8992859E-02
 -5.9475012E-02
 -5.9929281E-02
 -6.0325593E-02
 -6.0634762E-02
 -6.0832966E-02
 -6.0903050E-02
 -6.0835272E-02
 -6.0626704E-02
 -6.0282033E-02
 -5.9814103E-02
 -5.9245523E-02
 -5.8608640E-02
 -5.7943869E-02
 -5.7294618E-02
 -5.6701869E-02
 -5.6198176E-02
 -5.5804547E-02
 -5.5528857E-02
 -5.5367906E-02
 -5.5310376E-02
 -5.5340379E-02
 -5.5439290E-02
 -5.5587728E-02
 -5.5766489E-02
 -5.5958655E-02
 -5.6151547E-02
 -5.6339692E-02
 -5.6526113E-02
 -5.6722283E-02
 -5.6944113E-02
 -5.7207078E-02
 -5.7520103E-02
 -5.7881881E-02
 -5.8279049E-02
 -5.8688857E-02
 -5.9083343E-02
 -5.9435058E-02
 -5.9720691E-02
 -5.9923988E-02
 -6.0035892E-02
 -6.0054537E-02
 -5.9983831E-02
 -5.9833538E-02
 -5.9618928E-02
 -5.9360743E-02
 -5.9083153E-02
 -5.8811136E-02
 -5.8565676E-02
 -5.8359642E-02
 -5.8193620E-02
 -5.8055568E-02
 -5.7923038E-02
 -5.7769109E-02
 -5.7568531E-02
 -5.7304222E-02
 -5.6970444E-02
 -5.6573488E-02
 -5.6128617E-02
 -5.5656679E-02
 -5.5180497E-02
 -5.4722995E-02
 -5.4305565E-02
 -5.3947687E-02
 -5.3665280E-02
 -5.3468909E-02
 -5.3360868E-02
 -5.3334147E-02
 -5.3372871E-02
 -5.3455543E-02
 -5.3559106E-02
 -5.3664126E-02
 -5.3757627E-02
 -5.3834852E-02
 -5.3897507E-02
 -5.3952064E-02
 -5.4007318E-02
 -5.4073550E-02
 -5.4161467E-02
 -5.4282337E-02
 -5.4446727E-02
 -5.4662623E-02
 -5.4931790E-02
 -5.5247497E-02
 -5.5593260E-02
 -5.5944752E-02
 -5.6273270E-02
 -5.6551304E-02
 -5.6756865E-02
 -5.6876808E-02
 -5.6906428E-02
 -5.6848168E-02
 -5.6708910E-02
 -5.6498140E-02
 -5.6226458E-02
 -5.5905916E-02
 -5.5550069E-02
 -5.5174142E-02
 -5.4793008E-02
 -5.4419260E-02
 -5.4060277E-02
 -5.3716838E-02
 -5.3382803E-02
 -5.3047996E-02
 -5.2702196E-02
 -5.2340258E-02
 -5.1965244E-02
 -5.1589806E-02
 -5.1234283E-02
 -5.0923329E-02
 -5.0680913E-02
 -5.0527271E-02
 -5.0476756E-02
 -5.0537933E-02
 -5.0713360E-02
 -5.0999947E-02
 -5.1387824E-02
 -5.1859643E-02
 -5.2389611E-02
 -5.2945264E-02
 -5.3490557E-02
 -5.3991079E-02
 -5.4418456E-02
 -5.4754108E-02
 -5.4990172E-02
 -5.5128671E-02
 -5.5178441E-02
 -5.5152770E-02
 -5.5066835E-02
 -5.4936934E-02
 -5.4778975E-02
 -5.4607619E-02
 -5.4434158E-02
 -5.4264642E-02
 -5.4097652E-02
 -5.3924877E-02
 -5.3733099E-02
 -5.3508963E-02
 -5.3243488E-02
 -5.2936383E-02
 -5.2597333E-02
 -5.2244943E-02
 -5.1902663E-02
 -5.1594555E-02
 -5.1341187E-02
 -5.1157709E-02
 -5.1052690E-02
 -5.1028896E-02
 -5.1083803E-02
 -5.1210273E-02
 -5.1396023E-02
 -5.1624205E-02
 -5.1874109E-02
 -5.2123964E-02
 -5.2354075E-02
 -5.2551311E-02
 -5.2712243E-02
 -5.2844744E-02
 -5.2965831E-02
 -5.3097874E-02
 -5.3262573E-02
 -5.3475942E-02
 -5.3744432E-02
 -5.4064579E-02
 -5.4424580E-02
 -5.4807730E-02
 -5.5194952E-02
 -5.5567164E-02
 -5.5906035E-02
 -5.6195002E-02
 -5.6419861E-02
 -5.6571025E-02
 -5.6645419E-02
 -5.6648500E-02
 -5.6593508E-02
 -5.6499600E-02
 -5.6387614E-02
 -5.6276280E-02
 -5.6178313E-02
 -5.6099512E-02
 -5.6039106E-02
 -5.5992115E-02
 -5.5950698E-02
 -5.5905968E-02
 -5.5848181E-02
 -5.5767324E-02
 -5.5653345E-02
 -5.5498298E-02
 -5.5298727E-02
 -5.5058729E-02
 -5.4790504E-02
 -5.4513890E-02
 -5.4252781E-02
 -5.4031145E-02
 -5.3868063E-02
 -5.3775441E-02
 -5.3757299E-02
 -5.3811628E-02
 -5.3932078E-02
 -5.4110434E-02
 -5.4337449E-02
 -5.4603316E-02
 -5.4896653E-02
 -5.5205084E-02
 -5.5515945E-02
 -5.5818647E-02
 -5.6106444E-02
 -5.6378484E-02
 -5.6639493E-02
 -5.6898456E-02
 -5.7164460E-02
 -5.7443034E-02
 -5.7732817E-02
 -5.8024760E-02
 -5.8302671E-02
 -5.8546748E-02
 -5.8736961E-02
 -5.8856584E-02
 -5.8893263E-02
 -5.8839768E-02
 -5.8693476E-02
 -5.8456637E-02
 -5.8136482E-02
 -5.7746600E-02
 -5.7307243E-02
 -5.6844879E-02
 -5.6389071E-02
 -5.5968869E-02
 -5.5608492E-02
 -5.5324521E-02
 -5.5124190E-02
 -5.5006593E-02
 -5.4964561E-02
 -5.4987442E-02
 -5.5062499E-02
 -5.5176359E-02
 -5.5315536E-02
 -5.5467661E-02
 -5.5622485E-02
 -5.5774171E-02
 -5.5922627E-02
 -5.6074172E-02
 -5.6239396E-02
 -5.6429982E-02
 -5.6654245E-02
 -5.6913923E-02
 -5.7201903E-02
 -5.7503443E-02
 -5.7798821E-02
 -5.8067542E-02
 -5.8291305E-02
 -5.8456458E-02
 -5.8554571E-02
 -5.8582585E-02
 -5.8541603E-02
 -5.8436990E-02
 -5.8278270E-02
 -5.8079459E-02
 -5.7857811E-02
 -5.7632405E-02
 -5.7420995E-02
 -5.7236698E-02
 -5.7084467E-02
 -5.6960054E-02
 -5.6850512E-02
 -5.6737937E-02
 -5.6603607E-02
 -5.6433011E-02
 -5.6218948E-02
 -5.5963006E-02
 -5.5673759E-02
 -5.5364724E-02
 -5.5051487E-02
 -5.4750290E-02
 -5.4476470E-02
 -5.4244321E-02
 -5.4066032E-02
 -5.3950578E-02
 -5.3901147E-02
 -5.3914048E-02
 -5.3978253E-02
 -5.4077428E-02
 -5.4192640E-02
 -5.4306593E-02
 -5.4406524E-02
 -5.4486185E-02
 -5.4545064E-02
 -5.4587197E-02
 -5.4619160E-02
 -5.4649055E-02
 -5.4685373E-02
 -5.4737251E-02
 -5.4813739E-02
 -5.4922767E-02
 -5.5068433E-02
 -5.5249121E-02
 -5.5455755E-02
 -5.5672776E-02
 -5.5880066E-02
 -5.6057181E-02
 -5.6187060E-02
 -5.6259066E-02
 -5.6269225E-02
 -5.6219488E-02
 -5.6115407E-02
 -5.5964548E-02
 -5.5774808E-02
 -5.5554625E-02
 -5.5313122E-02
 -5.5060633E-02
 -5.4807484E-02
 -5.4562926E-02
 -5.4332789E-02
 -5.4118421E-02
 -5.3915855E-02
 -5.3717565E-02
 -5.3515118E-02
 -5.3302970E-02
 -5.3080827E-02
 -5.2855402E-02
 -5.2639224E-02
 -5.2448656E-02
 -5.2300185E-02
 -5.2208066E-02
 -5.2182544E-02
 -5.2229911E-02
 -5.2352350E-02
 -5.2548535E-02
 -5.2812945E-02
 -5.3135294E-02
 -5.3499471E-02
 -5.3884275E-02
 -5.4265153E-02
 -5.4617804E-02
 -5.4921325E-02
 -5.5161398E-02
 -5.5331182E-02
 -5.5431217E-02
 -5.5467125E-02
 -5.5447754E-02
 -5.5383451E-02
 -5.5285372E-02
 -5.5164486E-02
 -5.5031504E-02
 -5.4895323E-02
 -5.4761846E-02
 -5.4631907E-02
 -5.4501127E-02
 -5.4360759E-02
 -5.4200858E-02
 -5.4013412E-02
 -5.3796101E-02
 -5.3553712E-02
 -5.3298183E-02
 -5.3045757E-02
 -5.2814104E-02
 -5.2619059E-02
 -5.2472938E-02
 -5.2383412E-02
 -5.2354008E-02
 -5.2384406E-02
 -5.2470982E-02
 -5.2606251E-02
 -5.2779008E-02
 -5.2974612E-02
 -5.3176690E-02
 -5.3369161E-02
 -5.3539634E-02
 -5.3681966E-02
 -5.3798206E-02
 -5.3897645E-02
 -5.3994745E-02
 -5.4105144E-02
 -5.4241981E-02
 -5.4412335E-02
 -5.4616440E-02
 -5.4848086E-02
 -5.5096902E-02
 -5.5349972E-02
 -5.5593919E-02
 -5.5815566E-02
 -5.6002852E-02
 -5.6144919E-02
 -5.6233883E-02
 -5.6266159E-02
 -5.6244433E-02
 -5.6177445E-02
 -5.6079239E-02
 -5.5966329E-02
 -5.5854738E-02
 -5.5756509E-02
 -5.5678494E-02
 -5.5621948E-02
 -5.5584121E-02
 -5.5559348E-02
 -5.5540711E-02
 -5.5520453E-02
 -5.5490561E-02
 -5.5442687E-02
 -5.5369485E-02
 -5.5266168E-02
 -5.5133056E-02
 -5.4976325E-02
 -5.4808307E-02
 -5.4645415E-02
 -5.4505300E-02
 -5.4402769E-02
 -5.4347701E-02
 -5.4343801E-02
 -5.4389752E-02
 -5.4480433E-02
 -5.4609265E-02
 -5.4769009E-02
 -5.4952599E-02
 -5.5152267E-02
 -5.5359699E-02
 -5.5566162E-02
 -5.5764098E-02
 -5.5948179E-02
 -5.6117099E-02
 -5.6273799E-02
 -5.6424905E-02
 -5.6577791E-02
 -5.6738198E-02
 -5.6907292E-02
 -5.7080742E-02
 -5.7248622E-02
 -5.7397731E-02
 -5.7514090E-02
 -5.7585787E-02
 -5.7603903E-02
 -5.7563197E-02
 -5.7461631E-02
 -5.7300307E-02
 -5.7083189E-02
 -5.6818254E-02
 -5.6517929E-02
 -5.6199413E-02
 -5.5882663E-02
 -5.5588253E-02
 -5.5333968E-02
 -5.5132627E-02
 -5.4990280E-02
 -5.4906916E-02
 -5.4877736E-02
 -5.4895438E-02
 -5.4951262E-02
 -5.5036206E-02
 -5.5141043E-02
 -5.5257119E-02
 -5.5376556E-02
 -5.5493902E-02
 -5.5607468E-02
 -5.5720378E-02
 -5.5839416E-02
 -5.5973269E-02
 -5.6129225E-02
 -5.6310453E-02
 -5.6513716E-02
 -5.6729734E-02
 -5.6944828E-02
 -5.7144064E-02
 -5.7313461E-02
 -5.7442274E-02
 -5.7523366E-02
 -5.7553478E-02
 -5.7532143E-02
 -5.7461888E-02
 -5.7348192E-02
 -5.7200104E-02
 -5.7029571E-02
 -5.6850802E-02
 -5.6678016E-02
 -5.6523085E-02
 -5.6392502E-02
 -5.6286167E-02
 -5.6197237E-02
 -5.6114346E-02
 -5.6024190E-02
 -5.5915352E-02
 -5.5780798E-02
 -5.5619515E-02
 -5.5435576E-02
 -5.5237103E-02
 -5.5034269E-02
 -5.4838248E-02
 -5.4659873E-02
 -5.4509651E-02
 -5.4396868E-02
 -5.4328937E-02
 -5.4309350E-02
 -5.4336656E-02
 -5.4403652E-02
