  0.0000000E+00
  0.0000000E+00
  0.0000000E+00
  0.0000000E+00
  0.0000000E+00
  0.0000000E+00
  0.0000000E+00
  0.0000000E+00
  0.0000000E+00
  0.0000000E+00
  0.0000000E+00
  0.0000000E+00
  0.0000000E+00
  0.0000000E+00
  0.0000000E+00
  0.0000000E+00
  0.0000000E+00
  0.0000000E+00
  0.0000000E+00
  0.0000000E+00
  0.0000000E+00
  0.0000000E+00
  0.0000000E+00
  0.0000000E+00
  0.0000000E+00
  0.0000000E+00
  0.0000000E+00
  0.0000000E+00
  0.0000000E+00
  0.0000000E+00
  0.0000000E+00
  0.0000000E+00
  0.0000000E+00
  0.0000000E+00
  0.0000000E+00
  0.0000000E+00
  0.0000000E+00
  0.0000000E+00
  0.0000000E+00
  0.0000000E+00
  0.0000000E+00
  0.0000000E+00
  0.0000000E+00
  0.0000000E+00
  0.0000000E+00
  0.0000000E+00
  0.0000000E+00
  0.0000000E+00
  0.0000000E+00
  0.0000000E+00
  0.0000000E+00
  0.0000000E+00
  0.0000000E+00
  0.0000000E+00
  0.0000000E+00
  0.0000000E+00
  0.0000000E+00
  0.0000000E+00
  0.0000000E+00
  0.0000000E+00
  0.0000000E+00
  0.0000000E+00
  0.0000000E+00
  0.0000000E+00
  0.0000000E+00
  0.0000000E+00
  0.0000000E+00
  0.0000000E+00
  0.0000000E+00
  0.0000000E+00
  0.0000000E+00
  0.0000000E+00
  0.0000000E+00
  0.0000000E+00
  0.0000000E+00
  0.0000000E+00
  0.0000000E+00
  0.0000000E+00
  0.0000000E+00
  0.0000000E+00
  0.0000000E+00
  0.0000000E+00
  0.0000000E+00
  0.0000000E+00
  0.0000000E+00
  0.0000000E+00
  0.0000000E+00
  0.0000000E+00
  0.0000000E+00
  0.0000000E+00
  0.0000000E+00
  0.0000000E+00
  0.0000000E+00
  0.0000000E+00
  0.0000000E+00
  0.0000000E+00
  0.0000000E+00
  0.0000000E+00
  0.0000000E+00
  0.0000000E+00
  0.0000000E+00
  0.0000000E+00
  0.0000000E+00
  0.0000000E+00
  0.0000000E+00
  0.0000000E+00
  0.0000000E+00
  0.0000000E+00
  0.0000000E+00
  0.0000000E+00
  0.0000000E+00
  0.0000000E+00
  0.0000000E+00
  0.0000000E+00
  0.0000000E+00
  0.0000000E+00
  0.0000000E+00
  0.0000000E+00
  0.0000000E+00
  0.0000000E+00
  0.0000000E+00
  0.0000000E+00
  0.0000000E+00
  0.0000000E+00
  0.0000000E+00
  0.0000000E+00
  0.0000000E+00
  0.0000000E+00
  0.0000000E+00
  0.0000000E+00
  0.0000000E+00
  0.0000000E+00
  0.0000000E+00
  0.0000000E+00
  0.0000000E+00
  0.0000000E+00
  0.0000000E+00
  0.0000000E+00
  0.0000000E+00
  0.0000000E+00
  0.0000000E+00
  0.0000000E+00
  0.0000000E+00
  0.0000000E+00
  0.0000000E+00
  0.0000000E+00
  0.0000000E+00
  0.0000000E+00
  0.0000000E+00
  0.0000000E+00
  0.0000000E+00
  0.0000000E+00
  0.0000000E+00
  0.0000000E+00
  0.0000000E+00
  0.0000000E+00
  0.0000000E+00
  0.0000000E+00
  0.0000000E+00
  0.0000000E+00
  0.0000000E+00
  0.0000000E+00
  0.0000000E+00
  0.0000000E+00
  0.0000000E+00
  0.0000000E+00
  0.0000000E+00
  0.0000000E+00
  0.0000000E+00
  0.0000000E+00
  0.0000000E+00
  0.0000000E+00
  0.0000000E+00
  0.0000000E+00
  0.0000000E+00
  0.0000000E+00
  0.0000000E+00
  0.0000000E+00
  0.0000000E+00
  0.0000000E+00
  0.0000000E+00
  0.0000000E+00
  0.0000000E+00
  0.0000000E+00
  0.0000000E+00
  0.0000000E+00
  0.0000000E+00
  0.0000000E+00
  0.0000000E+00
  0.0000000E+00
  0.0000000E+00
  0.0000000E+00
  0.0000000E+00
  0.0000000E+00
  0.0000000E+00
  0.0000000E+00
  0.0000000E+00
  0.0000000E+00
  0.0000000E+00
  0.0000000E+00
  0.0000000E+00
  0.0000000E+00
  0.0000000E+00
  0.0000000E+00
  0.0000000E+00
  0.0000000E+00
  0.0000000E+00
  0.0000000E+00
  0.0000000E+00
  0.0000000E+00
  0.0000000E+00
  0.0000000E+00
  0.0000000E+00
  0.0000000E+00
  0.0000000E+00
  0.0000000E+00
  0.0000000E+00
  0.0000000E+00
  0.0000000E+00
  0.0000000E+00
  0.0000000E+00
  0.0000000E+00
  0.0000000E+00
  0.0000000E+00
  0.0000000E+00
  0.0000000E+00
  0.0000000E+00
  0.0000000E+00
  0.0000000E+00
  6.7302078E-13
  4.4171191E-08
  1.3192695E-07
  2.6038964E-07
  4.1875188E-07
  5.7456867E-07
  5.5934191E-07
  2.0661888E-07
 -7.8134775E-07
 -2.8682928E-06
 -6.6863104E-06
 -1.2942561E-05
 -2.2401822E-05
 -3.5693967E-05
 -5.3158863E-05
 -7.4726988E-05
 -9.9873803E-05
 -1.2766149E-04
 -1.5686054E-04
 -1.8611802E-04
 -2.1413570E-04
 -2.3981382E-04
 -2.6234385E-04
 -2.8123704E-04
 -2.9630211E-04
 -3.0758162E-04
 -3.1527891E-04
 -3.1968570E-04
 -3.2113222E-04
 -3.1995508E-04
 -3.1649071E-04
 -3.1107894E-04
 -3.0407327E-04
 -2.9584081E-04
 -2.8675742E-04
 -2.7718858E-04
 -2.6746711E-04
 -2.5786596E-04
 -2.4858181E-04
 -2.3972700E-04
 -2.3133657E-04
 -2.2338096E-04
 -2.1579005E-04
 -2.0847416E-04
 -2.0134554E-04
 -1.9432970E-04
 -1.8737481E-04
 -1.8045241E-04
 -1.7355644E-04
 -1.6669596E-04
 -1.5989058E-04
 -1.5316287E-04
 -1.4653418E-04
 -1.4001927E-04
 -1.3362597E-04
 -1.2735528E-04
 -1.2120476E-04
 -1.1517055E-04
 -1.0925157E-04
 -1.0345039E-04
 -9.7774486E-05
 -9.2234244E-05
 -8.6842912E-05
 -8.1615472E-05
 -7.6569544E-05
 -7.1724884E-05
 -6.7104200E-05
 -6.2731713E-05
 -5.8631460E-05
 -5.4823784E-05
 -5.1322771E-05
 -4.8133759E-05
 -4.5252684E-05
 -4.2665881E-05
 -4.0352174E-05
 -3.8284961E-05
 -3.6435544E-05
 -3.4775974E-05
 -3.3282977E-05
 -3.1941057E-05
 -3.0745276E-05
 -2.9701214E-05
 -2.8822264E-05
 -2.8122799E-05
 -2.7609009E-05
 -2.7269080E-05
 -2.7067075E-05
 -2.6942502E-05
 -2.6817352E-05
 -2.6608366E-05
 -2.6242011E-05
 -2.5667094E-05
 -2.4862253E-05
 -2.3836094E-05
 -2.2621696E-05
 -2.1267204E-05
 -1.9826181E-05
 -1.8349490E-05
 -1.6880889E-05
 -1.5455333E-05
 -1.4099572E-05
 -1.2832713E-05
 -1.1665957E-05
 -1.0600092E-05
 -9.6214062E-06
 -8.6970213E-06
 -7.7723253E-06
 -6.7723786E-06
 -5.6088015E-06
 -4.1914400E-06
 -2.4427345E-06
 -3.1145305E-07
  2.2167908E-06
  5.1135407E-06
  8.3057530E-06
  1.1677704E-05
  1.5076497E-05
  1.8321532E-05
  2.1219208E-05
  2.3582375E-05
  2.5252477E-05
  2.6119522E-05
  2.6136011E-05
  2.5320875E-05
  2.3753370E-05
  2.1558606E-05
  1.8889446E-05
  1.5908428E-05
  1.2773086E-05
  9.6254953E-06
  6.5864929E-06
  3.7528514E-06
  1.1964402E-06
 -1.0354811E-06
 -2.9190517E-06
 -4.4516869E-06
 -5.6487165E-06
 -6.5384334E-06
 -7.1549825E-06
 -7.5275429E-06
 -7.6637070E-06
 -7.5253142E-06
 -6.9988232E-06
 -5.8671226E-06
 -3.7952530E-06
 -3.4357254E-07
  4.9824134E-06
  1.2647996E-05
  2.2987146E-05
  3.6107020E-05
  5.1826104E-05
  6.9662688E-05
  8.8877779E-05
  1.0855882E-04
  1.2772546E-04
  1.4543433E-04
  1.6086857E-04
  1.7339972E-04
  1.8262374E-04
  1.8837063E-04
  1.9069308E-04
  1.8983443E-04
  1.8618557E-04
  1.8023104E-04
  1.7249536E-04
  1.6349072E-04
  1.5367880E-04
  1.4344596E-04
  1.3309722E-04
  1.2286215E-04
  1.1291370E-04
  1.0338704E-04
  9.4395422E-05
  8.6034619E-05
  7.8378922E-05
  7.1468472E-05
  6.5296794E-05
  5.9802096E-05
  5.4869790E-05
  5.0343358E-05
  4.6042518E-05
  4.1781746E-05
  3.7387119E-05
  3.2707358E-05
  2.7621083E-05
  2.2040431E-05
  1.5914537E-05
  9.2320324E-06
  2.0231066E-06
 -5.6403528E-06
 -1.3646990E-05
 -2.1851920E-05
 -3.0086885E-05
 -3.8176029E-05
 -4.5960980E-05
 -5.3339598E-05
 -6.0320741E-05
 -6.7087545E-05
 -7.4053794E-05
 -8.1885373E-05
 -9.1461152E-05
 -1.0375710E-04
 -1.1966734E-04
 -1.3979785E-04
 -1.6429159E-04
 -1.9273211E-04
 -2.2416127E-04
 -2.5720277E-04
 -2.9026362E-04
 -3.2175463E-04
 -3.5028954E-04
 -3.7481982E-04
 -3.9469963E-04
 -4.0967358E-04
 -4.1981888E-04
 -4.2545501E-04
 -4.2705151E-04
 -4.2514020E-04
 -4.2025759E-04
 -4.1290643E-04
 -4.0354507E-04
 -3.9258451E-04
 -3.8040048E-04
 -3.6733955E-04
 -3.5372513E-04
 -3.3985064E-04
 -3.2597504E-04
 -3.1231134E-04
 -2.9902186E-04
 -2.8621295E-04
 -2.7394071E-04
 -2.6221827E-04
 -2.5102959E-04
 -2.4033854E-04
 -2.3010168E-04
 -2.2027323E-04
 -2.1081006E-04
 -2.0167055E-04
 -1.9281699E-04
 -1.8421702E-04
 -1.7584924E-04
 -1.6770641E-04
 -1.5980132E-04
 -1.5216653E-04
 -1.4485136E-04
 -1.3791004E-04
 -1.3138584E-04
 -1.2528720E-04
 -1.1956185E-04
 -1.1407065E-04
 -1.0857539E-04
 -1.0274474E-04
 -9.6188429E-05
 -8.8513407E-05
 -7.9395286E-05
 -6.8643996E-05
 -5.6248449E-05
 -4.2386248E-05
 -2.7400587E-05
 -1.1750372E-05
  4.0502782E-06
  1.9488578E-05
  3.4094846E-05
  4.7466641E-05
  5.9277787E-05
  6.9277878E-05
  7.7289835E-05
  8.3209539E-05
  8.7009772E-05
  8.8743742E-05
  8.8546985E-05
  8.6631677E-05
  8.3273189E-05
  7.8787882E-05
  7.3509116E-05
  6.7762987E-05
  6.1849329E-05
  5.6027482E-05
  5.0507813E-05
  4.5445398E-05
  4.0935844E-05
  3.7012021E-05
  3.3645771E-05
  3.0755244E-05
  2.8220402E-05
  2.5904275E-05
  2.3676987E-05
  2.1436243E-05
  1.9119885E-05
  1.6707705E-05
  1.4214434E-05
  1.1677515E-05
  9.1456559E-06
  6.6724747E-06
  4.3172695E-06
  2.1506337E-06
  2.6025955E-07
 -1.2486944E-06
 -2.2621550E-06
 -2.6749372E-06
 -2.4143314E-06
 -1.4640977E-06
  1.1633183E-07
  2.1812991E-06
  4.4994508E-06
  6.7664355E-06
  8.6302343E-06
  9.7281527E-06
  9.7318043E-06
  8.3931100E-06
  5.5824125E-06
  1.3102677E-06
 -4.2722108E-06
 -1.0893852E-05
 -1.8199164E-05
 -2.5790916E-05
 -3.3271714E-05
 -4.0277730E-05
 -4.6502737E-05
 -5.1712035E-05
 -5.5748405E-05
 -5.8530743E-05
 -6.0048671E-05
 -6.0352766E-05
 -5.9542839E-05
 -5.7753128E-05
 -5.5137843E-05
 -5.1856874E-05
 -4.8064350E-05
 -4.3899949E-05
 -3.9486025E-05
 -3.4928780E-05
 -3.0323687E-05
 -2.5762094E-05
 -2.1337431E-05
 -1.7146958E-05
 -1.3287849E-05
 -9.8467262E-06
 -6.8855911E-06
 -4.4273334E-06
 -2.4461792E-06
 -8.6677557E-07
  4.2611995E-07
  1.5691203E-06
  2.6967805E-06
  3.9190923E-06
  5.3051335E-06
  6.8763870E-06
  8.6104546E-06
  1.0452909E-05
  1.2333340E-05
  1.4180319E-05
  1.5930584E-05
  1.7528861E-05
  1.8918377E-05
  2.0025343E-05
  2.0744803E-05
  2.0935895E-05
  2.0434001E-05
  1.9080782E-05
  1.6766375E-05
  1.3471147E-05
  9.2934124E-06
  4.4516064E-06
 -7.4190524E-07
 -5.9294357E-06
 -1.0766106E-05
 -1.4972981E-05
 -1.8373268E-05
 -2.0905520E-05
 -2.2614871E-05
 -2.3627674E-05
 -2.4117835E-05
 -2.4271734E-05
 -2.4258223E-05
 -2.4206520E-05
 -2.4193887E-05
 -2.4242305E-05
 -2.4324161E-05
 -2.4374602E-05
 -2.4309315E-05
 -2.4044140E-05
 -2.3514247E-05
 -2.2688586E-05
 -2.1577309E-05
 -2.0229598E-05
 -1.8723011E-05
 -1.7145543E-05
 -1.5574800E-05
 -1.4057834E-05
 -1.2596538E-05
 -1.1141043E-05
 -9.5933956E-06
 -7.8211087E-06
 -5.6793970E-06
 -3.0377066E-06
  1.9456493E-07
  4.0491382E-06
  8.4912399E-06
  1.3425233E-05
  1.8711702E-05
  2.4190744E-05
  2.9705323E-05
  3.5118857E-05
  4.0324532E-05
  4.5245451E-05
  4.9829938E-05
  5.4045668E-05
  5.7877827E-05
  6.1332088E-05
  6.4443208E-05
  6.7283807E-05
  6.9969246E-05
  7.2651019E-05
  7.5498850E-05
  7.8671219E-05
  8.2282422E-05
  8.6372223E-05
  9.0888469E-05
  9.5685427E-05
  1.0054007E-04
  1.0517955E-04
  1.0931649E-04
  1.1268249E-04
  1.1505611E-04
  1.1627874E-04
  1.1626246E-04
  1.1498714E-04
  1.1249462E-04
  1.0887844E-04
  1.0427640E-04
  9.8862358E-05
  9.2839247E-05
  8.6428074E-05
  7.9856385E-05
  7.3342650E-05
  6.7081637E-05
  6.1230909E-05
  5.5903751E-05
  5.1166553E-05
  4.7041853E-05
  4.3513002E-05
  4.0530904E-05
  3.8019862E-05
  3.5884597E-05
  3.4017932E-05
  3.2311418E-05
  3.0666852E-05
  2.9008092E-05
  2.7289496E-05
  2.5500622E-05
  2.3664985E-05
  2.1834472E-05
  2.0079946E-05
  1.8480650E-05
  1.7113311E-05
  1.6042850E-05
  1.5315485E-05
  1.4956378E-05
  1.4972565E-05
  1.5362255E-05
  1.6128752E-05
  1.7296152E-05
  1.8920984E-05
  2.1094724E-05
  2.3932740E-05
  2.7550455E-05
  3.2030581E-05
  3.7390226E-05
  4.3555672E-05
  5.0353348E-05
  5.7519403E-05
  6.4728105E-05
  7.1631883E-05
  7.7907003E-05
  8.3294450E-05
  8.7629684E-05
  9.0853639E-05
  9.3006471E-05
  9.4204399E-05
  9.4607778E-05
  9.4385388E-05
  9.3685921E-05
  9.2618764E-05
  9.1248796E-05
  8.9600697E-05
  8.7672677E-05
  8.5452339E-05
  8.2932929E-05
  8.0124708E-05
  7.7063967E-05
  7.3816074E-05
  7.0475202E-05
  6.7157664E-05
  6.3992142E-05
  6.1104583E-05
  5.8602112E-05
  5.6556542E-05
  5.4993423E-05
  5.3886739E-05
  5.3161995E-05
  5.2704960E-05
  5.2376123E-05
  5.2026393E-05
  5.1513234E-05
  5.0713319E-05
  4.9532828E-05
  4.7912898E-05
  4.5831915E-05
  4.3303455E-05
  4.0372379E-05
  3.7108239E-05
  3.3597240E-05
  2.9931733E-05
  2.6198772E-05
  2.2466904E-05
  1.8774050E-05
  1.5118365E-05
  1.1456495E-05
  7.7110017E-06
  3.7878417E-06
 -3.9955557E-07
 -4.9048012E-06
 -9.7290822E-06
 -1.4813209E-05
 -2.0043197E-05
 -2.5267949E-05
 -3.0324110E-05
 -3.5062123E-05
 -3.9367336E-05
 -4.3173379E-05
 -4.6465691E-05
 -4.9276859E-05
 -5.1674182E-05
 -5.3743926E-05
 -5.5573772E-05
 -5.7237728E-05
 -5.8784190E-05
 -6.0231043E-05
 -6.1566207E-05
 -6.2754843E-05
 -6.3748623E-05
 -6.4497319E-05
 -6.4958018E-05
 -6.5102024E-05
 -6.4916640E-05
 -6.4404885E-05
 -6.3581821E-05
 -6.2471110E-05
 -6.1100749E-05
 -5.9501624E-05
 -5.7707093E-05
 -5.5754816E-05
 -5.3687789E-05
 -5.1555668E-05
 -4.9413142E-05
 -4.7316757E-05
 -4.5319302E-05
 -4.3465199E-05
 -4.1786971E-05
 -4.0305087E-05
 -3.9029710E-05
 -3.7964801E-05
 -3.7111306E-05
 -3.6469653E-05
 -3.6040456E-05
 -3.5826190E-05
 -3.5834419E-05
 -3.6083951E-05
 -3.6611291E-05
 -3.7475151E-05
 -3.8753755E-05
 -4.0533669E-05
 -4.2889351E-05
 -4.5859102E-05
 -4.9422491E-05
 -5.3486870E-05
 -5.7886075E-05
 -6.2393978E-05
 -6.6748849E-05
 -7.0685011E-05
 -7.3962859E-05
 -7.6394215E-05
 -7.7857359E-05
 -7.8302306E-05
 -7.7745623E-05
 -7.6260301E-05
 -7.3961215E-05
 -7.0990733E-05
 -6.7503788E-05
 -6.3656153E-05
 -5.9594273E-05
 -5.5448978E-05
 -5.1331328E-05
 -4.7332545E-05
 -4.3525124E-05
 -3.9965405E-05
 -3.6694903E-05
 -3.3741522E-05
 -3.1119358E-05
 -2.8829081E-05
 -2.6858615E-05
 -2.5186115E-05
 -2.3783614E-05
 -2.2621234E-05
 -2.1669686E-05
 -2.0901014E-05
 -2.0286510E-05
 -1.9793444E-05
 -1.9381298E-05
 -1.8999854E-05
 -1.8589435E-05
 -1.8084056E-05
 -1.7416447E-05
 -1.6524733E-05
 -1.5359210E-05
 -1.3888616E-05
 -1.2104379E-05
 -1.0022471E-05
 -7.6812639E-06
 -5.1351881E-06
 -2.4441458E-06
  3.3926685E-07
  3.1819545E-06
  6.0778398E-06
  9.0473568E-06
  1.2127586E-05
  1.5354975E-05
  1.8745710E-05
  2.2279432E-05
  2.5892266E-05
  2.9481147E-05
  3.2918637E-05
  3.6073361E-05
  3.8831418E-05
  4.1113166E-05
  4.2883155E-05
  4.4151268E-05
  4.4967244E-05
  4.5409633E-05
  4.5572368E-05
  4.5550009E-05
  4.5425422E-05
  4.5260145E-05
  4.5089797E-05
  4.4923527E-05
  4.4748536E-05
  4.4537141E-05
  4.4255485E-05
  4.3870765E-05
  4.3357235E-05
  4.2698590E-05
  4.1888303E-05
  4.0926945E-05
  3.9819290E-05
  3.8571052E-05
  3.7187227E-05
  3.5671412E-05
  3.4027638E-05
  3.2262564E-05
  3.0388381E-05
  2.8424260E-05
  2.6397111E-05
  2.4340652E-05
  2.2293907E-05
  2.0298732E-05
  1.8397604E-05
  1.6630658E-05
  1.5032630E-05
  1.3629410E-05
  1.2435738E-05
  1.1454955E-05
  1.0682546E-05
  1.0113406E-05
  9.7519924E-06
  9.6218273E-06
  9.7706716E-06
  1.0267501E-05
  1.1190370E-05
  1.2606758E-05
  1.4551391E-05
  1.7007265E-05
  1.9895744E-05
  2.3078215E-05
  2.6369724E-05
  2.9560519E-05
  3.2441509E-05
  3.4827830E-05
  3.6577192E-05
  3.7599839E-05
  3.7861118E-05
  3.7377133E-05
  3.6206544E-05
  3.4439621E-05
  3.2187589E-05
  2.9572251E-05
  2.6717264E-05
  2.3740469E-05
  2.0748867E-05
  1.7835117E-05
  1.5076250E-05
  1.2533285E-05
  1.0251743E-05
  8.2617125E-06
  6.5777490E-06
  5.1985694E-06
  4.1077824E-06
  3.2759763E-06
  2.6647313E-06
  2.2318882E-06
  1.9370541E-06
  1.7456838E-06
  1.6306873E-06
  1.5710599E-06
  1.5482904E-06
  1.5418909E-06
  1.5258413E-06
  1.4672481E-06
  1.3279276E-06
  1.0686061E-06
  6.5487814E-07
  6.3543418E-08
 -7.1198434E-07
 -1.6585060E-06
 -2.7430531E-06
 -3.9166912E-06
 -5.1222928E-06
 -6.3056173E-06
 -7.4280747E-06
 -8.4782232E-06
 -9.4787138E-06
 -1.0485486E-05
 -1.1577983E-05
 -1.2841386E-05
 -1.4345336E-05
 -1.6124592E-05
 -1.8167391E-05
 -2.0414351E-05
 -2.2768378E-05
 -2.5112089E-05
 -2.7328488E-05
 -2.9319170E-05
 -3.1017433E-05
 -3.2394000E-05
 -3.3455926E-05
 -3.4239325E-05
 -3.4798864E-05
 -3.5195459E-05
 -3.5485027E-05
 -3.5709232E-05
 -3.5890625E-05
 -3.6031586E-05
 -3.6117512E-05
 -3.6121939E-05
 -3.6013455E-05
 -3.5761674E-05
 -3.5342433E-05
 -3.4740406E-05
 -3.3950400E-05
 -3.2976586E-05
 -3.1830627E-05
 -3.0528594E-05
 -2.9088307E-05
 -2.7526830E-05
 -2.5859610E-05
 -2.4100358E-05
 -2.2262784E-05
 -2.0362575E-05
 -1.8419787E-05
 -1.6460350E-05
 -1.4517092E-05
 -1.2629286E-05
 -1.0841226E-05
 -9.1993124E-06
 -7.7485047E-06
 -6.5281029E-06
 -5.5680480E-06
 -4.8865186E-06
 -4.4902013E-06
 -4.3775117E-06
 -4.5445067E-06
 -4.9916398E-06
 -5.7288976E-06
 -6.7764154E-06
 -8.1591934E-06
 -9.8961691E-06
 -1.1986544E-05
 -1.4397221E-05
 -1.7055783E-05
 -1.9851053E-05
 -2.2642183E-05
 -2.5273819E-05
 -2.7594300E-05
 -2.9472390E-05
 -3.0810217E-05
 -3.1550037E-05
 -3.1675565E-05
 -3.1207874E-05
 -3.0198868E-05
 -2.8723123E-05
 -2.6869835E-05
 -2.4735025E-05
 -2.2415252E-05
 -2.0002337E-05
 -1.7579996E-05
 -1.5221733E-05
 -1.2990516E-05
 -1.0938843E-05
 -9.1088159E-06
 -7.5312028E-06
 -6.2240456E-06
 -5.1909606E-06
 -4.4205922E-06
 -3.8879530E-06
 -3.5582329E-06
 -3.3921781E-06
 -3.3518279E-06
 -3.4047134E-06
 -3.5254179E-06
 -3.6940025E-06
 -3.8922481E-06
 -4.0991231E-06
 -4.2874212E-06
 -4.4227054E-06
 -4.4651297E-06
 -4.3735376E-06
 -4.1110129E-06
 -3.6504612E-06
 -2.9792714E-06
 -2.1020971E-06
 -1.0413368E-06
  1.6520335E-07
  1.4696000E-06
  2.8219279E-06
  4.1801973E-06
  5.5203050E-06
  6.8433119E-06
  8.1771122E-06
  9.5709065E-06
  1.1082691E-05
  1.2762677E-05
  1.4636929E-05
  1.6696325E-05
  1.8893845E-05
  2.1151185E-05
  2.3372038E-05
  2.5458867E-05
  2.7328437E-05
  2.8923410E-05
  3.0217683E-05
  3.1216252E-05
  3.1949909E-05
  3.2467284E-05
  3.2824722E-05
  3.3077009E-05
  3.3269225E-05
  3.3431545E-05
  3.3576660E-05
  3.3700959E-05
  3.3787856E-05
  3.3813292E-05
  3.3750999E-05
  3.3577722E-05
  3.3276436E-05
  3.2838114E-05
  3.2260956E-05
  3.1548869E-05
  3.0708848E-05
  2.9749086E-05
  2.8677314E-05
  2.7500995E-05
  2.6228276E-05
  2.4869934E-05
  2.3440656E-05
  2.1960313E-05
  2.0453774E-05
  1.8950101E-05
  1.7480786E-05
  1.6078126E-05
  1.4773434E-05
  1.3595619E-05
  1.2569667E-05
  1.1715604E-05
  1.1047739E-05
  1.0575043E-05
  1.0302766E-05
  1.0235707E-05
  1.0381956E-05
  1.0755800E-05
  1.1377605E-05
  1.2269752E-05
  1.3448400E-05
  1.4913299E-05
  1.6638163E-05
  1.8565343E-05
  2.0606432E-05
  2.2649680E-05
  2.4571937E-05
  2.6253154E-05
  2.7589658E-05
  2.8504397E-05
  2.8952107E-05
  2.8920185E-05
  2.8425686E-05
  2.7510207E-05
  2.6233265E-05
  2.4666082E-05
  2.2885393E-05
  2.0968399E-05
  1.8988239E-05
  1.7011136E-05
  1.5094515E-05
  1.3286498E-05
  1.1625772E-05
  1.0141904E-05
  8.8550714E-06
  7.7755503E-06
  6.9030461E-06
  6.2269423E-06
  5.7277484E-06
  5.3802223E-06
  5.1573875E-06
  5.0346703E-06
  4.9926343E-06
  5.0175927E-06
  5.0997019E-06
  5.2294140E-06
  5.3933736E-06
  5.5713822E-06
  5.7353127E-06
  5.8505939E-06
  5.8797491E-06
  5.7873199E-06
  5.5449395E-06
  5.1357870E-06
  4.5575393E-06
  3.8233807E-06
  2.9605615E-06
  2.0064924E-06
  1.0022263E-06
 -1.5917886E-08
 -1.0251609E-06
 -2.0232389E-06
 -3.0311860E-06
 -4.0901427E-06
 -5.2519749E-06
 -6.5656277E-06
 -8.0627206E-06
 -9.7465481E-06
 -1.1587409E-05
 -1.3525666E-05
 -1.5481242E-05
 -1.7367001E-05
 -1.9102237E-05
 -2.0623875E-05
 -2.1893247E-05
 -2.2898408E-05
 -2.3651806E-05
 -2.4185063E-05
 -2.4541563E-05
 -2.4768498E-05
 -2.4909052E-05
 -2.4996551E-05
 -2.5050709E-05
 -2.5077023E-05
 -2.5068312E-05
 -2.5008709E-05
 -2.4878254E-05
 -2.4657627E-05
 -2.4331326E-05
 -2.3889834E-05
 -2.3329774E-05
 -2.2653223E-05
 -2.1865982E-05
 -2.0976322E-05
 -1.9993962E-05
 -1.8930017E-05
 -1.7797203E-05
 -1.6610604E-05
 -1.5387905E-05
 -1.4149307E-05
 -1.2916552E-05
 -1.1711822E-05
 -1.0556478E-05
 -9.4702536E-06
 -8.4707135E-06
 -7.5733110E-06
 -6.7913566E-06
 -6.1359724E-06
 -5.6158560E-06
 -5.2374448E-06
 -5.0057529E-06
 -4.9262940E-06
 -5.0075137E-06
 -5.2628302E-06
 -5.7106267E-06
 -6.3711900E-06
 -7.2603084E-06
 -8.3810764E-06
 -9.7160928E-06
 -1.1222931E-05
 -1.2834388E-05
 -1.4464162E-05
 -1.6016398E-05
 -1.7397106E-05
 -1.8524346E-05
 -1.9335930E-05
 -1.9793244E-05
 -1.9881865E-05
 -1.9609279E-05
 -1.9001578E-05
 -1.8099307E-05
 -1.6953600E-05
 -1.5622052E-05
 -1.4165093E-05
 -1.2642386E-05
 -1.1109863E-05
 -9.6173126E-06
 -8.2071465E-06
 -6.9137868E-06
 -5.7636112E-06
 -4.7748263E-06
 -3.9573420E-06
 -3.3125045E-06
 -2.8333395E-06
 -2.5055858E-06
 -2.3099440E-06
 -2.2250713E-06
 -2.2307083E-06
 -2.3098712E-06
 -2.4494550E-06
 -2.6389419E-06
 -2.8677832E-06
 -3.1223551E-06
 -3.3837391E-06
 -3.6270947E-06
 -3.8230191E-06
 -3.9404404E-06
 -3.9504871E-06
 -3.8303515E-06
 -3.5665482E-06
 -3.1569330E-06
 -2.6113755E-06
 -1.9507359E-06
 -1.2041033E-06
 -4.0412388E-07
  4.1918020E-07
  1.2452908E-06
  2.0691407E-06
  2.9041976E-06
  3.7809950E-06
  4.7405929E-06
  5.8240821E-06
  7.0606134E-06
  8.4573912E-06
  9.9944782E-06
  1.1625877E-05
  1.3286242E-05
  1.4901467E-05
  1.6400181E-05
  1.7723829E-05
  1.8833258E-05
  1.9711688E-05
  2.0363810E-05
  2.0812176E-05
  2.1091302E-05
  2.1241238E-05
  2.1300946E-05
  2.1303074E-05
  2.1270109E-05
  2.1213189E-05
  2.1132792E-05
  2.1021449E-05
  2.0866972E-05
  2.0656102E-05
  2.0377167E-05
  2.0021916E-05
  1.9585837E-05
  1.9067980E-05
  1.8470162E-05
  1.7796425E-05
  1.7052522E-05
  1.6246187E-05
  1.5387412E-05
  1.4488900E-05
  1.3565894E-05
  1.2635775E-05
  1.1716950E-05
  1.0827683E-05
  9.9847566E-06
  9.2028195E-06
  8.4940521E-06
  7.8683888E-06
  7.3337665E-06
  6.8964437E-06
  6.5610634E-06
  6.3308903E-06
  6.2083886E-06
  6.1966311E-06
  6.3011148E-06
  6.5313957E-06
  6.9011949E-06
  7.4262266E-06
  8.1193775E-06
  8.9843443E-06
  1.0009359E-05
  1.1163383E-05
  1.2396061E-05
  1.3642034E-05
  1.4828181E-05
  1.5882359E-05
  1.6741305E-05
  1.7356446E-05
  1.7696606E-05
  1.7748509E-05
  1.7515245E-05
  1.7014207E-05
  1.6274333E-05
  1.5333699E-05
  1.4236771E-05
  1.3031719E-05
  1.1767285E-05
  1.0490117E-05
  9.2423852E-06
  8.0602895E-06
  6.9732191E-06
  6.0036214E-06
  5.1670204E-06
  4.4721169E-06
  3.9207821E-06
  3.5084483E-06
  3.2249952E-06
  3.0564759E-06
  2.9873584E-06
  3.0028746E-06
  3.0905762E-06
  3.2406508E-06
  3.4446778E-06
  3.6933820E-06
  3.9740894E-06
  4.2689835E-06
  4.5547345E-06
  4.8038983E-06
  4.9876048E-06
  5.0790345E-06
  5.0567000E-06
  4.9071664E-06
  4.6266318E-06
  4.2213978E-06
  3.7070263E-06
  3.1062996E-06
  2.4457613E-06
  1.7510246E-06
  1.0413117E-06
  3.2443972E-07
 -4.0632844E-07
 -1.1720365E-06
 -2.0036259E-06
 -2.9339226E-06
 -3.9878646E-06
 -5.1737170E-06
 -6.4777291E-06
 -7.8638959E-06
 -9.2786941E-06
 -1.0659550E-05
 -1.1944463E-05
 -1.3080905E-05
 -1.4032102E-05
 -1.4780188E-05
 -1.5325970E-05
 -1.5686346E-05
 -1.5889773E-05
 -1.5971060E-05
 -1.5965781E-05
 -1.5905649E-05
 -1.5814952E-05
 -1.5708849E-05
 -1.5593150E-05
 -1.5465894E-05
 -1.5319665E-05
 -1.5144446E-05
 -1.4929891E-05
 -1.4667146E-05
 -1.4349629E-05
 -1.3973309E-05
 -1.3536303E-05
 -1.3038717E-05
 -1.2482499E-05
 -1.1871753E-05
 -1.1212985E-05
 -1.0515507E-05
 -9.7913062E-06
 -9.0545482E-06
 -8.3204050E-06
 -7.6038850E-06
 -6.9186112E-06
 -6.2761524E-06
 -5.6857916E-06
 -5.1549423E-06
 -4.6896639E-06
 -4.2951792E-06
 -3.9760334E-06
 -3.7362186E-06
 -3.5793598E-06
 -3.5094283E-06
 -3.5318085E-06
 -3.6544175E-06
 -3.8878948E-06
 -4.2441816E-06
 -4.7330518E-06
 -5.3573585E-06
 -6.1081955E-06
 -6.9618618E-06
 -7.8796475E-06
 -8.8110428E-06
 -9.6994036E-06
 -1.0488779E-05
 -1.1129976E-05
 -1.1584948E-05
 -1.1828844E-05
 -1.1850278E-05
 -1.1650148E-05
 -1.1240146E-05
 -1.0641058E-05
 -9.8811834E-06
 -8.9944433E-06
 -8.0184200E-06
 -6.9919793E-06
 -5.9529893E-06
 -4.9361802E-06
 -3.9717729E-06
 -3.0846161E-06
 -2.2939334E-06
 -1.6132392E-06
 -1.0504085E-06
 -6.0771248E-07
 -2.8210761E-07
 -6.5991749E-08
  5.1389318E-08
  8.2094132E-08
  3.7602792E-08
 -7.2456295E-08
 -2.4049731E-07
 -4.5992041E-07
 -7.2318437E-07
 -1.0196663E-06
 -1.3341668E-06
 -1.6466278E-06
 -1.9332915E-06
 -2.1689834E-06
 -2.3299833E-06
 -2.3968141E-06
 -2.3564814E-06
 -2.2037948E-06
 -1.9418101E-06
 -1.5813245E-06
 -1.1394263E-06
 -6.3696251E-07
 -9.5005419E-08
  4.6946349E-07
  1.0478250E-06
  1.6428443E-06
  2.2691511E-06
  2.9503797E-06
  3.7131417E-06
  4.5791089E-06
  5.5573742E-06
  6.6393050E-06
  7.7974764E-06
  8.9887808E-06
  1.0160935E-05
  1.1260461E-05
  1.2240392E-05
  1.3065902E-05
  1.3717547E-05
  1.4191731E-05
  1.4499155E-05
  1.4661468E-05
  1.4707213E-05
  1.4667377E-05
  1.4571349E-05
  1.4443438E-05
  1.4300882E-05
  1.4153057E-05
  1.4002246E-05
  1.3845126E-05
  1.3675021E-05
  1.3483928E-05
  1.3264218E-05
  1.3009459E-05
  1.2714898E-05
  1.2377403E-05
  1.1995533E-05
  1.1569499E-05
  1.1101598E-05
  1.0596529E-05
  1.0061718E-05
  9.5070081E-06
  8.9441064E-06
  8.3854065E-06
  7.8428120E-06
  7.3265664E-06
  6.8447221E-06
  6.4031260E-06
  6.0059924E-06
  5.6566018E-06
  5.3580352E-06
  5.1134889E-06
  4.9263754E-06
  4.8002676E-06
  4.7391818E-06
  4.7481303E-06
  4.8338325E-06
  5.0048334E-06
  5.2705332E-06
  5.6386634E-06
  6.1117012E-06
  6.6830580E-06
  7.3345591E-06
  8.0361851E-06
  8.7485014E-06
  9.4270817E-06
  1.0027958E-05
  1.0512459E-05
  1.0850737E-05
  1.1023246E-05
  1.1020849E-05
  1.0843873E-05
  1.0500974E-05
  1.0007852E-05
  9.3862536E-06
  8.6627360E-06
  7.8672265E-06
  7.0311507E-06
  6.1855108E-06
  5.3590379E-06
  4.5768552E-06
  3.8595931E-06
  3.2231569E-06
  2.6786852E-06
  2.2326883E-06
  1.8871646E-06
  1.6399241E-06
  1.4851897E-06
  1.4146974E-06
  1.4191123E-06
  1.4895053E-06
  1.6183375E-06
  1.7995934E-06
  2.0278846E-06
  2.2968350E-06
  2.5972761E-06
  2.9159944E-06
  3.2354521E-06
  3.5347930E-06
  3.7917769E-06
  3.9852875E-06
  4.0977261E-06
  4.1169365E-06
  4.0373729E-06
  3.8605067E-06
  3.5944267E-06
  3.2527726E-06
  2.8528302E-06
  2.4128037E-06
  1.9483582E-06
  1.4690485E-06
  9.7547331E-07
  4.5829361E-07
 -1.0009713E-07
 -7.2113107E-07
 -1.4237540E-06
 -2.2179040E-06
 -3.0996343E-06
 -4.0493801E-06
 -5.0337762E-06
 -6.0105235E-06
 -6.9348107E-06
 -7.7657578E-06
 -8.4715502E-06
 -9.0326294E-06
 -9.4425968E-06
 -9.7074098E-06
 -9.8431383E-06
 -9.8729033E-06
 -9.8232449E-06
 -9.7206639E-06
 -9.5884561E-06
 -9.4445504E-06
 -9.3002554E-06
 -9.1603506E-06
 -9.0240565E-06
 -8.8867346E-06
 -8.7415674E-06
 -8.5811789E-06
 -8.3986706E-06
 -8.1882890E-06
 -7.9456222E-06
 -7.6678252E-06
 -7.3538281E-06
 -7.0047095E-06
 -6.6239550E-06
 -6.2176414E-06
 -5.7941334E-06
 -5.3633989E-06
 -4.9358669E-06
 -4.5212691E-06
 -4.1276357E-06
 -3.7608352E-06
 -3.4246350E-06
 -3.1213604E-06
 -2.8527172E-06
 -2.6205596E-06
 -2.4272640E-06
 -2.2757890E-06
 -2.1695139E-06
 -2.1122296E-06
 -2.1083608E-06
 -2.1634089E-06
 -2.2840909E-06
 -2.4777062E-06
 -2.7503163E-06
 -3.1040040E-06
 -3.5338833E-06
 -4.0260179E-06
 -4.5570555E-06
 -5.0960693E-06
 -5.6081199E-06
 -6.0586344E-06
 -6.4173396E-06
 -6.6609950E-06
 -6.7745409E-06
 -6.7510068E-06
 -6.5905929E-06
 -6.2997251E-06
 -5.8901865E-06
 -5.3785111E-06
 -4.7851927E-06
 -4.1337412E-06
 -3.4492659E-06
 -2.7568915E-06
 -2.0801281E-06
 -1.4396524E-06
 -8.5254368E-07
 -3.3199339E-07
  1.1268531E-07
  4.7590774E-07
  7.5566550E-07
  9.5327442E-07
  1.0728847E-06
  1.1206524E-06
  1.1036187E-06
  1.0285687E-06
  9.0124507E-07
  7.2628171E-07
  5.0796001E-07
  2.5158354E-07
 -3.5015741E-08
 -3.4038223E-07
 -6.4924171E-07
 -9.4334155E-07
 -1.2031385E-06
 -1.4099440E-06
 -1.5479885E-06
 -1.6060760E-06
 -1.5785507E-06
 -1.4656371E-06
 -1.2731495E-06
 -1.0116865E-06
 -6.9519587E-07
 -3.3892249E-07
  4.3275005E-08
  4.4187209E-07
  8.5421442E-07
  1.2857333E-06
  1.7491033E-06
  2.2611023E-06
  2.8376514E-06
  3.4883694E-06
  4.2121442E-06
  4.9951036E-06
  5.8114747E-06
  6.6271400E-06
  7.4047066E-06
  8.1089793E-06
  8.7113858E-06
  9.1929896E-06
  9.5456899E-06
  9.7719876E-06
  9.8833980E-06
  9.8982418E-06
  9.8388136E-06
  9.7285147E-06
  9.5890146E-06
  9.4380875E-06
  9.2881764E-06
  9.1460370E-06
  9.0131198E-06
  8.8868101E-06
  8.7618309E-06
  8.6317314E-06
  8.4898993E-06
  8.3303821E-06
  8.1482858E-06
  7.9401452E-06
  7.7041395E-06
  7.4404934E-06
  7.1517106E-06
  6.8427057E-06
  6.5204258E-06
  6.1931905E-06
  5.8696310E-06
  5.5576129E-06
  5.2632727E-06
  4.9906475E-06
  4.7417948E-06
  4.5174615E-06
  4.3179148E-06
  4.1437647E-06
  3.9964029E-06
  3.8780963E-06
  3.7917573E-06
  3.7407899E-06
  3.7290956E-06
  3.7613140E-06
  3.8428957E-06
  3.9796996E-06
  4.1766775E-06
  4.4358130E-06
  4.7537319E-06
  5.1199622E-06
  5.5165178E-06
  5.9193103E-06
  6.3009184E-06
  6.6341686E-06
  6.8953500E-06
  7.0664587E-06
  7.1360082E-06
  7.0988485E-06
  6.9552975E-06
  6.7103415E-06
  6.3729181E-06
  5.9555609E-06
  5.4739735E-06
  4.9464134E-06
  4.3926170E-06
  3.8325720E-06
  3.2851590E-06
  2.7671131E-06
  2.2923086E-06
  1.8715411E-06
  1.5125215E-06
  1.2200106E-06
  9.9593808E-07
  8.3961453E-07
  7.4807912E-07
  7.1674270E-07
  7.4026337E-07
  8.1347645E-07
  9.3203062E-07
  1.0924578E-06
  1.2915314E-06
  1.5251045E-06
  1.7867891E-06
  2.0670193E-06
  2.3528219E-06
  2.6285174E-06
  2.8771672E-06
  3.0824201E-06
  3.2302960E-06
  3.3106030E-06
  3.3177716E-06
  3.2511523E-06
  3.1147772E-06
  2.9167475E-06
  2.6681901E-06
  2.3817302E-06
  2.0693967E-06
  1.7402768E-06
  1.3982930E-06
  1.0408833E-06
  6.5923638E-07
  2.4046631E-07
 -2.2861421E-07
 -7.5699842E-07
 -1.3455686E-06
 -1.9849078E-06
 -2.6555074E-06
 -3.3302638E-06
 -3.9784659E-06
 -4.5702409E-06
 -5.0804169E-06
 -5.4912807E-06
 -5.7938337E-06
 -5.9879044E-06
 -6.0812067E-06
 -6.0877928E-06
 -6.0259053E-06
 -5.9156769E-06
 -5.7767297E-06
 -5.6261206E-06
 -5.4767370E-06
 -5.3365829E-06
 -5.2088049E-06
 -5.0924918E-06
 -4.9837845E-06
 -4.8771694E-06
 -4.7665590E-06
 -4.6461219E-06
 -4.5107859E-06
 -4.3566647E-06
 -4.1813842E-06
 -3.9844681E-06
 -3.7675661E-06
 -3.5345536E-06
 -3.2912192E-06
 -3.0446051E-06
 -2.8019772E-06
 -2.5698037E-06
 -2.3528835E-06
 -2.1539724E-06
 -1.9739175E-06
 -1.8123086E-06
 -1.6683413E-06
 -1.5416447E-06
 -1.4327691E-06
 -1.3433114E-06
 -1.2757132E-06
 -1.2330079E-06
 -1.2186758E-06
 -1.2367102E-06
 -1.2916524E-06
 -1.3883002E-06
 -1.5307547E-06
 -1.7208376E-06
 -1.9562158E-06
 -2.2289519E-06
 -2.5250849E-06
 -2.8256554E-06
 -3.1089783E-06
 -3.3535537E-06
 -3.5407343E-06
 -3.6565732E-06
 -3.6924660E-06
 -3.6448932E-06
 -3.5145804E-06
 -3.3057111E-06
 -3.0253618E-06
 -2.6832513E-06
 -2.2914792E-06
 -1.8641661E-06
 -1.4167152E-06
 -9.6483018E-07
 -5.2345194E-07
 -1.0588388E-07
  2.7676819E-07
  6.1580880E-07
  9.0493933E-07
  1.1401439E-06
  1.3195840E-06
  1.4434848E-06
  1.5138777E-06
  1.5341365E-06
  1.5082932E-06
  1.4402978E-06
  1.3334650E-06
  1.1904128E-06
  1.0135685E-06
  8.0615501E-07
  5.7329953E-07
  3.2288881E-07
  6.5787013E-08
 -1.8472559E-07
 -4.1415788E-07
 -6.0837613E-07
 -7.5513452E-07
 -8.4529529E-07
 -8.7354704E-07
 -8.3864654E-07
 -7.4325970E-07
 -5.9350049E-07
 -3.9815208E-07
 -1.6753258E-07
  8.8069264E-08
  3.6029209E-07
  6.4458180E-07
  9.4150499E-07
  1.2568881E-06
  1.6004257E-06
  1.9828192E-06
  2.4121484E-06
  2.8904483E-06
  3.4115817E-06
  3.9609508E-06
  4.5172092E-06
  5.0553222E-06
  5.5502210E-06
  5.9800736E-06
  6.3287080E-06
  6.5869040E-06
  6.7527531E-06
  6.8310978E-06
  6.8324853E-06
  6.7716437E-06
  6.6656753E-06
  6.5319991E-06
  6.3864886E-06
  6.2418744E-06
  6.1068272E-06
  5.9856584E-06
  5.8787859E-06
  5.7836010E-06
  5.6955937E-06
  5.6093068E-06
  5.5192036E-06
  5.4202255E-06
  5.3082890E-06
  5.1806160E-06
  5.0361473E-06
  4.8757975E-06
  4.7025619E-06
  4.5212078E-06
  4.3376622E-06
  4.1580743E-06
  3.9878373E-06
  3.8307494E-06
  3.6886649E-06
  3.5616158E-06
  3.4484383E-06
  3.3475776E-06
  3.2579308E-06
  3.1793647E-06
  3.1128966E-06
  3.0604956E-06
  3.0248173E-06
  3.0089684E-06
  3.0164726E-06
  3.0512213E-06
  3.1172801E-06
  3.2181729E-06
  3.3556905E-06
  3.5283670E-06
  3.7302696E-06
  3.9505635E-06
  4.1742933E-06
  4.3841596E-06
  4.5629454E-06
  4.6957794E-06
  4.7717185E-06
  4.7842641E-06
  4.7310859E-06
  4.6132368E-06
  4.4344029E-06
  4.2003444E-06
  3.9187098E-06
  3.5989076E-06
  3.2519126E-06
  2.8897221E-06
  2.5246484E-06
  2.1684543E-06
  1.8316529E-06
  1.5230214E-06
  1.2494613E-06
  1.0160251E-06
  8.2603020E-07
  6.8113968E-07
  5.8145071E-07
  5.2564400E-07
  5.1131718E-07
  5.3550065E-07
  5.9525860E-07
  6.8813802E-07
  8.1225346E-07
  9.6587098E-07
  1.1465917E-06
  1.3503812E-06
  1.5708252E-06
  1.7988932E-06
  2.0233699E-06
  2.2318670E-06
  2.4121637E-06
  2.5535171E-06
  2.6477273E-06
  2.6897599E-06
  2.6779771E-06
  2.6139965E-06
  2.5023573E-06
  2.3499349E-06
  2.1651240E-06
  1.9566335E-06
  1.7320184E-06
  1.4960868E-06
  1.2496697E-06
  9.8921169E-07
  7.0763434E-07
  3.9642023E-07
  4.8516267E-08
 -3.3875176E-07
 -7.6162979E-07
 -1.2093813E-06
 -1.6653661E-06
 -2.1093708E-06
 -2.5205406E-06
 -2.8801348E-06
 -3.1736834E-06
 -3.3922072E-06
 -3.5326755E-06
 -3.5977898E-06
 -3.5953178E-06
 -3.5369740E-06
 -3.4370416E-06
 -3.3107165E-06
 -3.1724398E-06
 -3.0343699E-06
 -2.9053515E-06
 -2.7904455E-06
 -2.6911191E-06
 -2.6058549E-06
 -2.5310799E-06
 -2.4620676E-06
 -2.3937459E-06
 -2.3212799E-06
 -2.2405691E-06
 -2.1486385E-06
 -2.0440311E-06
 -1.9270710E-06
 -1.7999715E-06
 -1.6666011E-06
 -1.5319287E-06
 -1.4011517E-06
 -1.2787832E-06
 -1.1678808E-06
 -1.0696771E-06
 -9.8367025E-07
 -9.0818378E-07
 -8.4115220E-07
 -7.8091864E-07
 -7.2678114E-07
 -6.7920399E-07
 -6.3969054E-07
 -6.1050542E-07
 -5.9440293E-07
 -5.9449718E-07
 -6.1420008E-07
 -6.5704779E-07
 -7.2617576E-07
 -8.2338238E-07
 -9.4792330E-07
 -1.0954703E-06
 -1.2576839E-06
 -1.4227437E-06
 -1.5767921E-06
 -1.7059531E-06
 -1.7982557E-06
 -1.8450081E-06
 -1.8412835E-06
 -1.7856454E-06
 -1.6794055E-06
 -1.5258868E-06
 -1.3299132E-06
 -1.0976205E-06
 -8.3639952E-07
 -5.5478910E-07
 -2.6214440E-07
  3.1931588E-08
  3.1825491E-07
  5.8863668E-07
  8.3624735E-07
  1.0557299E-06
  1.2431273E-06
  1.3957670E-06
  1.5121792E-06
  1.5920645E-06
  1.6362036E-06
  1.6462503E-06
  1.6243472E-06
  1.5726624E-06
  1.4929932E-06
  1.3866878E-06
  1.2549585E-06
  1.0995683E-06
  9.2364536E-07
  7.3236043E-07
  5.3316359E-07
  3.3545234E-07
  1.4973432E-07
 -1.3499208E-08
 -1.4491977E-07
 -2.3726625E-07
 -2.8589702E-07
 -2.8897705E-07
 -2.4738867E-07
 -1.6445982E-07
 -4.5544912E-08
  1.0258588E-07
  2.7261987E-07
  4.5786393E-07
  6.5355351E-07
  8.5797728E-07
  1.0730033E-06
  1.3036507E-06
  1.5565798E-06
  1.8378123E-06
  2.1502804E-06
  2.4919598E-06
  2.8551206E-06
  3.2269497E-06
  3.5912860E-06
  3.9309703E-06
  4.2301317E-06
  4.4760436E-06
  4.6602681E-06
  4.7791882E-06
  4.8339421E-06
  4.8300426E-06
  4.7766221E-06
  4.6854216E-06
  4.5694360E-06
  4.4415156E-06
  4.3129517E-06
  4.1924354E-06
  4.0854184E-06
  3.9941037E-06
  3.9178572E-06
  3.8539688E-06
  3.7984239E-06
  3.7466737E-06
  3.6942183E-06
  3.6371050E-06
  3.5723003E-06
  3.4980815E-06
  3.4143086E-06
  3.3225642E-06
  3.2259504E-06
  3.1286199E-06
  3.0349981E-06
  2.9489461E-06
  2.8729989E-06
  2.8080083E-06
  2.7531801E-06
  2.7065785E-06
  2.6658256E-06
  2.6288781E-06
  2.5945774E-06
  2.5629113E-06
  2.5349182E-06
  2.5124534E-06
  2.4979001E-06
  2.4940111E-06
  2.5037882E-06
  2.5303500E-06
  2.5765255E-06
  2.6441355E-06
  2.7329959E-06
  2.8400411E-06
  2.9588837E-06
  3.0801923E-06
  3.1928200E-06
  3.2854816E-06
  3.3484291E-06
  3.3746765E-06
  3.3604306E-06
  3.3048782E-06
  3.2094981E-06
  3.0773688E-06
  2.9126393E-06
  2.7203532E-06
  2.5064078E-06
  2.2775296E-06
  2.0410203E-06
  1.8043629E-06
  1.5746831E-06
  1.3582938E-06
  1.1604037E-06
  9.8507189E-07
  8.3529932E-07
  7.1316759E-07
  6.1991051E-07
  5.5594256E-07
  5.2087404E-07
  5.1363179E-07
  5.3271634E-07
  5.7657263E-07
  6.4390264E-07
  7.3376992E-07
  8.4535486E-07
  9.7740337E-07
  1.1275195E-06
  1.2915797E-06
  1.4634841E-06
  1.6354039E-06
  1.7984661E-06
  1.9437271E-06
  2.0631308E-06
  2.1503101E-06
  2.2010493E-06
  2.2134634E-06
  2.1879071E-06
  2.1267779E-06
  2.0341961E-06
  1.9155862E-06
  1.7770126E-06
  1.6243066E-06
  1.4619977E-06
  1.2923210E-06
  1.1146157E-06
  9.2548743E-07
  7.1984567E-07
  4.9266902E-07
  2.4102692E-07
 -3.4227089E-08
 -3.2763714E-07
 -6.2944105E-07
 -9.2683052E-07
 -1.2058032E-06
 -1.4530642E-06
 -1.6576099E-06
 -1.8117556E-06
 -1.9116476E-06
 -1.9573424E-06
 -1.9526140E-06
 -1.9044619E-06
 -1.8223767E-06
 -1.7173346E-06
 -1.6005921E-06
 -1.4824323E-06
 -1.3711268E-06
 -1.2722497E-06
 -1.1884985E-06
 -1.1199438E-06
 -1.0646157E-06
 -1.0191964E-06
 -9.7970576E-07
 -9.4204933E-07
 -9.0248659E-07
 -8.5801668E-07
 -8.0674226E-07
 -7.4815364E-07
 -6.8327739E-07
 -6.1456035E-07
 -5.4545819E-07
 -4.7975044E-07
 -4.2075530E-07
 -3.7063759E-07
 -3.3001737E-07
 -2.9798107E-07
 -2.7249123E-07
 -2.5104467E-07
 -2.3137962E-07
 -2.1202548E-07
 -1.9257632E-07
 -1.7366929E-07
 -1.5677263E-07
 -1.4392197E-07
 -1.3752445E-07
 -1.4023958E-07
 -1.5484457E-07
 -1.8392039E-07
 -2.2927604E-07
 -2.9115321E-07
 -3.6746360E-07
 -4.5337308E-07
 -5.4152719E-07
 -6.2294754E-07
 -6.8842468E-07
 -7.2995374E-07
 -7.4182321E-07
 -7.2106366E-07
 -6.6726670E-07
 -5.8198674E-07
 -4.6807349E-07
 -3.2917956E-07
 -1.6954083E-07
  6.0548189E-09
  1.9227717E-07
  3.8339499E-07
  5.7359358E-07
  7.5738171E-07
  9.2995737E-07
  1.0874206E-06
  1.2267919E-06
  1.3458847E-06
  1.4431578E-06
  1.5176191E-06
  1.5688262E-06
  1.5968944E-06
  1.6024599E-06
  1.5865093E-06
  1.5501219E-06
  1.4941921E-06
  1.4193383E-06
  1.3260725E-06
  1.2152535E-06
  1.0886723E-06
  9.4958307E-07
  8.0294075E-07
  6.5523369E-07
  5.1390708E-07
  3.8656637E-07
  2.8012818E-07
  2.0014446E-07
  1.5038674E-07
  1.3270515E-07
  1.4708864E-07
  1.9183756E-07
  2.6379436E-07
  3.5865494E-07
  4.7143376E-07
  5.9713295E-07
  7.3158998E-07
  8.7233894E-07
  1.0192078E-06
  1.1743610E-06
  1.3416076E-06
  1.5250597E-06
  1.7274732E-06
  1.9487761E-06
  2.1852179E-06
  2.4294293E-06
  2.6713285E-06
  2.8995762E-06
  3.1031232E-06
  3.2725636E-06
  3.4010252E-06
  3.4846869E-06
  3.5228893E-06
  3.5180831E-06
  3.4755326E-06
  3.4028385E-06
  3.3091362E-06
  3.2041407E-06
  3.0970446E-06
  2.9955461E-06
  2.9051205E-06
  2.8287498E-06
  2.7670337E-06
  2.7186495E-06
  2.6809169E-06
  2.6504140E-06
  2.6234882E-06
  2.5966958E-06
  2.5671504E-06
  2.5328814E-06
  2.4931103E-06
  2.4484341E-06
  2.4007388E-06
  2.3528805E-06
  2.3080795E-06
  2.2692223E-06
  2.2381892E-06
  2.2154738E-06
  2.2001439E-06
  2.1901931E-06
  2.1830992E-06
  2.1764988E-06
  2.1687010E-06
  2.1589983E-06
  2.1476674E-06
  2.1358180E-06
  2.1251437E-06
  2.1177409E-06
  2.1159544E-06
  2.1222684E-06
  2.1390440E-06
  2.1680769E-06
  2.2099255E-06
  2.2632717E-06
  2.3245134E-06
  2.3878947E-06
  2.4461854E-06
  2.4918338E-06
  2.5182035E-06
  2.5205698E-06
  2.4965370E-06
  2.4459400E-06
  2.3703176E-06
  2.2723141E-06
  2.1551687E-06
  2.0225048E-06
  1.8782669E-06
  1.7267430E-06
  1.5724542E-06
  1.4199326E-06
  1.2733966E-06
  1.1364643E-06
  1.0119837E-06
  9.0206004E-07
  8.0819331E-07
  7.3145242E-07
  6.7257190E-07
  6.3196825E-07
  6.0969307E-07
  6.0542698E-07
  6.1856286E-07
  6.4840236E-07
  6.9436140E-07
  7.5607289E-07
  8.3325898E-07
  9.2537647E-07
  1.0311135E-06
  1.1479359E-06
  1.2718456E-06
  1.3975043E-06
  1.5186814E-06
  1.6289529E-06
  1.7224040E-06
  1.7942306E-06
  1.8410932E-06
  1.8612515E-06
  1.8544930E-06
  1.8220056E-06
  1.7661893E-06
  1.6904444E-06
  1.5988295E-06
  1.4955731E-06
  1.3844029E-06
  1.2678291E-06
  1.1465562E-06
  1.0193374E-06
  8.8339760E-07
  7.3543504E-07
  5.7295011E-07
  3.9553052E-07
  2.0566627E-07
  8.8495602E-09
 -1.8705023E-07
 -3.7290189E-07
 -5.3959451E-07
 -6.7916193E-07
 -7.8557667E-07
 -8.5519343E-07
 -8.8692826E-07
 -8.8226278E-07
 -8.4509151E-07
 -7.8139720E-07
 -6.9869520E-07
 -6.0525468E-07
 -5.0916321E-07
 -4.1743760E-07
 -3.3531919E-07
 -2.6592141E-07
 -2.1023928E-07
 -1.6747386E-07
 -1.3551794E-07
 -1.1148347E-07
 -9.2167987E-08
 -7.4449247E-08
 -5.5624458E-08
 -3.3726288E-08
 -7.7994189E-09
  2.1921549E-08
  5.4024031E-08
  8.6181124E-08
  1.1565462E-07
  1.3993456E-07
  1.5734534E-07
  1.6744397E-07
  1.7109402E-07
  1.7019998E-07
  1.6720006E-07
  1.6447414E-07
  1.6383495E-07
  1.6622610E-07
  1.7166475E-07
  1.7936401E-07
  1.8793860E-07
  1.9559891E-07
  2.0028368E-07
  1.9977601E-07
  1.9190706E-07
  1.7492523E-07
  1.4802804E-07
  1.1193100E-07
  6.9245942E-08
  2.4450415E-08
 -1.6641604E-08
 -4.7814787E-08
 -6.3528994E-08
 -5.9798609E-08
 -3.4637576E-08
  1.1999366E-08
  7.8647524E-08
  1.6289457E-07
  2.6184190E-07
  3.7235620E-07
  4.9112839E-07
  6.1466966E-07
  7.3936923E-07
  8.6167250E-07
  9.7833538E-07
  1.0866617E-06
  1.1846179E-06
  1.2708024E-06
  1.3442756E-06
  1.4043807E-06
  1.4506217E-06
  1.4826535E-06
  1.5003243E-06
  1.5037335E-06
  1.4931954E-06
  1.4691234E-06
  1.4318534E-06
  1.3815639E-06
  1.3183518E-06
  1.2425261E-06
  1.1550127E-06
  1.0577676E-06
  9.5399264E-07
  8.4807283E-07
  7.4519272E-07
  6.5077182E-07
  5.6984214E-07
  5.0653688E-07
  4.6377394E-07
  4.4315544E-07
  4.4501490E-07
  4.6854149E-07
  5.1191637E-07
  5.7247411E-07
  6.4693023E-07
  7.3174647E-07
  8.2364335E-07
  9.2020821E-07
  1.0204108E-06
  1.1248399E-06
  1.2354539E-06
  1.3548593E-06
  1.4852421E-06
  1.6272955E-06
  1.7794412E-06
  1.9376364E-06
  2.0957727E-06
  2.2465561E-06
  2.3825171E-06
  2.4969722E-06
  2.5846991E-06
  2.6423536E-06
  2.6686250E-06
  2.6643036E-06
  2.6322018E-06
  2.5769866E-06
  2.5047600E-06
  2.4224717E-06
  2.3371438E-06
  2.2550812E-06
  2.1811827E-06
  2.1185660E-06
  2.0684890E-06
  2.0305829E-06
  2.0032298E-06
  1.9840318E-06
  1.9702193E-06
  1.9590182E-06
  1.9479362E-06
  1.9350671E-06
  1.9193378E-06
  1.9007108E-06
  1.8801932E-06
  1.8596556E-06
  1.8414069E-06
  1.8276427E-06
  1.8198697E-06
  1.8185247E-06
  1.8228535E-06
  1.8311226E-06
  1.8410356E-06
  1.8502766E-06
  1.8569801E-06
  1.8600473E-06
  1.8592197E-06
  1.8550063E-06
  1.8485001E-06
  1.8412173E-06
  1.8349500E-06
  1.8316680E-06
  1.8333496E-06
  1.8416953E-06
  1.8576686E-06
  1.8810193E-06
  1.9099168E-06
  1.9409269E-06
  1.9693896E-06
  1.9901884E-06
  1.9986635E-06
  1.9914230E-06
  1.9667586E-06
  1.9246625E-06
  1.8664638E-06
  1.7943476E-06
  1.7108958E-06
  1.6188463E-06
  1.5210061E-06
  1.4202618E-06
  1.3195248E-06
  1.2216096E-06
  1.1290175E-06
  1.0437518E-06
  9.6721305E-07
  9.0026407E-07
  8.4338939E-07
  7.9690119E-07
  7.6106477E-07
  7.3613830E-07
  7.2231143E-07
  7.1963871E-07
  7.2801544E-07
  7.4725352E-07
  7.7720000E-07
  8.1782355E-07
  8.6915674E-07
  9.3107838E-07
  1.0029618E-06
  1.0833298E-06
  1.1696332E-06
  1.2582944E-06
  1.3450007E-06
  1.4251981E-06
  1.4946138E-06
  1.5497092E-06
  1.5879489E-06
  1.6078978E-06
  1.6091610E-06
  1.5922836E-06
  1.5586323E-06
  1.5102931E-06
  1.4498984E-06
  1.3803832E-06
  1.3045808E-06
  1.2247409E-06
  1.1420519E-06
  1.0563923E-06
  9.6643032E-07
  8.7015025E-07
  7.6567494E-07
  6.5218563E-07
  5.3061325E-07
  4.0389969E-07
  2.7674386E-07
  1.5495368E-07
  4.4606857E-08
 -4.8734162E-08
 -1.2061027E-07
 -1.6801236E-07
 -1.8955286E-07
 -1.8553536E-07
 -1.5795078E-07
 -1.1037934E-07
 -4.7733852E-08
  2.4197851E-08
  9.9386831E-08
  1.7225851E-07
  2.3831319E-07
  2.9453193E-07
  3.3949900E-07
  3.7326183E-07
  3.9701490E-07
  4.1271633E-07
  4.2272140E-07
  4.2947073E-07
  4.3521683E-07
  4.4177119E-07
  4.5025814E-07
  4.6092870E-07
  4.7310056E-07
  4.8529336E-07
  4.9556752E-07
  5.0201555E-07
  5.0326992E-07
  4.9888803E-07
  4.8948880E-07
  4.7661442E-07
  4.6236855E-07
  4.4894659E-07
  4.3819455E-07
  4.3131226E-07
  4.2874078E-07
  4.3021311E-07
  4.3489214E-07
  4.4152475E-07
  4.4856316E-07
  4.5426597E-07
  4.5683288E-07
  4.5464782E-07
  4.4664495E-07
  4.3273249E-07
  4.1412349E-07
  3.9341623E-07
  3.7431712E-07
  3.6103256E-07
  3.5748357E-07
  3.6659767E-07
  3.8987892E-07
  4.2735971E-07
  4.7786978E-07
  5.3947048E-07
  6.0986008E-07
  6.8663519E-07
  7.6738172E-07
  8.4968860E-07
  9.3117313E-07
  1.0095910E-06
  1.0829966E-06
  1.1499112E-06
  1.2093946E-06
  1.2609961E-06
  1.3045759E-06
  1.3401091E-06
  1.3675285E-06
  1.3866877E-06
  1.3973948E-06
  1.3995054E-06
  1.3929705E-06
  1.3778163E-06
  1.3540492E-06
  1.3215960E-06
  1.2803260E-06
  1.2302307E-06
  1.1716979E-06
  1.1058272E-06
  1.0346240E-06
  9.6099870E-07
  8.8851948E-07
  8.2101280E-07
  7.6209841E-07
  7.1480150E-07
  6.8130498E-07
  6.6287913E-07
  6.5992543E-07
  6.7208151E-07
  6.9831253E-07
  7.3699891E-07
  7.8603608E-07
  8.4301894E-07
  9.0552788E-07
  9.7153008E-07
  1.0397797E-06
  1.1100900E-06
  1.1833122E-06
  1.2609844E-06
  1.3446784E-06
  1.4352553E-06
  1.5322320E-06
  1.6335028E-06
  1.7354683E-06
  1.8335373E-06
  1.9227848E-06
  1.9986135E-06
  2.0572459E-06
  2.0960392E-06
  2.1136207E-06
  2.1099750E-06
  2.0864654E-06
  2.0458185E-06
  1.9919419E-06
  1.9296078E-06
  1.8639327E-06
  1.7997954E-06
  1.7412571E-06
  1.6911739E-06
  1.6510303E-06
  1.6210251E-06
  1.6003047E-06
  1.5872973E-06
  1.5800200E-06
  1.5763635E-06
  1.5743141E-06
  1.5721895E-06
  1.5688522E-06
  1.5639056E-06
  1.5577613E-06
  1.5515712E-06
  1.5469441E-06
  1.5455411E-06
  1.5486006E-06
  1.5565832E-06
  1.5690048E-06
  1.5845350E-06
  1.6012799E-06
  1.6172058E-06
  1.6305283E-06
  1.6400105E-06
  1.6450751E-06
  1.6457947E-06
  1.6427761E-06
  1.6370426E-06
  1.6299081E-06
  1.6229014E-06
  1.6176430E-06
  1.6156577E-06
  1.6180547E-06
  1.6251781E-06
  1.6362903E-06
  1.6494708E-06
  1.6617914E-06
  1.6698094E-06
  1.6702121E-06
  1.6604657E-06
  1.6392098E-06
  1.6063619E-06
  1.5629087E-06
  1.5105524E-06
  1.4513225E-06
  1.3873369E-06
  1.3206849E-06
  1.2534127E-06
  1.1874910E-06
  1.1247383E-06
  1.0666802E-06
  1.0144141E-06
  9.6853717E-07
  9.2920794E-07
  8.9630538E-07
  8.6963712E-07
  8.4909300E-07
  8.3471485E-07
  8.2666037E-07
  8.2511832E-07
  8.3023360E-07
  8.4210245E-07
  8.6082281E-07
  8.8655173E-07
  9.1948669E-07
  9.5973837E-07
  1.0070941E-06
  1.0607590E-06
  1.1191645E-06
  1.1799608E-06
  1.2401965E-06
  1.2966700E-06
  1.3463152E-06
  1.3865546E-06
  1.4155106E-06
  1.4320800E-06
  1.4358760E-06
  1.4271449E-06
  1.4066711E-06
  1.3757209E-06
  1.3359635E-06
  1.2893596E-06
  1.2379422E-06
  1.1835140E-06
  1.1272908E-06
  1.0696576E-06
  1.0101146E-06
  9.4751942E-07
  8.8057197E-07
  8.0843785E-07
  7.3129195E-07
  6.5061494E-07
  5.6913507E-07
  4.9047429E-07
  4.1860616E-07
  3.5731560E-07
  3.0977222E-07
  2.7827133E-07
  2.6409953E-07
  2.6746790E-07
  2.8746570E-07
  3.2205298E-07
  3.6814632E-07
  4.2185411E-07
  4.7887380E-07
  5.3499019E-07
  5.8657776E-07
  6.3098571E-07
  6.6671851E-07
  6.9341212E-07
  7.1164106E-07
  7.2265556E-07
  7.2810110E-07
  7.2978668E-07
  7.2947807E-07
  7.2871075E-07
  7.2858859E-07
  7.2961370E-07
  7.3158407E-07
  7.3363583E-07
  7.3444465E-07
  7.3258133E-07
  7.2691853E-07
  7.1698020E-07
  7.0311165E-07
  6.8644215E-07
  6.6864112E-07
  6.5156837E-07
  6.3690720E-07
  6.2589646E-07
  6.1919548E-07
  6.1688610E-07
  6.1854843E-07
  6.2337443E-07
  6.3025919E-07
  6.3788212E-07
  6.4479417E-07
  6.4958380E-07
  6.5112744E-07
  6.4890781E-07
  6.4329083E-07
  6.3566182E-07
  6.2830679E-07
  6.2404166E-07
  6.2565471E-07
  6.3535657E-07
  6.5438513E-07
  6.8288603E-07
  7.2004684E-07
  7.6440858E-07
  8.1419029E-07
  8.6753738E-07
  9.2263019E-07
  9.7772045E-07
  1.0311512E-06
  1.0814296E-06
  1.1273356E-06
  1.1680527E-06
  1.2032192E-06
  1.2328881E-06
  1.2573607E-06
  1.2769996E-06
  1.2920515E-06
  1.3025813E-06
  1.3084767E-06
  1.3095430E-06
  1.3055744E-06
  1.2964000E-06
  1.2818426E-06
  1.2616887E-06
  1.2356886E-06
  1.2036641E-06
  1.1656859E-06
  1.1223141E-06
  1.0747574E-06
  1.0249121E-06
  9.7520649E-07
  9.2832369E-07
  8.8685141E-07
  8.5298490E-07
  8.2832622E-07
  8.1383223E-07
  8.0985211E-07
  8.1622164E-07
  8.3233562E-07
  8.5720785E-07
  8.8951003E-07
  9.2765549E-07
  9.6994518E-07
  1.0148176E-06
  1.0611251E-06
  1.1083810E-06
  1.1568286E-06
  1.2073043E-06
  1.2608597E-06
  1.3182733E-06
  1.3795668E-06
  1.4437281E-06
  1.5086965E-06
  1.5716377E-06
  1.6293531E-06
  1.6787401E-06
  1.7171504E-06
  1.7426237E-06
  1.7539860E-06
  1.7509204E-06
  1.7340061E-06
  1.7047602E-06
  1.6655880E-06
  1.6196375E-06
  1.5704902E-06
  1.5217598E-06
  1.4766379E-06
  1.4375495E-06
  1.4059463E-06
  1.3823109E-06
  1.3662788E-06
  1.3568762E-06
  1.3527437E-06
  1.3523533E-06
  1.3541664E-06
  1.3568098E-06
  1.3592320E-06
  1.3608787E-06
  1.3617849E-06
  1.3625807E-06
  1.3643350E-06
  1.3682751E-06
  1.3754143E-06
  1.3862434E-06
  1.4005362E-06
  1.4173652E-06
  1.4352767E-06
  1.4526009E-06
  1.4677723E-06
  1.4795901E-06
  1.4873416E-06
  1.4908341E-06
  1.4903263E-06
  1.4864486E-06
  1.4801102E-06
  1.4724436E-06
  1.4647244E-06
  1.4582490E-06
  1.4541121E-06
  1.4529484E-06
  1.4546673E-06
  1.4583180E-06
  1.4621351E-06
  1.4638380E-06
  1.4610755E-06
  1.4519245E-06
  1.4352423E-06
  1.4108247E-06
  1.3793089E-06
  1.3419354E-06
  1.3002445E-06
  1.2558594E-06
  1.2103616E-06
  1.1652583E-06
  1.1219514E-06
  1.0816900E-06
  1.0454635E-06
  1.0138978E-06
  9.8719011E-07
  9.6515691E-07
  9.4736862E-07
  9.3334774E-07
  9.2273007E-07
  9.1536407E-07
  9.1130204E-07
  9.1073201E-07
  9.1388256E-07
  9.2097798E-07
  9.3223900E-07
  9.4791829E-07
  9.6829160E-07
  9.9359136E-07
  1.0238454E-06
  1.0586901E-06
  1.0972033E-06
  1.1378701E-06
  1.1786902E-06
  1.2174226E-06
  1.2518763E-06
  1.2801876E-06
  1.3009854E-06
  1.3134559E-06
  1.3172893E-06
  1.3126046E-06
  1.2998686E-06
  1.2798595E-06
  1.2536271E-06
  1.2224554E-06
  1.1877461E-06
  1.1508448E-06
  1.1127939E-06
  1.0741286E-06
  1.0347744E-06
  9.9413751E-07
  9.5136846E-07
  9.0577089E-07
  8.5719859E-07
  8.0632947E-07
  7.5469984E-07
  7.0452768E-07
  6.5837355E-07
  6.1877108E-07
  5.8791505E-07
  5.6747183E-07
  5.5848307E-07
  5.6131938E-07
  5.7563096E-07
  6.0030959E-07
  6.3348699E-07
  6.7263665E-07
  7.1479388E-07
  7.5689707E-07
  7.9615933E-07
  8.3040334E-07
  8.5824757E-07
  8.7914958E-07
  8.9330143E-07
  9.0145551E-07
  9.0471571E-07
  9.0436964E-07
  9.0173683E-07
  8.9803962E-07
  8.9424930E-07
  8.9094891E-07
  8.8821861E-07
  8.8562223E-07
  8.8230263E-07
  8.7722447E-07
  8.6947688E-07
  8.5857363E-07
  8.4463198E-07
  8.2840228E-07
  8.1112347E-07
  7.9427326E-07
  7.7927888E-07
  7.6728759E-07
  7.5902773E-07
  7.5477982E-07
  7.5441102E-07
  7.5745129E-07
  7.6315717E-07
  7.7057001E-07
  7.7857231E-07
  7.8599732E-07
  7.9179654E-07
  7.9527592E-07
  7.9632082E-07
  7.9554832E-07
  7.9428895E-07
  7.9437905E-07
  7.9778391E-07
  8.0618287E-07
  8.2062678E-07
  8.4138082E-07
  8.6796211E-07
  8.9934258E-07
  9.3419561E-07
  9.7111058E-07
  1.0087085E-06
  1.0456910E-06
  1.0808562E-06
  1.1131547E-06
  1.1417641E-06
  1.1661967E-06
  1.1863521E-06
  1.2024940E-06
  1.2151189E-06
  1.2247855E-06
  1.2319379E-06
  1.2368121E-06
  1.2394113E-06
  1.2395781E-06
  1.2370740E-06
  1.2316522E-06
  1.2230573E-06
  1.2110205E-06
  1.1952467E-06
  1.1754785E-06
  1.1516082E-06
  1.1238557E-06
  1.0929033E-06
  1.0599557E-06
  1.0266486E-06
  9.9485817E-07
  9.6643487E-07
  9.4297292E-07
  9.2563886E-07
  9.1513022E-07
  9.1170654E-07
  9.1527738E-07
  9.2546634E-07
  9.4166126E-07
  9.6302563E-07
  9.8853343E-07
  1.0170290E-06
  1.0473750E-06
  1.0786366E-06
  1.1102760E-06
  1.1422479E-06
  1.1749702E-06
  1.2091165E-06
  1.2453060E-06
  1.2837522E-06
  1.3240269E-06
  1.3649858E-06
  1.4049052E-06
  1.4417345E-06
  1.4734136E-06
  1.4981254E-06
  1.5144728E-06
  1.5215435E-06
  1.5189581E-06
  1.5069025E-06
  1.4861836E-06
  1.4582344E-06
  1.4250737E-06
  1.3891314E-06
  1.3529917E-06
  1.3190562E-06
  1.2892640E-06
  1.2648949E-06
  1.2465240E-06
  1.2340772E-06
  1.2269900E-06
  1.2243682E-06
  1.2251452E-06
  1.2281939E-06
  1.2324476E-06
  1.2370159E-06
  1.2413203E-06
  1.2451909E-06
  1.2489152E-06
  1.2531624E-06
  1.2588065E-06
  1.2666532E-06
  1.2771809E-06
  1.2903545E-06
  1.3055870E-06
  1.3218314E-06
  1.3378005E-06
  1.3522058E-06
  1.3639818E-06
  1.3724028E-06
  1.3771352E-06
  1.3782055E-06
  1.3759567E-06
  1.3709797E-06
  1.3640799E-06
  1.3562205E-06
  1.3484498E-06
  1.3417449E-06
  1.3368266E-06
  1.3339470E-06
  1.3327538E-06
  1.3322600E-06
  1.3310089E-06
  1.3273614E-06
  1.3198654E-06
  1.3075520E-06
  1.2901118E-06
  1.2678813E-06
  1.2417029E-06
  1.2126975E-06
  1.1820875E-06
  1.1510692E-06
  1.1207726E-06
  1.0922272E-06
  1.0663324E-06
  1.0437758E-06
  1.0249540E-06
  1.0099053E-06
  9.9833562E-07
  9.8971475E-07
  9.8344970E-07
  9.7903637E-07
  9.7617828E-07
  9.7480813E-07
  9.7504892E-07
  9.7712314E-07
  9.8129101E-07
  9.8781891E-07
  9.9699071E-07
  1.0091040E-06
  1.0244349E-06
  1.0431370E-06
  1.0651078E-06
  1.0898494E-06
  1.1164187E-06
  1.1434798E-06
  1.1694731E-06
  1.1928278E-06
  1.2121857E-06
  1.2265422E-06
  1.2353070E-06
  1.2382583E-06
  1.2354777E-06
  1.2272711E-06
  1.2141354E-06
  1.1967335E-06
  1.1758909E-06
  1.1525461E-06
  1.1276572E-06
  1.1020394E-06
  1.0762134E-06
  1.0502938E-06
  1.0240034E-06
  9.9680608E-07
  9.6816609E-07
  9.3782876E-07
  9.0604880E-07
  8.7366152E-07
  8.4200957E-07
  8.1272884E-07
  7.8749929E-07
  7.6781583E-07
  7.5485076E-07
  7.4938339E-07
  7.5177849E-07
  7.6195028E-07
  7.7932685E-07
  8.0281114E-07
  8.3081005E-07
  8.6133963E-07
  8.9224380E-07
  9.2145814E-07
  9.4727585E-07
  9.6852193E-07
  9.8462590E-07
  9.9557064E-07
  1.0017818E-06
  1.0039743E-06
  1.0030315E-06
  9.9989938E-07
  9.9550164E-07
  9.9063323E-07
  9.8585735E-07
  9.8139765E-07
  9.7709392E-07
  9.7242912E-07
  9.6667964E-07
  9.5913288E-07
  9.4932824E-07
  9.3722855E-07
  9.2328719E-07
  9.0837165E-07
  8.9359963E-07
  8.8011393E-07
  8.6889816E-07
  8.6064659E-07
  8.5572623E-07
  8.5418088E-07
  8.5578171E-07
  8.6006287E-07
  8.6636572E-07
  8.7386326E-07
  8.8163387E-07
  8.8877215E-07
  8.9456262E-07
  8.9865233E-07
  9.0120193E-07
  9.0291661E-07
  9.0494649E-07
  9.0864478E-07
  9.1526783E-07
  9.2569616E-07
  9.4027274E-07
  9.5877726E-07
  9.8054159E-07
  1.0046233E-06
  1.0299808E-06
  1.0555757E-06
  1.0804303E-06
  1.1036499E-06
  1.1244636E-06
  1.1422775E-06
  1.1567646E-06
  1.1679138E-06
  1.1760313E-06
  1.1816434E-06
  1.1853577E-06
  1.1877047E-06
  1.1890310E-06
  1.1894512E-06
  1.1888885E-06
  1.1871413E-06
  1.1839606E-06
  1.1790756E-06
  1.1722040E-06
  1.1630461E-06
  1.1513218E-06
  1.1368389E-06
  1.1196183E-06
  1.1000063E-06
  1.0787395E-06
  1.0568991E-06
  1.0357859E-06
  1.0167246E-06
  1.0008795E-06
  9.8910868E-07
  9.8192129E-07
  9.7949942E-07
  9.8177361E-07
  9.8848284E-07
  9.9922374E-07
  1.0134595E-06
  1.0305297E-06
  1.0496673E-06
  1.0700793E-06
  1.0910602E-06
  1.1121332E-06
  1.1331402E-06
  1.1542619E-06
  1.1759143E-06
  1.1985618E-06
  1.2224673E-06
  1.2475060E-06
  1.2730710E-06
  1.2981293E-06
  1.3213728E-06
  1.3414361E-06
  1.3570826E-06
  1.3673388E-06
  1.3715377E-06
  1.3693501E-06
  1.3607935E-06
  1.3462790E-06
  1.3266348E-06
  1.3031166E-06
  1.2773254E-06
  1.2510558E-06
  1.2260601E-06
  1.2038330E-06
  1.1854330E-06
  1.1714189E-06
  1.1618614E-06
  1.1564505E-06
  1.1546097E-06
  1.1556157E-06
  1.1586739E-06
  1.1629993E-06
  1.1678870E-06
  1.1728145E-06
  1.1775204E-06
  1.1820746E-06
  1.1868582E-06
  1.1924685E-06
  1.1995238E-06
  1.2084649E-06
  1.2193798E-06
  1.2319390E-06
  1.2454273E-06
  1.2588903E-06
  1.2713157E-06
  1.2818147E-06
  1.2897265E-06
  1.2946775E-06
  1.2965677E-06
  1.2955451E-06
  1.2919621E-06
  1.2863565E-06
  1.2794206E-06
  1.2719618E-06
  1.2647977E-06
  1.2586243E-06
  1.2538485E-06
  1.2504638E-06
  1.2479824E-06
  1.2455132E-06
  1.2419423E-06
  1.2361949E-06
  1.2274689E-06
  1.2154081E-06
  1.2001318E-06
  1.1821654E-06
  1.1622843E-06
  1.1413745E-06
  1.1203247E-06
  1.0999818E-06
  1.0811164E-06
  1.0644014E-06
  1.0503508E-06
  1.0392530E-06
  1.0311053E-06
  1.0256186E-06
  1.0222830E-06
  1.0205033E-06
  1.0197343E-06
  1.0196023E-06
  1.0199473E-06
  1.0208100E-06
  1.0223594E-06
  1.0248309E-06
  1.0284829E-06
  1.0335922E-06
  1.0404445E-06
  1.0493233E-06
  1.0604389E-06
  1.0738391E-06
  1.0892928E-06
  1.1062383E-06
  1.1237983E-06
  1.1408944E-06
  1.1564023E-06
  1.1693293E-06
  1.1789338E-06
  1.1847836E-06
  1.1867244E-06
  1.1848241E-06
  1.1793016E-06
  1.1704948E-06
  1.1588353E-06
  1.1448593E-06
  1.1291876E-06
  1.1124816E-06
  1.0953401E-06
  1.0781956E-06
  1.0612188E-06
  1.0443017E-06
  1.0271141E-06
  1.0092659E-06
  9.9049396E-07
  9.7084182E-07
  9.5073864E-07
  9.3098089E-07
  9.1260409E-07
  8.9672039E-07
  8.8434399E-07
  8.7629081E-07
  8.7312173E-07
  8.7513581E-07
  8.8235055E-07
  8.9447968E-07
  9.1089277E-07
  9.3060908E-07
  9.5233639E-07
  9.7459815E-07
  9.9591114E-07
  1.0149857E-06
  1.0308734E-06
  1.0430484E-06
  1.0513954E-06
  1.0561399E-06
  1.0577369E-06
  1.0567832E-06
  1.0539374E-06
  1.0498702E-06
  1.0451928E-06
  1.0403883E-06
  1.0357249E-06
  1.0312051E-06
  1.0265483E-06
  1.0212761E-06
  1.0148526E-06
  1.0068729E-06
  9.9720808E-07
  9.8609212E-07
  9.7409827E-07
  9.6203678E-07
  9.5078587E-07
  9.4114876E-07
  9.3373768E-07
  9.2893009E-07
  9.2685917E-07
  9.2744631E-07
  9.3042456E-07
  9.3536454E-07
  9.4168462E-07
  9.4869256E-07
  9.5565576E-07
  9.6192241E-07
  9.6705287E-07
  9.7095210E-07
  9.7392774E-07
  9.7665998E-07
  9.8005103E-07
  9.8502142E-07
  9.9229010E-07
  1.0022255E-06
  1.0147850E-06
  1.0295714E-06
  1.0459474E-06
  1.0631697E-06
  1.0804745E-06
  1.0971368E-06
  1.1124878E-06
  1.1259480E-06
  1.1370629E-06
  1.1455770E-06
  1.1514852E-06
  1.1550519E-06
  1.1567466E-06
  1.1571418E-06
  1.1567753E-06
  1.1560440E-06
  1.1551386E-06
  1.1540598E-06
  1.1526653E-06
  1.1507444E-06
  1.1480499E-06
  1.1443238E-06
  1.1392918E-06
  1.1326855E-06
  1.1242796E-06
  1.1139836E-06
  1.1019300E-06
  1.0885434E-06
  1.0745224E-06
  1.0607654E-06
  1.0482216E-06
  1.0377495E-06
  1.0299863E-06
  1.0253074E-06
  1.0238363E-06
  1.0255095E-06
  1.0301301E-06
  1.0374179E-06
  1.0470158E-06
  1.0584957E-06
  1.0713496E-06
  1.0850358E-06
  1.0990415E-06
  1.1129873E-06
  1.1266965E-06
  1.1402335E-06
  1.1538555E-06
  1.1679000E-06
  1.1826149E-06
  1.1980185E-06
  1.2138070E-06
  1.2293737E-06
  1.2438903E-06
  1.2564581E-06
  1.2662367E-06
  1.2725544E-06
  1.2749354E-06
  1.2731192E-06
  1.2670622E-06
  1.2569675E-06
  1.2433056E-06
  1.2268459E-06
  1.2086219E-06
  1.1898518E-06
  1.1717783E-06
  1.1555114E-06
  1.1418855E-06
  1.1313903E-06
  1.1241592E-06
  1.1200376E-06
  1.1186625E-06
  1.1195519E-06
  1.1221567E-06
  1.1259153E-06
  1.1302957E-06
  1.1348654E-06
  1.1393514E-06
  1.1437086E-06
  1.1481285E-06
  1.1529984E-06
  1.1587707E-06
  1.1658201E-06
  1.1742937E-06
  1.1840402E-06
  1.1946007E-06
  1.2053013E-06
  1.2153795E-06
  1.2241271E-06
  1.2309796E-06
  1.2355723E-06
  1.2377451E-06
  1.2375289E-06
  1.2351144E-06
  1.2308444E-06
  1.2251971E-06
  1.2187678E-06
  1.2121997E-06
  1.2060974E-06
  1.2009012E-06
  1.1967829E-06
  1.1935645E-06
  1.1907440E-06
  1.1875939E-06
  1.1833412E-06
  1.1773409E-06
  1.1692314E-06
  1.1589883E-06
  1.1469054E-06
  1.1334922E-06
  1.1193729E-06
  1.1051940E-06
  1.0915822E-06
  1.0791117E-06
  1.0682888E-06
  1.0595103E-06
  1.0530110E-06
  1.0488020E-06
  1.0466592E-06
  1.0461562E-06
  1.0467628E-06
  1.0479574E-06
  1.0493386E-06
  1.0506843E-06
  1.0519619E-06
  1.0532764E-06
  1.0548180E-06
  1.0568122E-06
  1.0595052E-06
  1.0631501E-06
  1.0680052E-06
  1.0742908E-06
  1.0821313E-06
  1.0914622E-06
  1.1019778E-06
  1.1131214E-06
  1.1241582E-06
  1.1342813E-06
  1.1427550E-06
  1.1490191E-06
  1.1527499E-06
  1.1538392E-06
  1.1523534E-06
  1.1484658E-06
  1.1424223E-06
  1.1345154E-06
  1.1250950E-06
  1.1145682E-06
  1.1033843E-06
  1.0919701E-06
  1.0806624E-06
  1.0696290E-06
  1.0588435E-06
  1.0481003E-06
  1.0371134E-06
  1.0256450E-06
  1.0136406E-06
  1.0013007E-06
  9.8909106E-07
  9.7766883E-07
  9.6777069E-07
  9.6008489E-07
  9.5517453E-07
  9.5343302E-07
  9.5508676E-07
  9.6018425E-07
  9.6858935E-07
  9.7994746E-07
  9.9366605E-07
  1.0089174E-06
  1.0247079E-06
  1.0399943E-06
  1.0538296E-06
  1.0654787E-06
  1.0744994E-06
  1.0807457E-06
  1.0843288E-06
  1.0855332E-06
  1.0847538E-06
  1.0824388E-06
  1.0790595E-06
  1.0750658E-06
  1.0708460E-06
  1.0666607E-06
  1.0625939E-06
  1.0585171E-06
  1.0541285E-06
  1.0490405E-06
  1.0429173E-06
  1.0355928E-06
  1.0271614E-06
  1.0179799E-06
  1.0086120E-06
  9.9970850E-07
  9.9189549E-07
  9.8567932E-07
  9.8140595E-07
  9.7924249E-07
  9.7920008E-07
  9.8114401E-07
  9.8481223E-07
  9.8981263E-07
  9.9564500E-07
  1.0017436E-06
  1.0075599E-06
  1.0126585E-06
  1.0168277E-06
  1.0201408E-06
  1.0229645E-06
  1.0258746E-06
  1.0295220E-06
  1.0344697E-06
  1.0410707E-06
  1.0493904E-06
  1.0592275E-06
  1.0701762E-06
  1.0817265E-06
  1.0933302E-06
  1.1044538E-06
  1.1145980E-06
  1.1233259E-06
  1.1302825E-06
  1.1352562E-06
  1.1382215E-06
  1.1393710E-06
  1.1390765E-06
  1.1378241E-06
  1.1361019E-06
  1.1343094E-06
  1.1326811E-06
  1.1312846E-06
  1.1300442E-06
  1.1288015E-06
  1.1273494E-06
  1.1254639E-06
  1.1229057E-06
  1.1194364E-06
  1.1148356E-06
  1.1089650E-06
  1.1018330E-06
  1.0936591E-06
  1.0848756E-06
  1.0760878E-06
  1.0679714E-06
  1.0611633E-06
  1.0561488E-06
  1.0532178E-06
  1.0524615E-06
  1.0538231E-06
  1.0571424E-06
  1.0622073E-06
  1.0687667E-06
  1.0765360E-06
  1.0851802E-06
  1.0943357E-06
  1.1036435E-06
  1.1128185E-06
  1.1217002E-06
  1.1302963E-06
  1.1387640E-06
  1.1473493E-06
  1.1562682E-06
  1.1656052E-06
  1.1752319E-06
  1.1848007E-06
  1.1937871E-06
  1.2015928E-06
  1.2076429E-06
  1.2114712E-06
  1.2127424E-06
  1.2112686E-06
  1.2069962E-06
  1.2000246E-06
  1.1906154E-06
  1.1792292E-06
  1.1665196E-06
  1.1532977E-06
  1.1404289E-06
  1.1287233E-06
  1.1188195E-06
  1.1111209E-06
  1.1057715E-06
  1.1026976E-06
  1.1016682E-06
  1.1023632E-06
  1.1044098E-06
  1.1074217E-06
  1.1110166E-06
  1.1148602E-06
  1.1187047E-06
  1.1224496E-06
  1.1261654E-06
  1.1300882E-06
  1.1345379E-06
  1.1398199E-06
  1.1461030E-06
  1.1533479E-06
  1.1612769E-06
  1.1694278E-06
  1.1772416E-06
  1.1841738E-06
  1.1897671E-06
  1.1937055E-06
  1.1958165E-06
  1.1960692E-06
  1.1945484E-06
  1.1914551E-06
  1.1871000E-06
  1.1819033E-06
  1.1763503E-06
  1.1709382E-06
  1.1660784E-06
  1.1620149E-06
  1.1587449E-06
  1.1560145E-06
  1.1533675E-06
  1.1502660E-06
  1.1462142E-06
  1.1408840E-06
  1.1341752E-06
  1.1262255E-06
  1.1173460E-06
  1.1079553E-06
  1.0985070E-06
  1.0894558E-06
  1.0812262E-06
  1.0742023E-06
  1.0686950E-06
  1.0649062E-06
  1.0628696E-06
  1.0624327E-06
  1.0632685E-06
  1.0649449E-06
  1.0670049E-06
  1.0690680E-06
  1.0708883E-06
  1.0723802E-06
  1.0735869E-06
  1.0746413E-06
  1.0757216E-06
  1.0770334E-06
  1.0787912E-06
  1.0812199E-06
  1.0845281E-06
  1.0888695E-06
  1.0942716E-06
  1.1005890E-06
  1.1074834E-06
  1.1144639E-06
  1.1209578E-06
  1.1264216E-06
  1.1304281E-06
  1.1327251E-06
  1.1332284E-06
  1.1319921E-06
  1.1291553E-06
  1.1249078E-06
  1.1194596E-06
  1.1130518E-06
  1.1059554E-06
  1.0984745E-06
  1.0909043E-06
  1.0834912E-06
  1.0763758E-06
  1.0695666E-06
  1.0629351E-06
  1.0562765E-06
  1.0493908E-06
  1.0421835E-06
  1.0347248E-06
  1.0272759E-06
  1.0202465E-06
  1.0141268E-06
  1.0093901E-06
  1.0064319E-06
  1.0055313E-06
  1.0068539E-06
  1.0104468E-06
  1.0162435E-06
  1.0240420E-06
  1.0334894E-06
  1.0440647E-06
  1.0551157E-06
  1.0659230E-06
  1.0758064E-06
  1.0842097E-06
  1.0907751E-06
  1.0953567E-06
  1.0980044E-06
  1.0988988E-06
  1.0983068E-06
  1.0965318E-06
  1.0938990E-06
  1.0907241E-06
  1.0872986E-06
  1.0838431E-06
  1.0804714E-06
  1.0771471E-06
  1.0736973E-06
  1.0698544E-06
  1.0653548E-06
  1.0600265E-06
  1.0538751E-06
  1.0471038E-06
  1.0400919E-06
  1.0333088E-06
  1.0272320E-06
  1.0222658E-06
  1.0187048E-06
  1.0167131E-06
  1.0163405E-06
  1.0175311E-06
  1.0201368E-06
  1.0239072E-06
  1.0285011E-06
  1.0335013E-06
  1.0384745E-06
  1.0430325E-06
  1.0469238E-06
  1.0500920E-06
  1.0527066E-06
  1.0551156E-06
  1.0577668E-06
  1.0610873E-06
  1.0653877E-06
  1.0707835E-06
  1.0771955E-06
  1.0843808E-06
  1.0920044E-06
  1.0996858E-06
  1.1070467E-06
  1.1137238E-06
  1.1193905E-06
  1.1237682E-06
  1.1266726E-06
  1.1280531E-06
  1.1280297E-06
  1.1268755E-06
  1.1249771E-06
  1.1227497E-06
  1.1205600E-06
  1.1186520E-06
  1.1171301E-06
  1.1159718E-06
  1.1150715E-06
  1.1142711E-06
  1.1133916E-06
  1.1122391E-06
  1.1106139E-06
  1.1083166E-06
  1.1051924E-06
  1.1011807E-06
  1.0963710E-06
  1.0910165E-06
  1.0855189E-06
  1.0803568E-06
  1.0760026E-06
  1.0728288E-06
  1.0710626E-06
  1.0707757E-06
  1.0719223E-06
  1.0743735E-06
  1.0779657E-06
  1.0825160E-06
  1.0878279E-06
  1.0936750E-06
  1.0998102E-06
  1.1059819E-06
  1.1119828E-06
  1.1176843E-06
  1.1230752E-06
  1.1282560E-06
  1.1334070E-06
  1.1387065E-06
  1.1442588E-06
  1.1500277E-06
  1.1558242E-06
  1.1613218E-06
  1.1661260E-06
  1.1698418E-06
  1.1721415E-06
  1.1727860E-06
  1.1716360E-06
  1.1686426E-06
  1.1638539E-06
  1.1574178E-06
  1.1496119E-06
  1.1408450E-06
  1.1316496E-06
  1.1226153E-06
  1.1143188E-06
  1.1072336E-06
  1.1016801E-06
  1.0977930E-06
  1.0955465E-06
  1.0947930E-06
  1.0953183E-06
  1.0968678E-06
  1.0991752E-06
  1.1019714E-06
  1.1050114E-06
  1.1080941E-06
  1.1111094E-06
  1.1140618E-06
  1.1170844E-06
  1.1203919E-06
  1.1242155E-06
  1.1287157E-06
  1.1339177E-06
  1.1396696E-06
  1.1456715E-06
  1.1515267E-06
  1.1568289E-06
  1.1612173E-06
  1.1644264E-06
  1.1662939E-06
  1.1667635E-06
  1.1658610E-06
  1.1636992E-06
  1.1604726E-06
  1.1564656E-06
  1.1520264E-06
  1.1475363E-06
  1.1433452E-06
  1.1397073E-06
  1.1367113E-06
  1.1342602E-06
  1.1320884E-06
  1.1298358E-06
  1.1271320E-06
  1.1236951E-06
  1.1193932E-06
  1.1142663E-06
  1.1084917E-06
  1.1023423E-06
  1.0961286E-06
  1.0901722E-06
  1.0847779E-06
  1.0802281E-06
  1.0767620E-06
  1.0745531E-06
  1.0736561E-06
  1.0739881E-06
  1.0753196E-06
  1.0773201E-06
  1.0796120E-06
  1.0818551E-06
  1.0838039E-06
  1.0853431E-06
  1.0864703E-06
  1.0872717E-06
  1.0878809E-06
  1.0884601E-06
  1.0891797E-06
  1.0902218E-06
  1.0917657E-06
  1.0939665E-06
  1.0969003E-06
  1.1005267E-06
  1.1046562E-06
  1.1089724E-06
  1.1130719E-06
  1.1165500E-06
  1.1190746E-06
  1.1204423E-06
  1.1205822E-06
  1.1195384E-06
  1.1174237E-06
  1.1143886E-06
  1.1105891E-06
  1.1061928E-06
  1.1013817E-06
  1.0963628E-06
  1.0913411E-06
  1.0864983E-06
  1.0819460E-06
  1.0777054E-06
  1.0736920E-06
  1.0697530E-06
  1.0657217E-06
  1.0614931E-06
  1.0570697E-06
  1.0525920E-06
  1.0483144E-06
  1.0445644E-06
  1.0416669E-06
  1.0399003E-06
  1.0394633E-06
  1.0404773E-06
  1.0429821E-06
  1.0469493E-06
  1.0522643E-06
  1.0587195E-06
  1.0659870E-06
  1.0736403E-06
  1.0811885E-06
  1.0881505E-06
  1.0941160E-06
  1.0988089E-06
  1.1021015E-06
  1.1040123E-06
  1.1046562E-06
  1.1042121E-06
  1.1028850E-06
  1.1008971E-06
  1.0984676E-06
  1.0958084E-06
  1.0930954E-06
  1.0904421E-06
  1.0878590E-06
  1.0852526E-06
  1.0824446E-06
  1.0792376E-06
  1.0754757E-06
  1.0711207E-06
  1.0662765E-06
  1.0611881E-06
  1.0561826E-06
  1.0516109E-06
  1.0477846E-06
  1.0449444E-06
  1.0432369E-06
  1.0427290E-06
  1.0434098E-06
  1.0452036E-06
  1.0479563E-06
  1.0514408E-06
  1.0553601E-06
  1.0593870E-06
  1.0632027E-06
  1.0665663E-06
  1.0693644E-06
  1.0716485E-06
  1.0736120E-06
  1.0755468E-06
  1.0777635E-06
  1.0805177E-06
  1.0839420E-06
  1.0880334E-06
  1.0926610E-06
  1.0976160E-06
  1.1026402E-06
  1.1074675E-06
  1.1118362E-06
  1.1155073E-06
  1.1182667E-06
  1.1199617E-06
  1.1205284E-06
  1.1200285E-06
  1.1186454E-06
  1.1166643E-06
  1.1144155E-06
  1.1122144E-06
  1.1102946E-06
  1.1087842E-06
  1.1077009E-06
  1.1069851E-06
  1.1065213E-06
  1.1061699E-06
  1.1057748E-06
  1.1051767E-06
  1.1042088E-06
  1.1027272E-06
  1.1006415E-06
  1.0979649E-06
  1.0948283E-06
  1.0914839E-06
  1.0882609E-06
  1.0855092E-06
  1.0835182E-06
  1.0824767E-06
  1.0824510E-06
  1.0834100E-06
  1.0852500E-06
  1.0878389E-06
  1.0910341E-06
  1.0946962E-06
  1.0986697E-06
  1.1027890E-06
  1.1068805E-06
  1.1107962E-06
  1.1144333E-06
  1.1177716E-06
  1.1208740E-06
  1.1238748E-06
  1.1269200E-06
  1.1301195E-06
  1.1334890E-06
  1.1369365E-06
  1.1402591E-06
  1.1431927E-06
  1.1454617E-06
  1.1468336E-06
  1.1471351E-06
  1.1462670E-06
  1.1441896E-06
  1.1409275E-06
  1.1365624E-06
  1.1312571E-06
  1.1252636E-06
  1.1189286E-06
  1.1126515E-06
  1.1068400E-06
  1.1018432E-06
  1.0979087E-06
  1.0951487E-06
  1.0935573E-06
  1.0930353E-06
  1.0934366E-06
  1.0945862E-06
  1.0963057E-06
  1.0984116E-06
  1.1007313E-06
  1.1031094E-06
  1.1054411E-06
  1.1076974E-06
  1.1099457E-06
  1.1123252E-06
  1.1150096E-06
  1.1181404E-06
  1.1217739E-06
  1.1258384E-06
  1.1301426E-06
  1.1344111E-06
  1.1383462E-06
  1.1416732E-06
  1.1441820E-06
  1.1457347E-06
  1.1462695E-06
  1.1457804E-06
  1.1443210E-06
  1.1420036E-06
  1.1390132E-06
  1.1355918E-06
  1.1320252E-06
  1.1285949E-06
  1.1255336E-06
  1.1229628E-06
  1.1208723E-06
  1.1191183E-06
  1.1174704E-06
  1.1156637E-06
  1.1134755E-06
  1.1107721E-06
  1.1075396E-06
  1.1038647E-06
  1.0999119E-06
  1.0958848E-06
  1.0920065E-06
  1.0884918E-06
  1.0855491E-06
  1.0833621E-06
  1.0820748E-06
  1.0817503E-06
  1.0823519E-06
  1.0837292E-06
