  0.0000000E+00
  0.0000000E+00
  0.0000000E+00
  0.0000000E+00
  0.0000000E+00
  0.0000000E+00
  0.0000000E+00
  0.0000000E+00
  0.0000000E+00
  0.0000000E+00
  0.0000000E+00
  0.0000000E+00
  0.0000000E+00
  0.0000000E+00
  0.0000000E+00
  0.0000000E+00
  0.0000000E+00
  0.0000000E+00
  0.0000000E+00
  0.0000000E+00
  0.0000000E+00
  0.0000000E+00
  0.0000000E+00
  0.0000000E+00
  0.0000000E+00
  0.0000000E+00
  0.0000000E+00
  0.0000000E+00
  0.0000000E+00
  0.0000000E+00
  0.0000000E+00
  0.0000000E+00
  0.0000000E+00
  0.0000000E+00
  0.0000000E+00
  0.0000000E+00
  0.0000000E+00
  0.0000000E+00
  0.0000000E+00
  0.0000000E+00
  0.0000000E+00
  0.0000000E+00
  0.0000000E+00
  0.0000000E+00
  0.0000000E+00
  0.0000000E+00
  0.0000000E+00
  0.0000000E+00
  0.0000000E+00
  0.0000000E+00
  0.0000000E+00
  0.0000000E+00
  0.0000000E+00
  0.0000000E+00
  0.0000000E+00
  0.0000000E+00
  0.0000000E+00
  0.0000000E+00
  0.0000000E+00
  0.0000000E+00
  0.0000000E+00
  0.0000000E+00
  0.0000000E+00
  0.0000000E+00
  0.0000000E+00
  0.0000000E+00
  0.0000000E+00
  0.0000000E+00
  0.0000000E+00
  0.0000000E+00
  0.0000000E+00
  0.0000000E+00
  0.0000000E+00
  0.0000000E+00
  0.0000000E+00
  0.0000000E+00
  0.0000000E+00
  0.0000000E+00
  0.0000000E+00
  0.0000000E+00
  0.0000000E+00
  0.0000000E+00
  0.0000000E+00
  0.0000000E+00
  0.0000000E+00
  0.0000000E+00
  0.0000000E+00
  0.0000000E+00
  0.0000000E+00
  0.0000000E+00
  0.0000000E+00
  0.0000000E+00
  0.0000000E+00
  0.0000000E+00
  0.0000000E+00
  0.0000000E+00
  0.0000000E+00
  0.0000000E+00
  0.0000000E+00
  0.0000000E+00
  0.0000000E+00
  0.0000000E+00
  0.0000000E+00
  0.0000000E+00
  0.0000000E+00
  0.0000000E+00
  0.0000000E+00
  0.0000000E+00
  0.0000000E+00
  0.0000000E+00
  0.0000000E+00
  0.0000000E+00
  0.0000000E+00
  0.0000000E+00
  0.0000000E+00
  0.0000000E+00
  0.0000000E+00
  0.0000000E+00
  0.0000000E+00
  0.0000000E+00
  0.0000000E+00
  0.0000000E+00
  0.0000000E+00
  0.0000000E+00
  0.0000000E+00
  0.0000000E+00
  0.0000000E+00
  0.0000000E+00
  0.0000000E+00
  0.0000000E+00
  0.0000000E+00
  0.0000000E+00
  0.0000000E+00
  0.0000000E+00
  0.0000000E+00
  0.0000000E+00
  0.0000000E+00
  0.0000000E+00
  0.0000000E+00
  0.0000000E+00
  0.0000000E+00
  0.0000000E+00
  0.0000000E+00
  0.0000000E+00
  0.0000000E+00
  0.0000000E+00
  0.0000000E+00
  0.0000000E+00
  0.0000000E+00
  0.0000000E+00
  0.0000000E+00
  0.0000000E+00
  0.0000000E+00
  0.0000000E+00
  0.0000000E+00
  0.0000000E+00
  0.0000000E+00
  0.0000000E+00
  0.0000000E+00
  0.0000000E+00
  0.0000000E+00
  0.0000000E+00
  0.0000000E+00
  0.0000000E+00
  0.0000000E+00
  0.0000000E+00
  0.0000000E+00
  0.0000000E+00
  0.0000000E+00
  0.0000000E+00
  0.0000000E+00
  0.0000000E+00
  0.0000000E+00
  0.0000000E+00
  0.0000000E+00
  0.0000000E+00
  0.0000000E+00
  0.0000000E+00
  0.0000000E+00
  0.0000000E+00
  0.0000000E+00
  0.0000000E+00
  0.0000000E+00
  0.0000000E+00
  0.0000000E+00
  0.0000000E+00
  0.0000000E+00
  0.0000000E+00
  0.0000000E+00
  0.0000000E+00
  0.0000000E+00
  0.0000000E+00
  0.0000000E+00
  0.0000000E+00
  0.0000000E+00
  0.0000000E+00
  0.0000000E+00
  0.0000000E+00
  0.0000000E+00
  0.0000000E+00
  0.0000000E+00
  0.0000000E+00
  0.0000000E+00
  0.0000000E+00
  0.0000000E+00
  0.0000000E+00
  0.0000000E+00
  0.0000000E+00
  0.0000000E+00
  0.0000000E+00
  0.0000000E+00
  0.0000000E+00
  0.0000000E+00
  0.0000000E+00
  0.0000000E+00
  0.0000000E+00
  0.0000000E+00
  0.0000000E+00
  0.0000000E+00
  0.0000000E+00
  0.0000000E+00
  0.0000000E+00
  0.0000000E+00
  0.0000000E+00
  0.0000000E+00
  0.0000000E+00
  0.0000000E+00
  0.0000000E+00
  0.0000000E+00
  0.0000000E+00
  0.0000000E+00
  0.0000000E+00
  0.0000000E+00
  0.0000000E+00
  0.0000000E+00
  0.0000000E+00
  0.0000000E+00
  0.0000000E+00
  0.0000000E+00
  0.0000000E+00
  0.0000000E+00
  0.0000000E+00
 -7.8020044E-09
 -2.3384890E-08
 -4.6643180E-08
 -7.7181987E-08
 -1.1381486E-07
 -1.3800712E-07
 -1.4367191E-07
 -1.1992320E-07
 -4.9804942E-08
  8.9793822E-08
  3.1854378E-07
  6.6440708E-07
  1.1504161E-06
  1.7890003E-06
  2.5776360E-06
  3.4971956E-06
  4.5135275E-06
  5.5819723E-06
  6.6536013E-06
  7.6817414E-06
  8.6271184E-06
  9.4608404E-06
  1.0164783E-05
  1.0729883E-05
  1.1153043E-05
  1.1434149E-05
  1.1574042E-05
  1.1574461E-05
  1.1439725E-05
  1.1179952E-05
  1.0814379E-05
  1.0373619E-05
  9.8992987E-06
  9.4409233E-06
  9.0498615E-06
  8.7719618E-06
  8.6402297E-06
  8.6697291E-06
  8.8556317E-06
  9.1749589E-06
  9.5911219E-06
  1.0060266E-05
  1.0537670E-05
  1.0983228E-05
  1.1364958E-05
  1.1660775E-05
  1.1858468E-05
  1.1954648E-05
  1.1952847E-05
  1.1861588E-05
  1.1692429E-05
  1.1458394E-05
  1.1172531E-05
  1.0847026E-05
  1.0492464E-05
  1.0117508E-05
  9.7285183E-06
  9.3295312E-06
  8.9221821E-06
  8.5059537E-06
  8.0785267E-06
  7.6366514E-06
  7.1772201E-06
  6.6985681E-06
  6.2014929E-06
  5.6899712E-06
  5.1711254E-06
  4.6546088E-06
  4.1513999E-06
  3.6724593E-06
  3.2274281E-06
  2.8236625E-06
  2.4656583E-06
  2.1549940E-06
  1.8906284E-06
  1.6695664E-06
  1.4877908E-06
  1.3414614E-06
  1.2281783E-06
  1.1480575E-06
  1.1041393E-06
  1.1017513E-06
  1.1465993E-06
  1.2419065E-06
  1.3853549E-06
  1.5669583E-06
  1.7687859E-06
  1.9669676E-06
  2.1355418E-06
  2.2511574E-06
  2.2972549E-06
  2.2666907E-06
  2.1622131E-06
  1.9950191E-06
  1.7819829E-06
  1.5424361E-06
  1.2952022E-06
  1.0564323E-06
  8.3835738E-07
  6.4891236E-07
  4.9199662E-07
  3.6812798E-07
  2.7521966E-07
  2.0933253E-07
  1.6530133E-07
  1.3721971E-07
  1.1877432E-07
  1.0340973E-07
  8.4304034E-08
  5.4192430E-08
  5.2393574E-09
 -7.0667149E-08
 -1.8075386E-07
 -3.2911677E-07
 -5.1366618E-07
 -7.2317494E-07
 -9.3568269E-07
 -1.1194323E-06
 -1.2367437E-06
 -1.2502387E-06
 -1.1298243E-06
 -8.5859978E-07
 -4.3608435E-07
  1.2186842E-07
  7.8612368E-07
  1.5191544E-06
  2.2804190E-06
  3.0310900E-06
  3.7374364E-06
  4.3727714E-06
  4.9181531E-06
  5.3622985E-06
  5.7008888E-06
  5.9356767E-06
  6.0733501E-06
  6.1242799E-06
  6.1009519E-06
  6.0160373E-06
  5.8793826E-06
  5.6932508E-06
  5.4450334E-06
  5.0981466E-06
  4.5831725E-06
  3.7933326E-06
  2.5886552E-06
  8.1197322E-07
 -1.6840135E-06
 -5.0037079E-06
 -9.1777774E-06
 -1.4143304E-05
 -1.9740617E-05
 -2.5728235E-05
 -3.1811356E-05
 -3.7677513E-05
 -4.3031338E-05
 -4.7623569E-05
 -5.1269799E-05
 -5.3860120E-05
 -5.5359473E-05
 -5.5801596E-05
 -5.5276760E-05
 -5.3917025E-05
 -5.1879000E-05
 -4.9327460E-05
 -4.6419893E-05
 -4.3295488E-05
 -4.0068127E-05
 -3.6824644E-05
 -3.3626577E-05
 -3.0515594E-05
 -2.7519314E-05
 -2.4656902E-05
 -2.1942189E-05
 -1.9384910E-05
 -1.6989656E-05
 -1.4754330E-05
 -1.2668895E-05
 -1.0716106E-05
 -8.8738807E-06
 -7.1191821E-06
 -5.4319280E-06
 -3.7980783E-06
 -2.2106010E-06
 -6.6837021E-07
  8.2672869E-07
  2.2732127E-06
  3.6729416E-06
  5.0324561E-06
  6.3621810E-06
  7.6737551E-06
  8.9763626E-06
  1.0273472E-05
  1.1561641E-05
  1.2833642E-05
  1.4087595E-05
  1.5342937E-05
  1.6660702E-05
  1.8162980E-05
  2.0042802E-05
  2.2556103E-05
  2.5990628E-05
  3.0614872E-05
  3.6617374E-05
  4.4053173E-05
  5.2811851E-05
  6.2618128E-05
  7.3064111E-05
  8.3665851E-05
  9.3927978E-05
  1.0340437E-04
  1.1174211E-04
  1.1870570E-04
  1.2417858E-04
  1.2814980E-04
  1.3068975E-04
  1.3192334E-04
  1.3200297E-04
  1.3108940E-04
  1.2933799E-04
  1.2689317E-04
  1.2388614E-04
  1.2043733E-04
  1.1665791E-04
  1.1265201E-04
  1.0851499E-04
  1.0433232E-04
  1.0017642E-04
  9.6104886E-05
  9.2158254E-05
  8.8361143E-05
  8.4723717E-05
  8.1245584E-05
  7.7918405E-05
  7.4730408E-05
  7.1668692E-05
  6.8721776E-05
  6.5879816E-05
  6.3135783E-05
  6.0485414E-05
  5.7928050E-05
  5.5466389E-05
  5.3107127E-05
  5.0860119E-05
  4.8737336E-05
  4.6749941E-05
  4.4904908E-05
  4.3199605E-05
  4.1615764E-05
  4.0112656E-05
  3.8623282E-05
  3.7054651E-05
  3.5295547E-05
  3.3230492E-05
  3.0759107E-05
  2.7814991E-05
  2.4380066E-05
  2.0489646E-05
  1.6228490E-05
  1.1718585E-05
  7.1032132E-06
  2.5309457E-06
 -1.8567989E-06
 -5.9338749E-06
 -9.5934793E-06
 -1.2749745E-05
 -1.5338564E-05
 -1.7318829E-05
 -1.8674413E-05
 -1.9415676E-05
 -1.9579835E-05
 -1.9228773E-05
 -1.8444216E-05
 -1.7320328E-05
 -1.5955613E-05
 -1.4444929E-05
 -1.2873269E-05
 -1.1311346E-05
 -9.8133432E-06
 -8.4159747E-06
 -7.1386089E-06
 -5.9840531E-06
 -4.9405012E-06
 -3.9846650E-06
 -3.0863780E-06
 -2.2141646E-06
 -1.3410114E-06
 -4.4904687E-07
  4.6785473E-07
  1.4040638E-06
  2.3444677E-06
  3.2680787E-06
  4.1516473E-06
  4.9719342E-06
  5.7061798E-06
  6.3310335E-06
  6.8211493E-06
  7.1487643E-06
  7.2855955E-06
  7.2071025E-06
  6.8986224E-06
  6.3617686E-06
  5.6199269E-06
  4.7214044E-06
  3.7395505E-06
  2.7691092E-06
  1.9187912E-06
  1.3001110E-06
  1.0137925E-06
  1.1358137E-06
  1.7059843E-06
  2.7215517E-06
  4.1374478E-06
  5.8728306E-06
  7.8222238E-06
  9.8685405E-06
  1.1895585E-05
  1.3797883E-05
  1.5487482E-05
  1.6897562E-05
  1.7983786E-05
  1.8723569E-05
  1.9114335E-05
  1.9170606E-05
  1.8920537E-05
  1.8401564E-05
  1.7656115E-05
  1.6727388E-05
  1.5656076E-05
  1.4478018E-05
  1.3223730E-05
  1.1919160E-05
  1.0587706E-05
  9.2524724E-06
  7.9383144E-06
  6.6723892E-06
  5.4830084E-06
  4.3964678E-06
  3.4327957E-06
  2.6012979E-06
  1.8975034E-06
  1.3025731E-06
  7.8584407E-07
  3.1002091E-07
 -1.6206035E-07
 -6.6077081E-07
 -1.2046839E-06
 -1.7983406E-06
 -2.4330809E-06
 -3.0903800E-06
 -3.7465943E-06
 -4.3775412E-06
 -4.9614609E-06
 -5.4791503E-06
 -5.9112176E-06
 -6.2333943E-06
 -6.4122260E-06
 -6.4036658E-06
 -6.1569854E-06
 -5.6243002E-06
 -4.7739500E-06
 -3.6036897E-06
 -2.1493968E-06
 -4.8563737E-07
  1.2828100E-06
  3.0366207E-06
  4.6606874E-06
  6.0613697E-06
  7.1784452E-06
  7.9896827E-06
  8.5083757E-06
  8.7753742E-06
  8.8483075E-06
  8.7901453E-06
  8.6593782E-06
  8.5026468E-06
  8.3505611E-06
  8.2163633E-06
  8.0973687E-06
  7.9783049E-06
  7.8361963E-06
  7.6456627E-06
  7.3841948E-06
  7.0363176E-06
  6.5961990E-06
  6.0680500E-06
  5.4645775E-06
  4.8035631E-06
  4.1034136E-06
  3.3783942E-06
  2.6346786E-06
  1.8679990E-06
  1.0637178E-06
  1.9951845E-07
 -7.4947394E-07
 -1.8042991E-06
 -2.9760747E-06
 -4.2618831E-06
 -5.6439408E-06
 -7.0922879E-06
 -8.5702532E-06
 -1.0040846E-05
 -1.1472377E-05
 -1.2841693E-05
 -1.4134767E-05
 -1.5344731E-05
 -1.6468992E-05
 -1.7506707E-05
 -1.8458133E-05
 -1.9325951E-05
 -2.0118676E-05
 -2.0854270E-05
 -2.1562590E-05
 -2.2284248E-05
 -2.3065910E-05
 -2.3951879E-05
 -2.4974443E-05
 -2.6144766E-05
 -2.7447555E-05
 -2.8840250E-05
 -3.0257544E-05
 -3.1619209E-05
 -3.2840264E-05
 -3.3840712E-05
 -3.4553766E-05
 -3.4930643E-05
 -3.4942994E-05
 -3.4582397E-05
 -3.3858811E-05
 -3.2797787E-05
 -3.1438416E-05
 -2.9831033E-05
 -2.8035229E-05
 -2.6116681E-05
 -2.4143748E-05
 -2.2182892E-05
 -2.0294325E-05
 -1.8527955E-05
 -1.6921103E-05
 -1.5497568E-05
 -1.4268217E-05
 -1.3232008E-05
 -1.2377538E-05
 -1.1684347E-05
 -1.1124600E-05
 -1.0665164E-05
 -1.0270772E-05
 -9.9077524E-06
 -9.5480536E-06
 -9.1724251E-06
 -8.7724247E-06
 -8.3505865E-06
 -7.9190859E-06
 -7.4970217E-06
 -7.1071804E-06
 -6.7725573E-06
 -6.5133108E-06
 -6.3444181E-06
 -6.2748090E-06
 -6.3082139E-06
 -6.4460955E-06
 -6.6920361E-06
 -7.0566348E-06
 -7.5609969E-06
 -8.2371662E-06
 -9.1241718E-06
 -1.0260052E-05
 -1.1671239E-05
 -1.3362228E-05
 -1.5307989E-05
 -1.7451797E-05
 -1.9708974E-05
 -2.1976392E-05
 -2.4145271E-05
 -2.6115327E-05
 -2.7807011E-05
 -2.9170196E-05
 -3.0187044E-05
 -3.0869836E-05
 -3.1253909E-05
 -3.1388125E-05
 -3.1324253E-05
 -3.1108473E-05
 -3.0775453E-05
 -3.0346509E-05
 -2.9830475E-05
 -2.9227382E-05
 -2.8532852E-05
 -2.7742795E-05
 -2.6856835E-05
 -2.5881278E-05
 -2.4830650E-05
 -2.3728380E-05
 -2.2605764E-05
 -2.1499853E-05
 -2.0449608E-05
 -1.9491283E-05
 -1.8653371E-05
 -1.7952922E-05
 -1.7393404E-05
 -1.6965021E-05
 -1.6646629E-05
 -1.6409225E-05
 -1.6219565E-05
 -1.6043698E-05
 -1.5849506E-05
 -1.5608832E-05
 -1.5298761E-05
 -1.4902769E-05
 -1.4411235E-05
 -1.3822008E-05
 -1.3140214E-05
 -1.2377563E-05
 -1.1550374E-05
 -1.0676768E-05
 -9.7727316E-06
 -8.8480328E-06
 -7.9026686E-06
 -6.9254443E-06
 -5.8953442E-06
 -4.7861263E-06
 -3.5731446E-06
 -2.2409611E-06
 -7.8937467E-07
  7.6375574E-07
  2.3837517E-06
  4.0239952E-06
  5.6331678E-06
  7.1630707E-06
  8.5752436E-06
  9.8453538E-06
  1.0964755E-05
  1.1939490E-05
  1.2786902E-05
  1.3531010E-05
  1.4197265E-05
  1.4807842E-05
  1.5377869E-05
  1.5913625E-05
  1.6412461E-05
  1.6864626E-05
  1.7255919E-05
  1.7571065E-05
  1.7796583E-05
  1.7923039E-05
  1.7945944E-05
  1.7865879E-05
  1.7687589E-05
  1.7418890E-05
  1.7069213E-05
  1.6648881E-05
  1.6168726E-05
  1.5640457E-05
  1.5076999E-05
  1.4492997E-05
  1.3904549E-05
  1.3328455E-05
  1.2780695E-05
  1.2275083E-05
  1.1822151E-05
  1.1428961E-05
  1.1099500E-05
  1.0835773E-05
  1.0638808E-05
  1.0509571E-05
  1.0449499E-05
  1.0461355E-05
  1.0550421E-05
  1.0726289E-05
  1.1004347E-05
  1.1406347E-05
  1.1958618E-05
  1.2687790E-05
  1.3614109E-05
  1.4744196E-05
  1.6064801E-05
  1.7539771E-05
  1.9110774E-05
  2.0702455E-05
  2.2230472E-05
  2.3611283E-05
  2.4771047E-05
  2.5652844E-05
  2.6220659E-05
  2.6460437E-05
  2.6378088E-05
  2.5996143E-05
  2.5349291E-05
  2.4480119E-05
  2.3434817E-05
  2.2259921E-05
  2.0999540E-05
  1.9693611E-05
  1.8376559E-05
  1.7077100E-05
  1.5818257E-05
  1.4617860E-05
  1.3488905E-05
  1.2440146E-05
  1.1476529E-05
  1.0599867E-05
  9.8095279E-06
  9.1035517E-06
  8.4796529E-06
  7.9361735E-06
  7.4723862E-06
  7.0882998E-06
  6.7836249E-06
  6.5563531E-06
  6.4010464E-06
  6.3075458E-06
  6.2602244E-06
  6.2382492E-06
  6.2167042E-06
  6.1687228E-06
  6.0681537E-06
  5.8925102E-06
  5.6255262E-06
  5.2590017E-06
  4.7932363E-06
  4.2358911E-06
  3.5991577E-06
  2.8959300E-06
  2.1358167E-06
  1.3223655E-06
  4.5253100E-07
 -4.8100293E-07
 -1.4852226E-06
 -2.5612514E-06
 -3.6996878E-06
 -4.8784741E-06
 -6.0640696E-06
 -7.2156995E-06
 -8.2913739E-06
 -9.2542232E-06
 -1.0077574E-05
 -1.0748003E-05
 -1.1265804E-05
 -1.1643423E-05
 -1.1902212E-05
 -1.2068412E-05
 -1.2168788E-05
 -1.2226948E-05
 -1.2260520E-05
 -1.2279869E-05
 -1.2287998E-05
 -1.2281969E-05
 -1.2255011E-05
 -1.2199109E-05
 -1.2107113E-05
 -1.1974392E-05
 -1.1799408E-05
 -1.1583536E-05
 -1.1329965E-05
 -1.1042446E-05
 -1.0723971E-05
 -1.0376035E-05
 -9.9983863E-06
 -9.5897294E-06
 -9.1487882E-06
 -8.6756509E-06
 -8.1727349E-06
 -7.6454116E-06
 -7.1019508E-06
 -6.5530971E-06
 -6.0111747E-06
 -5.4891830E-06
 -4.9996756E-06
 -4.5536713E-06
 -4.1595808E-06
 -3.8226090E-06
 -3.5448727E-06
 -3.3266956E-06
 -3.1689740E-06
 -3.0762603E-06
 -3.0594449E-06
 -3.1369059E-06
 -3.3330125E-06
 -3.6738297E-06
 -4.1806570E-06
 -4.8630568E-06
 -5.7131638E-06
 -6.7030569E-06
 -7.7858704E-06
 -8.9005844E-06
 -9.9791587E-06
 -1.0954674E-05
 -1.1768679E-05
 -1.2376730E-05
 -1.2751202E-05
 -1.2881767E-05
 -1.2773719E-05
 -1.2445188E-05
 -1.1923595E-05
 -1.1242365E-05
 -1.0437852E-05
 -9.5469177E-06
 -8.6048249E-06
 -7.6439273E-06
 -6.6926709E-06
 -5.7751258E-06
 -4.9106416E-06
 -4.1138114E-06
 -3.3943772E-06
 -2.7572994E-06
 -2.2029324E-06
 -1.7276379E-06
 -1.3247485E-06
 -9.8596286E-07
 -7.0290042E-07
 -4.6857181E-07
 -2.7834048E-07
 -1.3014595E-07
 -2.3854302E-08
  4.0105391E-08
  6.2505755E-08
  4.6998149E-08
  1.2396811E-09
 -6.2894735E-08
 -1.3013947E-07
 -1.8362702E-07
 -2.0728935E-07
 -1.8839121E-07
 -1.1963274E-07
 -3.0484842E-10
  1.6389814E-07
  3.6257427E-07
  5.8367698E-07
  8.1741172E-07
  1.0600388E-06
  1.3164630E-06
  1.6005836E-06
  1.9329207E-06
  2.3357723E-06
  2.8271511E-06
  3.4151351E-06
  4.0943505E-06
  4.8455086E-06
  5.6381705E-06
  6.4357710E-06
  7.2016760E-06
  7.9045940E-06
  8.5225347E-06
  9.0445965E-06
  9.4707584E-06
  9.8097962E-06
  1.0076231E-05
  1.0286697E-05
  1.0456631E-05
  1.0597520E-05
  1.0715469E-05
  1.0810911E-05
  1.0879569E-05
  1.0914016E-05
  1.0905728E-05
  1.0846866E-05
  1.0731724E-05
  1.0557408E-05
  1.0324044E-05
  1.0034338E-05
  9.6928852E-06
  9.3050994E-06
  8.8764164E-06
  8.4116145E-06
  7.9147130E-06
  7.3891420E-06
  6.8384616E-06
  6.2671120E-06
  5.6812091E-06
  5.0889598E-06
  4.5008778E-06
  3.9294850E-06
  3.3887093E-06
  2.8928880E-06
  2.4556455E-06
  2.0886926E-06
  1.8008831E-06
  1.5977557E-06
  1.4819173E-06
  1.4542577E-06
  1.5158441E-06
  1.6698392E-06
  1.9226918E-06
  2.2837519E-06
  2.7630306E-06
  3.3673125E-06
  4.0956666E-06
  4.9356058E-06
  5.8612550E-06
  6.8340401E-06
  7.8060802E-06
  8.7253857E-06
  9.5418291E-06
  1.0212486E-05
  1.0705607E-05
  1.1002571E-05
  1.1098089E-05
  1.0998696E-05
  1.0720533E-05
  1.0286653E-05
  9.7245020E-06
  9.0634931E-06
  8.3332116E-06
  7.5618968E-06
  6.7755459E-06
  5.9972695E-06
  5.2471264E-06
  4.5419820E-06
  3.8953785E-06
  3.3171634E-06
  2.8131496E-06
  2.3848161E-06
  2.0294653E-06
  1.7409262E-06
  1.5109052E-06
  1.3306530E-06
  1.1926062E-06
  1.0914872E-06
  1.0246025E-06
  9.9118392E-07
  9.9101294E-07
  1.0226867E-06
  1.0820652E-06
  1.1612947E-06
  1.2487175E-06
  1.3296801E-06
  1.3881375E-06
  1.4086964E-06
  1.3787584E-06
  1.2902958E-06
  1.1409634E-06
  9.3420749E-07
  6.7824129E-07
  3.8387111E-07
  6.1535992E-08
 -2.8187034E-07
 -6.4549624E-07
 -1.0354554E-06
 -1.4635913E-06
 -1.9441384E-06
 -2.4890676E-06
 -3.1034076E-06
 -3.7820071E-06
 -4.5087054E-06
 -5.2582182E-06
 -6.0000357E-06
 -6.7033761E-06
 -7.3418319E-06
 -7.8968687E-06
 -8.3594668E-06
 -8.7300868E-06
 -9.0171006E-06
 -9.2343316E-06
 -9.3980161E-06
 -9.5239693E-06
 -9.6251579E-06
 -9.7102011E-06
 -9.7826605E-06
 -9.8414848E-06
 -9.8820856E-06
 -9.8979954E-06
 -9.8824330E-06
 -9.8297751E-06
 -9.7363873E-06
 -9.6009799E-06
 -9.4242159E-06
 -9.2081391E-06
 -8.9553241E-06
 -8.6682876E-06
 -8.3490922E-06
 -7.9995061E-06
 -7.6214492E-06
 -7.2177231E-06
 -6.7925475E-06
 -6.3520106E-06
 -5.9040326E-06
 -5.4580555E-06
 -5.0243666E-06
 -4.6134255E-06
 -4.2351439E-06
 -3.8983344E-06
 -3.6102308E-06
 -3.3762881E-06
 -3.2001783E-06
 -3.0842086E-06
 -3.0301069E-06
 -3.0402066E-06
 -3.1185948E-06
 -3.2717905E-06
 -3.5083065E-06
 -3.8369026E-06
 -4.2635979E-06
 -4.7882227E-06
 -5.4013922E-06
 -6.0830239E-06
 -6.8028685E-06
 -7.5232092E-06
 -8.2029483E-06
 -8.8023726E-06
 -9.2874216E-06
 -9.6329068E-06
 -9.8240507E-06
 -9.8566588E-06
 -9.7360453E-06
 -9.4752986E-06
 -9.0930844E-06
 -8.6116352E-06
 -8.0547934E-06
 -7.4464924E-06
 -6.8094319E-06
 -6.1643041E-06
 -5.5292576E-06
 -4.9197242E-06
 -4.3482660E-06
 -3.8245566E-06
 -3.3552017E-06
 -2.9435967E-06
 -2.5898576E-06
 -2.2911329E-06
 -2.0423001E-06
 -1.8371147E-06
 -1.6695130E-06
 -1.5348411E-06
 -1.4305772E-06
 -1.3563795E-06
 -1.3133571E-06
 -1.3028065E-06
 -1.3246907E-06
 -1.3763163E-06
 -1.4515077E-06
 -1.5405451E-06
 -1.6308613E-06
 -1.7084103E-06
 -1.7594087E-06
 -1.7721743E-06
 -1.7387064E-06
 -1.6557291E-06
 -1.5249092E-06
 -1.3521560E-06
 -1.1459300E-06
 -9.1480780E-07
 -6.6474382E-07
 -3.9677826E-07
 -1.0592598E-07
  2.1816577E-07
  5.8871194E-07
  1.0179415E-06
  1.5129599E-06
  2.0725433E-06
  2.6857658E-06
  3.3328959E-06
  3.9882211E-06
  4.6240411E-06
  5.2147448E-06
  5.7401799E-06
  6.1877045E-06
  6.5528716E-06
  6.8386921E-06
  7.0540141E-06
  7.2112416E-06
  7.3239435E-06
  7.4045161E-06
  7.4625000E-06
  7.5035327E-06
  7.5292519E-06
  7.5378252E-06
  7.5251478E-06
  7.4861891E-06
  7.4163140E-06
  7.3121150E-06
  7.1719137E-06
  6.9956768E-06
  6.7847382E-06
  6.5412314E-06
  6.2677414E-06
  5.9670724E-06
  5.6423373E-06
  5.2971268E-06
  4.9358678E-06
  4.5639858E-06
  4.1879371E-06
  3.8149124E-06
  3.4524382E-06
  3.1078548E-06
  2.7878932E-06
  2.4983292E-06
  2.2438705E-06
  2.0281173E-06
  1.8536460E-06
  1.7221503E-06
  1.6347811E-06
  1.5926946E-06
  1.5978478E-06
  1.6537945E-06
  1.7661787E-06
  1.9424263E-06
  2.1904075E-06
  2.5160739E-06
  2.9206435E-06
  3.3980843E-06
  3.9337820E-06
  4.5048287E-06
  5.0820777E-06
  5.6333947E-06
  6.1274427E-06
  6.5370114E-06
  6.8414943E-06
  7.0280921E-06
  7.0919559E-06
  7.0353758E-06
  6.8666327E-06
  6.5985673E-06
  6.2472823E-06
  5.8307965E-06
  5.3679510E-06
  4.8773531E-06
  4.3765626E-06
  3.8813751E-06
  3.4054422E-06
  2.9599821E-06
  2.5536481E-06
  2.1923800E-06
  1.8793625E-06
  1.6150473E-06
  1.3974275E-06
  1.2225840E-06
  1.0855678E-06
  9.8140811E-07
  9.0606164E-07
  8.5698929E-07
  8.3322448E-07
  8.3484912E-07
  8.6204892E-07
  9.1397800E-07
  9.8778435E-07
  1.0780308E-06
  1.1766963E-06
  1.2737257E-06
  1.3580654E-06
  1.4189436E-06
  1.4472139E-06
  1.4364880E-06
  1.3839240E-06
  1.2904414E-06
  1.1602971E-06
  9.9991382E-07
  8.1611506E-07
  6.1401306E-07
  3.9510519E-07
  1.5614883E-07
 -1.1060986E-07
 -4.1570257E-07
 -7.6948038E-07
 -1.1786873E-06
 -1.6435581E-06
 -2.1563039E-06
 -2.7014462E-06
 -3.2578498E-06
 -3.8018923E-06
 -4.3109208E-06
 -4.7663029E-06
 -5.1554039E-06
 -5.4724419E-06
 -5.7181819E-06
 -5.8988021E-06
 -6.0240773E-06
 -6.1054343E-06
 -6.1539963E-06
 -6.1790665E-06
 -6.1870692E-06
 -6.1812570E-06
 -6.1619962E-06
 -6.1275855E-06
 -6.0751981E-06
 -6.0019065E-06
 -5.9053614E-06
 -5.7842149E-06
 -5.6381032E-06
 -5.4675124E-06
 -5.2735104E-06
 -5.0576009E-06
 -4.8216293E-06
 -4.5679476E-06
 -4.2995848E-06
 -4.0204627E-06
 -3.7354137E-06
 -3.4500918E-06
 -3.1706415E-06
 -2.9032869E-06
 -2.6538314E-06
 -2.4273106E-06
 -2.2277407E-06
 -2.0580646E-06
 -1.9201862E-06
 -1.8151231E-06
 -1.7431956E-06
 -1.7043411E-06
 -1.6985571E-06
 -1.7265417E-06
 -1.7903516E-06
 -1.8938450E-06
 -2.0425148E-06
 -2.2425152E-06
 -2.4988515E-06
 -2.8131492E-06
 -3.1815705E-06
 -3.5936334E-06
 -4.0323216E-06
 -4.4756230E-06
 -4.8990019E-06
 -5.2783325E-06
 -5.5924997E-06
 -5.8253077E-06
 -5.9663594E-06
 -6.0111829E-06
 -5.9606959E-06
 -5.8204441E-06
 -5.5996384E-06
 -5.3103058E-06
 -4.9663931E-06
 -4.5829293E-06
 -4.1751255E-06
 -3.7576215E-06
 -3.3437989E-06
 -2.9453240E-06
 -2.5718109E-06
 -2.2306861E-06
 -1.9270938E-06
 -1.6639018E-06
 -1.4417558E-06
 -1.2593507E-06
 -1.1138893E-06
 -1.0017746E-06
 -9.1938966E-07
 -8.6381988E-07
 -8.3327103E-07
 -8.2706686E-07
 -8.4517450E-07
 -8.8740944E-07
 -9.5251426E-07
 -1.0374060E-06
 -1.1367675E-06
 -1.2431381E-06
 -1.3474482E-06
 -1.4399235E-06
 -1.5111394E-06
 -1.5530908E-06
 -1.5600763E-06
 -1.5293037E-06
 -1.4610662E-06
 -1.3584589E-06
 -1.2265467E-06
 -1.0710426E-06
 -8.9665218E-07
 -7.0548896E-07
 -4.9599959E-07
 -2.6288706E-07
  1.7393518E-09
  3.0611500E-07
  6.5602472E-07
  1.0522598E-06
  1.4890813E-06
  1.9541717E-06
  2.4300712E-06
  2.8967231E-06
  3.3343870E-06
  3.7263112E-06
  4.0606205E-06
  4.3312534E-06
  4.5378574E-06
  4.6849727E-06
  4.7806420E-06
  4.8348325E-06
  4.8577858E-06
  4.8586712E-06
  4.8445813E-06
  4.8200964E-06
  4.7872486E-06
  4.7460062E-06
  4.6949326E-06
  4.6319642E-06
  4.5549873E-06
  4.4622675E-06
  4.3526011E-06
  4.2253378E-06
  4.0802620E-06
  3.9175839E-06
  3.7379709E-06
  3.5427202E-06
  3.3339049E-06
  3.1145439E-06
  2.8886002E-06
  2.6608354E-06
  2.4364449E-06
  2.2206511E-06
  2.0182520E-06
  1.8332952E-06
  1.6688779E-06
  1.5271568E-06
  1.4094564E-06
  1.3164640E-06
  1.2484192E-06
  1.2053653E-06
  1.1874530E-06
  1.1953701E-06
  1.2307897E-06
  1.2967060E-06
  1.3973527E-06
  1.5375317E-06
  1.7212706E-06
  1.9501108E-06
  2.2214565E-06
  2.5275913E-06
  2.8556622E-06
  3.1888053E-06
  3.5080743E-06
  3.7947218E-06
  4.0322207E-06
  4.2077322E-06
  4.3127970E-06
  4.3434347E-06
  4.2997367E-06
  4.1853364E-06
  4.0067966E-06
  3.7730504E-06
  3.4947545E-06
  3.1836878E-06
  2.8520415E-06
  2.5117688E-06
  2.1739547E-06
  1.8483828E-06
  1.5432228E-06
  1.2648651E-06
  1.0178147E-06
  8.0468254E-07
  6.2623599E-07
  4.8160217E-07
  3.6864569E-07
  2.8454031E-07
  2.2641909E-07
  1.9196762E-07
  1.7976814E-07
  1.8928812E-07
  2.2048152E-07
  2.7311907E-07
  3.4602911E-07
  4.3647862E-07
  5.3986088E-07
  6.4978315E-07
  7.5851995E-07
  8.5774667E-07
  9.3939155E-07
  9.9649264E-07
  1.0238981E-06
  1.0187632E-06
  9.8074349E-07
  9.1183705E-07
  8.1579856E-07
  6.9716532E-07
  5.5996719E-07
  4.0640481E-07
  2.3585513E-07
  4.4625828E-08
 -1.7331070E-07
 -4.2462793E-07
 -7.1438683E-07
 -1.0438331E-06
 -1.4089190E-06
 -1.8000212E-06
 -2.2029028E-06
 -2.6006915E-06
 -2.9762873E-06
 -3.3146887E-06
 -3.6046936E-06
 -3.8398498E-06
 -4.0185660E-06
 -4.1436087E-06
 -4.2210581E-06
 -4.2590850E-06
 -4.2666229E-06
 -4.2521992E-06
 -4.2229535E-06
 -4.1840972E-06
 -4.1387138E-06
 -4.0879977E-06
 -4.0316695E-06
 -3.9685769E-06
 -3.8972121E-06
 -3.8161179E-06
 -3.7240577E-06
 -3.6201066E-06
 -3.5036451E-06
 -3.3744072E-06
 -3.2325515E-06
 -3.0788540E-06
 -2.9148689E-06
 -2.7430656E-06
 -2.5667605E-06
 -2.3899531E-06
 -2.2169595E-06
 -2.0520154E-06
 -1.8988557E-06
 -1.7604482E-06
 -1.6388700E-06
 -1.5353695E-06
 -1.4505175E-06
 -1.3844444E-06
 -1.3370411E-06
 -1.3081692E-06
 -1.2978643E-06
 -1.3066220E-06
 -1.3357037E-06
 -1.3873821E-06
 -1.4648986E-06
 -1.5719892E-06
 -1.7118909E-06
 -1.8860316E-06
 -2.0927005E-06
 -2.3262014E-06
 -2.5767781E-06
 -2.8314487E-06
 -3.0754788E-06
 -3.2941982E-06
 -3.4746097E-06
 -3.6065799E-06
 -3.6833619E-06
 -3.7016578E-06
 -3.6613199E-06
 -3.5649591E-06
 -3.4174900E-06
 -3.2257631E-06
 -2.9981318E-06
 -2.7440078E-06
 -2.4732856E-06
 -2.1957926E-06
 -1.9207362E-06
 -1.6562916E-06
 -1.4092798E-06
 -1.1850307E-06
 -9.8729708E-07
 -8.1826295E-07
 -6.7860282E-07
 -5.6766748E-07
 -4.8379064E-07
 -4.2474446E-07
 -3.8825291E-07
 -3.7246602E-07
 -3.7622991E-07
 -3.9906914E-07
 -4.4084950E-07
 -5.0122378E-07
 -5.7900371E-07
 -6.7166087E-07
 -7.7507968E-07
 -8.8365380E-07
 -9.9068131E-07
 -1.0889926E-06
 -1.1716580E-06
 -1.2326876E-06
 -1.2676053E-06
 -1.2738574E-06
 -1.2509666E-06
 -1.2004425E-06
 -1.1253582E-06
 -1.0296149E-06
 -9.1691908E-07
 -7.8969197E-07
 -6.4816209E-07
 -4.9000300E-07
 -3.1074077E-07
 -1.0499716E-07
  1.3171319E-07
  4.0110444E-07
  7.0072258E-07
  1.0234634E-06
  1.3581545E-06
  1.6910362E-06
  2.0077111E-06
  2.2950944E-06
  2.5429576E-06
  2.7448787E-06
  2.8984878E-06
  3.0051885E-06
  3.0694548E-06
  3.0979033E-06
  3.0982046E-06
  3.0780866E-06
  3.0444373E-06
  3.0027038E-06
  2.9565485E-06
  2.9078853E-06
  2.8571380E-06
  2.8036845E-06
  2.7462743E-06
  2.6834261E-06
  2.6136618E-06
  2.5356683E-06
  2.4483611E-06
  2.3509958E-06
  2.2432964E-06
  2.1256408E-06
  1.9991953E-06
  1.8660085E-06
  1.7289358E-06
  1.5914324E-06
  1.4571905E-06
  1.3297577E-06
  1.2121702E-06
  1.1067248E-06
  1.0148890E-06
  9.3739783E-07
  8.7443522E-07
  8.2586865E-07
  7.9143950E-07
  7.7093290E-07
  7.6431837E-07
  7.7193272E-07
  7.9468435E-07
  8.3423959E-07
  8.9302165E-07
  9.7389557E-07
  1.0794354E-06
  1.2109102E-06
  1.3672213E-06
  1.5441798E-06
  1.7343721E-06
  1.9277636E-06
  2.1128658E-06
  2.2781867E-06
  2.4135318E-06
  2.5109473E-06
  2.5651354E-06
  2.5734776E-06
  2.5357531E-06
  2.4538351E-06
  2.3313739E-06
  2.1735684E-06
  1.9868764E-06
  1.7787132E-06
  1.5570195E-06
  1.3297954E-06
  1.1046117E-06
  8.8823191E-07
  6.8633722E-07
  5.0338230E-07
  3.4253199E-07
  2.0567741E-07
  9.3493689E-08
  5.5841496E-09
 -5.9276541E-08
 -1.0278395E-07
 -1.2669197E-07
 -1.3243763E-07
 -1.2092305E-07
 -9.2538862E-08
 -4.7447362E-08
  1.3951682E-08
  9.0505040E-08
  1.7989576E-07
  2.7845985E-07
  3.8128891E-07
  4.8257971E-07
  5.7616700E-07
  6.5611465E-07
  7.1728863E-07
  7.5581210E-07
  7.6938352E-07
  7.5741309E-07
  7.2096833E-07
  6.6247134E-07
  5.8515383E-07
  4.9227617E-07
  3.8623844E-07
  2.6778449E-07
  1.3559269E-07
 -1.3534100E-08
 -1.8379502E-07
 -3.7898482E-07
 -6.0092515E-07
 -8.4819533E-07
 -1.1155654E-06
 -1.3942907E-06
 -1.6731977E-06
 -1.9402314E-06
 -2.1841067E-06
 -2.3956495E-06
 -2.5686875E-06
 -2.7003914E-06
 -2.7911731E-06
 -2.8441891E-06
 -2.8646566E-06
 -2.8590148E-06
 -2.8340978E-06
 -2.7963210E-06
 -2.7510800E-06
 -2.7023498E-06
 -2.6525829E-06
 -2.6027974E-06
 -2.5528952E-06
 -2.5020049E-06
 -2.4488434E-06
 -2.3919592E-06
 -2.3299353E-06
 -2.2615136E-06
 -2.1857441E-06
 -2.1021131E-06
 -2.0107295E-06
 -1.9124516E-06
 -1.8089573E-06
 -1.7026458E-06
 -1.5964315E-06
 -1.4934102E-06
 -1.3964992E-06
 -1.3081024E-06
 -1.2299198E-06
 -1.1628939E-06
 -1.1073179E-06
 -1.0630209E-06
 -1.0296054E-06
 -1.0066337E-06
 -9.9377667E-07
 -9.9090641E-07
 -9.9821557E-07
 -1.0163493E-06
 -1.0465436E-06
 -1.0906341E-06
 -1.1508470E-06
 -1.2292663E-06
 -1.3270580E-06
 -1.4436110E-06
 -1.5759178E-06
 -1.7184077E-06
 -1.8633895E-06
 -2.0019459E-06
 -2.1250992E-06
 -2.2248805E-06
 -2.2950951E-06
 -2.3316418E-06
 -2.3324994E-06
 -2.2974873E-06
 -2.2280078E-06
 -2.1268013E-06
 -1.9977995E-06
 -1.8459623E-06
 -1.6770722E-06
 -1.4973996E-06
 -1.3133392E-06
 -1.1310015E-06
 -9.5588462E-07
 -7.9262719E-07
 -6.4489018E-07
 -5.1530736E-07
 -4.0549577E-07
 -3.1609804E-07
 -2.4689604E-07
 -1.9699660E-07
 -1.6511092E-07
 -1.4988461E-07
 -1.5020636E-07
 -1.6538770E-07
 -1.9514589E-07
 -2.3936602E-07
 -2.9770757E-07
 -3.6916512E-07
 -4.5172729E-07
 -5.4222443E-07
 -6.3642386E-07
 -7.2934012E-07
 -8.1569323E-07
 -8.9040725E-07
 -9.4908131E-07
 -9.8835744E-07
 -1.0061812E-06
 -1.0019022E-06
 -9.7624786E-07
 -9.3111095E-07
 -8.6915497E-07
 -7.9320733E-07
 -7.0555427E-07
 -6.0725642E-07
 -4.9772581E-07
 -3.7475408E-07
 -2.3511329E-07
 -7.5630737E-08
  1.0552004E-07
  3.0769613E-07
  5.2716808E-07
  7.5721147E-07
  9.8888165E-07
  1.2122272E-06
  1.4176414E-06
  1.5970300E-06
  1.7446330E-06
  1.8573891E-06
  1.9349459E-06
  1.9793533E-06
  1.9945874E-06
  1.9859087E-06
  1.9591960E-06
  1.9202632E-06
  1.8742820E-06
  1.8253289E-06
  1.7761798E-06
  1.7282937E-06
  1.6820071E-06
  1.6367966E-06
  1.5915969E-06
  1.5450584E-06
  1.4957664E-06
  1.4423863E-06
  1.3838292E-06
  1.3194039E-06
  1.2489953E-06
  1.1731836E-06
  1.0933059E-06
  1.0113707E-06
  9.2985692E-07
  8.5138527E-07
  7.7838740E-07
  7.1280050E-07
  6.5589580E-07
  6.0823953E-07
  5.6980770E-07
  5.4018142E-07
  5.1877504E-07
  5.0501848E-07
  4.9848938E-07
  4.9898665E-07
  5.0660060E-07
  5.2179115E-07
  5.4547934E-07
  5.7906578E-07
  6.2428893E-07
  6.8283521E-07
  7.5574019E-07
  8.4270442E-07
  9.4156957E-07
  1.0481389E-06
  1.1564805E-06
  1.2596435E-06
  1.3505972E-06
  1.4231036E-06
  1.4723514E-06
  1.4952119E-06
  1.4902121E-06
  1.4573005E-06
  1.3976154E-06
  1.3132934E-06
  1.2073708E-06
  1.0836739E-06
  9.4669167E-07
  8.0134453E-07
  6.5268785E-07
  5.0558600E-07
  3.6443794E-07
  2.3297729E-07
  1.1417119E-07
  1.0179044E-08
 -7.7635825E-08
 -1.4867332E-07
 -2.0302205E-07
 -2.4131947E-07
 -2.6453822E-07
 -2.7372363E-07
 -2.6974260E-07
 -2.5312647E-07
 -2.2408265E-07
 -1.8268688E-07
 -1.2921517E-07
 -6.4512101E-08
  9.7147037E-09
  9.0768459E-08
  1.7504789E-07
  2.5831352E-07
  3.3607574E-07
  4.0401633E-07
  4.5837805E-07
  4.9626527E-07
  5.1584527E-07
  5.1644122E-07
  4.9851843E-07
  4.6353571E-07
  4.1365780E-07
  3.5130410E-07
  2.7858388E-07
  1.9671903E-07
  1.0563606E-07
  3.8959174E-09
 -1.1092091E-07
 -2.4140576E-07
 -3.8927493E-07
 -5.5438926E-07
 -7.3414861E-07
 -9.2343646E-07
 -1.1151491E-06
 -1.3011380E-06
 -1.4733162E-06
 -1.6246504E-06
 -1.7498893E-06
 -1.8459431E-06
 -1.9119714E-06
 -1.9491958E-06
 -1.9605752E-06
 -1.9503470E-06
 -1.9235035E-06
 -1.8852055E-06
 -1.8402591E-06
 -1.7926608E-06
 -1.7453342E-06
 -1.7000206E-06
 -1.6573812E-06
 -1.6171979E-06
 -1.5786436E-06
 -1.5405151E-06
 -1.5014572E-06
 -1.4601263E-06
 -1.4153671E-06
 -1.3663605E-06
 -1.3128029E-06
 -1.2550315E-06
 -1.1940837E-06
 -1.1316147E-06
 -1.0697120E-06
 -1.0105952E-06
 -9.5630412E-07
 -9.0841195E-07
 -8.6787168E-07
 -8.3498770E-07
 -8.0953089E-07
 -7.9092177E-07
 -7.7845419E-07
 -7.7147189E-07
 -7.6949340E-07
 -7.7226542E-07
 -7.7980661E-07
 -7.9244938E-07
 -8.1090059E-07
 -8.3625139E-07
 -8.6988450E-07
 -9.1318725E-07
 -9.6709698E-07
 -1.0315457E-06
 -1.1050143E-06
 -1.1843490E-06
 -1.2649750E-06
 -1.3414443E-06
 -1.4082011E-06
 -1.4603147E-06
 -1.4940169E-06
 -1.5069137E-06
 -1.4979463E-06
 -1.4671843E-06
 -1.4156083E-06
 -1.3449320E-06
 -1.2575300E-06
 -1.1563769E-06
 -1.0449711E-06
 -9.2716408E-07
 -8.0694019E-07
 -6.8815319E-07
 -5.7430117E-07
 -4.6835618E-07
 -3.7268865E-07
 -2.8904037E-07
 -2.1853751E-07
 -1.6171484E-07
 -1.1857321E-07
 -8.8676444E-08
 -7.1312066E-08
 -6.5695950E-08
 -7.1177816E-08
 -8.7371994E-08
 -1.1415602E-07
 -1.5151146E-07
 -1.9924686E-07
 -2.5668078E-07
 -3.2238981E-07
 -3.9409733E-07
 -4.6874393E-07
 -5.4271550E-07
 -6.1218088E-07
 -6.7344547E-07
 -7.2328078E-07
 -7.5917154E-07
 -7.7948374E-07
 -7.8353287E-07
 -7.7158404E-07
 -7.4474832E-07
 -7.0478035E-07
 -6.5373331E-07
 -5.9352027E-07
 -5.2543254E-07
 -4.4976011E-07
 -3.6565353E-07
 -2.7135656E-07
 -1.6480007E-07
 -4.4435804E-08
  8.9926012E-08
  2.3653170E-07
  3.9154025E-07
  5.4936794E-07
  7.0340155E-07
  8.4689094E-07
  9.7378575E-07
  1.0793873E-06
  1.1607091E-06
  1.2166001E-06
  1.2476659E-06
  1.2560563E-06
  1.2451286E-06
  1.2190470E-06
  1.1823122E-06
  1.1392906E-06
  1.0937795E-06
  1.0487091E-06
  1.0059878E-06
  9.6652684E-07
  9.3037244E-07
  8.9692657E-07
  8.6516587E-07
  8.3385174E-07
  8.0169701E-07
  7.6753633E-07
  7.3048545E-07
  6.9010935E-07
  6.4654267E-07
  6.0055260E-07
  5.5347920E-07
  5.0706484E-07
  4.6318132E-07
  4.2353764E-07
  3.8942272E-07
  3.6155464E-07
  3.4005510E-07
  3.2455426E-07
  3.1437079E-07
  3.0871968E-07
  3.0688372E-07
  3.0832942E-07
  3.1275894E-07
  3.2013378E-07
  3.3069210E-07
  3.4498257E-07
  3.6387345E-07
  3.8848813E-07
  4.1999428E-07
  4.5925103E-07
  5.0636589E-07
  5.6031325E-07
  6.1875033E-07
  6.7815120E-07
  7.3423570E-07
  7.8259694E-07
  8.1931358E-07
  8.4141169E-07
  8.4705698E-07
  8.3551714E-07
  8.0696418E-07
  7.6226951E-07
  7.0284631E-07
  6.3058468E-07
  5.4781481E-07
  4.5726475E-07
  3.6194905E-07
  2.6499600E-07
  1.6943511E-07
  7.8015468E-08
 -6.9278565E-09
 -8.3534616E-08
 -1.5042927E-07
 -2.0670340E-07
 -2.5189192E-07
 -2.8593868E-07
 -3.0912810E-07
 -3.2197195E-07
 -3.2505034E-07
 -3.1884960E-07
 -3.0364674E-07
 -2.7950622E-07
 -2.4640528E-07
 -2.0446717E-07
 -1.5422785E-07
 -9.6858663E-08
 -3.4264410E-08
  3.0973919E-08
  9.5795578E-08
  1.5694371E-07
  2.1127327E-07
  2.5602529E-07
  2.8903253E-07
  3.0885161E-07
  3.1482222E-07
  3.0706985E-07
  2.8643626E-07
  2.5433278E-07
  2.1249073E-07
  1.6261690E-07
  1.0599555E-07
  4.3147068E-08
 -2.6340675E-08
 -1.0369761E-07
 -1.9054526E-07
 -2.8823965E-07
 -3.9716551E-07
 -5.1620032E-07
 -6.4251213E-07
 -7.7176003E-07
 -8.9862817E-07
 -1.0175415E-06
 -1.1233642E-06
 -1.2119601E-06
 -1.2805350E-06
 -1.3277879E-06
 -1.3538787E-06
 -1.3603047E-06
 -1.3496691E-06
 -1.3253892E-06
 -1.2913123E-06
 -1.2513160E-06
 -1.2089124E-06
 -1.1669407E-06
 -1.1273714E-06
 -1.0912736E-06
 -1.0588984E-06
 -1.0298543E-06
 -1.0032946E-06
 -9.7811630E-07
 -9.5312464E-07
 -9.2719796E-07
 -8.9943325E-07
 -8.6930879E-07
 -8.3680288E-07
 -8.0246338E-07
 -7.6735950E-07
 -7.3293876E-07
 -7.0078374E-07
 -6.7234561E-07
 -6.4869755E-07
 -6.3039448E-07
 -6.1744362E-07
 -6.0940050E-07
 -6.0553066E-07
 -6.0500776E-07
 -6.0707742E-07
 -6.1117129E-07
 -6.1695158E-07
 -6.2432827E-07
 -6.3346147E-07
 -6.4478036E-07
 -6.5898246E-07
 -6.7699028E-07
 -6.9979598E-07
 -7.2819051E-07
 -7.6240218E-07
 -8.0177171E-07
 -8.4457281E-07
 -8.8809321E-07
 -9.2896124E-07
 -9.6365625E-07
 -9.8903411E-07
 -1.0027314E-06
 -1.0033330E-06
 -9.9034503E-07
 -9.6401789E-07
 -9.2515501E-07
 -8.7495636E-07
 -8.1496046E-07
 -7.4702103E-07
 -6.7328847E-07
 -5.9612654E-07
 -5.1798696E-07
 -4.4124030E-07
 -3.6802783E-07
 -3.0015431E-07
 -2.3905019E-07
 -1.8577327E-07
 -1.4103458E-07
 -1.0521884E-07
 -7.8411475E-08
 -6.0438346E-08
 -5.0944415E-08
 -4.9509545E-08
 -5.5780010E-08
 -6.9562923E-08
 -9.0838554E-08
 -1.1966114E-07
 -1.5596770E-07
 -1.9934706E-07
 -2.4884969E-07
 -3.0289527E-07
 -3.5931845E-07
 -4.1553332E-07
 -4.6878174E-07
 -5.1639131E-07
 -5.5601021E-07
 -5.8577558E-07
 -6.0442358E-07
 -6.1133198E-07
 -6.0652695E-07
 -5.9063643E-07
 -5.6479166E-07
 -5.3043863E-07
 -4.8907668E-07
 -4.4193482E-07
 -3.8967210E-07
 -3.3219075E-07
 -2.6867630E-07
 -1.9789108E-07
 -1.1868332E-07
 -3.0569119E-08
  6.5779510E-08
  1.6830579E-07
  2.7366943E-07
  3.7763522E-07
  4.7563736E-07
  5.6336097E-07
  6.3722393E-07
  6.9468575E-07
  7.3439674E-07
  7.5621318E-07
  7.6113042E-07
  7.5113093E-07
  7.2897109E-07
  6.9789513E-07
  6.6129718E-07
  6.2236103E-07
  5.8376276E-07
  5.4745823E-07
  5.1460972E-07
  4.8562180E-07
  4.6027728E-07
  4.3790237E-07
  4.1754294E-07
  3.9811707E-07
  3.7856699E-07
  3.5800107E-07
  3.3584112E-07
  3.1194139E-07
  2.8665917E-07
  2.6083180E-07
  2.3565379E-07
  2.1246265E-07
  1.9249323E-07
  1.7665378E-07
  1.6538537E-07
  1.5863053E-07
  1.5591267E-07
  1.5648796E-07
  1.5952513E-07
  1.6426117E-07
  1.7010808E-07
  1.7670089E-07
  1.8390915E-07
  1.9183251E-07
  2.0080475E-07
  2.1139354E-07
  2.2436699E-07
  2.4057704E-07
  2.6074770E-07
  2.8518602E-07
  3.1350510E-07
  3.4445330E-07
  3.7595092E-07
  4.0534138E-07
  4.2980724E-07
  4.4681306E-07
  4.5445691E-07
  4.5163597E-07
  4.3802666E-07
  4.1392943E-07
  3.8008804E-07
  3.3754759E-07
  2.8758902E-07
  2.3170908E-07
  1.7161236E-07
  1.0915949E-07
  4.6268823E-08
 -1.5216134E-08
 -7.3645644E-08
 -1.2764512E-07
 -1.7614148E-07
 -2.1834758E-07
 -2.5373092E-07
 -2.8198750E-07
 -3.0302647E-07
 -3.1694427E-07
 -3.2397654E-07
 -3.2441514E-07
 -3.1850917E-07
 -3.0638191E-07
 -2.8801784E-07
 -2.6333655E-07
 -2.3235164E-07
 -1.9536411E-07
 -1.5313223E-07
 -1.0695441E-07
 -5.8638147E-08
 -1.0357222E-08
  3.5555058E-08
  7.6832578E-08
  1.1147437E-07
  1.3788615E-07
  1.5496660E-07
  1.6214429E-07
  1.5938137E-07
  1.4714249E-07
  1.2632543E-07
  9.8128304E-08
  6.3848816E-08
  2.4625221E-08
 -1.8822810E-08
 -6.6376003E-08
 -1.1853291E-07
 -1.7621483E-07
 -2.4037885E-07
 -3.1153823E-07
 -3.8933786E-07
 -4.7231279E-07
 -5.5791600E-07
 -6.4279618E-07
 -7.2324451E-07
 -7.9566536E-07
 -8.5699014E-07
 -9.0494859E-07
 -9.3822104E-07
 -9.5646772E-07
 -9.6030408E-07
 -9.5120868E-07
 -9.3138243E-07
 -9.0352262E-07
 -8.7055190E-07
 -8.3530659E-07
 -8.0025592E-07
 -7.6728111E-07
 -7.3757724E-07
 -7.1165749E-07
 -6.8945366E-07
 -6.7044874E-07
 -6.5383557E-07
 -6.3865673E-07
 -6.2394309E-07
 -6.0883991E-07
 -5.9274561E-07
 -5.7542559E-07
 -5.5708887E-07
 -5.3837636E-07
 -5.2026490E-07
 -5.0388149E-07
 -4.9028370E-07
 -4.8024788E-07
 -4.7413582E-07
 -4.7185685E-07
 -4.7293588E-07
 -4.7664420E-07
 -4.8216697E-07
 -4.8874767E-07
 -4.9579302E-07
 -5.0291754E-07
 -5.0995635E-07
 -5.1695764E-07
 -5.2418170E-07
 -5.3209288E-07
 -5.4133579E-07
 -5.5264672E-07
 -5.6669126E-07
 -5.8382676E-07
 -6.0386810E-07
 -6.2592898E-07
 -6.4842936E-07
 -6.6927845E-07
 -6.8621347E-07
 -6.9717305E-07
 -7.0061390E-07
 -6.9566062E-07
 -6.8210346E-07
 -6.6026558E-07
 -6.3084138E-07
 -5.9475201E-07
 -5.5308254E-07
 -5.0705984E-07
 -4.5805209E-07
 -4.0753102E-07
 -3.5700040E-07
 -3.0789144E-07
 -2.6146674E-07
 -2.1875378E-07
 -1.8053494E-07
 -1.4736976E-07
 -1.1963419E-07
 -9.7548444E-08
 -8.1193285E-08
 -7.0520322E-08
 -6.5380405E-08
 -6.5578170E-08
 -7.0948396E-08
 -8.1421184E-08
 -9.7040427E-08
 -1.1790620E-07
 -1.4404694E-07
 -1.7525333E-07
 -2.1093176E-07
 -2.5002484E-07
 -2.9103484E-07
 -3.3213897E-07
 -3.7137150E-07
 -4.0681525E-07
 -4.3677164E-07
 -4.5988099E-07
 -4.7519293E-07
 -4.8219198E-07
 -4.8080068E-07
 -4.7135791E-07
 -4.5457401E-07
 -4.3143299E-07
 -4.0304408E-07
 -3.7043671E-07
 -3.3434253E-07
 -2.9501965E-07
 -2.5220484E-07
 -2.0523365E-07
 -1.5332955E-07
 -9.5988540E-08
 -3.3350883E-08
  3.3564515E-08
  1.0283785E-07
  1.7184128E-07
  2.3757892E-07
  2.9707806E-07
  3.4773524E-07
  3.8755712E-07
  4.1529648E-07
  4.3050096E-07
  4.3351062E-07
  4.2540537E-07
  4.0791238E-07
  3.8324544E-07
  3.5388879E-07
  3.2232987E-07
  2.9080354E-07
  2.6108088E-07
  2.3435102E-07
  2.1119892E-07
  1.9167199E-07
  1.7539359E-07
  1.6169655E-07
  1.4974940E-07
  1.3867883E-07
  1.2768760E-07
  1.1617578E-07
  1.0384904E-07
  9.0794735E-08
  7.7488728E-08
  6.4719444E-08
  5.3432480E-08
  4.4533170E-08
  3.8694587E-08
  3.6226453E-08
  3.7031036E-08
  4.0654264E-08
  4.6404072E-08
  5.3499345E-08
  6.1205192E-08
  6.8932174E-08
  7.6284394E-08
  8.3071008E-08
  8.9298553E-08
  9.5164630E-08
  1.0105023E-07
  1.0749937E-07
  1.1515342E-07
  1.2462145E-07
  1.3629152E-07
  1.5012918E-07
  1.6553138E-07
  1.8130748E-07
  1.9581630E-07
  2.0723451E-07
  2.1387712E-07
  2.1447192E-07
  2.0831077E-07
  1.9525673E-07
  1.7563512E-07
  1.5008375E-07
  1.1942301E-07
  8.4584869E-08
  4.6590742E-08
  6.5505890E-09
 -3.4359697E-08
 -7.4954329E-08
 -1.1412148E-07
 -1.5090255E-07
 -1.8454054E-07
 -2.1448670E-07
 -2.4036763E-07
 -2.6194186E-07
 -2.7906589E-07
 -2.9168072E-07
 -2.9980592E-07
 -3.0352939E-07
 -3.0297221E-07
 -2.9823610E-07
 -2.8934826E-07
 -2.7624455E-07
 -2.5881067E-07
 -2.3698733E-07
 -2.1090771E-07
 -1.8102935E-07
 -1.4820539E-07
 -1.1367263E-07
 -7.8952610E-08
 -4.5699526E-08
 -1.5532276E-08
  1.0111991E-08
  3.0079093E-08
  4.3553101E-08
  5.0076569E-08
  4.9550501E-08
  4.2219693E-08
  2.8641086E-08
  9.6188257E-09
 -1.3907772E-08
 -4.1024055E-08
 -7.1023671E-08
 -1.0356513E-07
 -1.3874141E-07
 -1.7701318E-07
 -2.1899761E-07
 -2.6515980E-07
 -3.1549968E-07
 -3.6932963E-07
 -4.2521933E-07
 -4.8111986E-07
 -5.3463026E-07
 -5.8330886E-07
 -6.2496679E-07
 -6.5787566E-07
 -6.8089520E-07
 -6.9352029E-07
 -6.9589515E-07
 -6.8878734E-07
 -6.7353665E-07
 -6.5193808E-07
 -6.2607529E-07
 -5.9810208E-07
 -5.7001427E-07
 -5.4344611E-07
 -5.1954737E-07
 -4.9894061E-07
 -4.8176389E-07
 -4.6775773E-07
 -4.5638217E-07
 -4.4692689E-07
 -4.3862130E-07
 -4.3073470E-07
 -4.2268658E-07
 -4.1414492E-07
 -4.0510463E-07
 -3.9590242E-07
 -3.8716550E-07
 -3.7968124E-07
 -3.7422657E-07
 -3.7138955E-07
 -3.7144446E-07
 -3.7430101E-07
 -3.7954345E-07
 -3.8652894E-07
 -3.9452286E-07
 -4.0282362E-07
 -4.1085806E-07
 -4.1822679E-07
 -4.2471976E-07
 -4.3030792E-07
 -4.3513774E-07
 -4.3951968E-07
 -4.4391419E-07
 -4.4888017E-07
 -4.5497674E-07
 -4.6260521E-07
 -4.7184068E-07
 -4.8229566E-07
 -4.9308881E-07
 -5.0293619E-07
 -5.1036869E-07
 -5.1399991E-07
 -5.1277323E-07
 -5.0610083E-07
 -4.9388672E-07
 -4.7643832E-07
 -4.5433714E-07
 -4.2831235E-07
 -3.9917245E-07
 -3.6777902E-07
 -3.3504583E-07
 -3.0192052E-07
 -2.6934461E-07
 -2.3818437E-07
 -2.0916632E-07
 -1.8283610E-07
 -1.5956090E-07
 -1.3956415E-07
 -1.2297502E-07
 -1.0986574E-07
 -1.0026886E-07
 -9.4177459E-08
 -9.1546518E-08
 -9.2308994E-08
 -9.6413181E-08
 -1.0386342E-07
 -1.1473857E-07
 -1.2916163E-07
 -1.4721677E-07
 -1.6883114E-07
 -1.9366239E-07
 -2.2102884E-07
 -2.4991621E-07
 -2.7905628E-07
 -3.0706025E-07
 -3.3256251E-07
 -3.5434871E-07
 -3.7144073E-07
 -3.8314403E-07
 -3.8905748E-07
 -3.8907334E-07
 -3.8336520E-07
 -3.7236978E-07
 -3.5673881E-07
 -3.3726096E-07
 -3.1473579E-07
 -2.8982552E-07
 -2.6291175E-07
 -2.3402015E-07
 -2.0284831E-07
 -1.6891771E-07
 -1.3181301E-07
 -9.1449124E-08
 -4.8273126E-08
 -3.3388035E-09
  4.1771084E-08
  8.5141778E-08
  1.2478245E-07
  1.5886762E-07
  1.8591821E-07
  2.0491134E-07
  2.1533079E-07
  2.1718650E-07
  2.1100860E-07
  1.9781956E-07
  1.7906002E-07
  1.5646243E-07
  1.3187014E-07
  1.0703963E-07
  8.3456023E-08
  6.2204911E-08
  4.3918941E-08
  2.8798519E-08
  1.6682757E-08
  7.1446671E-09
 -4.1164369E-10
 -6.6580941E-09
 -1.2251717E-08
 -1.7741534E-08
 -2.3476534E-08
 -2.9532524E-08
 -3.5683620E-08
 -4.1439126E-08
 -4.6146621E-08
 -4.9142496E-08
 -4.9909911E-08
 -4.8200668E-08
 -4.4087834E-08
 -3.7942812E-08
 -3.0349295E-08
 -2.1985729E-08
 -1.3510013E-08
 -5.4727987E-09
  1.7309957E-09
  7.8773326E-09
  1.2909064E-08
  1.6927364E-08
  2.0184425E-08
  2.3070042E-08
  2.6073264E-08
  2.9701903E-08
  3.4357797E-08
  4.0191271E-08
  4.6979633E-08
  5.4081976E-08
  6.0502906E-08
  6.5060888E-08
  6.6614028E-08
  6.4273415E-08
  5.7540500E-08
  4.6338013E-08
  3.0944275E-08
  1.1878735E-08
 -1.0209273E-08
 -3.4612910E-08
 -6.0596953E-08
 -8.7401794E-08
 -1.1425416E-07
 -1.4040101E-07
 -1.6516314E-07
 -1.8799112E-07
 -2.0849745E-07
 -2.2645398E-07
 -2.4175264E-07
 -2.5435580E-07
 -2.6425278E-07
 -2.7144171E-07
 -2.7592702E-07
 -2.7772757E-07
 -2.7687068E-07
 -2.7337225E-07
 -2.6720326E-07
 -2.5827583E-07
 -2.4646221E-07
 -2.3166255E-07
 -2.1390090E-07
 -1.9342667E-07
 -1.7077714E-07
 -1.4678044E-07
 -1.2248877E-07
 -9.9067385E-08
 -7.7667131E-08
 -5.9313873E-08
 -4.4833200E-08
 -3.4815059E-08
 -2.9604792E-08
 -2.9308737E-08
 -3.3803115E-08
 -4.2748351E-08
 -5.5617505E-08
 -7.1754869E-08
 -9.0469818E-08
 -1.1115927E-07
 -1.3342897E-07
 -1.5717437E-07
 -1.8257683E-07
 -2.1000035E-07
 -2.3980269E-07
 -2.7211800E-07
 -3.0667204E-07
 -3.4270025E-07
 -3.7898704E-07
 -4.1401728E-07
 -4.4617556E-07
 -4.7394988E-07
 -4.9608508E-07
 -5.1168240E-07
 -5.2024222E-07
 -5.2168747E-07
 -5.1636994E-07
 -5.0506202E-07
 -4.8890689E-07
 -4.6932891E-07
 -4.4788908E-07
 -4.2611745E-07
 -4.0534277E-07
 -3.8657154E-07
 -3.7042506E-07
 -3.5714720E-07
 -3.4665422E-07
 -3.3861645E-07
 -3.3254000E-07
 -3.2784922E-07
 -3.2396034E-07
 -3.2036513E-07
 -3.1671132E-07
 -3.1287487E-07
 -3.0899082E-07
 -3.0543609E-07
 -3.0274524E-07
 -3.0148507E-07
 -3.0210990E-07
 -3.0484952E-07
 -3.0965097E-07
 -3.1619317E-07
 -3.2395448E-07
 -3.3231839E-07
 -3.4067509E-07
 -3.4850524E-07
 -3.5542402E-07
 -3.6120022E-07
 -3.6575335E-07
 -3.6914864E-07
 -3.7158716E-07
 -3.7339808E-07
 -3.7500652E-07
 -3.7687329E-07
 -3.7938932E-07
 -3.8275562E-07
 -3.8687145E-07
 -3.9128673E-07
 -3.9523636E-07
 -3.9777342E-07
 -3.9795350E-07
 -3.9502538E-07
 -3.8855597E-07
 -3.7847303E-07
 -3.6501700E-07
 -3.4864692E-07
 -3.2993597E-07
 -3.0950386E-07
 -2.8798323E-07
 -2.6601410E-07
 -2.4423403E-07
 -2.2325290E-07
 -2.0360743E-07
 -1.8571545E-07
 -1.6984571E-07
 -1.5612494E-07
 -1.4457383E-07
 -1.3515950E-07
 -1.2783954E-07
 -1.2258687E-07
 -1.1939009E-07
 -1.1824488E-07
 -1.1914899E-07
 -1.2211378E-07
 -1.2718485E-07
 -1.3445676E-07
 -1.4405792E-07
 -1.5609973E-07
 -1.7059399E-07
 -1.8736743E-07
 -2.0600081E-07
 -2.2582363E-07
 -2.4596420E-07
 -2.6544760E-07
 -2.8330396E-07
 -2.9866729E-07
 -3.1084008E-07
 -3.1932592E-07
 -3.2383014E-07
 -3.2425473E-07
 -3.2068738E-07
 -3.1339434E-07
 -3.0279853E-07
 -2.8944177E-07
 -2.7391286E-07
 -2.5675206E-07
 -2.3834339E-07
 -2.1884055E-07
 -1.9815137E-07
 -1.7600713E-07
 -1.5210489E-07
 -1.2628912E-07
 -9.8711432E-08
 -6.9917348E-08
 -4.0830596E-08
 -1.2646581E-08
  1.3330580E-08
  3.5855226E-08
  5.3872252E-08
  6.6600933E-08
  7.3576764E-08
  7.4673288E-08
  7.0112833E-08
  6.0468210E-08
  4.6637865E-08
  2.9781919E-08
  1.1209885E-08
 -7.7616704E-09
 -2.5956131E-08
 -4.2454488E-08
 -5.6660078E-08
 -6.8306065E-08
 -7.7416033E-08
 -8.4239154E-08
 -8.9178322E-08
 -9.2722750E-08
 -9.5381928E-08
 -9.7617601E-08
 -9.9771739E-08
 -1.0200210E-07
 -1.0424346E-07
 -1.0621562E-07
 -1.0748462E-07
 -1.0757065E-07
 -1.0607272E-07
 -1.0277612E-07
 -9.7710597E-08
 -9.1148614E-08
 -8.3547953E-08
 -7.5462978E-08
 -6.7450777E-08
 -5.9996495E-08
 -5.3467755E-08
 -4.8097007E-08
 -4.3980904E-08
 -4.1086249E-08
 -3.9255141E-08
 -3.8213084E-08
 -3.7591221E-08
 -3.6976299E-08
 -3.5993335E-08
 -3.4410416E-08
 -3.2236464E-08
 -2.9775469E-08
 -2.7607120E-08
 -2.6488522E-08
 -2.7199576E-08
 -3.0380601E-08
 -3.6411802E-08
 -4.5367699E-08
 -5.7047185E-08
 -7.1053307E-08
 -8.6882743E-08
 -1.0399381E-07
 -1.2183902E-07
 -1.3987466E-07
 -1.5756821E-07
 -1.7441997E-07
 -1.8999960E-07
 -2.0398787E-07
 -2.1620052E-07
 -2.2658483E-07
 -2.3518292E-07
 -2.4208126E-07
 -2.4736363E-07
 -2.5108554E-07
 -2.5326835E-07
 -2.5391157E-07
 -2.5300133E-07
 -2.5050974E-07
 -2.4637910E-07
 -2.4051243E-07
 -2.3278209E-07
 -2.2307115E-07
 -2.1133958E-07
 -1.9770087E-07
 -1.8247609E-07
 -1.6620594E-07
 -1.4960864E-07
 -1.3349997E-07
 -1.1869641E-07
 -1.0592904E-07
 -9.5784756E-08
 -8.8681716E-08
 -8.4867814E-08
 -8.4430859E-08
 -8.7307029E-08
 -9.3288683E-08
 -1.0203536E-07
 -1.1310171E-07
 -1.2598890E-07
 -1.4022278E-07
 -1.5544079E-07
 -1.7146435E-07
 -1.8832172E-07
 -2.0620625E-07
 -2.2536751E-07
 -2.4596662E-07
 -2.6793569E-07
 -2.9089421E-07
 -3.1414433E-07
 -3.3675073E-07
 -3.5766504E-07
 -3.7586597E-07
 -3.9047137E-07
 -4.0081250E-07
 -4.0646864E-07
 -4.0728855E-07
 -4.0340115E-07
 -3.9522712E-07
 -3.8346488E-07
 -3.6905072E-07
 -3.5307232E-07
 -3.3665418E-07
 -3.2082536E-07
 -3.0641505E-07
 -2.9398311E-07
 -2.8380731E-07
 -2.7590727E-07
 -2.7010043E-07
 -2.6606065E-07
 -2.6337850E-07
 -2.6161337E-07
 -2.6035295E-07
 -2.5927289E-07
 -2.5819779E-07
 -2.5713857E-07
 -2.5629686E-07
 -2.5601943E-07
 -2.5671113E-07
 -2.5872410E-07
 -2.6226058E-07
 -2.6731169E-07
 -2.7365351E-07
 -2.8088922E-07
 -2.8852688E-07
 -2.9606164E-07
 -3.0304710E-07
 -3.0913580E-07
 -3.1409937E-07
 -3.1782881E-07
 -3.2033299E-07
 -3.2173170E-07
 -3.2225176E-07
 -3.2220981E-07
 -3.2197545E-07
 -3.2190073E-07
 -3.2223406E-07
 -3.2303143E-07
 -3.2410367E-07
 -3.2501822E-07
 -3.2517463E-07
 -3.2392867E-07
 -3.2073518E-07
 -3.1525516E-07
 -3.0740861E-07
 -2.9735591E-07
 -2.8543613E-07
 -2.7208554E-07
 -2.5777672E-07
 -2.4298413E-07
 -2.2817353E-07
 -2.1379310E-07
 -2.0025814E-07
 -1.8791789E-07
 -1.7702125E-07
 -1.6769184E-07
 -1.5993282E-07
 -1.5365850E-07
 -1.4874460E-07
 -1.4507413E-07
 -1.4256848E-07
 -1.4119304E-07
 -1.4094843E-07
 -1.4185619E-07
 -1.4395536E-07
 -1.4730918E-07
 -1.5201458E-07
 -1.5819505E-07
 -1.6597038E-07
 -1.7540019E-07
 -1.8641983E-07
 -1.9878790E-07
 -2.1207291E-07
 -2.2568398E-07
 -2.3894009E-07
 -2.5115315E-07
 -2.6170633E-07
 -2.7010452E-07
 -2.7599822E-07
 -2.7917972E-07
 -2.7957401E-07
 -2.7722785E-07
 -2.7230575E-07
 -2.6508027E-07
 -2.5591689E-07
 -2.4523419E-07
 -2.3344485E-07
 -2.2088068E-07
 -2.0772998E-07
 -1.9400741E-07
 -1.7957926E-07
 -1.6424156E-07
 -1.4783946E-07
 -1.3038475E-07
 -1.1213688E-07
 -9.3616507E-08
 -7.5553302E-08
 -5.8785442E-08
 -4.4146073E-08
 -3.2367442E-08
 -2.4018249E-08
 -1.9471198E-08
 -1.8886464E-08
 -2.2198792E-08
 -2.9105934E-08
 -3.9068418E-08
 -5.1336343E-08
 -6.5012088E-08
 -7.9145835E-08
 -9.2844225E-08
 -1.0537009E-07
 -1.1620604E-07
 -1.2507643E-07
 -1.3192913E-07
 -1.3689387E-07
 -1.4022991E-07
 -1.4227818E-07
 -1.4341462E-07
 -1.4400372E-07
 -1.4434549E-07
 -1.4462387E-07
 -1.4486636E-07
 -1.4493490E-07
 -1.4455543E-07
 -1.4339035E-07
 -1.4113115E-07
 -1.3758942E-07
 -1.3275442E-07
 -1.2680668E-07
 -1.2008401E-07
 -1.1301801E-07
 -1.0605934E-07
 -9.9616116E-08
 -9.4012201E-08
 -8.9469609E-08
 -8.6103704E-08
 -8.3926722E-08
 -8.2849965E-08
 -8.2687983E-08
 -8.3169510E-08
 -8.3968928E-08
 -8.4759840E-08
 -8.5290388E-08
 -8.5459050E-08
 -8.5369102E-08
 -8.5333987E-08
 -8.5825533E-08
 -8.7372378E-08
 -9.0440956E-08
 -9.5334322E-08
 -1.0214057E-07
 -1.1073713E-07
 -1.2084134E-07
 -1.3207736E-07
 -1.4403474E-07
 -1.5630143E-07
 -1.6847790E-07
 -1.8018281E-07
 -1.9106885E-07
 -2.0084731E-07
 -2.0932148E-07
 -2.1640736E-07
 -2.2213389E-07
 -2.2661273E-07
 -2.2999373E-07
 -2.3241653E-07
 -2.3398074E-07
 -2.3473335E-07
 -2.3467877E-07
 -2.3379198E-07
 -2.3202929E-07
 -2.2932382E-07
 -2.2558196E-07
 -2.2068529E-07
 -2.1451592E-07
 -2.0700001E-07
 -1.9816535E-07
 -1.8818741E-07
 -1.7740749E-07
 -1.6630848E-07
 -1.5545906E-07
 -1.4543870E-07
 -1.3677011E-07
 -1.2987041E-07
 -1.2503300E-07
 -1.2242906E-07
 -1.2212053E-07
 -1.2407010E-07
 -1.2814787E-07
 -1.3413421E-07
 -1.4173158E-07
 -1.5059031E-07
 -1.6035629E-07
 -1.7073032E-07
 -1.8152569E-07
 -1.9269876E-07
 -2.0433913E-07
 -2.1660991E-07
 -2.2965556E-07
 -2.4349993E-07
 -2.5797345E-07
 -2.7269027E-07
 -2.8708524E-07
 -3.0049000E-07
 -3.1222740E-07
 -3.2169135E-07
 -3.2840379E-07
 -3.3203898E-07
 -3.3243973E-07
 -3.2962760E-07
 -3.2381772E-07
 -3.1542183E-07
 -3.0503679E-07
 -2.9339682E-07
 -2.8130037E-07
 -2.6951429E-07
 -2.5868840E-07
 -2.4929281E-07
 -2.4159459E-07
 -2.3566592E-07
 -2.3141978E-07
 -2.2865132E-07
 -2.2708092E-07
 -2.2638994E-07
 -2.2626109E-07
 -2.2642067E-07
 -2.2668594E-07
 -2.2700142E-07
 -2.2745563E-07
 -2.2826030E-07
 -2.2969611E-07
 -2.3203089E-07
 -2.3544014E-07
 -2.3994934E-07
 -2.4541808E-07
 -2.5156132E-07
 -2.5800529E-07
 -2.6434986E-07
 -2.7022762E-07
 -2.7533903E-07
 -2.7947303E-07
 -2.8251011E-07
 -2.8442344E-07
 -2.8527441E-07
 -2.8521316E-07
 -2.8446854E-07
 -2.8332701E-07
 -2.8208601E-07
 -2.8099322E-07
 -2.8017863E-07
 -2.7960502E-07
 -2.7905168E-07
 -2.7815287E-07
 -2.7647613E-07
 -2.7362464E-07
 -2.6932577E-07
 -2.6348528E-07
 -2.5619028E-07
 -2.4767306E-07
 -2.3825258E-07
 -2.2828370E-07
 -2.1812302E-07
 -2.0811574E-07
 -1.9858685E-07
 -1.8983114E-07
 -1.8208925E-07
 -1.7552129E-07
 -1.7018382E-07
 -1.6603107E-07
 -1.6293708E-07
 -1.6073953E-07
 -1.5928268E-07
 -1.5845251E-07
 -1.5818863E-07
 -1.5848023E-07
 -1.5934975E-07
 -1.6084330E-07
 -1.6302691E-07
 -1.6599100E-07
 -1.6984647E-07
 -1.7470833E-07
 -1.8065786E-07
 -1.8769610E-07
 -1.9569927E-07
 -2.0440181E-07
 -2.1341032E-07
 -2.2225264E-07
 -2.3043958E-07
 -2.3752879E-07
 -2.4316637E-07
 -2.4710718E-07
 -2.4920976E-07
 -2.4942557E-07
 -2.4778521E-07
 -2.4439461E-07
 -2.3943014E-07
 -2.3313433E-07
 -2.2579661E-07
 -2.1771916E-07
 -2.0916603E-07
 -2.0031594E-07
 -1.9122915E-07
 -1.8185091E-07
 -1.7205109E-07
 -1.6169980E-07
 -1.5075061E-07
 -1.3930857E-07
 -1.2765439E-07
 -1.1622446E-07
 -1.0554965E-07
 -9.6179882E-08
 -8.8613682E-08
 -8.3252495E-08
 -8.0375791E-08
 -8.0130910E-08
 -8.2522668E-08
 -8.7402313E-08
 -9.4457128E-08
 -1.0321708E-07
 -1.1308456E-07
 -1.2339490E-07
 -1.3349300E-07
 -1.4281132E-07
 -1.5092658E-07
 -1.5758722E-07
 -1.6270836E-07
 -1.6634600E-07
 -1.6865955E-07
 -1.6987794E-07
 -1.7026746E-07
 -1.7010176E-07
 -1.6962510E-07
 -1.6901450E-07
 -1.6834292E-07
 -1.6756202E-07
 -1.6651083E-07
 -1.6495969E-07
 -1.6267636E-07
 -1.5949891E-07
 -1.5538861E-07
 -1.5045264E-07
 -1.4492703E-07
 -1.3913390E-07
 -1.3342405E-07
 -1.2812710E-07
 -1.2351543E-07
 -1.1978750E-07
 -1.1706148E-07
 -1.1537679E-07
 -1.1469357E-07
 -1.1489390E-07
 -1.1578578E-07
 -1.1712114E-07
 -1.1863070E-07
 -1.2007698E-07
 -1.2131214E-07
 -1.2232687E-07
 -1.2326784E-07
 -1.2441562E-07
 -1.2612112E-07
 -1.2872188E-07
 -1.3246118E-07
 -1.3743774E-07
 -1.4359414E-07
 -1.5074474E-07
 -1.5862140E-07
 -1.6692097E-07
 -1.7533527E-07
 -1.8356717E-07
 -1.9133645E-07
 -1.9839193E-07
 -2.0452876E-07
 -2.0961487E-07
 -2.1360937E-07
 -2.1656740E-07
 -2.1861823E-07
 -2.1992949E-07
 -2.2066361E-07
 -2.2094581E-07
 -2.2084635E-07
 -2.2038523E-07
 -2.1954342E-07
 -2.1827778E-07
 -2.1652373E-07
 -2.1419673E-07
 -2.1119216E-07
 -2.0740099E-07
 -2.0273693E-07
 -1.9717889E-07
 -1.9080819E-07
 -1.8382998E-07
 -1.7656136E-07
 -1.6939472E-07
 -1.6274127E-07
 -1.5697746E-07
 -1.5240273E-07
 -1.4922408E-07
 -1.4755713E-07
 -1.4744028E-07
 -1.4884566E-07
 -1.5168689E-07
 -1.5581989E-07
 -1.6104734E-07
 -1.6712930E-07
 -1.7381096E-07
 -1.8086108E-07
 -1.8811505E-07
 -1.9550335E-07
 -2.0305674E-07
 -2.1087656E-07
 -2.1907825E-07
 -2.2771967E-07
 -2.3674343E-07
 -2.4594712E-07
 -2.5499753E-07
 -2.6347359E-07
 -2.7093060E-07
 -2.7695773E-07
 -2.8122139E-07
 -2.8348273E-07
 -2.8360910E-07
 -2.8157899E-07
 -2.7749502E-07
 -2.7159149E-07
 -2.6423717E-07
 -2.5591390E-07
 -2.4717269E-07
 -2.3856776E-07
 -2.3059157E-07
 -2.2362040E-07
 -2.1788831E-07
 -2.1348497E-07
 -2.1037836E-07
 -2.0844423E-07
 -2.0749745E-07
 -2.0731586E-07
 -2.0766709E-07
 -2.0833511E-07
 -2.0915513E-07
 -2.1004291E-07
 -2.1101751E-07
 -2.1219667E-07
 -2.1376748E-07
 -2.1592840E-07
 -2.1882886E-07
 -2.2251611E-07
 -2.2691354E-07
 -2.3182693E-07
 -2.3698237E-07
 -2.4207290E-07
 -2.4680685E-07
 -2.5093740E-07
 -2.5428136E-07
 -2.5672341E-07
 -2.5821763E-07
 -2.5878515E-07
 -2.5851716E-07
 -2.5757180E-07
 -2.5616288E-07
 -2.5453014E-07
 -2.5289719E-07
 -2.5141938E-07
 -2.5014080E-07
 -2.4897079E-07
 -2.4769869E-07
 -2.4604117E-07
 -2.4371386E-07
 -2.4049911E-07
 -2.3629700E-07
 -2.3113914E-07
 -2.2517216E-07
 -2.1861710E-07
 -2.1173153E-07
 -2.0477925E-07
 -1.9801708E-07
 -1.9168495E-07
 -1.8599970E-07
 -1.8113690E-07
 -1.7720991E-07
 -1.7424934E-07
 -1.7219959E-07
 -1.7093326E-07
 -1.7028525E-07
 -1.7009056E-07
 -1.7021885E-07
 -1.7059087E-07
 -1.7117982E-07
 -1.7199817E-07
 -1.7308581E-07
 -1.7450222E-07
 -1.7632622E-07
 -1.7865334E-07
 -1.8158718E-07
 -1.8521470E-07
 -1.8957292E-07
 -1.9461270E-07
 -2.0017990E-07
 -2.0601922E-07
 -2.1180649E-07
 -2.1719450E-07
 -2.2186406E-07
 -2.2555939E-07
 -2.2810706E-07
 -2.2941136E-07
 -2.2944376E-07
 -2.2822921E-07
 -2.2584061E-07
 -2.2239492E-07
 -2.1805408E-07
 -2.1301581E-07
 -2.0749523E-07
 -2.0169180E-07
 -1.9575508E-07
 -1.8975646E-07
 -1.8368311E-07
 -1.7745525E-07
 -1.7097294E-07
 -1.6417277E-07
 -1.5708038E-07
 -1.4983740E-07
 -1.4269800E-07
 -1.3599387E-07
 -1.3008415E-07
 -1.2530498E-07
 -1.2193495E-07
 -1.2017554E-07
 -1.2014492E-07
 -1.2187240E-07
 -1.2529020E-07
 -1.3022226E-07
 -1.3638127E-07
 -1.4338001E-07
 -1.5076576E-07
 -1.5807181E-07
 -1.6487508E-07
 -1.7084353E-07
 -1.7576382E-07
 -1.7954407E-07
 -1.8219926E-07
 -1.8382441E-07
 -1.8456993E-07
 -1.8461900E-07
 -1.8416914E-07
 -1.8340779E-07
 -1.8248689E-07
 -1.8149375E-07
 -1.8043156E-07
 -1.7921560E-07
 -1.7769719E-07
 -1.7570672E-07
 -1.7310957E-07
 -1.6985182E-07
 -1.6598635E-07
 -1.6166886E-07
 -1.5713107E-07
 -1.5263770E-07
 -1.4844689E-07
 -1.4477955E-07
 -1.4180416E-07
 -1.3963042E-07
 -1.3830943E-07
 -1.3783300E-07
 -1.3813246E-07
 -1.3907825E-07
 -1.4048913E-07
 -1.4215324E-07
 -1.4386487E-07
 -1.4546738E-07
 -1.4689429E-07
 -1.4819193E-07
 -1.4951469E-07
 -1.5108793E-07
 -1.5315142E-07
 -1.5589767E-07
 -1.5942696E-07
 -1.6372802E-07
 -1.6868943E-07
 -1.7412951E-07
 -1.7983187E-07
 -1.8557066E-07
 -1.9112629E-07
 -1.9629174E-07
 -2.0088096E-07
 -2.0474158E-07
 -2.0777507E-07
 -2.0995458E-07
 -2.1133273E-07
 -2.1202861E-07
 -2.1220102E-07
 -2.1201147E-07
 -2.1159349E-07
 -2.1103165E-07
 -2.1036037E-07
 -2.0957278E-07
 -2.0863448E-07
 -2.0749083E-07
 -2.0607058E-07
 -2.0428622E-07
 -2.0204261E-07
 -1.9925373E-07
 -1.9587256E-07
 -1.9192187E-07
 -1.8751541E-07
 -1.8285539E-07
 -1.7820950E-07
 -1.7386999E-07
 -1.7010962E-07
 -1.6714637E-07
 -1.6512774E-07
 -1.6413166E-07
 -1.6417891E-07
 -1.6524486E-07
 -1.6726823E-07
 -1.7015219E-07
 -1.7376514E-07
 -1.7794365E-07
 -1.8250776E-07
 -1.8728539E-07
 -1.9214347E-07
 -1.9701103E-07
 -2.0189016E-07
 -2.0684239E-07
 -2.1195524E-07
 -2.1729272E-07
 -2.2285204E-07
 -2.2853551E-07
 -2.3415198E-07
 -2.3944017E-07
 -2.4411131E-07
 -2.4788940E-07
 -2.5054447E-07
 -2.5190613E-07
 -2.5187111E-07
 -2.5040586E-07
 -2.4755477E-07
 -2.4344786E-07
 -2.3830860E-07
 -2.3244627E-07
 -2.2623242E-07
 -2.2005729E-07
 -2.1428252E-07
 -2.0919788E-07
 -2.0499638E-07
 -2.0176667E-07
 -1.9950672E-07
 -1.9814381E-07
 -1.9755778E-07
 -1.9759716E-07
 -1.9809680E-07
 -1.9889417E-07
 -1.9985282E-07
 -2.0088483E-07
 -2.0197250E-07
 -2.0317293E-07
 -2.0460440E-07
 -2.0640914E-07
 -2.0870827E-07
 -2.1155813E-07
 -2.1492615E-07
 -2.1868810E-07
 -2.2265112E-07
 -2.2658763E-07
 -2.3027268E-07
 -2.3350908E-07
 -2.3614407E-07
 -2.3807391E-07
 -2.3924613E-07
 -2.3965779E-07
 -2.3935974E-07
 -2.3845618E-07
 -2.3710082E-07
 -2.3547771E-07
 -2.3377412E-07
 -2.3214162E-07
 -2.3066153E-07
 -2.2931943E-07
 -2.2800680E-07
 -2.2654581E-07
 -2.2473746E-07
 -2.2241150E-07
 -2.1947038E-07
 -2.1590846E-07
 -2.1180843E-07
 -2.0731594E-07
 -2.0261221E-07
 -1.9788845E-07
 -1.9333336E-07
 -1.8912422E-07
 -1.8542192E-07
 -1.8235862E-07
 -1.8002193E-07
 -1.7843611E-07
 -1.7755575E-07
 -1.7727216E-07
 -1.7743808E-07
 -1.7789786E-07
 -1.7851970E-07
 -1.7921437E-07
 -1.7994162E-07
 -1.8070114E-07
 -1.8152245E-07
 -1.8245389E-07
 -1.8356060E-07
 -1.8492071E-07
 -1.8662197E-07
 -1.8874620E-07
 -1.9134696E-07
 -1.9442021E-07
 -1.9788631E-07
 -2.0158616E-07
 -2.0530125E-07
 -2.0878542E-07
 -2.1180620E-07
 -2.1417554E-07
 -2.1576783E-07
 -2.1651783E-07
 -2.1641186E-07
 -2.1547342E-07
 -2.1375638E-07
 -2.1134072E-07
 -2.0833477E-07
 -2.0487258E-07
 -2.0110477E-07
 -1.9717758E-07
 -1.9320940E-07
 -1.8926715E-07
 -1.8535731E-07
 -1.8143142E-07
 -1.7741466E-07
 -1.7324365E-07
 -1.6890637E-07
 -1.6446617E-07
 -1.6006678E-07
 -1.5591245E-07
 -1.5223667E-07
 -1.4926466E-07
 -1.4718771E-07
 -1.4614783E-07
 -1.4623433E-07
 -1.4748019E-07
 -1.4985869E-07
 -1.5327352E-07
 -1.5755286E-07
 -1.6245035E-07
 -1.6766363E-07
 -1.7286690E-07
 -1.7775312E-07
 -1.8206998E-07
 -1.8564616E-07
 -1.8839708E-07
 -1.9031755E-07
 -1.9146226E-07
 -1.9192832E-07
 -1.9183896E-07
 -1.9133233E-07
 -1.9054649E-07
 -1.8960345E-07
 -1.8858729E-07
 -1.8752675E-07
 -1.8638531E-07
 -1.8507126E-07
 -1.8346496E-07
 -1.8145906E-07
 -1.7899535E-07
 -1.7609143E-07
 -1.7284391E-07
 -1.6941344E-07
 -1.6599353E-07
 -1.6278027E-07
 -1.5994705E-07
 -1.5763145E-07
 -1.5592869E-07
 -1.5489253E-07
 -1.5453286E-07
 -1.5481513E-07
 -1.5565612E-07
 -1.5692829E-07
 -1.5847137E-07
 -1.6011799E-07
 -1.6172318E-07
 -1.6319875E-07
 -1.6453512E-07
 -1.6580609E-07
 -1.6714884E-07
 -1.6872870E-07
 -1.7069328E-07
 -1.7313606E-07
 -1.7607424E-07
 -1.7945028E-07
 -1.8314813E-07
 -1.8701940E-07
 -1.9090233E-07
 -1.9463653E-07
 -1.9806912E-07
 -2.0106177E-07
 -2.0349826E-07
 -2.0530103E-07
 -2.0644575E-07
 -2.0697124E-07
 -2.0697287E-07
 -2.0658547E-07
 -2.0595421E-07
 -2.0520746E-07
 -2.0443507E-07
 -2.0368304E-07
 -2.0295727E-07
 -2.0223547E-07
 -2.0147461E-07
 -2.0061735E-07
 -1.9959273E-07
 -1.9832191E-07
 -1.9672687E-07
 -1.9475196E-07
 -1.9238644E-07
 -1.8968461E-07
 -1.8676880E-07
 -1.8381739E-07
 -1.8103583E-07
 -1.7862314E-07
 -1.7674090E-07
 -1.7549817E-07
 -1.7494924E-07
 -1.7510412E-07
 -1.7593941E-07
 -1.7740794E-07
 -1.7944139E-07
 -1.8195084E-07
 -1.8482527E-07
 -1.8793990E-07
 -1.9117014E-07
 -1.9441362E-07
 -1.9760746E-07
 -2.0074086E-07
 -2.0385021E-07
 -2.0700030E-07
 -2.1025069E-07
 -2.1362416E-07
 -2.1708171E-07
 -2.2051823E-07
 -2.2377351E-07
 -2.2666018E-07
 -2.2899285E-07
 -2.3061359E-07
 -2.3140289E-07
 -2.3128533E-07
 -2.3022881E-07
 -2.2825009E-07
 -2.2541916E-07
 -2.2186816E-07
 -2.1779151E-07
 -2.1343510E-07
 -2.0906838E-07
 -2.0495190E-07
 -2.0130324E-07
 -1.9827496E-07
 -1.9594488E-07
 -1.9432366E-07
 -1.9336885E-07
 -1.9300280E-07
 -1.9312392E-07
 -1.9361850E-07
 -1.9436939E-07
 -1.9527070E-07
 -1.9624304E-07
 -1.9725211E-07
 -1.9831730E-07
 -1.9950902E-07
 -2.0092556E-07
 -2.0266241E-07
 -2.0477660E-07
 -2.0726372E-07
 -2.1004931E-07
 -2.1300184E-07
 -2.1595632E-07
 -2.1874355E-07
 -2.2121075E-07
 -2.2323619E-07
 -2.2473228E-07
 -2.2564832E-07
 -2.2596824E-07
 -2.2571508E-07
 -2.2495276E-07
 -2.2378708E-07
 -2.2235439E-07
 -2.2080420E-07
 -2.1927086E-07
 -2.1784641E-07
 -2.1655637E-07
 -2.1535514E-07
 -2.1413699E-07
 -2.1276729E-07
 -2.1111758E-07
 -2.0910120E-07
 -2.0669214E-07
 -2.0392945E-07
 -2.0090259E-07
 -1.9773290E-07
 -1.9455459E-07
 -1.9150382E-07
 -1.8871053E-07
 -1.8629501E-07
 -1.8435843E-07
 -1.8297158E-07
 -1.8215859E-07
 -1.8188906E-07
 -1.8207955E-07
 -1.8260970E-07
 -1.8334508E-07
 -1.8416436E-07
 -1.8497788E-07
 -1.8573708E-07
 -1.8643014E-07
 -1.8707385E-07
 -1.8770409E-07
 -1.8837164E-07
 -1.8913879E-07
 -1.9007730E-07
 -1.9125899E-07
 -1.9274114E-07
 -1.9454424E-07
 -1.9663491E-07
 -1.9891955E-07
 -2.0125445E-07
 -2.0346742E-07
 -2.0538921E-07
 -2.0687969E-07
 -2.0784510E-07
 -2.0823875E-07
 -2.0805406E-07
 -2.0731282E-07
 -2.0605731E-07
 -2.0434497E-07
 -2.0225043E-07
 -1.9986506E-07
 -1.9729357E-07
 -1.9464083E-07
 -1.9199607E-07
 -1.8941567E-07
 -1.8691358E-07
 -1.8446126E-07
 -1.8200387E-07
 -1.7948548E-07
 -1.7687826E-07
 -1.7420219E-07
 -1.7153376E-07
 -1.6899655E-07
 -1.6674146E-07
 -1.6491973E-07
 -1.6366310E-07
 -1.6307152E-07
 -1.6321013E-07
 -1.6410752E-07
 -1.6575504E-07
 -1.6810081E-07
 -1.7104389E-07
 -1.7443037E-07
 -1.7806239E-07
 -1.8171727E-07
 -1.8517639E-07
 -1.8825232E-07
 -1.9081135E-07
 -1.9278143E-07
 -1.9414931E-07
 -1.9494659E-07
 -1.9523682E-07
 -1.9510271E-07
 -1.9463907E-07
 -1.9394365E-07
 -1.9310839E-07
 -1.9220492E-07
 -1.9127101E-07
 -1.9029855E-07
 -1.8923582E-07
 -1.8800198E-07
 -1.8651464E-07
 -1.8471813E-07
 -1.8260792E-07
 -1.8023881E-07
 -1.7771804E-07
 -1.7518397E-07
 -1.7278317E-07
 -1.7064886E-07
 -1.6888991E-07
 -1.6758450E-07
 -1.6678131E-07
 -1.6649841E-07
 -1.6672250E-07
 -1.6740381E-07
 -1.6845713E-07
 -1.6976655E-07
 -1.7120166E-07
 -1.7263874E-07
 -1.7398709E-07
 -1.7520902E-07
 -1.7632948E-07
 -1.7742674E-07
 -1.7861110E-07
 -1.7999245E-07
 -1.8165184E-07
 -1.8362003E-07
 -1.8587396E-07
 -1.8834449E-07
 -1.9093407E-07
 -1.9353088E-07
 -1.9602115E-07
 -1.9829393E-07
 -2.0024684E-07
 -2.0179077E-07
 -2.0286210E-07
 -2.0343512E-07
 -2.0353293E-07
 -2.0322548E-07
 -2.0261960E-07
 -2.0183704E-07
 -2.0099252E-07
 -2.0017261E-07
 -1.9942813E-07
 -1.9877453E-07
 -1.9820099E-07
 -1.9767688E-07
 -1.9715881E-07
 -1.9659186E-07
 -1.9591327E-07
 -1.9505651E-07
 -1.9396573E-07
 -1.9261289E-07
 -1.9101563E-07
 -1.8924277E-07
 -1.8741001E-07
 -1.8566040E-07
 -1.8413942E-07
 -1.8296778E-07
 -1.8222768E-07
 -1.8195884E-07
 -1.8216582E-07
 -1.8282728E-07
 -1.8390627E-07
 -1.8535316E-07
 -1.8710647E-07
 -1.8909004E-07
 -1.9121704E-07
 -1.9339825E-07
 -1.9555694E-07
 -1.9764202E-07
 -1.9963925E-07
 -2.0157029E-07
 -2.0348268E-07
 -2.0542734E-07
 -2.0743555E-07
 -2.0949948E-07
 -2.1156532E-07
 -2.1353719E-07
 -2.1529505E-07
 -2.1671455E-07
 -2.1768710E-07
 -2.1812812E-07
 -2.1798262E-07
 -2.1722401E-07
 -2.1585667E-07
 -2.1391782E-07
 -2.1148560E-07
 -2.0868070E-07
 -2.0566323E-07
 -2.0261574E-07
 -1.9972197E-07
 -1.9714120E-07
 -1.9499065E-07
 -1.9333474E-07
 -1.9218912E-07
 -1.9152928E-07
 -1.9130441E-07
 -1.9144606E-07
 -1.9187637E-07
 -1.9251284E-07
 -1.9327716E-07
 -1.9410446E-07
 -1.9495735E-07
 -1.9583489E-07
 -1.9677530E-07
 -1.9784362E-07
 -1.9911143E-07
 -2.0063025E-07
 -2.0241184E-07
 -2.0441632E-07
 -2.0655810E-07
 -2.0872099E-07
 -2.1078036E-07
 -2.1261977E-07
 -2.1414367E-07
 -2.1528113E-07
 -2.1598748E-07
 -2.1624237E-07
 -2.1605292E-07
 -2.1545596E-07
 -2.1452088E-07
 -2.1334426E-07
 -2.1203948E-07
 -2.1071729E-07
 -2.0946554E-07
 -2.0832805E-07
 -2.0729676E-07
 -2.0631451E-07
 -2.0529380E-07
 -2.0414052E-07
 -2.0278154E-07
 -2.0118208E-07
 -1.9935406E-07
 -1.9734821E-07
 -1.9524308E-07
 -1.9313013E-07
 -1.9110549E-07
 -1.8926217E-07
 -1.8768803E-07
 -1.8645986E-07
 -1.8563550E-07
 -1.8524014E-07
 -1.8525880E-07
 -1.8563327E-07
 -1.8627198E-07
 -1.8706524E-07
 -1.8790767E-07
 -1.8871543E-07
 -1.8943732E-07
 -1.9005336E-07
 -1.9057050E-07
 -1.9101329E-07
 -1.9141987E-07
 -1.9183733E-07
 -1.9232152E-07
 -1.9293172E-07
 -1.9372183E-07
 -1.9472327E-07
 -1.9593161E-07
 -1.9729714E-07
 -1.9872905E-07
 -2.0010815E-07
 -2.0131101E-07
 -2.0223160E-07
 -2.0279788E-07
 -2.0297431E-07
 -2.0275841E-07
 -2.0216979E-07
 -2.0124274E-07
 -2.0001970E-07
 -1.9855277E-07
 -1.9690424E-07
 -1.9514682E-07
 -1.9335508E-07
 -1.9159582E-07
 -1.8991425E-07
 -1.8832607E-07
 -1.8681386E-07
 -1.8533720E-07
 -1.8384893E-07
 -1.8231661E-07
 -1.8073797E-07
 -1.7915066E-07
 -1.7762795E-07
 -1.7626671E-07
 -1.7516797E-07
 -1.7442277E-07
 -1.7410119E-07
 -1.7425020E-07
 -1.7489258E-07
 -1.7602822E-07
 -1.7762959E-07
 -1.7963804E-07
 -1.8195826E-07
 -1.8446224E-07
 -1.8699929E-07
 -1.8941643E-07
 -1.9157733E-07
 -1.9338101E-07
 -1.9476946E-07
 -1.9572768E-07
 -1.9627372E-07
 -1.9644931E-07
 -1.9630995E-07
 -1.9592019E-07
 -1.9534798E-07
 -1.9466061E-07
 -1.9391511E-07
 -1.9314886E-07
 -1.9236809E-07
 -1.9154629E-07
 -1.9063054E-07
 -1.8956014E-07
 -1.8828629E-07
 -1.8679378E-07
 -1.8510968E-07
 -1.8330290E-07
 -1.8146932E-07
 -1.7971564E-07
 -1.7814196E-07
 -1.7683237E-07
 -1.7584924E-07
 -1.7523426E-07
 -1.7500768E-07
 -1.7516842E-07
 -1.7568891E-07
 -1.7651421E-07
 -1.7756329E-07
 -1.7873916E-07
 -1.7994232E-07
 -1.8109110E-07
 -1.8213778E-07
 -1.8307973E-07
 -1.8395627E-07
 -1.8483712E-07
 -1.8580066E-07
 -1.8691303E-07
 -1.8820927E-07
 -1.8968754E-07
 -1.9131069E-07
 -1.9301795E-07
 -1.9473406E-07
 -1.9637960E-07
 -1.9787531E-07
 -1.9914678E-07
 -2.0012654E-07
 -2.0076367E-07
 -2.0103225E-07
 -2.0094228E-07
 -2.0054020E-07
 -1.9990473E-07
 -1.9913173E-07
 -1.9831785E-07
 -1.9754145E-07
 -1.9685437E-07
 -1.9627865E-07
 -1.9581276E-07
 -1.9543654E-07
 -1.9511810E-07
 -1.9481591E-07
 -1.9448179E-07
 -1.9406198E-07
 -1.9350712E-07
 -1.9278296E-07
 -1.9188586E-07
 -1.9084898E-07
 -1.8974367E-07
 -1.8866680E-07
 -1.8772371E-07
 -1.8700602E-07
 -1.8657859E-07
 -1.8647266E-07
 -1.8669128E-07
 -1.8721583E-07
 -1.8801596E-07
 -1.8905355E-07
 -1.9028509E-07
 -1.9165800E-07
 -1.9311277E-07
 -1.9458608E-07
 -1.9602146E-07
 -1.9737823E-07
 -1.9864156E-07
 -1.9982370E-07
 -2.0095983E-07
 -2.0209214E-07
 -2.0325392E-07
 -2.0445346E-07
 -2.0566706E-07
 -2.0683849E-07
 -2.0789086E-07
 -2.0874027E-07
 -2.0931168E-07
 -2.0954523E-07
 -2.0940188E-07
 -2.0886090E-07
 -2.0792170E-07
 -2.0660343E-07
 -2.0495102E-07
 -2.0303814E-07
 -2.0096807E-07
 -1.9886322E-07
 -1.9685206E-07
 -1.9504989E-07
 -1.9354506E-07
 -1.9238847E-07
 -1.9159505E-07
 -1.9115005E-07
 -1.9101954E-07
 -1.9115694E-07
 -1.9150950E-07
 -1.9202071E-07
 -1.9263469E-07
 -1.9330103E-07
 -1.9398495E-07
 -1.9467548E-07
 -1.9539083E-07
 -1.9617210E-07
 -1.9707196E-07
 -1.9813454E-07
 -1.9937900E-07
 -2.0078743E-07
 -2.0230618E-07
 -2.0385505E-07
 -2.0534401E-07
 -2.0668604E-07
 -2.0780872E-07
 -2.0865650E-07
 -2.0919303E-07
 -2.0939747E-07
 -2.0926771E-07
 -2.0882226E-07
 -2.0810481E-07
 -2.0718106E-07
 -2.0613470E-07
 -2.0505323E-07
 -2.0401303E-07
 -2.0306234E-07
 -2.0221250E-07
 -2.0143673E-07
 -2.0068096E-07
 -1.9987915E-07
 -1.9897350E-07
 -1.9792900E-07
 -1.9674196E-07
 -1.9543752E-07
 -1.9406305E-07
 -1.9267839E-07
 -1.9134932E-07
 -1.9014149E-07
 -1.8911884E-07
 -1.8833920E-07
 -1.8784918E-07
 -1.8767336E-07
 -1.8780746E-07
 -1.8821393E-07
