  0.0000000E+00
  0.0000000E+00
  0.0000000E+00
  0.0000000E+00
  0.0000000E+00
  0.0000000E+00
  0.0000000E+00
  0.0000000E+00
  0.0000000E+00
  0.0000000E+00
  0.0000000E+00
  0.0000000E+00
  0.0000000E+00
  0.0000000E+00
  0.0000000E+00
  0.0000000E+00
  0.0000000E+00
  0.0000000E+00
  0.0000000E+00
  0.0000000E+00
  0.0000000E+00
  0.0000000E+00
  0.0000000E+00
  0.0000000E+00
  0.0000000E+00
  0.0000000E+00
  0.0000000E+00
  0.0000000E+00
  0.0000000E+00
  0.0000000E+00
  0.0000000E+00
  0.0000000E+00
  0.0000000E+00
  0.0000000E+00
  0.0000000E+00
  0.0000000E+00
  0.0000000E+00
  0.0000000E+00
  0.0000000E+00
  0.0000000E+00
  0.0000000E+00
  0.0000000E+00
  0.0000000E+00
  0.0000000E+00
  0.0000000E+00
  0.0000000E+00
  0.0000000E+00
  0.0000000E+00
  0.0000000E+00
  0.0000000E+00
  0.0000000E+00
  0.0000000E+00
  0.0000000E+00
  0.0000000E+00
  0.0000000E+00
  0.0000000E+00
  0.0000000E+00
  0.0000000E+00
  0.0000000E+00
  0.0000000E+00
  0.0000000E+00
  0.0000000E+00
  0.0000000E+00
  0.0000000E+00
  0.0000000E+00
  0.0000000E+00
  0.0000000E+00
  0.0000000E+00
  0.0000000E+00
  0.0000000E+00
  0.0000000E+00
  0.0000000E+00
  0.0000000E+00
  0.0000000E+00
  0.0000000E+00
  0.0000000E+00
  0.0000000E+00
  0.0000000E+00
  0.0000000E+00
  0.0000000E+00
  0.0000000E+00
  0.0000000E+00
  0.0000000E+00
  0.0000000E+00
  0.0000000E+00
  0.0000000E+00
  0.0000000E+00
  0.0000000E+00
  0.0000000E+00
  0.0000000E+00
  0.0000000E+00
  0.0000000E+00
  0.0000000E+00
  0.0000000E+00
  0.0000000E+00
  0.0000000E+00
  0.0000000E+00
  0.0000000E+00
  0.0000000E+00
  0.0000000E+00
  0.0000000E+00
  0.0000000E+00
  0.0000000E+00
  0.0000000E+00
  0.0000000E+00
  0.0000000E+00
  0.0000000E+00
  0.0000000E+00
  0.0000000E+00
  0.0000000E+00
  0.0000000E+00
  0.0000000E+00
  0.0000000E+00
  0.0000000E+00
  0.0000000E+00
  0.0000000E+00
  0.0000000E+00
  0.0000000E+00
  0.0000000E+00
  0.0000000E+00
  0.0000000E+00
  0.0000000E+00
  0.0000000E+00
  0.0000000E+00
  0.0000000E+00
  0.0000000E+00
  0.0000000E+00
  0.0000000E+00
  0.0000000E+00
  0.0000000E+00
  0.0000000E+00
  0.0000000E+00
  0.0000000E+00
  0.0000000E+00
  0.0000000E+00
  0.0000000E+00
  0.0000000E+00
  0.0000000E+00
  0.0000000E+00
  0.0000000E+00
  0.0000000E+00
  0.0000000E+00
  0.0000000E+00
  0.0000000E+00
  0.0000000E+00
  0.0000000E+00
  0.0000000E+00
  0.0000000E+00
  0.0000000E+00
  0.0000000E+00
  0.0000000E+00
  0.0000000E+00
  0.0000000E+00
  0.0000000E+00
  0.0000000E+00
  0.0000000E+00
  0.0000000E+00
  0.0000000E+00
  0.0000000E+00
  0.0000000E+00
  0.0000000E+00
  0.0000000E+00
  0.0000000E+00
  0.0000000E+00
  0.0000000E+00
  0.0000000E+00
  0.0000000E+00
  0.0000000E+00
  0.0000000E+00
  0.0000000E+00
  0.0000000E+00
  0.0000000E+00
  0.0000000E+00
  0.0000000E+00
  0.0000000E+00
  0.0000000E+00
  0.0000000E+00
  0.0000000E+00
  0.0000000E+00
  0.0000000E+00
  0.0000000E+00
  0.0000000E+00
  0.0000000E+00
  0.0000000E+00
  0.0000000E+00
  0.0000000E+00
  0.0000000E+00
  0.0000000E+00
  0.0000000E+00
  0.0000000E+00
  0.0000000E+00
  0.0000000E+00
  0.0000000E+00
  0.0000000E+00
  0.0000000E+00
  0.0000000E+00
  0.0000000E+00
  0.0000000E+00
  0.0000000E+00
  0.0000000E+00
  0.0000000E+00
  0.0000000E+00
  0.0000000E+00
  0.0000000E+00
  0.0000000E+00
  0.0000000E+00
  0.0000000E+00
  0.0000000E+00
  0.0000000E+00
  0.0000000E+00
  0.0000000E+00
  0.0000000E+00
  0.0000000E+00
  0.0000000E+00
  0.0000000E+00
  0.0000000E+00
  0.0000000E+00
  0.0000000E+00
  0.0000000E+00
  0.0000000E+00
  0.0000000E+00
  0.0000000E+00
  0.0000000E+00
  0.0000000E+00
  0.0000000E+00
  0.0000000E+00
  0.0000000E+00
  0.0000000E+00
  0.0000000E+00
  0.0000000E+00
  0.0000000E+00
  0.0000000E+00
  0.0000000E+00
  0.0000000E+00
  0.0000000E+00
  0.0000000E+00
  0.0000000E+00
  0.0000000E+00
  0.0000000E+00
  0.0000000E+00
  0.0000000E+00
  0.0000000E+00
  1.3913890E-11
  1.2425497E-10
  7.3595746E-10
  3.3705505E-09
  1.2594930E-08
  3.9666045E-08
  1.0801530E-07
  2.5955839E-07
  5.5957480E-07
  1.0970469E-06
  1.9777578E-06
  3.3093675E-06
  5.1805455E-06
  7.6391316E-06
  1.0675325E-05
  1.4215227E-05
  1.8126679E-05
  2.2236289E-05
  2.6353066E-05
  3.0293430E-05
  3.3901622E-05
  3.7063131E-05
  3.9709437E-05
  4.1815700E-05
  4.3392633E-05
  4.4476485E-05
  4.5118220E-05
  4.5374771E-05
  4.5301502E-05
  4.4947938E-05
  4.4354987E-05
  4.3554544E-05
  4.2569809E-05
  4.1417690E-05
  4.0111372E-05
  3.8663868E-05
  3.7090515E-05
  3.5411180E-05
  3.3650795E-05
  3.1838787E-05
  3.0006804E-05
  2.8186534E-05
  2.6407059E-05
  2.4693105E-05
  2.3063591E-05
  2.1531474E-05
  2.0103940E-05
  1.8783256E-05
  1.7567463E-05
  1.6451424E-05
  1.5427504E-05
  1.4486382E-05
  1.3617539E-05
  1.2810105E-05
  1.2053591E-05
  1.1338858E-05
  1.0658826E-05
  1.0009259E-05
  9.3890039E-06
  8.7999460E-06
  8.2462966E-06
  7.7337081E-06
  7.2679700E-06
  6.8538670E-06
  6.4940587E-06
  6.1885148E-06
  5.9342997E-06
  5.7259222E-06
  5.5559135E-06
  5.4157413E-06
  5.2966748E-06
  5.1906277E-06
  5.0907038E-06
  4.9916084E-06
  4.8897205E-06
  4.7829926E-06
  4.6705313E-06
  4.5520660E-06
  4.4272447E-06
  4.2950446E-06
  4.1533704E-06
  3.9992397E-06
  3.8295098E-06
  3.6421386E-06
  3.4374996E-06
  3.2194080E-06
  2.9952650E-06
  2.7752583E-06
  2.5706358E-06
  2.3916541E-06
  2.2456359E-06
  2.1357203E-06
  2.0604527E-06
  2.0143004E-06
  1.9887823E-06
  1.9739825E-06
  1.9600770E-06
  1.9386957E-06
  1.9038588E-06
  1.8524352E-06
  1.7839720E-06
  1.6999813E-06
  1.6027063E-06
  1.4936435E-06
  1.3720917E-06
  1.2342365E-06
  1.0730954E-06
  8.7961524E-07
  6.4479576E-07
  3.6242332E-07
  3.1605008E-08
 -3.4172885E-07
 -7.4501958E-07
 -1.1611131E-06
 -1.5717224E-06
 -1.9613633E-06
 -2.3205682E-06
 -2.6474379E-06
 -2.9470698E-06
 -3.2291337E-06
 -3.5043577E-06
 -3.7810853E-06
 -4.0628011E-06
 -4.3472351E-06
 -4.6269438E-06
 -4.8910783E-06
 -5.1275979E-06
 -5.3254112E-06
 -5.4758962E-06
 -5.5738037E-06
 -5.6174244E-06
 -5.6083340E-06
 -5.5507335E-06
 -5.4507536E-06
 -5.3156759E-06
 -5.1532711E-06
 -4.9710829E-06
 -4.7757148E-06
 -4.5716670E-06
 -4.3593823E-06
 -4.1321032E-06
 -3.8719077E-06
 -3.5459032E-06
 -3.1044999E-06
 -2.4837439E-06
 -1.6131055E-06
 -4.2819647E-07
  1.1140445E-06
  3.0215845E-06
  5.2589698E-06
  7.7470122E-06
  1.0370927E-05
  1.2994637E-05
  1.5477943E-05
  1.7692748E-05
  1.9535850E-05
  2.0936441E-05
  2.1858874E-05
  2.2301047E-05
  2.2290038E-05
  2.1875370E-05
  2.1121754E-05
  2.0101319E-05
  1.8886733E-05
  1.7545030E-05
  1.6133479E-05
  1.4697056E-05
  1.3267968E-05
  1.1866423E-05
  1.0502875E-05
  9.1805769E-06
  7.8983812E-06
  6.6530397E-06
  5.4411285E-06
  4.2601673E-06
  3.1092748E-06
  1.9893885E-06
  9.0361112E-07
 -1.4233707E-07
 -1.1394166E-06
 -2.0746484E-06
 -2.9310572E-06
 -3.6887602E-06
 -4.3274563E-06
 -4.8300458E-06
 -5.1866759E-06
 -5.3980425E-06
 -5.4769512E-06
 -5.4473562E-06
 -5.3411304E-06
 -5.1932466E-06
 -5.0367357E-06
 -4.8988318E-06
 -4.7999110E-06
 -4.7561184E-06
 -4.7859880E-06
 -4.9197588E-06
 -5.2088394E-06
 -5.7314828E-06
 -6.5909903E-06
 -7.9041829E-06
 -9.7812444E-06
 -1.2301073E-05
 -1.5488838E-05
 -1.9301731E-05
 -2.3627510E-05
 -2.8295937E-05
 -3.3100612E-05
 -3.7825033E-05
 -4.2268166E-05
 -4.6264129E-05
 -4.9694481E-05
 -5.2491170E-05
 -5.4633030E-05
 -5.6136934E-05
 -5.7047142E-05
 -5.7423673E-05
 -5.7333509E-05
 -5.6843699E-05
 -5.6018071E-05
 -5.4915279E-05
 -5.3589454E-05
 -5.2090672E-05
 -5.0465991E-05
 -4.8758895E-05
 -4.7009122E-05
 -4.5251265E-05
 -4.3514006E-05
 -4.1818810E-05
 -4.0179977E-05
 -3.8604980E-05
 -3.7095837E-05
 -3.5650297E-05
 -3.4264012E-05
 -3.2932057E-05
 -3.1650528E-05
 -3.0417063E-05
 -2.9231469E-05
 -2.8095461E-05
 -2.7012458E-05
 -2.5986670E-05
 -2.5022657E-05
 -2.4124403E-05
 -2.3294870E-05
 -2.2535050E-05
 -2.1843478E-05
 -2.1215003E-05
 -2.0639425E-05
 -2.0099294E-05
 -1.9568450E-05
 -1.9011426E-05
 -1.8385446E-05
 -1.7644736E-05
 -1.6747346E-05
 -1.5662392E-05
 -1.4376220E-05
 -1.2895390E-05
 -1.1246379E-05
 -9.4719244E-06
 -7.6256074E-06
 -5.7658867E-06
 -3.9511610E-06
 -2.2360564E-06
 -6.6907859E-07
  7.0900069E-07
  1.8663565E-06
  2.7814037E-06
  3.4440534E-06
  3.8565108E-06
  4.0332225E-06
  3.9995989E-06
  3.7894774E-06
  3.4415832E-06
  2.9956714E-06
  2.4888825E-06
  1.9529141E-06
  1.4122052E-06
  8.8325777E-07
  3.7485560E-07
 -1.1101406E-07
 -5.7777874E-07
 -1.0325801E-06
 -1.4844118E-06
 -1.9422289E-06
 -2.4131220E-06
 -2.9008127E-06
 -3.4046302E-06
 -3.9192046E-06
 -4.4348503E-06
 -4.9386776E-06
 -5.4160637E-06
 -5.8522364E-06
 -6.2333652E-06
 -6.5471045E-06
 -6.7824813E-06
 -6.9295393E-06
 -6.9790817E-06
 -6.9231733E-06
 -6.7563815E-06
 -6.4777864E-06
 -6.0931270E-06
 -5.6167892E-06
 -5.0729491E-06
 -4.4955809E-06
 -3.9268502E-06
 -3.4139446E-06
 -3.0042820E-06
 -2.7397780E-06
 -2.6510559E-06
 -2.7529550E-06
 -3.0422761E-06
 -3.4984275E-06
 -4.0866216E-06
 -4.7628951E-06
 -5.4796433E-06
 -6.1907281E-06
 -6.8552445E-06
 -7.4399445E-06
 -7.9203046E-06
 -8.2807337E-06
 -8.5140155E-06
 -8.6204554E-06
 -8.6066038E-06
 -8.4837948E-06
 -8.2663173E-06
 -7.9696629E-06
 -7.6088322E-06
 -7.1971394E-06
 -6.7454966E-06
 -6.2625436E-06
 -5.7553084E-06
 -5.2303499E-06
 -4.6948658E-06
 -4.1575991E-06
 -3.6290051E-06
 -3.1206473E-06
 -2.6437006E-06
 -2.2070492E-06
 -1.8153216E-06
 -1.4675701E-06
 -1.1570024E-06
 -8.7206428E-07
 -5.9862282E-07
 -3.2280496E-07
 -3.3761900E-08
  2.7426285E-07
  6.0104759E-07
  9.4079388E-07
  1.2835892E-06
  1.6174611E-06
  1.9303604E-06
  2.2114259E-06
  2.4510177E-06
  2.6394941E-06
  2.7651984E-06
  2.8127004E-06
  2.7624344E-06
  2.5927329E-06
  2.2843058E-06
  1.8262383E-06
  1.2216656E-06
  4.9121576E-07
 -3.2728440E-07
 -1.1830979E-06
 -2.0199029E-06
 -2.7842905E-06
 -3.4334091E-06
 -3.9401489E-06
 -4.2950069E-06
 -4.5048409E-06
 -4.5891907E-06
 -4.5753686E-06
 -4.4932685E-06
 -4.3709251E-06
 -4.2312063E-06
 -4.0899563E-06
 -3.9553843E-06
 -3.8286225E-06
 -3.7050020E-06
 -3.5758578E-06
 -3.4304146E-06
 -3.2576904E-06
 -3.0480785E-06
 -2.7945855E-06
 -2.4935196E-06
 -2.1447026E-06
 -1.7510656E-06
 -1.3177519E-06
 -8.5079802E-07
 -3.5575792E-07
  1.6339816E-07
  7.0466751E-07
  1.2674602E-06
  1.8511586E-06
  2.4532796E-06
  3.0679621E-06
  3.6854040E-06
  4.2926818E-06
  4.8757806E-06
  5.4222519E-06
  5.9235526E-06
  6.3764282E-06
  6.7828255E-06
  7.1485820E-06
  7.4812124E-06
  7.7877621E-06
  8.0733007E-06
  8.3407122E-06
  8.5916236E-06
  8.8284414E-06
  9.0564863E-06
  9.2855844E-06
  9.5300156E-06
  9.8068404E-06
  1.0132564E-05
  1.0519177E-05
  1.0970386E-05
  1.1479372E-05
  1.2028385E-05
  1.2590547E-05
  1.3132936E-05
  1.3620682E-05
  1.4020852E-05
  1.4305764E-05
  1.4454933E-05
  1.4456110E-05
  1.4305163E-05
  1.4005552E-05
  1.3567292E-05
  1.3006174E-05
  1.2342843E-05
  1.1601961E-05
  1.0810828E-05
  9.9979516E-06
  9.1911234E-06
  8.4156645E-06
  7.6928291E-06
  7.0389433E-06
  6.4650376E-06
  5.9770337E-06
  5.5759824E-06
  5.2584451E-06
  5.0167541E-06
  4.8394859E-06
  4.7122244E-06
  4.6189102E-06
  4.5435713E-06
  4.4722437E-06
  4.3945743E-06
  4.3048972E-06
  4.2024781E-06
  4.0910554E-06
  3.9777024E-06
  3.8714206E-06
  3.7815742E-06
  3.7165141E-06
  3.6825240E-06
  3.6834952E-06
  3.7214036E-06
  3.7977679E-06
  3.9156794E-06
  4.0819541E-06
  4.3084610E-06
  4.6119089E-06
  5.0115586E-06
  5.5252099E-06
  6.1642058E-06
  6.9288981E-06
  7.8056646E-06
  8.7666131E-06
  9.7719649E-06
  1.0774877E-05
  1.1727397E-05
  1.2586635E-05
  1.3319717E-05
  1.3907001E-05
  1.4342687E-05
  1.4633438E-05
  1.4795124E-05
  1.4848779E-05
  1.4816279E-05
  1.4717006E-05
  1.4565524E-05
  1.4370913E-05
  1.4136994E-05
  1.3863754E-05
  1.3548926E-05
  1.3189826E-05
  1.2784692E-05
  1.2334075E-05
  1.1841751E-05
  1.1315425E-05
  1.0766749E-05
  1.0210849E-05
  9.6649574E-06
  9.1465727E-06
  8.6712662E-06
  8.2509896E-06
  7.8929788E-06
  7.5996722E-06
  7.3692026E-06
  7.1964373E-06
  7.0738433E-06
  6.9922148E-06
  6.9409575E-06
  6.9083867E-06
  6.8820455E-06
  6.8494192E-06
  6.7988253E-06
  6.7205983E-06
  6.6080656E-06
  6.4581845E-06
  6.2713711E-06
  6.0506568E-06
  5.8000114E-06
  5.5223968E-06
  5.2178352E-06
  4.8823808E-06
  4.5082706E-06
  4.0855625E-06
  3.6047918E-06
  3.0601252E-06
  2.4519275E-06
  1.7880969E-06
  1.0836928E-06
  3.5906200E-07
 -3.6311084E-07
 -1.0610592E-06
 -1.7168149E-06
 -2.3181792E-06
 -2.8595532E-06
 -3.3416516E-06
 -3.7701902E-06
 -4.1539770E-06
 -4.5027223E-06
 -4.8250322E-06
 -5.1268257E-06
 -5.4105371E-06
 -5.6750446E-06
 -5.9163681E-06
 -6.1287269E-06
 -6.3058792E-06
 -6.4423170E-06
 -6.5342306E-06
 -6.5799541E-06
 -6.5800727E-06
 -6.5370800E-06
 -6.4548708E-06
 -6.3380803E-06
 -6.1916603E-06
 -6.0206548E-06
 -5.8303094E-06
 -5.6262138E-06
 -5.4145416E-06
 -5.2019818E-06
 -4.9954597E-06
 -4.8015595E-06
 -4.6259897E-06
 -4.4731596E-06
 -4.3461055E-06
 -4.2466459E-06
 -4.1758226E-06
 -4.1343396E-06
 -4.1230319E-06
 -4.1432645E-06
 -4.1974918E-06
 -4.2899023E-06
 -4.4271314E-06
 -4.6185919E-06
 -4.8761517E-06
 -5.2126879E-06
 -5.6396470E-06
 -6.1638261E-06
 -6.7843366E-06
 -7.4903992E-06
 -8.2608267E-06
 -9.0652138E-06
 -9.8669216E-06
 -1.0626997E-05
 -1.1308518E-05
 -1.1880191E-05
 -1.2319020E-05
 -1.2611489E-05
 -1.2753533E-05
 -1.2749281E-05
 -1.2609424E-05
 -1.2349215E-05
 -1.1986754E-05
 -1.1541297E-05
 -1.1032128E-05
 -1.0477582E-05
 -9.8944574E-06
 -9.2974678E-06
 -8.6990603E-06
 -8.1092339E-06
 -7.5356279E-06
 -6.9836237E-06
 -6.4567685E-06
 -5.9572521E-06
 -5.4865782E-06
 -5.0461394E-06
 -4.6378350E-06
 -4.2644133E-06
 -3.9296383E-06
 -3.6380982E-06
 -3.3948120E-06
 -3.2045009E-06
 -3.0707142E-06
 -2.9947757E-06
 -2.9748530E-06
 -3.0052322E-06
 -3.0760966E-06
 -3.1738521E-06
 -3.2821602E-06
 -3.3834772E-06
 -3.4609432E-06
 -3.5001829E-06
 -3.4907823E-06
 -3.4270106E-06
 -3.3076883E-06
 -3.1350949E-06
 -2.9133114E-06
 -2.6463415E-06
 -2.3366965E-06
 -1.9848549E-06
 -1.5899516E-06
 -1.1514172E-06
 -6.7107402E-07
 -1.5490022E-07
  3.8615698E-07
  9.3668331E-07
  1.4785065E-06
  1.9931329E-06
  2.4642802E-06
  2.8799188E-06
  3.2334808E-06
  3.5240225E-06
  3.7555453E-06
  3.9356387E-06
  4.0738246E-06
  4.1798071E-06
  4.2620377E-06
  4.3266932E-06
  4.3772820E-06
  4.4147623E-06
  4.4382155E-06
  4.4457615E-06
  4.4355829E-06
  4.4067001E-06
  4.3594928E-06
  4.2957363E-06
  4.2182833E-06
  4.1303601E-06
  4.0348168E-06
  3.9334150E-06
  3.8264498E-06
  3.7127379E-06
  3.5900921E-06
  3.4560471E-06
  3.3087204E-06
  3.1474724E-06
  2.9733326E-06
  2.7890308E-06
  2.5987563E-06
  2.4076519E-06
  2.2212628E-06
  2.0449158E-06
  1.8831937E-06
  1.7395195E-06
  1.6160529E-06
  1.5139780E-06
  1.4342912E-06
  1.3789702E-06
  1.3522747E-06
  1.3616593E-06
  1.4178313E-06
  1.5335647E-06
  1.7213417E-06
  1.9902379E-06
  2.3428620E-06
  2.7731380E-06
  3.2656358E-06
  3.7966267E-06
  4.3366954E-06
  4.8542074E-06
  5.3190211E-06
  5.7056272E-06
  5.9953632E-06
  6.1773130E-06
  6.2482031E-06
  6.2113818E-06
  6.0754069E-06
  5.8524015E-06
  5.5566420E-06
  5.2033301E-06
  4.8077177E-06
  4.3843838E-06
  3.9468168E-06
  3.5070389E-06
  3.0753690E-06
  2.6601654E-06
  2.2676975E-06
  1.9020684E-06
  1.5653308E-06
  1.2577547E-06
  9.7834970E-07
  7.2549483E-07
  4.9764049E-07
  2.9393490E-07
  1.1469560E-07
 -3.8397541E-08
 -1.6242628E-07
 -2.5371091E-07
 -3.0859451E-07
 -3.2444527E-07
 -3.0069242E-07
 -2.3966186E-07
 -1.4698090E-07
 -3.1390666E-08
  9.6081457E-08
  2.2346008E-07
  3.3940802E-07
  4.3472207E-07
  5.0339861E-07
  5.4299738E-07
  5.5419741E-07
  5.3959565E-07
  5.0202260E-07
  4.4279736E-07
  3.6046598E-07
  2.5045782E-07
  1.0589900E-07
 -8.0557960E-08
 -3.1437497E-07
 -5.9694122E-07
 -9.2423619E-07
 -1.2867337E-06
 -1.6705679E-06
 -2.0595978E-06
 -2.4378446E-06
 -2.7916560E-06
 -3.1112497E-06
 -3.3913832E-06
 -3.6312074E-06
 -3.8333869E-06
 -4.0028353E-06
 -4.1452590E-06
 -4.2658617E-06
 -4.3683171E-06
 -4.4542908E-06
 -4.5234256E-06
 -4.5738198E-06
 -4.6027067E-06
 -4.6072887E-06
 -4.5854031E-06
 -4.5360298E-06
 -4.4594126E-06
 -4.3569939E-06
 -4.2310671E-06
 -4.0843556E-06
 -3.9195024E-06
 -3.7387442E-06
 -3.5437279E-06
 -3.3356141E-06
 -3.1153370E-06
 -2.8840602E-06
 -2.6436026E-06
 -2.3967934E-06
 -2.1475992E-06
 -1.9010870E-06
 -1.6631450E-06
 -1.4400683E-06
 -1.2380277E-06
 -1.0625627E-06
 -9.1814019E-07
 -8.0792125E-07
 -7.3380414E-07
 -6.9684501E-07
 -6.9798006E-07
 -7.3890777E-07
 -8.2279956E-07
 -9.5450798E-07
 -1.1399628E-06
 -1.3847389E-06
 -1.6920145E-06
 -2.0604757E-06
 -2.4827557E-06
 -2.9449654E-06
 -3.4274451E-06
 -3.9066954E-06
 -4.3579857E-06
 -4.7581498E-06
 -5.0878984E-06
 -5.3334338E-06
 -5.4870825E-06
 -5.5471646E-06
 -5.5171395E-06
 -5.4045017E-06
 -5.2195419E-06
 -4.9742421E-06
 -4.6812752E-06
 -4.3533159E-06
 -4.0024884E-06
 -3.6400568E-06
 -3.2761625E-06
 -2.9196960E-06
 -2.5781301E-06
 -2.2573511E-06
 -1.9614477E-06
 -1.6926297E-06
 -1.4512847E-06
 -1.2362965E-06
 -1.0455939E-06
 -8.7689142E-07
 -7.2842846E-07
 -5.9957091E-07
 -4.9109843E-07
 -4.0512683E-07
 -3.4462695E-07
 -3.1263940E-07
 -3.1131000E-07
 -3.4095444E-07
 -3.9933425E-07
 -4.8134240E-07
 -5.7918680E-07
 -6.8309890E-07
 -7.8243960E-07
 -8.6702420E-07
 -9.2837200E-07
 -9.6066083E-07
 -9.6115548E-07
 -9.3001938E-07
 -8.6949007E-07
 -7.8262229E-07
 -6.7186858E-07
 -5.3792729E-07
 -3.7922652E-07
 -1.9231550E-07
  2.6887387E-08
  2.8130975E-07
  5.7095639E-07
  8.9171755E-07
  1.2351620E-06
  1.5893996E-06
  1.9407360E-06
  2.2757010E-06
  2.5829238E-06
  2.8544962E-06
  3.0865574E-06
  3.2791811E-06
  3.4356331E-06
  3.5612841E-06
  3.6623285E-06
  3.7446287E-06
  3.8127926E-06
  3.8696589E-06
  3.9161473E-06
  3.9515585E-06
  3.9741085E-06
  3.9816377E-06
  3.9722167E-06
  3.9446413E-06
  3.8986286E-06
  3.8347839E-06
  3.7543025E-06
  3.6586187E-06
  3.5490345E-06
  3.4265217E-06
  3.2916557E-06
  3.1448246E-06
  2.9865505E-06
  2.8178990E-06
  2.6407613E-06
  2.4580377E-06
  2.2735705E-06
  2.0919088E-06
  1.9179070E-06
  1.7563173E-06
  1.6113926E-06
  1.4866149E-06
  1.3845266E-06
  1.3067551E-06
  1.2541930E-06
  1.2273875E-06
  1.2270716E-06
  1.2547742E-06
  1.3132867E-06
  1.4067656E-06
  1.5402335E-06
  1.7184626E-06
  1.9443730E-06
  2.2173847E-06
  2.5321310E-06
  2.8780275E-06
  3.2398245E-06
  3.5991202E-06
  3.9364058E-06
  4.2333036E-06
  4.4744452E-06
  4.6488140E-06
  4.7502699E-06
  4.7774893E-06
  4.7333419E-06
  4.6240325E-06
  4.4580565E-06
  4.2452953E-06
  3.9961774E-06
  3.7210655E-06
  3.4297682E-06
  3.1312707E-06
  2.8335426E-06
  2.5434404E-06
  2.2665615E-06
  2.0071511E-06
  1.7679644E-06
  1.5502386E-06
  1.3537856E-06
  1.1773261E-06
  1.0189951E-06
  8.7698339E-07
  7.5013781E-07
  6.3842612E-07
  5.4310328E-07
  4.6655941E-07
  4.1183964E-07
  3.8194418E-07
  3.7901020E-07
  4.0355073E-07
  4.5388452E-07
  5.2590298E-07
  6.1323425E-07
  7.0782136E-07
  8.0081156E-07
  8.8362123E-07
  9.4896279E-07
  9.9164902E-07
  1.0089782E-06
  1.0006337E-06
  9.6805832E-07
  9.1344509E-07
  8.3854678E-07
  7.4366739E-07
  6.2714224E-07
  4.8555961E-07
  3.1472791E-07
  1.1118408E-07
 -1.2621501E-07
 -3.9510138E-07
 -6.8917592E-07
 -9.9869976E-07
 -1.3117539E-06
 -1.6159350E-06
 -1.9000420E-06
 -2.1554215E-06
 -2.3767338E-06
 -2.5621291E-06
 -2.7128322E-06
 -2.8323682E-06
 -2.9255639E-06
 -2.9975492E-06
 -3.0528433E-06
 -3.0947588E-06
 -3.1250988E-06
 -3.1442389E-06
 -3.1514403E-06
 -3.1453794E-06
 -3.1246720E-06
 -3.0883273E-06
 -3.0359595E-06
 -2.9678486E-06
 -2.8847908E-06
 -2.7878955E-06
 -2.6783407E-06
 -2.5572638E-06
 -2.4257461E-06
 -2.2849501E-06
 -2.1362891E-06
 -1.9816453E-06
 -1.8234807E-06
 -1.6648457E-06
 -1.5092201E-06
 -1.3602688E-06
 -1.2215302E-06
 -1.0961356E-06
 -9.8658154E-07
 -8.9463464E-07
 -8.2133255E-07
 -7.6710256E-07
 -7.3197060E-07
 -7.1588971E-07
 -7.1915053E-07
 -7.4283497E-07
 -7.8916213E-07
 -8.6157155E-07
 -9.6434997E-07
 -1.1017629E-06
 -1.2767699E-06
 -1.4896539E-06
 -1.7369244E-06
 -2.0108853E-06
 -2.2999902E-06
 -2.5899908E-06
 -2.8655620E-06
 -3.1120760E-06
 -3.3170872E-06
 -3.4713828E-06
 -3.5694309E-06
 -3.6093650E-06
 -3.5925366E-06
 -3.5229409E-06
 -3.4065292E-06
 -3.2506011E-06
 -3.0631982E-06
 -2.8526485E-06
 -2.6271482E-06
 -2.3944538E-06
 -2.1615951E-06
 -1.9346912E-06
 -1.7187673E-06
 -1.5176250E-06
 -1.3337268E-06
 -1.1681971E-06
 -1.0209279E-06
 -8.9086410E-07
 -7.7641334E-07
 -6.7597074E-07
 -5.8840840E-07
 -5.1344858E-07
 -4.5180414E-07
 -4.0506944E-07
 -3.7535472E-07
 -3.6475129E-07
 -3.7471091E-07
 -4.0547775E-07
 -4.5566472E-07
 -5.2207963E-07
 -5.9983330E-07
 -6.8275057E-07
 -7.6400721E-07
 -8.3691111E-07
 -8.9566282E-07
 -9.3598300E-07
 -9.5545136E-07
 -9.5349759E-07
 -9.3098760E-07
 -8.8949503E-07
 -8.3039271E-07
 -7.5402181E-07
 -6.5918829E-07
 -5.4323687E-07
 -4.0273682E-07
 -2.3465978E-07
 -3.7707611E-08
  1.8659948E-07
  4.3343434E-07
  6.9492921E-07
  9.6112751E-07
  1.2213513E-06
  1.4656466E-06
  1.6860048E-06
  1.8771045E-06
  2.0365612E-06
  2.1646940E-06
  2.2639620E-06
  2.3381610E-06
  2.3916116E-06
  2.4283970E-06
  2.4518242E-06
  2.4640981E-06
  2.4663075E-06
  2.4586193E-06
  2.4406468E-06
  2.4118131E-06
  2.3716941E-06
  2.3201926E-06
  2.2575946E-06
  2.1844637E-06
  2.1015301E-06
  2.0095681E-06
  1.9093711E-06
  1.8017769E-06
  1.6878099E-06
  1.5688162E-06
  1.4465979E-06
  1.3234403E-06
  1.2020663E-06
  1.0854644E-06
  9.7665986E-07
  8.7843637E-07
  7.9310860E-07
  7.2234968E-07
  6.6712499E-07
  6.2771562E-07
  6.0384531E-07
  5.9488247E-07
  6.0013082E-07
  6.1918075E-07
  6.5229909E-07
  7.0074123E-07
  7.6686439E-07
  8.5387740E-07
  9.6518670E-07
  1.1033898E-06
  1.2691635E-06
  1.4603302E-06
  1.6714303E-06
  1.8939362E-06
  2.1171134E-06
  2.3292575E-06
  2.5190757E-06
  2.6768546E-06
  2.7952874E-06
  2.8698084E-06
  2.8986024E-06
  2.8823101E-06
  2.8236491E-06
  2.7269368E-06
  2.5976817E-06
  2.4421677E-06
  2.2670936E-06
  2.0792024E-06
  1.8849886E-06
  1.6904202E-06
  1.5007380E-06
  1.3202616E-06
  1.1522806E-06
  9.9896658E-07
  8.6138226E-07
  7.3956926E-07
  6.3279111E-07
  5.3987429E-07
  4.5962520E-07
  3.9122142E-07
  3.3450297E-07
  2.9006932E-07
  2.5916768E-07
  2.4337726E-07
  2.4416991E-07
  2.6242077E-07
  2.9797701E-07
  3.4935505E-07
  4.1363992E-07
  4.8660064E-07
  5.6302827E-07
  6.3723701E-07
  7.0366309E-07
  7.5745413E-07
  7.9496033E-07
  8.1401333E-07
  8.1395228E-07
  7.9534522E-07
  7.5945411E-07
  7.0752242E-07
  6.4009168E-07
  5.5653493E-07
  4.5502142E-07
  3.3297977E-07
  1.8800509E-07
  1.8953072E-08
 -1.7310199E-07
 -3.8435701E-07
 -6.0838335E-07
 -8.3682863E-07
 -1.0605378E-06
 -1.2707790E-06
 -1.4603205E-06
 -1.6241469E-06
 -1.7597571E-06
 -1.8670288E-06
 -1.9478000E-06
 -2.0052448E-06
 -2.0432144E-06
 -2.0655834E-06
 -2.0757641E-06
 -2.0763757E-06
 -2.0691452E-06
 -2.0549576E-06
 -2.0340740E-06
 -2.0063828E-06
 -1.9716595E-06
 -1.9297102E-06
 -1.8804612E-06
 -1.8239425E-06
 -1.7602608E-06
 -1.6895523E-06
 -1.6120242E-06
 -1.5280266E-06
 -1.4381892E-06
 -1.3435332E-06
 -1.2455633E-06
 -1.1462686E-06
 -1.0480384E-06
 -9.5347372E-07
 -8.6516837E-07
 -7.8546111E-07
 -7.1623617E-07
 -6.5878368E-07
 -6.1376568E-07
 -5.8126108E-07
 -5.6089357E-07
 -5.5200951E-07
 -5.5391666E-07
 -5.6615784E-07
 -5.8881022E-07
 -6.2272625E-07
 -6.6964054E-07
 -7.3200789E-07
 -8.1253387E-07
 -9.1340797E-07
 -1.0354286E-06
 -1.1772358E-06
 -1.3349298E-06
 -1.5021717E-06
 -1.6708087E-06
 -1.8318332E-06
 -1.9764570E-06
 -2.0970249E-06
 -2.1876579E-06
 -2.2445345E-06
 -2.2659167E-06
 -2.2519396E-06
 -2.2043562E-06
 -2.1262358E-06
 -2.0216874E-06
 -1.8955512E-06
 -1.7531301E-06
 -1.5998872E-06
 -1.4411842E-06
 -1.2820149E-06
 -1.1268146E-06
 -9.7928717E-07
 -8.4229305E-07
 -7.1775969E-07
 -6.0668020E-07
 -5.0918317E-07
 -4.2472047E-07
 -3.5234675E-07
 -2.9107022E-07
 -2.4018536E-07
 -1.9951987E-07
 -1.6951780E-07
 -1.5114564E-07
 -1.4563005E-07
 -1.5409239E-07
 -1.7715116E-07
 -2.1458034E-07
 -2.6507766E-07
 -3.2619369E-07
 -3.9442725E-07
 -4.6548880E-07
 -5.3468477E-07
 -5.9738608E-07
 -6.4948614E-07
 -6.8779639E-07
 -7.1029621E-07
 -7.1618967E-07
 -7.0572281E-07
 -6.7979499E-07
 -6.3940939E-07
 -5.8511199E-07
 -5.1656889E-07
 -4.3247221E-07
 -3.3084780E-07
 -2.0974610E-07
 -6.8128358E-08
  9.3298411E-08
  2.7158100E-07
  4.6151845E-07
  6.5616814E-07
  8.4773285E-07
  1.0285869E-06
  1.1922185E-06
  1.3338844E-06
  1.4509232E-06
  1.5427221E-06
  1.6104340E-06
  1.6564985E-06
  1.6841223E-06
  1.6967499E-06
  1.6976318E-06
  1.6894885E-06
  1.6743564E-06
  1.6535589E-06
  1.6278251E-06
  1.5974487E-06
  1.5624839E-06
  1.5228834E-06
  1.4785863E-06
  1.4295241E-06
  1.3756279E-06
  1.3168303E-06
  1.2531249E-06
  1.1846541E-06
  1.1118440E-06
  1.0355113E-06
  9.5693508E-07
  8.7782382E-07
  8.0022164E-07
  7.2632491E-07
  6.5827408E-07
  5.9793473E-07
  5.4673507E-07
  5.0556412E-07
  4.7475942E-07
  4.5416232E-07
  4.4324298E-07
  4.4125909E-07
  4.4745258E-07
  4.6126181E-07
  4.8255271E-07
  5.1181127E-07
  5.5024049E-07
  5.9966004E-07
  6.6216586E-07
  7.3955215E-07
  8.3262694E-07
  9.4057987E-07
  1.0606317E-06
  1.1880709E-06
  1.3167104E-06
  1.4396143E-06
  1.5499435E-06
  1.6416833E-06
  1.7101671E-06
  1.7522971E-06
  1.7665678E-06
  1.7529272E-06
  1.7126004E-06
  1.6478670E-06
  1.5618806E-06
  1.4584560E-06
  1.3418608E-06
  1.2165624E-06
  1.0869975E-06
  9.5733765E-07
  8.3130539E-07
  7.1200969E-07
  6.0185027E-07
  5.0244870E-07
  4.1464781E-07
  3.3857128E-07
  2.7377948E-07
  2.1949825E-07
  1.7490179E-07
  1.3938305E-07
  1.1275583E-07
  9.5322910E-08
  8.7794824E-08
  9.1070987E-08
  1.0593973E-07
  1.3275825E-07
  1.7118461E-07
  2.2000539E-07
  2.7709299E-07
  3.3949490E-07
  4.0364918E-07
  4.6569025E-07
  5.2181139E-07
  5.6862791E-07
  6.0349322E-07
  6.2469979E-07
  6.3154306E-07
  6.2420031E-07
  6.0344337E-07
  5.7020537E-07
  5.2511922E-07
  4.6814122E-07
  3.9841356E-07
  3.1444611E-07
  2.1463397E-07
  9.7974080E-08
 -3.5217894E-08
 -1.8282151E-07
 -3.4081629E-07
 -5.0362115E-07
 -6.6477844E-07
 -8.1779621E-07
 -9.5694804E-07
 -1.0778725E-06
 -1.1779056E-06
 -1.2561105E-06
 -1.3131021E-06
 -1.3507091E-06
 -1.3715729E-06
 -1.3787086E-06
 -1.3751277E-06
 -1.3635201E-06
 -1.3460622E-06
 -1.3243194E-06
 -1.2992818E-06
 -1.2714619E-06
 -1.2410383E-06
 -1.2079666E-06
 -1.1720781E-06
 -1.1331202E-06
 -1.0907999E-06
 -1.0448128E-06
 -9.9492900E-07
 -9.4109703E-07
 -8.8357041E-07
 -8.2299783E-07
 -7.6047422E-07
 -6.9749814E-07
 -6.3586299E-07
 -5.7747610E-07
 -5.2416544E-07
 -4.7748955E-07
 -4.3860078E-07
 -4.0816400E-07
 -3.8636003E-07
 -3.7294481E-07
 -3.6736165E-07
 -3.6887585E-07
 -3.7673490E-07
 -3.9033648E-07
 -4.0940904E-07
 -4.3416603E-07
 -4.6539691E-07
 -5.0441412E-07
 -5.5281726E-07
 -6.1205628E-07
 -6.8289182E-07
 -7.6487839E-07
 -8.5605143E-07
 -9.5291074E-07
 -1.0507479E-06
 -1.1442113E-06
 -1.2279783E-06
 -1.2973367E-06
 -1.3486004E-06
 -1.3792924E-06
 -1.3881613E-06
 -1.3750641E-06
 -1.3408385E-06
 -1.2871579E-06
 -1.2164162E-06
 -1.1315800E-06
 -1.0360388E-06
 -9.3340969E-07
 -8.2733578E-07
 -7.2127335E-07
 -6.1832475E-07
 -5.2109897E-07
 -4.3162109E-07
 -3.5127684E-07
 -2.8081263E-07
 -2.2038431E-07
 -1.6967789E-07
 -1.2808958E-07
 -9.4954807E-08
 -6.9769690E-08
 -5.2355581E-08
 -4.2916238E-08
 -4.1970356E-08
 -5.0169870E-08
 -6.8052870E-08
 -9.5785879E-08
 -1.3295384E-07
 -1.7843453E-07
 -2.3038061E-07
 -2.8630126E-07
 -3.4323972E-07
 -3.9801404E-07
 -4.4750132E-07
 -4.8891582E-07
 -5.2005487E-07
 -5.3946542E-07
 -5.4650837E-07
 -5.4128003E-07
 -5.2440413E-07
 -4.9670342E-07
 -4.5882717E-07
 -4.1091994E-07
 -3.5246850E-07
 -2.8239663E-07
 -1.9943835E-07
 -1.0270332E-07
  7.7174436E-09
  1.3030130E-07
  2.6194866E-07
  3.9819520E-07
  5.3372787E-07
  6.6306183E-07
  7.8122423E-07
  8.8428163E-07
  9.6965675E-07
  1.0362139E-06
  1.0841626E-06
  1.1148142E-06
  1.1302780E-06
  1.1331205E-06
  1.1260453E-06
  1.1115990E-06
  1.0919647E-06
  1.0688350E-06
  1.0433886E-06
  1.0163247E-06
  9.8796340E-07
  9.5833809E-07
  9.2729152E-07
  8.9452772E-07
  8.5967207E-07
  8.2232867E-07
  7.8217039E-07
  7.3903959E-07
  6.9306833E-07
  6.4476217E-07
  5.9503628E-07
  5.4516659E-07
  4.9668120E-07
  4.5119464E-07
  4.1023037E-07
  3.7505271E-07
  3.4655352E-07
  3.2519324E-07
  3.1101095E-07
  3.0368230E-07
  3.0262146E-07
  3.0709893E-07
  3.1637330E-07
  3.2982379E-07
  3.4709174E-07
  3.6820484E-07
  3.9365955E-07
  4.2439612E-07
  4.6163473E-07
  5.0655206E-07
  5.5985959E-07
  6.2137877E-07
  6.8976135E-07
  7.6244174E-07
  8.3587219E-07
  9.0595125E-07
  9.6855774E-07
  1.0200247E-06
  1.0574762E-06
  1.0789687E-06
  1.0834975E-06
  1.0709048E-06
  1.0417824E-06
  9.9736599E-07
  9.3946130E-07
  8.7035778E-07
  7.9271939E-07
  7.0942713E-07
  6.2341661E-07
  5.3749818E-07
  4.5421072E-07
  3.7569785E-07
  3.0363557E-07
  2.3918753E-07
  1.8300193E-07
  1.3524584E-07
  9.5699015E-08
  6.3896032E-08
  3.9307661E-08
  2.1522546E-08
  1.0385459E-08
  6.0466214E-09
  8.9058121E-09
  1.9460984E-08
  3.8100648E-08
  6.4890848E-08
  9.9407053E-08
  1.4064058E-07
  1.8699488E-07
  2.3636490E-07
  2.8628682E-07
  3.3413309E-07
  3.7733412E-07
  4.1359453E-07
  4.4108853E-07
  4.5859028E-07
  4.6553356E-07
  4.6196624E-07
  4.4840112E-07
  4.2556195E-07
  3.9408496E-07
  3.5423795E-07
  3.0575868E-07
  2.4788639E-07
  1.7962667E-07
  1.0019220E-07
  9.5068229E-09
 -9.1388749E-08
 -2.0015621E-07
 -3.1327554E-07
 -4.2642802E-07
 -5.3503544E-07
 -6.3482537E-07
 -7.2229517E-07
 -7.9501496E-07
 -8.5173332E-07
 -8.9233799E-07
 -9.1769590E-07
 -9.2943719E-07
 -9.2968696E-07
 -9.2080575E-07
 -9.0513339E-07
 -8.8478538E-07
 -8.6149515E-07
 -8.3654726E-07
 -8.1077314E-07
 -7.8460926E-07
 -7.5816712E-07
 -7.3131997E-07
 -7.0376871E-07
 -6.7511058E-07
 -6.4490052E-07
 -6.1274562E-07
 -5.7840714E-07
 -5.4191378E-07
 -5.0363684E-07
 -4.6432410E-07
 -4.2505437E-07
 -3.8713321E-07
 -3.5193349E-07
 -3.2073476E-07
 -2.9457416E-07
 -2.7414930E-07
 -2.5977189E-07
 -2.5138479E-07
 -2.4862004E-07
 -2.5089122E-07
 -2.5749409E-07
 -2.6771627E-07
 -2.8094391E-07
 -2.9677290E-07
 -3.1510700E-07
 -3.3622868E-07
 -3.6079504E-07
 -3.8972703E-07
 -4.2396854E-07
 -4.6415698E-07
 -5.1027786E-07
 -5.6142215E-07
 -6.1571905E-07
 -6.7049541E-07
 -7.2261093E-07
 -7.6888449E-07
 -8.0647368E-07
 -8.3315155E-07
 -8.4742044E-07
 -8.4851348E-07
 -8.3630994E-07
 -8.1125427E-07
 -7.7428120E-07
 -7.2677170E-07
 -6.7049069E-07
 -6.0751677E-07
 -5.4012651E-07
 -4.7066041E-07
 -4.0137439E-07
 -3.3431652E-07
 -2.7122715E-07
 -2.1347762E-07
 -1.6203130E-07
 -1.1744119E-07
 -7.9874582E-08
 -4.9180766E-08
 -2.5000560E-08
 -6.9112018E-09
  5.4253699E-09
  1.2146697E-08
  1.3144802E-08
  8.1101170E-09
 -3.3428111E-09
 -2.1501574E-08
 -4.6378371E-08
 -7.7572139E-08
 -1.1419733E-07
 -1.5489027E-07
 -1.9788159E-07
 -2.4112248E-07
 -2.8244278E-07
 -3.1972675E-07
 -3.5108152E-07
 -3.7498808E-07
 -3.9041012E-07
 -3.9684861E-07
 -3.9431481E-07
 -3.8322497E-07
 -3.6420951E-07
 -3.3787512E-07
 -3.0456380E-07
 -2.6419789E-07
 -2.1627041E-07
 -1.6002387E-07
 -9.4786678E-08
 -2.0388775E-08
  6.2478094E-08
  1.5207057E-07
  2.4563843E-07
  3.3969934E-07
  4.3046421E-07
  5.1430470E-07
  5.8815300E-07
  6.4977439E-07
  6.9788967E-07
  7.3217689E-07
  7.5316615E-07
  7.6208761E-07
  7.6067545E-07
  7.5096000E-07
  7.3504282E-07
  7.1490530E-07
  6.9224575E-07
  6.6838697E-07
  6.4423483E-07
  6.2030642E-07
  5.9678428E-07
  5.7359051E-07
  5.5044922E-07
  5.2695754E-07
  5.0265425E-07
  4.7711109E-07
  4.5002943E-07
  4.2134772E-07
  3.9131677E-07
  3.6053174E-07
  3.2988939E-07
  3.0049188E-07
  2.7350299E-07
  2.4999855E-07
  2.3083226E-07
  2.1655194E-07
  2.0736421E-07
  2.0315416E-07
  2.0353976E-07
  2.0795474E-07
  2.1573679E-07
  2.2621978E-07
  2.3881856E-07
  2.5311684E-07
  2.6894625E-07
  2.8644737E-07
  3.0607484E-07
  3.2852378E-07
  3.5455179E-07
  3.8472473E-07
  4.1913441E-07
  4.5718613E-07
  4.9752310E-07
  5.3813562E-07
  5.7661413E-07
  6.1048917E-07
  6.3754788E-07
  6.5606281E-07
  6.6488542E-07
  6.6344148E-07
  6.5165904E-07
  6.2989733E-07
  5.9888202E-07
  5.5967735E-07
  5.1365043E-07
  4.6242550E-07
  4.0779474E-07
  3.5161494E-07
  2.9568687E-07
  2.4165192E-07
  1.9090776E-07
  1.4455985E-07
  1.0339379E-07
  6.7871689E-08
  3.8150318E-08
  1.4132158E-08
 -4.4516990E-09
 -1.7928881E-08
 -2.6566090E-08
 -3.0472357E-08
 -2.9559038E-08
 -2.3574144E-08
 -1.2206249E-08
  4.7687765E-09
  2.7337547E-08
  5.5134809E-08
  8.7388081E-08
  1.2292811E-07
  1.6025645E-07
  1.9765585E-07
  2.3331934E-07
  2.6549148E-07
  2.9260102E-07
  3.1338126E-07
  3.2695542E-07
  3.3288458E-07
  3.3115612E-07
  3.2211105E-07
  3.0629784E-07
  2.8428425E-07
  2.5645724E-07
  2.2287577E-07
  1.8323141E-07
  1.3696472E-07
  8.3519161E-08
  2.2676554E-08
 -4.5129138E-08
 -1.1861896E-07
 -1.9566578E-07
 -2.7348685E-07
 -3.4897207E-07
 -4.1906620E-07
 -4.8110815E-07
 -5.3308048E-07
 -5.7373194E-07
 -6.0260163E-07
 -6.1996292E-07
 -6.2672177E-07
 -6.2426869E-07
 -6.1431695E-07
 -5.9871871E-07
 -5.7928884E-07
 -5.5764349E-07
 -5.3509154E-07
 -5.1257643E-07
 -4.9067779E-07
 -4.6964274E-07
 -4.4944815E-07
 -4.2986107E-07
 -4.1050694E-07
 -3.9093524E-07
 -3.7070649E-07
 -3.4948602E-07
 -3.2714385E-07
 -3.0382554E-07
 -2.7998578E-07
 -2.5635555E-07
 -2.3385529E-07
 -2.1346398E-07
 -1.9608240E-07
 -1.8241461E-07
 -1.7289172E-07
 -1.6764280E-07
 -1.6651536E-07
 -1.6912755E-07
 -1.7494166E-07
 -1.8334116E-07
 -1.9370812E-07
 -2.0549406E-07
 -2.1829013E-07
 -2.3188957E-07
 -2.4633900E-07
 -2.6195016E-07
 -2.7925270E-07
 -2.9886152E-07
 -3.2127892E-07
 -3.4666650E-07
 -3.7466177E-07
 -4.0429646E-07
 -4.3406459E-07
 -4.6211699E-07
 -4.8653601E-07
 -5.0559458E-07
 -5.1795030E-07
 -5.2272725E-07
 -5.1950980E-07
 -5.0827470E-07
 -4.8932503E-07
 -4.6323800E-07
 -4.3084415E-07
 -3.9320622E-07
 -3.5158990E-07
 -3.0740370E-07
 -2.6211461E-07
 -2.1714918E-07
 -1.7380937E-07
 -1.3320516E-07
 -9.6215935E-08
 -6.3470530E-08
 -3.5347046E-08
 -1.1986626E-08
  6.6707586E-09
  2.0824881E-08
  3.0728557E-08
  3.6591782E-08
  3.8502002E-08
  3.6387487E-08
  3.0042610E-08
  1.9213465E-08
  3.7212402E-09
 -1.6411025E-08
 -4.0860936E-08
 -6.8962009E-08
 -9.9717923E-08
 -1.3186393E-07
 -1.6396099E-07
 -1.9450579E-07
 -2.2204385E-07
 -2.4527429E-07
 -2.6314274E-07
 -2.7491080E-07
 -2.8019852E-07
 -2.7898022E-07
 -2.7153456E-07
 -2.5833725E-07
 -2.3991254E-07
 -2.1666430E-07
 -1.8874306E-07
 -1.5599112E-07
 -1.1801040E-07
 -7.4349067E-08
 -2.4771266E-08
  3.0473817E-08
  9.0467999E-08
  1.5358866E-07
  2.1763383E-07
  2.8007437E-07
  3.3836358E-07
  3.9022362E-07
  4.3386305E-07
  4.6809819E-07
  4.9239509E-07
  5.0683860E-07
  5.1206848E-07
  5.0917572E-07
  4.9958152E-07
  4.8488477E-07
  4.6670866E-07
  4.4655059E-07
  4.2566813E-07
  4.0500376E-07
  3.8516660E-07
  3.6645073E-07
  3.4888345E-07
  3.3227863E-07
  3.1630046E-07
  3.0052848E-07
  2.8453627E-07
  2.6797591E-07
  2.5067035E-07
  2.3268304E-07
  2.1435224E-07
  1.9626619E-07
  1.7918867E-07
  1.6394300E-07
  1.5128825E-07
  1.4180925E-07
  1.3584865E-07
  1.3348226E-07
  1.3453874E-07
  1.3864748E-07
  1.4530507E-07
  1.5394299E-07
  1.6399444E-07
  1.7495209E-07
  1.8642436E-07
  1.9818629E-07
  2.1022291E-07
  2.2274301E-07
  2.3614867E-07
  2.5093905E-07
  2.6755717E-07
  2.8620343E-07
  3.0667724E-07
  3.2829598E-07
  3.4993528E-07
  3.7017494E-07
  3.8751878E-07
  4.0061428E-07
  4.0841783E-07
  4.1026428E-07
  4.0586116E-07
  3.9522931E-07
  3.7864081E-07
  3.5657004E-07
  3.2967745E-07
  2.9879877E-07
  2.6492850E-07
  2.2917322E-07
  1.9268789E-07
  1.5659698E-07
  1.2192403E-07
  8.9538212E-08
  6.0126368E-08
  3.4181266E-08
  1.2003653E-08
 -6.2870833E-09
 -2.0726860E-08
 -3.1462406E-08
 -3.8686821E-08
 -4.2563673E-08
 -4.3161037E-08
 -4.0418911E-08
 -3.4167186E-08
 -2.4194547E-08
 -1.0352487E-08
  7.3360797E-09
  2.8593846E-08
  5.2851970E-08
  7.9264197E-08
  1.0676245E-07
  1.3414056E-07
  1.6014587E-07
  1.8357132E-07
  2.0333823E-07
  2.1857002E-07
  2.2864663E-07
  2.3323996E-07
  2.3231773E-07
  2.2611007E-07
  2.1502842E-07
  1.9954932E-07
  1.8007619E-07
  1.5681964E-07
  1.2973382E-07
  9.8550530E-08
  6.2914431E-08
  2.2595074E-08
 -2.2286690E-08
 -7.1086639E-08
 -1.2258035E-07
 -1.7504244E-07
 -2.2643442E-07
 -2.7465197E-07
 -3.1776568E-07
 -3.5421036E-07
 -3.8289841E-07
 -4.0326594E-07
 -4.1526573E-07
 -4.1932950E-07
 -4.1629747E-07
 -4.0732826E-07
 -3.9378233E-07
 -3.7709015E-07
 -3.5861243E-07
 -3.3952813E-07
 -3.2075172E-07
 -3.0290161E-07
 -2.8630288E-07
 -2.7102499E-07
 -2.5692938E-07
 -2.4372676E-07
 -2.3103478E-07
 -2.1844953E-07
 -2.0562292E-07
 -1.9234623E-07
 -1.7861605E-07
 -1.6467091E-07
 -1.5097633E-07
 -1.3816205E-07
 -1.2691881E-07
 -1.1788671E-07
 -1.1155559E-07
 -1.0820198E-07
 -1.0786624E-07
 -1.1037152E-07
 -1.1536764E-07
 -1.2239074E-07
 -1.3092281E-07
 -1.4044829E-07
 -1.5050284E-07
 -1.6071992E-07
 -1.7087086E-07
 -1.8090118E-07
 -1.9094594E-07
 -2.0131199E-07
 -2.1240596E-07
 -2.2461556E-07
 -2.3815883E-07
 -2.5294935E-07
 -2.6851706E-07
 -2.8402698E-07
 -2.9838955E-07
 -3.1043837E-07
 -3.1911108E-07
 -3.2359171E-07
 -3.2337505E-07
 -3.1826329E-07
 -3.0831106E-07
 -2.9376815E-07
 -2.7503631E-07
 -2.5265237E-07
 -2.2728055E-07
 -1.9970419E-07
 -1.7079357E-07
 -1.4145587E-07
 -1.1257100E-07
 -8.4935799E-08
 -5.9221975E-08
 -3.5955917E-08
 -1.5513281E-08
  1.8756097E-09
  1.6115539E-08
  2.7228641E-08
  3.5322454E-08
  4.0542357E-08
  4.3013397E-08
  4.2786567E-08
  3.9809418E-08
  3.3938196E-08
  2.4993440E-08
  1.2846946E-08
 -2.4854316E-09
 -2.0771528E-08
 -4.1530761E-08
 -6.4047633E-08
 -8.7422329E-08
 -1.1064282E-07
 -1.3266373E-07
 -1.5248297E-07
 -1.6920634E-07
 -1.8210515E-07
 -1.9065980E-07
 -1.9459021E-07
 -1.9386110E-07
 -1.8866078E-07
 -1.7934219E-07
 -1.6633247E-07
 -1.5001898E-07
 -1.3064475E-07
 -1.0824357E-07
 -8.2649642E-08
 -5.3590913E-08
 -2.0855234E-08
  1.5520603E-08
  5.5096393E-08
  9.6960562E-08
  1.3977177E-07
  1.8189871E-07
  2.2161713E-07
  2.5730736E-07
  2.8761798E-07
  3.1156770E-07
  3.2859708E-07
  3.3857151E-07
  3.4176242E-07
  3.3880380E-07
  3.3062994E-07
  3.1838178E-07
  3.0329861E-07
  2.8659608E-07
  2.6935732E-07
  2.5244827E-07
  2.3647645E-07
  2.2178520E-07
  2.0848002E-07
  1.9646718E-07
  1.8550473E-07
  1.7525477E-07
  1.6534615E-07
  1.5544282E-07
  1.4531905E-07
  1.3492271E-07
  1.2441272E-07
  1.1415127E-07
  1.0465275E-07
  9.6495050E-08
  9.0219025E-08
  8.6237144E-08
  8.4774875E-08
  8.5850004E-08
  8.9288683E-08
  9.4765213E-08
  1.0185520E-07
  1.1008873E-07
  1.1899925E-07
  1.2816480E-07
  1.3724564E-07
  1.4601801E-07
  1.5440483E-07
  1.6248967E-07
  1.7050658E-07
  1.7878817E-07
  1.8767362E-07
  1.9738614E-07
  2.0791761E-07
  2.1895585E-07
  2.2988773E-07
  2.3987982E-07
  2.4801989E-07
  2.5346915E-07
  2.5558671E-07
  2.5398717E-07
  2.4854032E-07
  2.3932526E-07
  2.2657710E-07
  2.1064339E-07
  1.9196810E-07
  1.7108663E-07
  1.4862115E-07
  1.2525804E-07
  1.0170902E-07
  7.8661110E-08
  5.6730073E-08
  3.6426950E-08
  1.8145359E-08
  2.1616697E-09
 -1.1357091E-08
 -2.2342654E-08
 -3.0811687E-08
 -3.6844170E-08
 -4.0549509E-08
 -4.2022108E-08
 -4.1298417E-08
 -3.8331301E-08
 -3.2997338E-08
 -2.5140897E-08
 -1.4646959E-08
 -1.5209866E-09
  1.4048149E-08
  3.1659606E-08
  5.0712117E-08
  7.0448543E-08
  9.0020514E-08
  1.0855596E-07
  1.2522172E-07
  1.3927701E-07
  1.5011773E-07
  1.5731032E-07
  1.6061612E-07
  1.5999920E-07
  1.5561365E-07
  1.4776029E-07
  1.3681642E-07
  1.2314473E-07
  1.0700258E-07
  8.8477421E-08
  6.7480855E-08
  4.3811948E-08
  1.7283710E-08
 -1.2121333E-08
 -4.4113644E-08
 -7.8023803E-08
 -1.1281974E-07
 -1.4720705E-07
 -1.7978201E-07
 -2.0919582E-07
 -2.3429364E-07
 -2.5420610E-07
 -2.6839777E-07
 -2.7668065E-07
 -2.7920822E-07
 -2.7644825E-07
 -2.6914105E-07
 -2.5823078E-07
 -2.4477774E-07
 -2.2985073E-07
 -2.1442834E-07
 -1.9931588E-07
 -1.8509880E-07
 -1.7212733E-07
 -1.6053373E-07
 -1.5026470E-07
 -1.4112463E-07
 -1.3282120E-07
 -1.2502002E-07
 -1.1740538E-07
 -1.0974679E-07
 -1.0195695E-07
 -9.4129966E-08
 -8.6541171E-08
 -7.9606679E-08
 -7.3807676E-08
 -6.9600887E-08
 -6.7336060E-08
 -6.7200972E-08
 -6.9200269E-08
 -7.3169183E-08
 -7.8809123E-08
 -8.5735557E-08
 -9.3524505E-08
 -1.0175579E-07
 -1.1004768E-07
 -1.1808932E-07
 -1.2566761E-07
 -1.3269269E-07
 -1.3921145E-07
 -1.4540369E-07
 -1.5154269E-07
 -1.5792443E-07
 -1.6476882E-07
 -1.7212254E-07
 -1.7979004E-07
 -1.8732639E-07
 -1.9409572E-07
 -1.9938368E-07
 -2.0252490E-07
 -2.0301027E-07
 -2.0054313E-07
 -1.9504186E-07
 -1.8659999E-07
 -1.7543742E-07
 -1.6186002E-07
 -1.4624190E-07
 -1.2902017E-07
 -1.1069329E-07
 -9.1805639E-08
 -7.2917906E-08
 -5.4565174E-08
 -3.7219802E-08
 -2.1265576E-08
 -6.9890507E-09
  5.4159273E-09
  1.5836816E-08
  2.4231136E-08
  3.0615730E-08
  3.5051816E-08
  3.7621430E-08
  3.8394756E-08
  3.7396557E-08
  3.4583788E-08
  2.9849243E-08
  2.3056563E-08
  1.4100626E-08
  2.9756153E-09
 -1.0168949E-08
 -2.5002112E-08
 -4.1021202E-08
 -5.7590977E-08
 -7.4000170E-08
 -8.9520341E-08
 -1.0345970E-07
 -1.1520495E-07
 -1.2425579E-07
 -1.3025100E-07
 -1.3298862E-07
 -1.3243351E-07
 -1.2871065E-07
 -1.2207475E-07
 -1.1285680E-07
 -1.0138942E-07
 -8.7929827E-08
 -7.2599867E-08
 -5.5369565E-08
 -3.6096250E-08
 -1.4621027E-08
  9.1044559E-09
  3.4899021E-08
  6.2279852E-08
  9.0460155E-08
  1.1841905E-07
  1.4502267E-07
  1.6915628E-07
  1.8984225E-07
  2.0632081E-07
  2.1809672E-07
  2.2495503E-07
  2.2696300E-07
  2.2445650E-07
  2.1801475E-07
  2.0840983E-07
  1.9653646E-07
  1.8332379E-07
  1.6964451E-07
  1.5623577E-07
  1.4365003E-07
  1.3223428E-07
  1.2213961E-07
  1.1334612E-07
  1.0570011E-07
  9.8953926E-08
  9.2812876E-08
  8.6986546E-08
  8.1247627E-08
  7.5485211E-08
  6.9742683E-08
  6.4222917E-08
  5.9258394E-08
  5.5247671E-08
  5.2577025E-08
  5.1544841E-08
  5.2309854E-08
  5.4870238E-08
  5.9074388E-08
  6.4652063E-08
  7.1257112E-08
  7.8509437E-08
  8.6032564E-08
  9.3483585E-08
  1.0057961E-07
  1.0712061E-07
  1.1301125E-07
  1.1827330E-07
  1.2304452E-07
  1.2755086E-07
  1.3205175E-07
  1.3675917E-07
  1.4175529E-07
  1.4692978E-07
  1.5196630E-07
  1.5638165E-07
  1.5961568E-07
  1.6113769E-07
  1.6054122E-07
  1.5759453E-07
  1.5224747E-07
  1.4459891E-07
  1.3485341E-07
  1.2328162E-07
  1.1020273E-07
  9.5978862E-08
  8.1014470E-08
  6.5744558E-08
  5.0611817E-08
  3.6033438E-08
  2.2370115E-08
  9.9049515E-09
 -1.1606516E-09
 -1.0699451E-08
 -1.8644871E-08
 -2.4978878E-08
 -2.9721916E-08
 -3.2922905E-08
 -3.4643740E-08
 -3.4935944E-08
 -3.3814437E-08
 -3.1239196E-08
 -2.7116227E-08
 -2.1324665E-08
 -1.3766503E-08
 -4.4254631E-09
  6.5840555E-09
  1.8992242E-08
  3.2381298E-08
  4.6219281E-08
  5.9910199E-08
  7.2845673E-08
  8.4450186E-08
  9.4215892E-08
  1.0172918E-07
  1.0668979E-07
  1.0892713E-07
  1.0840807E-07
  1.0523429E-07
  9.9620301E-08
  9.1853266E-08
  8.2233370E-08
  7.1008877E-08
  5.8320751E-08
  4.4180478E-08
  2.8493123E-08
  1.1128489E-08
 -7.9778273E-09
 -2.8721535E-08
 -5.0760196E-08
 -7.3500075E-08
 -9.6143246E-08
 -1.1777895E-07
 -1.3749262E-07
 -1.5446425E-07
 -1.6803845E-07
 -1.7776682E-07
 -1.8342544E-07
 -1.8502197E-07
 -1.8279016E-07
 -1.7717592E-07
 -1.6880335E-07
 -1.5842112E-07
 -1.4682679E-07
 -1.3478871E-07
 -1.2297248E-07
 -1.1189088E-07
 -1.0187932E-07
 -9.3099281E-08
 -8.5558234E-08
 -7.9140129E-08
 -7.3639079E-08
 -6.8799039E-08
 -6.4358140E-08
 -6.0098856E-08
 -5.5896404E-08
 -5.1755233E-08
 -4.7819526E-08
 -4.4351602E-08
 -4.1679815E-08
 -4.0130107E-08
 -3.9958035E-08
 -4.1300130E-08
 -4.4152593E-08
 -4.8378968E-08
 -5.3737576E-08
 -5.9919657E-08
 -6.6586395E-08
 -7.3401928E-08
 -8.0059060E-08
 -8.6302087E-08
 -9.1945559E-08
 -9.6892755E-08
 -1.0114777E-07
 -1.0481672E-07
 -1.0808728E-07
 -1.1118595E-07
 -1.1431296E-07
 -1.1757270E-07
 -1.2091702E-07
 -1.2412646E-07
 -1.2683722E-07
 -1.2861109E-07
 -1.2902385E-07
 -1.2774673E-07
 -1.2459532E-07
 -1.1953915E-07
 -1.1267581E-07
 -1.0419216E-07
 -9.4329145E-08
 -8.3362629E-08
 -7.1596382E-08
 -5.9361579E-08
 -4.7008882E-08
 -3.4890242E-08
 -2.3331697E-08
 -1.2607493E-08
 -2.9236411E-09
  5.5844600E-09
  1.2842304E-08
  1.8821146E-08
  2.3524288E-08
  2.6978043E-08
  2.9224216E-08
  3.0310364E-08
  3.0273892E-08
  2.9122607E-08
  2.6819155E-08
  2.3280590E-08
  1.8399119E-08
  1.2082920E-08
  4.3061852E-09
 -4.8469695E-09
 -1.5159470E-08
 -2.6286054E-08
 -3.7782566E-08
 -4.9149673E-08
 -5.9878502E-08
 -6.9490476E-08
 -7.7565275E-08
 -8.3761009E-08
 -8.7829370E-08
 -8.9627683E-08
 -8.9125770E-08
 -8.6405628E-08
 -8.1647201E-08
 -7.5097738E-08
 -6.7024409E-08
 -5.7659861E-08
 -4.7153431E-08
 -3.5545810E-08
 -2.2779352E-08
 -8.7501935E-09
  6.6110966E-09
  2.3253122E-08
  4.0939117E-08
  5.9226206E-08
  7.7494853E-08
  9.5019317E-08
  1.1105409E-07
  1.2491618E-07
  1.3604598E-07
  1.4404525E-07
  1.4869418E-07
  1.4996050E-07
  1.4800041E-07
  1.4315331E-07
  1.3591851E-07
  1.2691488E-07
  1.1682067E-07
  1.0630517E-07
  9.5961369E-08
  8.6258034E-08
  7.7513299E-08
  6.9893304E-08
  6.3426285E-08
  5.8027894E-08
  5.3529856E-08
  4.9713123E-08
  4.6344848E-08
  4.3221508E-08
  4.0212097E-08
  3.7292821E-08
  3.4560539E-08
  3.2219024E-08
  3.0536921E-08
  2.9788783E-08
  3.0194283E-08
  3.1872602E-08
  3.4821010E-08
  3.8919648E-08
  4.3955009E-08
  4.9653416E-08
  5.5714310E-08
  6.1839295E-08
  6.7754549E-08
  7.3229756E-08
  7.8094580E-08
  8.2254566E-08
  8.5701764E-08
  8.8517389E-08
  9.0857611E-08
  9.2920153E-08
  9.4891497E-08
  9.6888037E-08
  9.8905900E-08
  1.0079958E-07
  1.0229814E-07
  1.0305912E-07
  1.0274157E-07
  1.0107745E-07
  9.7916725E-08
  9.3239429E-08
  8.7136890E-08
  7.9778495E-08
  7.1378302E-08
  6.2175921E-08
  5.2429158E-08
  4.2412442E-08
  3.2411204E-08
  2.2707482E-08
  1.3557655E-08
  5.1704641E-09
 -2.3067446E-09
 -8.7886241E-09
 -1.4241173E-08
 -1.8665764E-08
 -2.2084196E-08
 -2.4529360E-08
 -2.6039524E-08
 -2.6652698E-08
 -2.6396018E-08
 -2.5271891E-08
 -2.3245477E-08
 -2.0243375E-08
 -1.6168991E-08
 -1.0936016E-08
 -4.5110937E-09
  3.0471605E-09
  1.1566705E-08
  2.0764094E-08
  3.0269273E-08
  3.9664176E-08
  4.8523418E-08
  5.6448101E-08
  6.3090255E-08
  6.8168482E-08
  7.1478240E-08
  7.2900825E-08
  7.2409279E-08
  7.0069987E-08
  6.6032989E-08
  6.0509308E-08
  5.3733999E-08
  4.5921251E-08
  3.7220602E-08
  2.7691234E-08
  1.7304425E-08
  5.9799876E-09
 -6.3504557E-09
 -1.9670818E-08
 -3.3822218E-08
 -4.8478643E-08
 -6.3163540E-08
 -7.7301557E-08
 -9.0288296E-08
 -1.0155917E-07
 -1.1064075E-07
 -1.1718439E-07
 -1.2098270E-07
 -1.2197967E-07
 -1.2027434E-07
 -1.1612050E-07
 -1.0991321E-07
 -1.0215999E-07
 -9.3431787E-08
 -8.4304936E-08
 -7.5302516E-08
 -6.6848152E-08
 -5.9238761E-08
 -5.2639336E-08
 -4.7093231E-08
 -4.2542439E-08
 -3.8851638E-08
 -3.5835679E-08
 -3.3290725E-08
 -3.1030503E-08
 -2.8923751E-08
 -2.6926704E-08
 -2.5098846E-08
 -2.3595325E-08
 -2.2633841E-08
 -2.2444828E-08
 -2.3217400E-08
 -2.5057160E-08
 -2.7964211E-08
 -3.1835363E-08
 -3.6483840E-08
 -4.1668979E-08
 -4.7125447E-08
 -5.2589304E-08
 -5.7817413E-08
 -6.2603824E-08
 -6.6793319E-08
 -7.0295066E-08
 -7.3092615E-08
 -7.5247783E-08
 -7.6890387E-08
 -7.8192357E-08
 -7.9325467E-08
 -8.0411773E-08
 -8.1478376E-08
 -8.2435207E-08
 -8.3083371E-08
 -8.3156287E-08
 -8.2379380E-08
 -8.0531898E-08
 -7.7488991E-08
 -7.3236343E-08
 -6.7855936E-08
 -6.1498334E-08
 -5.4352945E-08
 -4.6628923E-08
 -3.8546371E-08
 -3.0335112E-08
 -2.2229949E-08
 -1.4459251E-08
 -7.2261144E-09
 -6.8997225E-10
  5.0452638E-09
  9.9313056E-09
  1.3964498E-08
  1.7169164E-08
  1.9582270E-08
  2.1243359E-08
  2.2189715E-08
  2.2453078E-08
  2.2053518E-08
  2.0989752E-08
  1.9229537E-08
  1.6707695E-08
  1.3337740E-08
  9.0387680E-09
  3.7716981E-09
 -2.4263176E-09
 -9.4211439E-09
 -1.6981936E-08
 -2.4801571E-08
 -3.2530409E-08
 -3.9812019E-08
 -4.6314106E-08
 -5.1748685E-08
 -5.5884222E-08
 -5.8552764E-08
 -5.9656365E-08
 -5.9171629E-08
 -5.7151990E-08
 -5.3722108E-08
 -4.9061494E-08
 -4.3375028E-08
 -3.6856214E-08
 -2.9649513E-08
 -2.1824968E-08
 -1.3374918E-08
 -4.2394031E-09
  5.6448148E-09
  1.6284314E-08
  2.7577290E-08
  3.9287173E-08
  5.1049920E-08
  6.2412617E-08
  7.2888284E-08
  8.2012633E-08
  8.9388543E-08
  9.4715034E-08
  9.7802420E-08
  9.8581516E-08
  9.7109513E-08
  9.3573369E-08
  8.8282583E-08
  8.1648906E-08
  7.4149050E-08
  6.6275845E-08
  5.8485991E-08
  5.1157993E-08
  4.4564814E-08
  3.8866162E-08
  3.4115175E-08
  3.0274762E-08
  2.7237880E-08
  2.4850426E-08
  2.2936232E-08
  2.1327322E-08
  1.9896751E-08
  1.8587867E-08
  1.7431130E-08
  1.6541840E-08
  1.6094985E-08
  1.6283266E-08
  1.7269723E-08
  1.9148587E-08
  2.1923590E-08
  2.5507626E-08
  2.9738990E-08
  3.4407162E-08
  3.9279243E-08
  4.4122864E-08
  4.8723109E-08
  5.2896365E-08
  5.6501712E-08
  5.9453193E-08
  6.1728684E-08
  6.3374252E-08
  6.4497662E-08
  6.5248720E-08
  6.5784221E-08
  6.6226271E-08
  6.6622952E-08
  6.6925644E-08
  6.6991305E-08
  6.6613296E-08
  6.5570568E-08
  6.3680396E-08
  6.0836996E-08
  5.7027250E-08
  5.2322090E-08
  4.6853351E-08
  4.0787231E-08
  3.4305845E-08
  2.7598720E-08
  2.0860105E-08
  1.4285017E-08
  8.0601925E-09
  2.3484867E-09
 -2.7273765E-09
 -7.0952382E-09
 -1.0733213E-08
 -1.3659137E-08
 -1.5914244E-08
 -1.7547192E-08
 -1.8603608E-08
 -1.9121178E-08
 -1.9128068E-08
 -1.8639623E-08
 -1.7652358E-08
 -1.6136687E-08
 -1.4034926E-08
 -1.1269576E-08
 -7.7651618E-09
 -3.4785739E-09
  1.5703812E-09
  7.2795432E-09
  1.3462390E-08
  1.9865036E-08
  2.6195128E-08
  3.2154286E-08
  3.7465039E-08
  4.1888715E-08
  4.5235193E-08
  4.7367166E-08
  4.8204306E-08
  4.7726825E-08
  4.5978279E-08
  4.3061970E-08
  3.9129560E-08
  3.4358191E-08
  2.8920519E-08
  2.2952140E-08
  1.6527926E-08
  9.6554231E-09
  2.2914546E-09
 -5.6203446E-09
 -1.4100245E-08
 -2.3087122E-08
 -3.2412331E-08
 -4.1800558E-08
 -5.0897235E-08
 -5.9311954E-08
 -6.6665550E-08
 -7.2627138E-08
 -7.6939607E-08
 -7.9432958E-08
 -8.0033118E-08
 -7.8767862E-08
 -7.5772050E-08
 -7.1285761E-08
 -6.5641032E-08
 -5.9232441E-08
 -5.2477503E-08
 -4.5771806E-08
 -3.9450082E-08
 -3.3759999E-08
 -2.8852929E-08
 -2.4787676E-08
 -2.1543890E-08
 -1.9038335E-08
 -1.7143785E-08
 -1.5709716E-08
 -1.4587200E-08
 -1.3656316E-08
 -1.2852865E-08
 -1.2185740E-08
 -1.1738169E-08
 -1.1649142E-08
 -1.2079063E-08
 -1.3168381E-08
 -1.5001701E-08
 -1.7586450E-08
 -2.0850482E-08
 -2.4655140E-08
 -2.8817672E-08
 -3.3134693E-08
 -3.7402451E-08
 -4.1431615E-08
 -4.5059107E-08
 -4.8157915E-08
 -5.0647294E-08
 -5.2501338E-08
 -5.3753912E-08
 -5.4494404E-08
 -5.4852389E-08
 -5.4969508E-08
 -5.4964808E-08
 -5.4899484E-08
 -5.4755187E-08
 -5.4432245E-08
 -5.3772442E-08
 -5.2597954E-08
 -5.0756693E-08
 -4.8157268E-08
 -4.4786034E-08
 -4.0701977E-08
 -3.6018260E-08
 -3.0879558E-08
 -2.5444676E-08
 -1.9877003E-08
 -1.4341697E-08
 -9.0023953E-09
 -4.0133901E-09
  4.9325422E-10
  4.4219903E-09
  7.7231297E-09
  1.0392861E-08
  1.2463519E-08
  1.3987820E-08
  1.5022879E-08
  1.5619243E-08
  1.5815770E-08
  1.5638674E-08
  1.5100529E-08
  1.4196753E-08
  1.2900512E-08
  1.1160796E-08
  8.9085006E-09
  6.0735181E-09
  2.6103792E-09
 -1.4749519E-09
 -6.1066290E-09
 -1.1135706E-08
 -1.6353146E-08
 -2.1514973E-08
 -2.6370921E-08
 -3.0689048E-08
 -3.4271320E-08
 -3.6961357E-08
 -3.8647435E-08
 -3.9264517E-08
 -3.8796507E-08
 -3.7278799E-08
 -3.4796916E-08
 -3.1478461E-08
 -2.7475480E-08
 -2.2940057E-08
 -1.7997001E-08
 -1.2722118E-08
 -7.1331754E-09
 -1.2004108E-09
  5.1247677E-09
  1.1870027E-08
  1.9003066E-08
  2.6406388E-08
  3.3873700E-08
  4.1129333E-08
  4.7862130E-08
  5.3763610E-08
  5.8559717E-08
  6.2032875E-08
  6.4033493E-08
  6.4487665E-08
  6.3403114E-08
  6.0875678E-08
  5.7089796E-08
  5.2310835E-08
  4.6863075E-08
  4.1097852E-08
  3.5354571E-08
  2.9926557E-08
  2.5036101E-08
  2.0824290E-08
  1.7352455E-08
  1.4612712E-08
  1.2541449E-08
  1.1034864E-08
  9.9656932E-09
  9.2034043E-09
  8.6373380E-09
  8.2002405E-09
  7.8851343E-09
  7.7495308E-09
  7.9023987E-09
  8.4764045E-09
  9.5921449E-09
  1.1325861E-08
  1.3688473E-08
  1.6621625E-08
  2.0007604E-08
  2.3688823E-08
  2.7488317E-08
  3.1228218E-08
  3.4742307E-08
  3.7886462E-08
  4.0546691E-08
  4.2648221E-08
  4.4162924E-08
  4.5114657E-08
  4.5576879E-08
  4.5661256E-08
  4.5494861E-08
  4.5190813E-08
  4.4818034E-08
  4.4380368E-08
  4.3811710E-08
  4.2992017E-08
  4.1778641E-08
  4.0044565E-08
  3.7709963E-08
  3.4759264E-08
  3.1239811E-08
  2.7247500E-08
  2.2906992E-08
  1.8355854E-08
  1.3735181E-08
  9.1861221E-09
  4.8467785E-09
  8.4609492E-10
 -2.7074312E-09
 -5.7381486E-09
 -8.2119387E-09
 -1.0136541E-08
 -1.1553064E-08
 -1.2521221E-08
 -1.3103511E-08
 -1.3354073E-08
 -1.3313181E-08
 -1.3006487E-08
 -1.2445111E-08
 -1.1624371E-08
 -1.0520260E-08
 -9.0879100E-09
 -7.2657045E-09
 -4.9890003E-09
 -2.2113666E-09
  1.0719706E-09
  4.8069473E-09
  8.8758094E-09
  1.3107329E-08
  1.7298252E-08
  2.1238646E-08
  2.4734041E-08
  2.7619734E-08
  2.9767461E-08
  3.1086657E-08
  3.1525015E-08
  3.1069856E-08
  2.9750300E-08
  2.7636952E-08
  2.4836593E-08
  2.1479023E-08
  1.7697252E-08
  1.3604323E-08
  9.2738039E-09
  4.7300519E-09
 -4.6064041E-11
 -5.0956697E-09
 -1.0449670E-08
 -1.6095557E-08
 -2.1953893E-08
 -2.7872117E-08
 -3.3637349E-08
 -3.9002536E-08
 -4.3717986E-08
 -4.7557979E-08
 -5.0339573E-08
 -5.1932940E-08
 -5.2267985E-08
 -5.1339629E-08
 -4.9214094E-08
 -4.6031818E-08
 -4.2003307E-08
 -3.7393370E-08
 -3.2495176E-08
 -2.7598205E-08
 -2.2957584E-08
 -1.8770935E-08
 -1.5167753E-08
 -1.2209369E-08
 -9.8968558E-09
 -8.1823464E-09
 -6.9818427E-09
 -6.1887464E-09
 -5.6900498E-09
 -5.3855298E-09
 -5.2079598E-09
 -5.1394018E-09
 -5.2171445E-09
 -5.5253033E-09
 -6.1726513E-09
 -7.2625945E-09
 -8.8637604E-09
 -1.0990217E-08
 -1.3595704E-08
 -1.6581387E-08
 -1.9812090E-08
 -2.3134744E-08
 -2.6394344E-08
 -2.9445784E-08
 -3.2162255E-08
 -3.4442174E-08
 -3.6216566E-08
 -3.7456267E-08
 -3.8177063E-08
 -3.8438937E-08
 -3.8337443E-08
 -3.7985682E-08
 -3.7489709E-08
 -3.6921978E-08
 -3.6301689E-08
 -3.5588332E-08
 -3.4692384E-08
 -3.3499855E-08
 -3.1904424E-08
 -2.9835846E-08
 -2.7276661E-08
 -2.4263310E-08
 -2.0875410E-08
 -1.7219312E-08
 -1.3413549E-08
 -9.5797548E-09
 -5.8388379E-09
 -2.3083424E-09
  9.0314550E-10
  3.7052346E-09
  6.0368230E-09
  7.8741467E-09
  9.2318535E-09
  1.0155405E-08
  1.0707764E-08
  1.0954332E-08
  1.0951559E-08
  1.0740906E-08
  1.0348017E-08
  9.7835962E-09
  9.0434371E-09
  8.1063112E-09
  6.9328117E-09
  5.4684128E-09
  3.6539742E-09
  1.4432576E-09
 -1.1765618E-09
 -4.1688635E-09
 -7.4420186E-09
 -1.0856709E-08
 -1.4243932E-08
 -1.7427519E-08
 -2.0244109E-08
 -2.2556447E-08
 -2.4259046E-08
 -2.5278656E-08
 -2.5573710E-08
 -2.5134643E-08
 -2.3985598E-08
 -2.2184919E-08
 -1.9821895E-08
 -1.7006691E-08
 -1.3854721E-08
 -1.0467073E-08
 -6.9132526E-09
 -3.2210969E-09
  6.2043670E-10
  4.6455582E-09
  8.8857659E-09
  1.3341877E-08
  1.7962385E-08
  2.2635865E-08
  2.7198965E-08
  3.1456615E-08
  3.5207343E-08
  3.8266130E-08
  4.0480451E-08
  4.1739085E-08
  4.1977675E-08
  4.1183323E-08
  3.9400614E-08
  3.6735383E-08
  3.3353398E-08
  2.9469394E-08
  2.5326839E-08
  2.1170820E-08
  1.7221346E-08
  1.3652638E-08
  1.0581972E-08
  8.0685139E-09
  6.1195311E-09
  4.6998365E-09
  3.7420635E-09
  3.1577176E-09
  2.8499696E-09
  2.7292935E-09
  2.7308307E-09
  2.8294322E-09
  3.0467562E-09
  3.4466070E-09
  4.1177262E-09
  5.1483386E-09
  6.6001706E-09
  8.4896525E-09
  1.0781230E-08
  1.3392689E-08
  1.6208837E-08
  1.9097703E-08
  2.1925128E-08
  2.4564832E-08
  2.6905647E-08
  2.8857375E-08
  3.0357018E-08
  3.1375109E-08
  3.1920838E-08
  3.2042610E-08
  3.1821930E-08
  3.1358791E-08
  3.0750922E-08
  3.0071117E-08
  2.9349176E-08
  2.8563813E-08
  2.7649534E-08
  2.6516032E-08
  2.5074701E-08
  2.3263459E-08
  2.1063052E-08
  1.8500144E-08
  1.5639685E-08
  1.2571206E-08
  9.3960475E-09
  6.2187957E-09
  3.1432503E-09
  2.6964284E-10
 -2.3098050E-09
 -4.5188506E-09
 -6.3071051E-09
 -7.6574613E-09
 -8.5877536E-09
 -9.1445775E-09
 -9.3913055E-09
 -9.3939940E-09
 -9.2099945E-09
 -8.8815257E-09
 -8.4345544E-09
 -7.8799198E-09
 -7.2141852E-09
 -6.4189520E-09
 -5.4600053E-09
 -4.2892498E-09
 -2.8529972E-09
 -1.1063256E-09
  9.6938302E-10
  3.3515648E-09
  5.9700795E-09
  8.7124254E-09
  1.1438494E-08
  1.4000301E-08
  1.6260406E-08
  1.8104004E-08
  1.9444057E-08
  2.0221487E-08
  2.0403560E-08
  1.9983467E-08
  1.8981563E-08
  1.7446224E-08
  1.5451828E-08
  1.3091642E-08
  1.0465111E-08
  7.6617308E-09
  4.7457203E-09
  1.7465466E-09
 -1.3409075E-09
 -4.5447295E-09
 -7.8953688E-09
 -1.1402113E-08
 -1.5033946E-08
 -1.8710834E-08
 -2.2308413E-08
 -2.5673371E-08
 -2.8643891E-08
 -3.1068957E-08
 -3.2821923E-08
 -3.3808316E-08
 -3.3970394E-08
 -3.3291162E-08
 -3.1799299E-08
 -2.9573789E-08
 -2.6744548E-08
 -2.3484835E-08
 -1.9995353E-08
 -1.6482396E-08
 -1.3134735E-08
 -1.0104496E-08
 -7.4965945E-09
 -5.3670055E-09
 -3.7269983E-09
 -2.5511377E-09
 -1.7858055E-09
 -1.3581335E-09
 -1.1858829E-09
 -1.1902470E-09
 -1.3103030E-09
 -1.5166716E-09
 -1.8192549E-09
 -2.2653546E-09
 -2.9266090E-09
 -3.8779486E-09
 -5.1747082E-09
 -6.8350809E-09
 -8.8326075E-09
 -1.1099629E-08
 -1.3538624E-08
 -1.6036495E-08
 -1.8477314E-08
 -2.0751555E-08
 -2.2762292E-08
 -2.4429786E-08
 -2.5696790E-08
 -2.6534236E-08
 -2.6946324E-08
 -2.6971717E-08
 -2.6679292E-08
 -2.6156689E-08
 -2.5493122E-08
 -2.4759514E-08
 -2.3991996E-08
 -2.3183777E-08
 -2.2288587E-08
 -2.1235421E-08
 -1.9950482E-08
 -1.8379110E-08
 -1.6500726E-08
 -1.4333518E-08
 -1.1929278E-08
 -9.3625507E-09
 -6.7192767E-09
 -4.0889772E-09
 -1.5605164E-09
  7.8024709E-10
  2.8545288E-09
  4.5973194E-09
  5.9660699E-09
  6.9476891E-09
  7.5607813E-09
  7.8507254E-09
  7.8791365E-09
  7.7108222E-09
  7.4028343E-09
  6.9976887E-09
  6.5216841E-09
  5.9861494E-09
  5.3890039E-09
  4.7145536E-09
  3.9331751E-09
  3.0027789E-09
  1.8750010E-09
  5.0677312E-10
 -1.1243416E-09
 -3.0067526E-09
 -5.0880447E-09
 -7.2781354E-09
 -9.4612798E-09
 -1.1513354E-08
 -1.3318398E-08
 -1.4780015E-08
 -1.5826252E-08
 -1.6409357E-08
 -1.6503890E-08
 -1.6105487E-08
 -1.5231524E-08
 -1.3922059E-08
 -1.2239006E-08
 -1.0260936E-08
 -8.0730826E-09
 -5.7539538E-09
 -3.3620680E-09
 -9.2688895E-10
  1.5523917E-09
  4.0985473E-09
  6.7400414E-09
  9.4912647E-09
  1.2335716E-08
  1.5217230E-08
  1.8042021E-08
  2.0690164E-08
  2.3032255E-08
  2.4945249E-08
  2.6324514E-08
  2.7090431E-08
  2.7192149E-08
  2.6610843E-08
  2.5364139E-08
  2.3510488E-08
  2.1150854E-08
  1.8424146E-08
  1.5495145E-08
  1.2536548E-08
  9.7091659E-09
  7.1451289E-09
  4.9376787E-09
  3.1385761E-09
  1.7614904E-09
  7.8843776E-10
  1.7697156E-10
 -1.3266561E-10
 -2.0971917E-10
 -1.2280664E-10
  7.2061128E-11
  3.4354625E-10
  6.9291678E-10
  1.1542325E-09
  1.7846988E-09
  2.6475864E-09
  3.7922852E-09
  5.2380145E-09
  6.9660011E-09
  8.9212451E-09
  1.1021757E-08
  1.3170857E-08
  1.5268887E-08
  1.7221200E-08
  1.8943501E-08
  2.0365677E-08
  2.1436270E-08
  2.2127173E-08
  2.2438575E-08
  2.2400769E-08
  2.2071610E-08
  2.1527264E-08
  2.0848139E-08
  2.0101760E-08
  1.9328143E-08
  1.8530924E-08
  1.7678873E-08
  1.6716816E-08
  1.5583758E-08
  1.4231410E-08
  1.2638488E-08
  1.0816067E-08
  8.8047001E-09
  6.6655552E-09
  4.4710240E-09
  2.2972417E-09
  2.2027194E-10
 -1.6864317E-09
 -3.3552574E-09
 -4.7303468E-09
 -5.7749641E-09
 -6.4783969E-09
 -6.8583432E-09
 -6.9573498E-09
 -6.8336283E-09
 -6.5495160E-09
 -6.1606373E-09
 -5.7092424E-09
 -5.2219451E-09
 -4.7108664E-09
 -4.1751567E-09
 -3.6018246E-09
 -2.9654443E-09
 -2.2293554E-09
 -1.3501956E-09
 -2.8756278E-10
  9.8343933E-10
  2.4597260E-09
  4.1033319E-09
  5.8427712E-09
  7.5829583E-09
  9.2197601E-09
  1.0655081E-08
  1.1807646E-08
  1.2617643E-08
  1.3046543E-08
  1.3074803E-08
  1.2700099E-08
  1.1937472E-08
  1.0820337E-08
  9.4001349E-09
  7.7428295E-09
  5.9212617E-09
  4.0038413E-09
  2.0431312E-09
  6.7580122E-11
 -1.9206330E-09
 -3.9399226E-09
 -6.0162302E-09
 -8.1667544E-09
 -1.0385318E-08
 -1.2633689E-08
 -1.4841841E-08
 -1.6916475E-08
 -1.8754315E-08
 -2.0255467E-08
 -2.1333671E-08
 -2.1922217E-08
 -2.1977122E-08
 -2.1479421E-08
 -2.0438973E-08
 -1.8898593E-08
 -1.6936403E-08
 -1.4663120E-08
 -1.2213353E-08
 -9.7309067E-09
 -7.3521593E-09
 -5.1910418E-09
 -3.3296477E-09
 -1.8151266E-09
 -6.6221839E-10
  1.4152243E-10
  6.2957589E-10
  8.5070262E-10
  8.6272040E-10
  7.2479706E-10
  4.8748000E-10
  1.8237582E-10
 -1.8570481E-10
 -6.4024402E-10
 -1.2264952E-09
 -1.9974806E-09
 -2.9970981E-09
 -4.2450643E-09
 -5.7289982E-09
 -7.4046262E-09
 -9.2034877E-09
 -1.1043340E-08
 -1.2838723E-08
 -1.4508025E-08
 -1.5978470E-08
 -1.7188775E-08
 -1.8092939E-08
 -1.8664139E-08
 -1.8899602E-08
 -1.8822533E-08
 -1.8481007E-08
 -1.7940751E-08
 -1.7273720E-08
 -1.6543133E-08
 -1.5790469E-08
 -1.5026705E-08
 -1.4232248E-08
 -1.3364797E-08
 -1.2374113E-08
 -1.1217898E-08
 -9.8748352E-09
 -8.3503622E-09
 -6.6753318E-09
 -4.8992748E-09
 -3.0825305E-09
 -1.2894485E-09
  4.1525094E-10
  1.9686930E-09
  3.3126910E-09
  4.3988844E-09
  5.1951616E-09
  5.6919371E-09
  5.9050254E-09
  5.8731024E-09
  5.6500769E-09
  5.2946043E-09
  4.8600524E-09
  4.3877244E-09
  3.9043684E-09
  3.4226926E-09
  2.9431717E-09
  2.4552376E-09
  1.9374164E-09
  1.3578995E-09
  6.7826539E-10
 -1.3901084E-10
 -1.1198121E-09
 -2.2675228E-09
 -3.5557477E-09
 -4.9286499E-09
 -6.3083818E-09
 -7.6078814E-09
 -8.7440659E-09
 -9.6480797E-09
 -1.0269837E-08
 -1.0578111E-08
 -1.0557932E-08
 -1.0208672E-08
 -9.5434567E-09
 -8.5901677E-09
 -7.3915878E-09
 -6.0030589E-09
 -4.4864001E-09
 -2.9010268E-09
 -1.2938544E-09
  3.0832678E-10
  1.9014490E-09
  3.5001424E-09
  5.1278142E-09
  6.8030097E-09
  8.5265706E-09
  1.0273529E-08
  1.1992303E-08
  1.3610651E-08
  1.5046382E-08
  1.6218513E-08
  1.7056244E-08
  1.7504005E-08
  1.7523995E-08
  1.7098058E-08
  1.6230944E-08
  1.4953589E-08
  1.3326004E-08
  1.1436210E-08
  9.3937009E-09
  7.3176838E-09
  5.3232472E-09
  3.5081638E-09
  1.9441588E-09
  6.7365141E-10
 -2.8854261E-10
 -9.5073871E-10
 -1.3393421E-09
 -1.4939791E-09
 -1.4627461E-09
 -1.2961201E-09
 -1.0391557E-09
 -7.2242251E-10
 -3.5488631E-10
  7.8879285E-11
  6.1410982E-10
  1.2951051E-09
  2.1604827E-09
  3.2299980E-09
  4.4962971E-09
  5.9244090E-09
  7.4573450E-09
  9.0255776E-09
  1.0555918E-08
  1.1978378E-08
  1.3230088E-08
  1.4257878E-08
  1.5020836E-08
  1.5493944E-08
  1.5672043E-08
  1.5572660E-08
  1.5235326E-08
  1.4716403E-08
  1.4079461E-08
  1.3382956E-08
  1.2668136E-08
  1.1951063E-08
  1.1220973E-08
  1.0446243E-08
  9.5857571E-09
  8.6027425E-09
  7.4761974E-09
  6.2071481E-09
  4.8182511E-09
  3.3491474E-09
  1.8495125E-09
  3.7353318E-10
 -1.0238951E-09
 -2.2890168E-09
 -3.3718934E-09
 -4.2303463E-09
 -4.8360151E-09
 -5.1798414E-09
 -5.2751936E-09
 -5.1563260E-09
 -4.8722235E-09
 -4.4772475E-09
 -4.0218313E-09
 -3.5459340E-09
 -3.0760632E-09
 -2.6254381E-09
 -2.1958200E-09
 -1.7788528E-09
 -1.3564718E-09
 -9.0141861E-10
 -3.7993253E-10
  2.4239105E-10
  9.9148689E-10
  1.8752886E-09
  2.8767455E-09
  3.9528412E-09
  5.0403486E-09
  6.0666028E-09
  6.9612223E-09
  7.6655979E-09
  8.1376461E-09
  8.3519280E-09
  8.2971487E-09
  7.9739300E-09
  7.3940059E-09
  6.5807173E-09
  5.5696079E-09
  4.4069828E-09
  3.1452818E-09
  1.8356694E-09
  5.1966742E-10
 -7.7796164E-10
 -2.0520006E-09
 -3.3142260E-09
 -4.5854223E-09
 -5.8843290E-09
 -7.2164457E-09
 -8.5666159E-09
 -9.8972830E-09
 -1.1152880E-08
 -1.2268224E-08
 -1.3177939E-08
 -1.3823964E-08
 -1.4160030E-08
 -1.4154018E-08
 -1.3789290E-08
 -1.3066949E-08
 -1.2009216E-08
 -1.0662131E-08
 -9.0952694E-09
 -7.3972353E-09
 -5.6665601E-09
 -3.9998471E-09
 -2.4805373E-09
 -1.1708898E-09
 -1.0863911E-10
  6.9191347E-10
  1.2361795E-09
  1.5449091E-09
  1.6502540E-09
  1.5919650E-09
  1.4127907E-09
  1.1522647E-09
  8.3924051E-10
  4.8515891E-10
  8.0940012E-11
 -4.0053857E-10
 -9.9586139E-10
 -1.7389328E-09
 -2.6489750E-09
 -3.7227945E-09
 -4.9330136E-09
 -6.2327743E-09
 -7.5633402E-09
 -8.8623517E-09
 -1.0069839E-08
 -1.1131897E-08
 -1.2002462E-08
 -1.2645508E-08
 -1.3037854E-08
 -1.3172897E-08
 -1.3063310E-08
 -1.2741312E-08
 -1.2254795E-08
 -1.1659647E-08
 -1.1008985E-08
 -1.0342865E-08
 -9.6804413E-09
 -9.0177377E-09
 -8.3315070E-09
 -7.5885636E-09
 -6.7570833E-09
 -5.8169451E-09
 -4.7657429E-09
 -3.6196046E-09
 -2.4095772E-09
 -1.1762721E-09
  3.5222960E-11
  1.1785010E-09
  2.2078921E-09
  3.0804388E-09
  3.7595251E-09
  4.2197388E-09
  4.4521982E-09
  4.4676578E-09
  4.2958352E-09
  3.9803378E-09
  3.5707495E-09
  3.1141594E-09
  2.6486204E-09
  2.2000672E-09
  1.7821767E-09
  1.3979187E-09
  1.0408808E-09
  6.9605038E-10
  3.4019407E-10
 -5.6152871E-11
 -5.2421484E-10
 -1.0893129E-09
 -1.7624610E-09
 -2.5338049E-09
 -3.3709693E-09
 -4.2229571E-09
 -5.0291837E-09
 -5.7300507E-09
 -6.2755845E-09
 -6.6300507E-09
 -6.7724786E-09
 -6.6944348E-09
 -6.3974861E-09
 -5.8920455E-09
 -5.1978186E-09
 -4.3444373E-09
 -3.3705518E-09
 -2.3204734E-09
 -1.2382714E-09
 -1.6039250E-10
  8.9054986E-10
  1.9086077E-09
  2.9031282E-09
  3.8924592E-09
  4.8947890E-09
  5.9186500E-09
  6.9560975E-09
  7.9804439E-09
  8.9493506E-09
  9.8113082E-09
  1.0513469E-08
  1.1008225E-08
  1.1257186E-08
  1.1233066E-08
  1.0920846E-08
  1.0319612E-08
  9.4450767E-09
  8.3323179E-09
  7.0361899E-09
  5.6282672E-09
  4.1895447E-09
  2.8009661E-09
  1.5334571E-09
  4.4083123E-10
 -4.4367418E-10
 -1.1066679E-09
 -1.5515894E-09
 -1.7948839E-09
 -1.8627144E-09
 -1.7878410E-09
 -1.6062469E-09
 -1.3522999E-09
 -1.0525626E-09
 -7.1982925E-10
 -3.4969544E-10
  7.8311392E-11
  5.9425187E-10
  1.2277114E-09
  1.9971793E-09
  2.9025935E-09
  3.9231405E-09
  5.0204738E-09
  6.1452043E-09
  7.2443016E-09
  8.2664968E-09
  9.1655252E-09
  9.9017043E-09
  1.0443527E-08
  1.0769789E-08
  1.0872934E-08
  1.0761737E-08
  1.0462160E-08
  1.0014552E-08
  9.4675441E-09
  8.8690566E-09
  8.2571088E-09
  7.6525444E-09
  7.0563559E-09
  6.4521068E-09
  5.8132130E-09
  5.1123976E-09
  4.3308055E-09
  3.4636489E-09
  2.5217390E-09
  1.5290118E-09
  5.1819798E-10
 -4.7341947E-10
 -1.4068995E-09
 -2.2435034E-09
 -2.9464209E-09
 -3.4836845E-09
 -3.8326067E-09
 -3.9843688E-09
 -3.9471697E-09
 -3.7462677E-09
 -3.4200529E-09
 -3.0131309E-09
 -2.5688285E-09
 -2.1230713E-09
 -1.7009789E-09
 -1.3163831E-09
 -9.7320574E-10
 -6.6683475E-10
 -3.8487655E-10
 -1.0761188E-10
  1.9055367E-10
  5.3759680E-10
  9.5770070E-10
  1.4639028E-09
  2.0519126E-09
  2.6978348E-09
  3.3609684E-09
  3.9910564E-09
  4.5375428E-09
  4.9575504E-09
  5.2205835E-09
  5.3091549E-09
  5.2169602E-09
  4.9462057E-09
  4.5063770E-09
  3.9141788E-09
  3.1942757E-09
  2.3788944E-09
  1.5054559E-09
  6.1164668E-10
 -2.7062397E-10
 -1.1208173E-09
 -1.9327666E-09
 -2.7138587E-09
 -3.4802281E-09
 -4.2491686E-09
 -5.0310129E-09
 -5.8229115E-09
 -6.6064270E-09
 -7.3494157E-09
 -8.0113152E-09
 -8.5495042E-09
 -8.9250474E-09
 -9.1061301E-09
 -9.0698187E-09
 -8.8028509E-09
 -8.3030089E-09
 -7.5811801E-09
 -6.6639956E-09
 -5.5945155E-09
 -4.4302637E-09
 -3.2376914E-09
 -2.0842907E-09
 -1.0301585E-09
 -1.2148767E-10
  6.1264466E-10
  1.1599548E-09
  1.5224414E-09
  1.7132626E-09
  1.7536346E-09
  1.6705276E-09
  1.4940339E-09
  1.2537699E-09
  9.7376429E-10
  6.6729905E-10
  3.3329728E-10
 -4.3305148E-11
 -4.8700149E-10
 -1.0233618E-09
 -1.6698751E-09
 -2.4287710E-09
 -3.2845837E-09
 -4.2061998E-09
 -5.1524292E-09
 -6.0782273E-09
 -6.9398958E-09
 -7.6979045E-09
 -8.3182794E-09
 -8.7735748E-09
 -9.0447099E-09
 -9.1236778E-09
 -9.0161638E-09
 -8.7427159E-09
 -8.3370502E-09
 -7.8411482E-09
 -7.2977322E-09
 -6.7422739E-09
 -6.1962697E-09
 -5.6642677E-09
 -5.1351834E-09
 -4.5879616E-09
 -3.9994092E-09
 -3.3521541E-09
 -2.6398337E-09
 -1.8691046E-09
 -1.0580500E-09
 -2.3279441E-10
  5.7620503E-10
  1.3365034E-09
  2.0154203E-09
  2.5814988E-09
  3.0070173E-09
  3.2715215E-09
  3.3661760E-09
  3.2968743E-09
  3.0846772E-09
  2.7627427E-09
  2.3707527E-09
  1.9481745E-09
  1.5283987E-09
  1.1353940E-09
  7.8307000E-10
  4.7620141E-10
  2.1171265E-10
 -2.0389435E-11
 -2.3652921E-10
 -4.5874771E-10
 -7.1192741E-10
 -1.0187010E-09
 -1.3931806E-09
 -1.8353842E-09
 -2.3283673E-09
 -2.8399658E-09
 -3.3287564E-09
 -3.7519432E-09
 -4.0727142E-09
 -4.2647677E-09
 -4.3133750E-09
 -4.2137120E-09
 -3.9684376E-09
 -3.5860477E-09
 -3.0807630E-09
 -2.4731390E-09
 -1.7900865E-09
 -1.0630598E-09
 -3.2431377E-10
  3.9825895E-10
  1.0861519E-09
  1.7332135E-09
  2.3451878E-09
  2.9361957E-09
  3.5223717E-09
  4.1149795E-09
  4.7147273E-09
  5.3094746E-09
  5.8751182E-09
  6.3798615E-09
  6.7894037E-09
  7.0719381E-09
  7.2010473E-09
  7.1574902E-09
  6.9296084E-09
  6.5144712E-09
  5.9194956E-09
  5.1647993E-09
  4.2840491E-09
  3.3234511E-09
  2.3373199E-09
  1.3818239E-09
  5.0765719E-10
 -2.4564123E-10
 -8.5277801E-10
 -1.3026317E-09
 -1.5964027E-09
 -1.7445482E-09
 -1.7643839E-09
 -1.6780629E-09
 -1.5107160E-09
 -1.2875905E-09
 -1.0301724E-09
 -7.5154122E-10
 -4.5313686E-10
 -1.2412425E-10
  2.5526900E-10
  7.0703421E-10
  1.2473891E-09
  1.8803619E-09
  2.5948517E-09
  3.3658762E-09
  4.1591579E-09
  4.9366431E-09
  5.6610636E-09
  6.2987113E-09
  6.8205495E-09
  7.2028663E-09
  7.4285618E-09
  7.4895441E-09
  7.3890472E-09
  7.1431829E-09
  6.7798744E-09
  6.3351147E-09
  5.8466934E-09
  5.3472493E-09
  4.8581041E-09
  4.3862194E-09
  3.9247769E-09
  3.4573553E-09
  2.9644212E-09
  2.4301252E-09
  1.8472344E-09
  1.2191715E-09
  5.5922283E-10
 -1.1210860E-10
 -7.6999046E-10
 -1.3875958E-09
 -1.9375219E-09
 -2.3930100E-09
 -2.7299112E-09
 -2.9299791E-09
 -2.9845044E-09
 -2.8973055E-09
 -2.6855260E-09
