           8           4  -32.0929985      -71.1299973      0.777100801    
           9          17  -32.0649986      -71.4039993      0.787573457    
          13          43  -31.9720001      -71.9499969      0.765810430    
          17          60  -31.8840008      -72.3050003      0.522468805    
          21          42  -31.8279991      -71.9209976      0.712499261    
          23          17  -31.8129997      -71.3909988      0.602411389    
          27          41  -31.7210007      -71.8939972      0.564280868    
          29          13  -31.7080002      -71.3010025      0.563296616    
          29          68  -31.6599998      -72.4599991       1.00000000    
          35           3  -31.6079998      -71.0849991      0.723678648    
          35          52  -31.5669994      -72.1169968      0.604523182    
          41          29  -31.4790001      -71.6269989      0.638398945    
          52          65  -31.2490005      -72.3710022      0.991655171    
          60          55  -31.1140003      -72.1529999      0.890344739    
          82           5  -30.7590008      -71.0869980      0.577818692    
          85          56  -30.6630001      -72.1470032      0.737197459    
          90          29  -30.5960007      -71.5800018      0.609321177    
         106          11  -30.3220005      -71.1910019      0.751367033    
         114          33  -30.1599998      -71.6399994      0.769406140    
         116          37  -30.1210003      -71.7210007      0.766304076    
