           6          61  -32.0810013      -72.3379974      0.931770444    
          11          36  -32.0139999      -71.8040009      0.911065638    
          18           6  -31.9120007      -71.1640015      0.898956001    
          20          17  -31.8670006      -71.3939972      0.831878960    
          24          63  -31.7549992      -72.3600006      0.946246862    
          25          46  -31.7530003      -72.0009995       1.00000000    
          27          17  -31.7409992      -71.3880005      0.999697328    
          28           8  -31.7299995      -71.1969986      0.825172484    
          31          23  -31.6639996      -71.5100021      0.944676459    
          36          25  -31.5720005      -71.5479965      0.841121852    
          41          68  -31.4440002      -72.4469986      0.880758345    
          48          24  -31.3570004      -71.5149994      0.919241846    
          65          48  -31.0300007      -72.0009995      0.891314685    
          70          62  -30.9270000      -72.2890015      0.958971500    
          88          42  -30.6210003      -71.8529968      0.867021024    
          88          61  -30.6040001      -72.2480011      0.787116110    
          98          52  -30.4319992      -72.0510025      0.942088723    
         103          62  -30.3330002      -72.2529984      0.857139647    
         118          26  -30.0939999      -71.4909973      0.883468986    
         120          63  -30.0259991      -72.2559967      0.910605669    
