           1          34  -32.1959991      -71.7720032      0.900649309    
           7          54  -32.0699997      -72.1890030      0.534642994    
          22          28  -31.8220005      -71.6240005      0.784399927    
          28          21  -31.7199993      -71.4710007      0.811049223    
          51           2  -31.3199997      -71.0510025      0.738711119    
          59          66  -31.1219997      -72.3850021      0.839180827    
          65          14  -31.0590000      -71.2900009      0.614043713    
          71          16  -30.9489994      -71.3259964      0.853740692    
          76           5  -30.8670006      -71.0920029      0.628055692    
          78          41  -30.8020000      -71.8420029       1.00000000    
          81          17  -30.7679996      -71.3379974      0.753938675    
          81          39  -30.7500000      -71.7969971      0.923276603    
          85          29  -30.6860008      -71.5849991      0.655425012    
          89          19  -30.6219997      -71.3720016      0.866134346    
          91          17  -30.5879993      -71.3290024      0.867954254    
          91          34  -30.5739994      -71.6829987      0.843960643    
         100          59  -30.3899994      -72.1940002      0.578294933    
         107          25  -30.2929993      -71.4810028      0.725500047    
         116           3  -30.1480007      -71.0159988      0.755543888    
         116          53  -30.1070004      -72.0530014      0.767750263    
