           5          12  -32.1409988      -71.3020020      0.627252698    
          14          47  -31.9500008      -72.0339966      0.704081178    
          22          48  -31.8050003      -72.0459976      0.725012898    
          30          34  -31.6730003      -71.7429962      0.734902263    
          36          12  -31.5830002      -71.2740021      0.639670849    
          44          29  -31.4249992      -71.6240005      0.889985859    
          48          48  -31.3369999      -72.0189972      0.720990479    
          64          11  -31.0790005      -71.2279968      0.861981332    
          66          71  -30.9909992      -72.4810028      0.806900680    
          75          48  -30.8500004      -71.9909973      0.729222178    
          77          49  -30.8129997      -72.0100021      0.876478970    
          85          62  -30.6569996      -72.2720032      0.793323338    
          86          25  -30.6709995      -71.5000000      0.924150527    
          91          37  -30.5709991      -71.7450027      0.920916319    
          91          64  -30.5470009      -72.3079987      0.941752672    
          97          30  -30.4689999      -71.5940018      0.896780610    
         102          67  -30.3460007      -72.3580017      0.734913170    
         110          42  -30.2250004      -71.8310013       1.00000000    
         113          38  -30.1739998      -71.7450027      0.996683657    
         116          14  -30.1389999      -71.2440033      0.792396009    
