           2          62  -32.1520004      -72.3639984      0.726961374    
           4          24  -32.1500015      -71.5569992      0.722802460    
          19          57  -31.8509998      -72.2389984      0.609318435    
          25          15  -31.7789993      -71.3470001      0.855127633    
          36          21  -31.5760002      -71.4629974      0.861608744    
          54          23  -31.2500000      -71.4889984      0.871531904    
          55          56  -31.2029991      -72.1790009      0.771910369    
          56          26  -31.2110004      -71.5500031      0.715266347    
          65           3  -31.0669994      -71.0599976      0.834570289    
          74          34  -30.8799992      -71.6999969      0.928584456    
          77          31  -30.8290005      -71.6340027      0.825578153    
          88          39  -30.6240005      -71.7900009      0.629347980    
          88          45  -30.6180000      -71.9150009      0.769794226    
          94          30  -30.5230007      -71.5970001      0.722183645    
         103          30  -30.3610001      -71.5879974      0.828292906    
         105          65  -30.2940006      -72.3130035      0.895180583    
         115          16  -30.1560001      -71.2870026      0.777124405    
         117          44  -30.0970001      -71.8649979      0.851148486    
         118           4  -30.1110001      -71.0350037      0.935276330    
         119          36  -30.0680008      -71.6979980       1.00000000    
