           4          67  -32.1110001      -72.4670029      0.718517244    
           7          33  -32.0880013      -71.7450027       1.00000000    
          10          67  -32.0029984      -72.4609985      0.754026175    
          13          43  -31.9720001      -71.9499969      0.840549290    
          15          31  -31.9459991      -71.6949997      0.758486748    
          15          49  -31.9300003      -72.0749969      0.805581808    
          26          63  -31.7189999      -72.3580017      0.738242745    
          27          42  -31.7199993      -71.9150009      0.691832542    
          31           6  -31.6770000      -71.1520004      0.725784123    
          39          20  -31.5219994      -71.4400024      0.710060060    
          49          41  -31.3250008      -71.8710022      0.729200482    
          51          35  -31.2940006      -71.7429962      0.711046398    
          54          19  -31.2530003      -71.4049988      0.636110902    
          69          38  -30.9669991      -71.7880020      0.865779161    
          73          68  -30.8680000      -72.4110031      0.719030023    
          76          24  -30.8519993      -71.4889984      0.795816422    
          84          70  -30.6679993      -72.4400024      0.782131016    
          94          70  -30.4869995      -72.4290009      0.746487379    
         115          34  -30.1410007      -71.6600037      0.964211524    
         118          31  -30.0900002      -71.5950012      0.884495378    
