           2          36  -32.1759987      -71.8130035      0.773910522    
          17          57  -31.8869991      -72.2419968      0.830032051    
          18          10  -31.9090004      -71.2480011      0.720965624    
          23          17  -31.8129997      -71.3909988      0.902425468    
          23          59  -31.7770004      -72.2770004      0.965584457    
          25          59  -31.7409992      -72.2750015      0.848962903    
          44          35  -31.4200001      -71.7500000      0.737311661    
          45          22  -31.4130001      -71.4759979      0.990055323    
          47          38  -31.3630009      -71.8099976      0.962296307    
          60          66  -31.1040001      -72.3830032      0.781457841    
          65           8  -31.0629997      -71.1640015      0.901632488    
          65          35  -31.0419998      -71.7289963      0.710454404    
          67          42  -30.9990005      -71.8740005      0.898473084    
          75          56  -30.8430004      -72.1579971      0.838276327    
          83          43  -30.7099991      -71.8779984      0.714745700    
          85          14  -30.6980000      -71.2720032      0.649336278    
         100          66  -30.3829994      -72.3389969      0.820753336    
         114          61  -30.1359997      -72.2210007      0.684189618    
         119          16  -30.0839996      -71.2829971      0.738240957    
         120          51  -30.0370007      -72.0070038      0.675311089    
