          15           3  -31.9680004      -71.1029968      0.819567084    
          16          27  -31.9309998      -71.6090012      0.822508156    
          17          60  -31.8840008      -72.3050003      0.894730151    
          20          66  -31.8239994      -72.4280014      0.951647997    
          23          26  -31.8059998      -71.5810013      0.833593011    
          30          17  -31.6870003      -71.3850021      0.896176815    
          44          46  -31.4099998      -71.9810028      0.903208494    
          50          12  -31.3299999      -71.2610016      0.895361662    
          50          55  -31.2940006      -72.1640015       1.00000000    
          55          64  -31.1959991      -72.3470001      0.531468391    
          66          47  -31.0130005      -71.9789963      0.914571583    
          72          22  -30.9260006      -71.4509964      0.939795136    
          75           9  -30.8820000      -71.1760025      0.961763322    
          77          35  -30.8250008      -71.7180023      0.898969948    
          83           2  -30.7430000      -71.0230026      0.792536616    
          83          16  -30.7329998      -71.3150024      0.945980787    
          93          68  -30.5070000      -72.3889999      0.931561947    
         101          48  -30.3820000      -71.9639969      0.990785539    
         113          69  -30.1459999      -72.3870010      0.930275857    
         121          56  -30.0139999      -72.1100006      0.898706079    
