          16           3  -31.9500008      -71.1019974      0.888328731    
          16          58  -31.9039993      -72.2639999      0.625089169    
          20          34  -31.8530006      -71.7529984      0.947107494    
          29          11  -31.7099991      -71.2590027      0.901811898    
          45          47  -31.3910007      -72.0009995      0.924213946    
          45          70  -31.3700008      -72.4840012      0.658981562    
          59          66  -31.1219997      -72.3850021      0.818145096    
          65          14  -31.0590000      -71.2900009       1.00000000    
          78          41  -30.8020000      -71.8420029      0.844700277    
          81          17  -30.7679996      -71.3379974      0.984684408    
          85          29  -30.6860008      -71.5849991      0.908694863    
          89          19  -30.6219997      -71.3720016      0.903149068    
          91          34  -30.5739994      -71.6829987      0.910032630    
         102          68  -30.3449993      -72.3789978      0.941875875    
         107          25  -30.2929993      -71.4810028      0.894032657    
         113          30  -30.1809998      -71.5790024      0.975894392    
         116           3  -30.1480007      -71.0159988      0.805283189    
         116          53  -30.1070004      -72.0530014      0.883412182    
         119          28  -30.0739994      -71.5319977      0.853113055    
         120          59  -30.0289993      -72.1729965      0.867065668    
