          10          30  -32.0369987      -71.6780014      0.727020681    
          28          25  -31.7169991      -71.5550003      0.703521192    
          31          19  -31.6669998      -71.4260025      0.692004502    
          32          27  -31.6429996      -71.5940018      0.799158633    
          36          16  -31.5799999      -71.3580017      0.731313348    
          37          12  -31.5650005      -71.2730026      0.345972270    
          38          11  -31.5470009      -71.2509995      0.387657642    
          54          59  -31.2180004      -72.2429962      0.837563157    
          62          34  -31.0960007      -71.7109985      0.746622503    
          64          58  -31.0389996      -72.2119980      0.887649775    
          72          53  -30.8999996      -72.0989990      0.894740105    
          75          17  -30.8759995      -71.3440018      0.782401860    
          85          26  -30.6889992      -71.5220032      0.742587626    
          88          38  -30.6250000      -71.7689972      0.854729354    
          92          34  -30.5559998      -71.6819992      0.835402668    
         103          43  -30.3500004      -71.8580017      0.872404754    
         114           2  -30.1840000      -70.9970016      0.835834265    
         115          55  -30.1229992      -72.0950012      0.921864450    
         118          12  -30.1049995      -71.2009964       1.00000000    
         120          33  -30.0520000      -71.6340027      0.958932221    
