           3          12  -32.1769981      -71.3040009       1.00000000    
           6          20  -32.1170006      -71.4710007      0.849143207    
          18           5  -31.9120007      -71.1419983      0.668895066    
          20          27  -31.8589993      -71.6050034      0.756954074    
          21          53  -31.8180008      -72.1529999      0.953960478    
          23          34  -31.7989998      -71.7500000      0.770616055    
          35          47  -31.5720005      -72.0120010      0.802967191    
          38          57  -31.5079994      -72.2190018      0.859535277    
          57          10  -31.2059994      -71.2129974      0.884742260    
          59           7  -31.1720009      -71.1490021      0.800127268    
          65           1  -31.0680008      -71.0179977      0.766987801    
          67          34  -31.0060005      -71.7060013      0.520862639    
          67          63  -30.9799995      -72.3130035      0.852797270    
          68          49  -30.9750004      -72.0189972      0.676230073    
          84          69  -30.6679993      -72.4189987      0.860216856    
          91          59  -30.5520000      -72.2040024      0.937613428    
          93          30  -30.5410004      -71.5979996      0.994606495    
          95          54  -30.4839993      -72.0950012      0.711518943    
          98          59  -30.4260006      -72.1959991      0.923565805    
         106          42  -30.2970009      -71.8349991      0.974635422    
