2 17 -32.1920013 -71.4110031 0.802193880 1
3 37 -32.1570015 -71.8330002 0.746530890 1
10 36 -32.0320015 -71.8050003 0.707961321 1
17 2 -31.9330006 -71.0800018 0.743260622 1
27 13 -31.7439995 -71.3030014 0.717267394 1
40 46 -31.4820004 -71.9850006 0.817861080 1
42 18 -31.4699993 -71.3949966 0.510210395 1
43 44 -31.4300003 -71.9400024 0.853806913 1
45 66 -31.3740005 -72.4000015 0.678921580 1
47 51 -31.3519993 -72.0830002 0.676935375 1
54 53 -31.2240009 -72.1179962 0.620982587 1
59 61 -31.1259995 -72.2799988 0.613604188 1
69 56 -30.9510002 -72.1640015 0.718032897 1
79 35 -30.7889996 -71.7160034 0.661678731 1
79 64 -30.7630005 -72.3209991 0.935210049 1
80 62 -30.7469997 -72.2779999 0.989836335 1
91 48 -30.5620003 -71.9749985 0.612057209 1
109 5 -30.2719994 -71.0640030 0.726915359 1
117 25 -30.1130009 -71.4710007 0.628166199 1
121 19 -30.0450001 -71.3430023 0.605698228 1
3 37 -32.1570015 -71.8330002 0.726977766 2
13 48 -31.9669991 -72.0559998 0.731713772 2
17 2 -31.9330006 -71.0800018 0.778983831 2
26 53 -31.7280006 -72.1470032 0.780209959 2
27 13 -31.7439995 -71.3030014 0.769877255 2
40 46 -31.4820004 -71.9850006 0.685577869 2
41 51 -31.4599991 -72.0889969 0.646633685 2
47 51 -31.3519993 -72.0830002 0.732688308 2
49 54 -31.3129997 -72.1439972 0.710328043 2
54 53 -31.2240009 -72.1179962 0.617192447 2
56 69 -31.1730003 -72.4509964 0.620271981 2
73 28 -30.9029999 -71.5749969 0.518754959 2
79 35 -30.7889996 -71.7160034 0.598314762 2
79 64 -30.7630005 -72.3209991 0.976491570 2
80 62 -30.7469997 -72.2779999 0.968523562 2
82 31 -30.7390003 -71.6289978 0.701731980 2
92 35 -30.5550003 -71.7030029 0.606248856 2
104 17 -30.3530006 -71.3170013 0.607448041 2
109 5 -30.2719994 -71.0640030 0.702072978 2
117 69 -30.0739994 -72.3830032 0.627807617 2
13 48 -31.9669991 -72.0559998 0.961847842 3
19 15 -31.8869991 -71.3529968 1.00000000 3
26 53 -31.7280006 -72.1470032 0.802272677 3
32 35 -31.6359997 -71.7620010 0.841154516 3
41 51 -31.4599991 -72.0889969 0.913182795 3
49 54 -31.3129997 -72.1439972 0.777239442 3
56 69 -31.1730003 -72.4509964 0.770105720 3
67 64 -30.9790001 -72.3339996 0.851253092 3
73 28 -30.9029999 -71.5749969 0.667776346 3
74 33 -30.8810005 -71.6790009 0.812125742 3
74 49 -30.8670006 -72.0130005 0.807934701 3
80 30 -30.7749996 -71.6100006 0.788577497 3
82 31 -30.7390003 -71.6289978 0.796298802 3
87 22 -30.6560001 -71.4369965 0.874152303 3
92 35 -30.5550003 -71.7030029 0.891329229 3
104 17 -30.3530006 -71.3170013 0.860124469 3
109 31 -30.2520008 -71.6029968 0.787810326 3
117 69 -30.0739994 -72.3830032 0.868162811 3
118 44 -30.0790005 -71.8639984 0.803318977 3
121 23 -30.0419998 -71.4260025 0.848842323 3
19 15 -31.8869991 -71.3529968 0.607765615 4
19 69 -31.8390007 -72.4929962 0.480812907 4
32 35 -31.6359997 -71.7620010 0.576094866 4
49 43 -31.3230000 -71.9130020 0.566521764 4
67 45 -30.9969997 -71.9369965 0.597292364 4
67 64 -30.9790001 -72.3339996 0.538515568 4
74 33 -30.8810005 -71.6790009 0.635011137 4
74 49 -30.8670006 -72.0130005 0.530638039 4
80 8 -30.7929993 -71.1510010 0.590751350 4
80 30 -30.7749996 -71.6100006 0.885680377 4
80 33 -30.7730007 -71.6729965 0.931529164 4
82 58 -30.7150002 -72.1920013 0.519745708 4
87 22 -30.6560001 -71.4369965 0.589235485 4
88 70 -30.5949993 -72.4359970 0.558966935 4
109 3 -30.2740002 -71.0220032 0.414791405 4
109 31 -30.2520008 -71.6029968 0.481735110 4
112 7 -30.2169991 -71.1029968 0.493662864 4
118 20 -30.0990009 -71.3669968 0.645178258 4
118 44 -30.0790005 -71.8639984 0.468553305 4
121 23 -30.0419998 -71.4260025 0.620675325 4
15 14 -31.9599991 -71.3349991 0.787945569 5
19 69 -31.8390007 -72.4929962 0.603324592 5
42 48 -31.4449997 -72.0250015 0.700990796 5
46 23 -31.3939991 -71.4960022 0.755214930 5
49 43 -31.3230000 -71.9130020 0.684695780 5
52 24 -31.2849998 -71.5110016 0.644905508 5
61 49 -31.1009998 -72.0260010 0.890879929 5
67 45 -30.9969997 -71.9369965 1.00000000 5
75 41 -30.8560009 -71.8450012 0.828429103 5
80 8 -30.7929993 -71.1510010 0.775113940 5
80 33 -30.7730007 -71.6729965 0.845400274 5
82 58 -30.7150002 -72.1920013 0.789186358 5
88 70 -30.5949993 -72.4359970 0.754176080 5
89 2 -30.6350002 -71.0179977 0.815584600 5
93 15 -30.5529995 -71.2860031 0.762372494 5
99 34 -30.4300003 -71.6750031 0.851747453 5
109 3 -30.2740002 -71.0220032 0.616334856 5
112 7 -30.2169991 -71.1029968 0.592274427 5
115 38 -30.1380005 -71.7429962 0.745201766 5
118 20 -30.0990009 -71.3669968 0.750300705 5
12 36 -31.9960003 -71.8030014 0.832709670 6
15 14 -31.9599991 -71.3349991 0.805450439 6
42 48 -31.4449997 -72.0250015 0.743402123 6
46 23 -31.3939991 -71.4960022 0.746177793 6
52 24 -31.2849998 -71.5110016 0.786563098 6
61 49 -31.1009998 -72.0260010 0.879393339 6
67 29 -31.0109997 -71.6019974 0.924497843 6
75 41 -30.8560009 -71.8450012 0.911499083 6
86 53 -30.6469994 -72.0839996 0.602034330 6
89 2 -30.6350002 -71.0179977 0.966145456 6
89 12 -30.6280003 -71.2269974 0.951534450 6
91 45 -30.5639992 -71.9120026 0.919505417 6
91 65 -30.5459995 -72.3280029 0.782362223 6
93 15 -30.5529995 -71.2860031 0.879262269 6
99 34 -30.4300003 -71.6750031 0.823244274 6
115 19 -30.1539993 -71.3489990 0.682868004 6
115 31 -30.1439991 -71.5979996 0.798608541 6
115 38 -30.1380005 -71.7429962 0.706090629 6
120 33 -30.0520000 -71.6340027 0.693892896 6
121 49 -30.0200005 -71.9649963 0.799032986 6
8 56 -32.0499992 -72.2300034 0.821095943 7
12 36 -31.9960003 -71.8030014 0.883349597 7
18 38 -31.8859997 -71.8389969 0.833358586 7
37 53 -31.5300007 -72.1360016 0.931541741 7
59 31 -31.1529999 -71.6510010 0.827489197 7
63 51 -31.0639992 -72.0660019 0.870700955 7
67 29 -31.0109997 -71.6019974 0.895289958 7
68 14 -31.0049992 -71.2870026 0.633307755 7
71 57 -30.9139996 -72.1829987 1.00000000 7
73 47 -30.8869991 -71.9720001 0.800080776 7
86 53 -30.6469994 -72.0839996 0.780086994 7
89 12 -30.6280003 -71.2269974 0.931119382 7
91 45 -30.5639992 -71.9120026 0.808090329 7
91 65 -30.5459995 -72.3280029 0.883133233 7
99 65 -30.4020004 -72.3199997 0.996769607 7
107 13 -30.3020000 -71.2310028 0.923298895 7
115 19 -30.1539993 -71.3489990 0.931564152 7
115 31 -30.1439991 -71.5979996 0.809520423 7
120 33 -30.0520000 -71.6340027 0.869545579 7
121 49 -30.0200005 -71.9649963 0.832574904 7
3 4 -32.1839981 -71.1340027 0.879011273 8
8 56 -32.0499992 -72.2300034 1.00000000 8
10 15 -32.0489998 -71.3610001 0.905644059 8
13 47 -31.9680004 -72.0350037 0.852628291 8
18 38 -31.8859997 -71.8389969 0.825201333 8
32 46 -31.6270008 -71.9940033 0.834628165 8
37 53 -31.5300007 -72.1360016 0.920756280 8
46 14 -31.4009991 -71.3069992 0.750333369 8
59 31 -31.1529999 -71.6510010 0.905145049 8
61 38 -31.1110001 -71.7959976 0.808863819 8
63 51 -31.0639992 -72.0660019 0.632061124 8
67 41 -31.0000000 -71.8529968 0.901266158 8
68 14 -31.0049992 -71.2870026 0.754071295 8
71 57 -30.9139996 -72.1829987 0.860613942 8
73 47 -30.8869991 -71.9720001 0.708910346 8
81 66 -30.7250004 -72.3600006 0.449481666 8
81 68 -30.7229996 -72.4020004 0.548117578 8
96 51 -30.4689999 -72.0319977 0.880267143 8
99 65 -30.4020004 -72.3199997 0.908806562 8
107 13 -30.3020000 -71.2310028 0.857810080 8
3 4 -32.1839981 -71.1340027 0.634002686 9
7 33 -32.0880013 -71.7450027 0.669503927 9
10 15 -32.0489998 -71.3610001 0.625400305 9
13 43 -31.9720001 -71.9499969 0.772958815 9
13 47 -31.9680004 -72.0350037 0.980098128 9
15 31 -31.9459991 -71.6949997 0.714586973 9
15 49 -31.9300003 -72.0749969 0.956890345 9
27 42 -31.7199993 -71.9150009 0.662401915 9
32 46 -31.6270008 -71.9940033 0.653722703 9
39 20 -31.5219994 -71.4400024 0.626875758 9
46 14 -31.4009991 -71.3069992 0.553330898 9
61 38 -31.1110001 -71.7959976 0.628569782 9
67 41 -31.0000000 -71.8529968 0.628368974 9
73 68 -30.8680000 -72.4110031 0.621732831 9
76 24 -30.8519993 -71.4889984 0.649274945 9
81 66 -30.7250004 -72.3600006 0.330774754 9
81 68 -30.7229996 -72.4020004 0.486789167 9
94 70 -30.4869995 -72.4290009 0.649939775 9
96 51 -30.4689999 -72.0319977 0.690113544 9
115 34 -30.1410007 -71.6600037 0.716046929 9
4 67 -32.1110001 -72.4670029 0.718517244 10
7 33 -32.0880013 -71.7450027 1.00000000 10
10 67 -32.0029984 -72.4609985 0.754026175 10
13 43 -31.9720001 -71.9499969 0.840549290 10
15 31 -31.9459991 -71.6949997 0.758486748 10
15 49 -31.9300003 -72.0749969 0.805581808 10
26 63 -31.7189999 -72.3580017 0.738242745 10
27 42 -31.7199993 -71.9150009 0.691832542 10
31 6 -31.6770000 -71.1520004 0.725784123 10
39 20 -31.5219994 -71.4400024 0.710060060 10
49 41 -31.3250008 -71.8710022 0.729200482 10
51 35 -31.2940006 -71.7429962 0.711046398 10
54 19 -31.2530003 -71.4049988 0.636110902 10
69 38 -30.9669991 -71.7880020 0.865779161 10
73 68 -30.8680000 -72.4110031 0.719030023 10
76 24 -30.8519993 -71.4889984 0.795816422 10
84 70 -30.6679993 -72.4400024 0.782131016 10
94 70 -30.4869995 -72.4290009 0.746487379 10
115 34 -30.1410007 -71.6600037 0.964211524 10
118 31 -30.0900002 -71.5950012 0.884495378 10
2 16 -32.1920013 -71.3899994 0.768927395 11
4 67 -32.1110001 -72.4670029 0.772582352 11
7 52 -32.0709991 -72.1470032 0.624568224 11
10 67 -32.0029984 -72.4609985 0.798814178 11
15 44 -31.9349995 -71.9690018 1.00000000 11
17 62 -31.8820000 -72.3470001 0.813616216 11
26 63 -31.7189999 -72.3580017 0.918660522 11
31 6 -31.6770000 -71.1520004 0.704398811 11
49 41 -31.3250008 -71.8710022 0.856681287 11
51 35 -31.2940006 -71.7429962 0.807402372 11
54 19 -31.2530003 -71.4049988 0.996144772 11
69 38 -30.9669991 -71.7880020 0.861472011 11
71 55 -30.9160004 -72.1409988 0.933893323 11
82 70 -30.7040005 -72.4430008 0.914505780 11
84 70 -30.6679993 -72.4400024 0.602634907 11
89 61 -30.5860004 -72.2470016 0.840101123 11
101 24 -30.4020004 -71.4660034 0.900174558 11
102 3 -30.3999996 -71.0279999 0.967769623 11
102 18 -30.3889999 -71.3399963 0.770924628 11
118 31 -30.0900002 -71.5950012 0.905640900 11
2 16 -32.1920013 -71.3899994 0.954335153 12
7 52 -32.0709991 -72.1470032 0.811749578 12
15 44 -31.9349995 -71.9690018 0.868728578 12
17 62 -31.8820000 -72.3470001 0.683717549 12
44 55 -31.4020004 -72.1699982 0.842366874 12
50 47 -31.3010006 -71.9960022 0.702129304 12
57 6 -31.2089996 -71.1289978 0.901876688 12
58 31 -31.1709995 -71.6520004 0.930752337 12
64 42 -31.0540009 -71.8769989 0.977383494 12
71 55 -30.9160004 -72.1409988 0.926230013 12
81 49 -30.7409992 -72.0059967 0.878266633 12
82 70 -30.7040005 -72.4430008 0.934897661 12
89 4 -30.6340008 -71.0599976 0.777577519 12
89 58 -30.5890007 -72.1849976 0.502900898 12
89 61 -30.5860004 -72.2470016 0.688251257 12
91 39 -30.5699997 -71.7870026 0.654218078 12
101 24 -30.4020004 -71.4660034 0.821850240 12
102 3 -30.3999996 -71.0279999 0.994479179 12
102 13 -30.3920002 -71.2360001 0.627435625 12
102 18 -30.3889999 -71.3399963 0.555209458 12
27 2 -31.7530003 -71.0709991 0.618189275 13
32 27 -31.6429996 -71.5940018 0.725610614 13
44 55 -31.4020004 -72.1699982 0.727172077 13
50 47 -31.3010006 -71.9960022 0.656677008 13
56 69 -31.1730003 -72.4509964 0.706551015 13
57 6 -31.2089996 -71.1289978 0.669651210 13
58 31 -31.1709995 -71.6520004 0.723764241 13
64 42 -31.0540009 -71.8769989 0.707161248 13
81 49 -30.7409992 -72.0059967 0.611386716 13
84 63 -30.6739998 -72.2939987 0.829726338 13
85 67 -30.6520004 -72.3769989 1.00000000 13
89 4 -30.6340008 -71.0599976 0.738168001 13
89 58 -30.5890007 -72.1849976 0.579913437 13
91 39 -30.5699997 -71.7870026 0.644165695 13
92 37 -30.5529995 -71.7450027 0.615814745 13
98 64 -30.4209995 -72.3000031 0.758462131 13
102 13 -30.3920002 -71.2360001 0.656269550 13
104 23 -30.3490009 -71.4420013 0.614803851 13
110 46 -30.2210007 -71.9140015 0.824211299 13
114 51 -30.1450005 -72.0130005 0.734595001 13
27 2 -31.7530003 -71.0709991 0.758299768 14
32 27 -31.6429996 -71.5940018 0.851714015 14
37 21 -31.5580006 -71.4619980 0.595144689 14
42 18 -31.4699993 -71.3949966 0.742449403 14
42 44 -31.4480000 -71.9410019 0.757486284 14
56 69 -31.1730003 -72.4509964 0.763342738 14
75 54 -30.8449993 -72.1159973 0.745184243 14
82 14 -30.7520008 -71.2750015 0.760885179 14
84 63 -30.6739998 -72.2939987 1.00000000 14
85 67 -30.6520004 -72.3769989 0.939370275 14
90 53 -30.5750008 -72.0800018 0.722351968 14
92 37 -30.5529995 -71.7450027 0.763582170 14
98 64 -30.4209995 -72.3000031 0.868522227 14
104 23 -30.3490009 -71.4420013 0.752732456 14
110 46 -30.2210007 -71.9140015 0.786394119 14
111 6 -30.2360001 -71.0830002 0.747352898 14
113 49 -30.1639996 -71.9729996 0.572444260 14
114 51 -30.1450005 -72.0130005 0.464949101 14
117 1 -30.1310005 -70.9739990 0.766441464 14
120 15 -30.0669994 -71.2610016 0.451680481 14
22 17 -31.8309994 -71.3919983 0.751904845 15
22 38 -31.8139992 -71.8349991 1.00000000 15
37 21 -31.5580006 -71.4619980 0.707712531 15
39 60 -31.4880009 -72.2809982 0.718409419 15
42 18 -31.4699993 -71.3949966 0.684612811 15
42 44 -31.4480000 -71.9410019 0.617978454 15
44 40 -31.4160004 -71.8550034 0.823007047 15
46 12 -31.4029999 -71.2649994 0.851964414 15
57 40 -31.1809998 -71.8420029 0.799591959 15
57 48 -31.1739998 -72.0100021 0.583934844 15
67 15 -31.0219994 -71.3089981 0.588088155 15
75 3 -30.8869991 -71.0510025 0.786204934 15
75 54 -30.8449993 -72.1159973 0.658126533 15
81 1 -30.7800007 -71.0039978 0.833507657 15
82 14 -30.7520008 -71.2750015 0.736953735 15
90 53 -30.5750008 -72.0800018 0.750831544 15
111 6 -30.2360001 -71.0830002 0.720777810 15
113 49 -30.1639996 -71.9729996 0.851230562 15
117 1 -30.1310005 -70.9739990 0.764046371 15
120 15 -30.0669994 -71.2610016 0.667998374 15
17 56 -31.8880005 -72.2200012 0.792641282 16
22 17 -31.8309994 -71.3919983 0.753436804 16
22 38 -31.8139992 -71.8349991 0.878598034 16
25 30 -31.7660007 -71.6640015 0.716968834 16
33 35 -31.6180000 -71.7610016 0.790858507 16
39 60 -31.4880009 -72.2809982 0.729854107 16
44 40 -31.4160004 -71.8550034 0.990985394 16
46 12 -31.4029999 -71.2649994 0.744526327 16
51 46 -31.2840004 -71.9739990 0.860035300 16
57 40 -31.1809998 -71.8420029 0.727796912 16
57 48 -31.1739998 -72.0100021 0.581163704 16
64 65 -31.0330009 -72.3580017 0.787037849 16
66 50 -31.0100002 -72.0419998 0.718286157 16
67 15 -31.0219994 -71.3089981 0.706245244 16
75 3 -30.8869991 -71.0510025 0.697141230 16
81 1 -30.7800007 -71.0039978 0.818661213 16
86 55 -30.6459999 -72.1259995 0.721186161 16
98 36 -30.4459991 -71.7180023 0.695404112 16
102 55 -30.3570004 -72.1090012 0.750521839 16
119 8 -30.0900002 -71.1169968 0.727368236 16
4 66 -32.1119995 -72.4459991 0.988899231 17
15 8 -31.9640007 -71.2080002 0.782518506 17
17 56 -31.8880005 -72.2200012 0.875042856 17
20 36 -31.8509998 -71.7949982 0.880680740 17
24 68 -31.7500000 -72.4660034 0.879992783 17
25 30 -31.7660007 -71.6640015 0.908639014 17
30 19 -31.6849995 -71.4270020 0.959237874 17
33 35 -31.6180000 -71.7610016 0.762442350 17
51 46 -31.2840004 -71.9739990 0.985272288 17
64 65 -31.0330009 -72.3580017 0.876350820 17
66 50 -31.0100002 -72.0419998 0.947697699 17
77 49 -30.8129997 -72.0100021 1.00000000 17
81 22 -30.7639999 -71.4420013 0.933986425 17
86 55 -30.6459999 -72.1259995 0.839516222 17
98 36 -30.4459991 -71.7180023 0.746434689 17
102 55 -30.3570004 -72.1090012 0.908562541 17
105 26 -30.3279991 -71.5029984 0.932720840 17
109 43 -30.2420006 -71.8519974 0.882685900 17
114 2 -30.1840000 -70.9970016 0.843287110 17
119 8 -30.0900002 -71.1169968 0.763960540 17
4 66 -32.1119995 -72.4459991 0.935523331 18
15 8 -31.9640007 -71.2080002 0.707584381 18
20 14 -31.8700008 -71.3310013 0.834873796 18
20 36 -31.8509998 -71.7949982 0.817755997 18
24 68 -31.7500000 -72.4660034 0.917748392 18
30 19 -31.6849995 -71.4270020 0.916445792 18
33 12 -31.6369991 -71.2770004 0.879328609 18
35 34 -31.5830002 -71.7379990 0.914556503 18
38 54 -31.5109997 -72.1559982 0.807033181 18
41 41 -31.4689999 -71.8789978 0.680477977 18
66 3 -31.0489998 -71.0589981 0.882648706 18
67 8 -31.0270004 -71.1620026 0.697744846 18
70 64 -30.9249992 -72.3310013 1.00000000 18
77 49 -30.8129997 -72.0100021 0.848409891 18
81 22 -30.7639999 -71.4420013 0.977449656 18
98 5 -30.4710007 -71.0729980 0.879972577 18
100 59 -30.3899994 -72.1940002 0.837192357 18
105 26 -30.3279991 -71.5029984 0.964192152 18
109 43 -30.2420006 -71.8519974 0.897017419 18
114 2 -30.1840000 -70.9970016 0.905012846 18
4 67 -32.1110001 -72.4670029 0.722054601 19
14 32 -31.9629993 -71.7170029 0.653926492 19
17 17 -31.9209995 -71.3970032 0.951968312 19
19 34 -31.8710003 -71.7539978 0.679284096 19
20 14 -31.8700008 -71.3310013 0.888068855 19
20 44 -31.8449993 -71.9639969 0.860035121 19
33 12 -31.6369991 -71.2770004 0.874483645 19
35 34 -31.5830002 -71.7379990 0.712092578 19
38 54 -31.5109997 -72.1559982 0.508004010 19
41 41 -31.4689999 -71.8789978 0.732855976 19
50 42 -31.3059998 -71.8909988 0.715373814 19
66 3 -31.0489998 -71.0589981 0.752348185 19
67 8 -31.0270004 -71.1620026 0.725148916 19
70 64 -30.9249992 -72.3310013 0.776011825 19
75 42 -30.8549995 -71.8659973 0.688941956 19
98 5 -30.4710007 -71.0729980 0.660466313 19
100 59 -30.3899994 -72.1940002 0.604413688 19
109 45 -30.2399998 -71.8939972 0.794268668 19
113 12 -30.1949997 -71.2050018 0.319222152 19
114 11 -30.1779995 -71.1839981 0.356510997 19
4 67 -32.1110001 -72.4670029 0.914483547 20
14 32 -31.9629993 -71.7170029 0.717714012 20
17 17 -31.9209995 -71.3970032 1.00000000 20
19 34 -31.8710003 -71.7539978 0.784427106 20
20 44 -31.8449993 -71.9639969 0.883395135 20
29 27 -31.6970005 -71.5960007 0.885641038 20
38 2 -31.5540009 -71.0619965 0.863216937 20
40 34 -31.4930000 -71.7330017 0.872509360 20
46 48 -31.3729992 -72.0210037 0.643938959 20
46 60 -31.3619995 -72.2730026 0.768390417 20
50 42 -31.3059998 -71.8909988 0.861914277 20
71 60 -30.9109993 -72.2460022 0.913495481 20
75 42 -30.8549995 -71.8659973 0.881652534 20
87 70 -30.6130009 -72.4369965 0.704447091 20
89 17 -30.6240005 -71.3310013 0.892975330 20
100 15 -30.4270000 -71.2789993 0.811045587 20
109 45 -30.2399998 -71.8939972 0.987828016 20
113 12 -30.1949997 -71.2050018 0.455550283 20
114 11 -30.1779995 -71.1839981 0.435648352 20
115 2 -30.1660004 -70.9960022 0.904752851 20
29 2 -31.7159996 -71.0690002 0.589417458 21
29 27 -31.6970005 -71.5960007 0.798102796 21
32 41 -31.6310005 -71.8880005 0.873102784 21
35 58 -31.5620003 -72.2429962 0.899942517 21
38 2 -31.5540009 -71.0619965 0.846279740 21
40 34 -31.4930000 -71.7330017 0.867508233 21
46 48 -31.3729992 -72.0210037 0.773026526 21
46 60 -31.3619995 -72.2730026 0.667689383 21
60 11 -31.1509991 -71.2310028 0.838808954 21
66 56 -31.0049992 -72.1679993 0.791441917 21
71 60 -30.9109993 -72.2460022 0.871356606 21
74 59 -30.8579998 -72.2220001 0.580206275 21
76 8 -30.8649998 -71.1549988 1.00000000 21
79 48 -30.7779999 -71.9869995 0.829905152 21
87 70 -30.6130009 -72.4369965 0.627963722 21
89 17 -30.6240005 -71.3310013 0.745920181 21
100 15 -30.4270000 -71.2789993 0.766844571 21
102 47 -30.3640003 -71.9420013 0.662038803 21
102 65 -30.3479996 -72.3160019 0.762938678 21
115 2 -30.1660004 -70.9960022 0.724318266 21
16 58 -31.9039993 -72.2639999 0.881291986 22
29 2 -31.7159996 -71.0690002 0.788061798 22
32 41 -31.6310005 -71.8880005 0.852060556 22
32 55 -31.6180000 -72.1829987 0.972367227 22
35 58 -31.5620003 -72.2429962 0.900549054 22
44 49 -31.4080009 -72.0439987 1.00000000 22
47 32 -31.3680000 -71.6839981 0.867819488 22
49 64 -31.3040009 -72.3539963 0.884536922 22
60 11 -31.1509991 -71.2310028 0.882314563 22
66 56 -31.0049992 -72.1679993 0.859440148 22
68 48 -30.9759998 -71.9980011 0.786522210 22
74 59 -30.8579998 -72.2220001 0.680770218 22
76 8 -30.8649998 -71.1549988 0.831517458 22
78 39 -30.8040009 -71.8000031 0.625958025 22
79 48 -30.7779999 -71.9869995 0.777559221 22
87 40 -30.6410007 -71.8119965 0.952223837 22
102 47 -30.3640003 -71.9420013 0.717057049 22
102 65 -30.3479996 -72.3160019 0.808983147 22
103 1 -30.3829994 -70.9860001 0.728612721 22
118 40 -30.0820007 -71.7809982 0.914984703 22
16 58 -31.9039993 -72.2639999 0.912959576 23
22 48 -31.8050003 -72.0459976 0.955233335 23
32 55 -31.6180000 -72.1829987 0.924162567 23
36 12 -31.5830002 -71.2740021 0.762011588 23
44 29 -31.4249992 -71.6240005 0.988062441 23
44 49 -31.4080009 -72.0439987 0.995758772 23
47 32 -31.3680000 -71.6839981 0.997519314 23
49 64 -31.3040009 -72.3539963 0.943762898 23
66 71 -30.9909992 -72.4810028 0.909580231 23
68 48 -30.9759998 -71.9980011 0.764477849 23
75 48 -30.8500004 -71.9909973 0.947740853 23
77 49 -30.8129997 -72.0100021 0.944424152 23
78 39 -30.8040009 -71.8000031 0.911631525 23
87 40 -30.6410007 -71.8119965 0.903600574 23
102 67 -30.3460007 -72.3580017 0.906232655 23
103 1 -30.3829994 -70.9860001 0.776642621 23
110 42 -30.2250004 -71.8310013 0.957339823 23
113 38 -30.1739998 -71.7450027 0.938283920 23
116 14 -30.1389999 -71.2440033 0.982710719 23
118 40 -30.0820007 -71.7809982 0.908266723 23
5 12 -32.1409988 -71.3020020 0.627252698 24
14 47 -31.9500008 -72.0339966 0.704081178 24
22 48 -31.8050003 -72.0459976 0.725012898 24
30 34 -31.6730003 -71.7429962 0.734902263 24
36 12 -31.5830002 -71.2740021 0.639670849 24
44 29 -31.4249992 -71.6240005 0.889985859 24
48 48 -31.3369999 -72.0189972 0.720990479 24
64 11 -31.0790005 -71.2279968 0.861981332 24
66 71 -30.9909992 -72.4810028 0.806900680 24
75 48 -30.8500004 -71.9909973 0.729222178 24
77 49 -30.8129997 -72.0100021 0.876478970 24
85 62 -30.6569996 -72.2720032 0.793323338 24
86 25 -30.6709995 -71.5000000 0.924150527 24
91 37 -30.5709991 -71.7450027 0.920916319 24
91 64 -30.5470009 -72.3079987 0.941752672 24
97 30 -30.4689999 -71.5940018 0.896780610 24
102 67 -30.3460007 -72.3580017 0.734913170 24
110 42 -30.2250004 -71.8310013 1.00000000 24
113 38 -30.1739998 -71.7450027 0.996683657 24
116 14 -30.1389999 -71.2440033 0.792396009 24
5 12 -32.1409988 -71.3020020 0.827472866 25
14 47 -31.9500008 -72.0339966 0.722313941 25
22 13 -31.8339996 -71.3079987 1.00000000 25
28 10 -31.7280006 -71.2389984 0.998485029 25
30 34 -31.6730003 -71.7429962 0.705132723 25
48 48 -31.3369999 -72.0189972 0.726142287 25
64 11 -31.0790005 -71.2279968 0.834532917 25
71 24 -30.9430008 -71.4940033 0.845549762 25
79 13 -30.8069992 -71.2559967 0.748448312 25
85 62 -30.6569996 -72.2720032 0.732602119 25
86 10 -30.6830006 -71.1880035 0.573279381 25
86 25 -30.6709995 -71.5000000 0.777140081 25
91 37 -30.5709991 -71.7450027 0.812676907 25
91 64 -30.5470009 -72.3079987 0.833760738 25
97 30 -30.4689999 -71.5940018 0.664960206 25
101 12 -30.4109993 -71.2160034 0.625727475 25
102 62 -30.3509998 -72.2539978 0.779736280 25
106 42 -30.2970009 -71.8349991 0.826171696 25
116 15 -30.1389999 -71.2649994 0.713026762 25
120 4 -30.0750008 -71.0339966 0.709862590 25
4 5 -32.1650009 -71.1549988 0.718345225 26
8 10 -32.0890007 -71.2570038 0.619681358 26
8 63 -32.0429993 -72.3779984 0.534892082 26
22 13 -31.8339996 -71.3079987 0.971414149 26
22 33 -31.8180008 -71.7300034 0.737727761 26
28 10 -31.7280006 -71.2389984 1.00000000 26
37 26 -31.5540009 -71.5680008 0.657523572 26
61 14 -31.1310005 -71.2929993 0.755249977 26
71 24 -30.9430008 -71.4940033 0.732435644 26
79 13 -30.8069992 -71.2559967 0.544479370 26
84 6 -30.7220001 -71.1060028 0.801361561 26
86 10 -30.6830006 -71.1880035 0.750126362 26
92 24 -30.5639992 -71.4739990 0.578376651 26
101 12 -30.4109993 -71.2160034 0.617995858 26
102 62 -30.3509998 -72.2539978 0.868021190 26
106 42 -30.2970009 -71.8349991 0.820964336 26
111 31 -30.2159996 -71.6019974 0.795650959 26
113 25 -30.1849995 -71.4749985 0.762690604 26
116 15 -30.1389999 -71.2649994 0.777116001 26
120 4 -30.0750008 -71.0339966 0.637102425 26
4 5 -32.1650009 -71.1549988 0.681054831 27
7 7 -32.1090012 -71.1940002 0.686001122 27
8 10 -32.0890007 -71.2570038 0.716981292 27
8 63 -32.0429993 -72.3779984 0.435162485 27
12 49 -31.9839993 -72.0780029 0.576114714 27
22 33 -31.8180008 -71.7300034 0.612668514 27
37 26 -31.5540009 -71.5680008 1.00000000 27
38 26 -31.5359993 -71.5670013 0.996588290 27
38 27 -31.5349998 -71.5879974 0.989181459 27
48 6 -31.3710003 -71.1370010 0.679399073 27
61 14 -31.1310005 -71.2929993 0.611935019 27
83 70 -30.6860008 -72.4410019 0.633136153 27
84 6 -30.7220001 -71.1060028 0.673813462 27
84 55 -30.6819992 -72.1279984 0.588110924 27
89 34 -30.6100006 -71.6849976 0.589348137 27
91 45 -30.5639992 -71.9120026 0.598195910 27
92 24 -30.5639992 -71.4739990 0.579554737 27
95 24 -30.5100002 -71.4710007 0.625404060 27
111 31 -30.2159996 -71.6019974 0.555178463 27
113 25 -30.1849995 -71.4749985 0.580107093 27
7 7 -32.1090012 -71.1940002 0.769125044 28
10 30 -32.0369987 -71.6780014 0.645037472 28
12 49 -31.9839993 -72.0780029 0.764435410 28
36 16 -31.5799999 -71.3580017 0.634293318 28
37 12 -31.5650005 -71.2730026 0.648979962 28
38 26 -31.5359993 -71.5670013 0.669605970 28
38 27 -31.5349998 -71.5879974 0.643663287 28
48 6 -31.3710003 -71.1370010 0.857099414 28
54 59 -31.2180004 -72.2429962 0.867672205 28
62 34 -31.0960007 -71.7109985 0.814863324 28
64 58 -31.0389996 -72.2119980 0.916636527 28
72 53 -30.8999996 -72.0989990 0.829311550 28
83 70 -30.6860008 -72.4410019 0.726852059 28
84 55 -30.6819992 -72.1279984 0.878143489 28
88 38 -30.6250000 -71.7689972 0.976381898 28
89 34 -30.6100006 -71.6849976 0.952282369 28
91 45 -30.5639992 -71.9120026 0.795778155 28
92 34 -30.5559998 -71.6819992 0.950733602 28
95 24 -30.5100002 -71.4710007 0.667110741 28
118 12 -30.1049995 -71.2009964 0.773714244 28
10 30 -32.0369987 -71.6780014 0.727020681 29
28 25 -31.7169991 -71.5550003 0.703521192 29
31 19 -31.6669998 -71.4260025 0.692004502 29
32 27 -31.6429996 -71.5940018 0.799158633 29
36 16 -31.5799999 -71.3580017 0.731313348 29
37 12 -31.5650005 -71.2730026 0.345972270 29
38 11 -31.5470009 -71.2509995 0.387657642 29
54 59 -31.2180004 -72.2429962 0.837563157 29
62 34 -31.0960007 -71.7109985 0.746622503 29
64 58 -31.0389996 -72.2119980 0.887649775 29
72 53 -30.8999996 -72.0989990 0.894740105 29
75 17 -30.8759995 -71.3440018 0.782401860 29
85 26 -30.6889992 -71.5220032 0.742587626 29
88 38 -30.6250000 -71.7689972 0.854729354 29
92 34 -30.5559998 -71.6819992 0.835402668 29
103 43 -30.3500004 -71.8580017 0.872404754 29
114 2 -30.1840000 -70.9970016 0.835834265 29
115 55 -30.1229992 -72.0950012 0.921864450 29
118 12 -30.1049995 -71.2009964 1.00000000 29
120 33 -30.0520000 -71.6340027 0.958932221 29
18 2 -31.9150009 -71.0790024 0.457924575 30
28 25 -31.7169991 -71.5550003 0.591585755 30
31 19 -31.6669998 -71.4260025 0.505778849 30
31 27 -31.6609993 -71.5950012 1.00000000 30
32 27 -31.6429996 -71.5940018 0.972445071 30
38 11 -31.5470009 -71.2509995 0.502677143 30
38 61 -31.5049992 -72.3030014 0.452710420 30
53 39 -31.2539997 -71.8249969 0.632517338 30
54 24 -31.2490005 -71.5100021 0.405099869 30
56 5 -31.2280006 -71.1090012 0.396498859 30
59 2 -31.1760006 -71.0439987 0.442445666 30
68 20 -31.0000000 -71.4130020 0.430899203 30
75 17 -30.8759995 -71.3440018 0.471026778 30
84 35 -30.6989994 -71.7109985 0.592702866 30
85 26 -30.6889992 -71.5220032 0.570340633 30
103 43 -30.3500004 -71.8580017 0.569512248 30
109 70 -30.2169991 -72.4130020 0.495223731 30
114 2 -30.1840000 -70.9970016 0.512816846 30
115 55 -30.1229992 -72.0950012 0.554933906 30
120 33 -30.0520000 -71.6340027 0.554924488 30
18 2 -31.9150009 -71.0790024 0.784125686 31
18 6 -31.9120007 -71.1640015 0.720687330 31
20 17 -31.8670006 -71.3939972 0.946398377 31
31 27 -31.6609993 -71.5950012 0.858370125 31
36 25 -31.5720005 -71.5479965 0.873702884 31
38 61 -31.5049992 -72.3030014 0.797671974 31
41 68 -31.4440002 -72.4469986 0.894485772 31
48 24 -31.3570004 -71.5149994 0.838567376 31
53 39 -31.2539997 -71.8249969 0.864764035 31
54 24 -31.2490005 -71.5100021 0.755289614 31
56 5 -31.2280006 -71.1090012 0.669839680 31
59 2 -31.1760006 -71.0439987 0.760279775 31
65 48 -31.0300007 -72.0009995 0.978497565 31
68 20 -31.0000000 -71.4130020 0.721046507 31
70 62 -30.9270000 -72.2890015 0.852472663 31
84 35 -30.6989994 -71.7109985 1.00000000 31
88 42 -30.6210003 -71.8529968 0.952171981 31
88 61 -30.6040001 -72.2480011 0.784717441 31
98 52 -30.4319992 -72.0510025 0.974691927 31
109 70 -30.2169991 -72.4130020 0.888039827 31
6 61 -32.0810013 -72.3379974 0.931770444 32
11 36 -32.0139999 -71.8040009 0.911065638 32
18 6 -31.9120007 -71.1640015 0.898956001 32
20 17 -31.8670006 -71.3939972 0.831878960 32
24 63 -31.7549992 -72.3600006 0.946246862 32
25 46 -31.7530003 -72.0009995 1.00000000 32
27 17 -31.7409992 -71.3880005 0.999697328 32
28 8 -31.7299995 -71.1969986 0.825172484 32
31 23 -31.6639996 -71.5100021 0.944676459 32
36 25 -31.5720005 -71.5479965 0.841121852 32
41 68 -31.4440002 -72.4469986 0.880758345 32
48 24 -31.3570004 -71.5149994 0.919241846 32
65 48 -31.0300007 -72.0009995 0.891314685 32
70 62 -30.9270000 -72.2890015 0.958971500 32
88 42 -30.6210003 -71.8529968 0.867021024 32
88 61 -30.6040001 -72.2480011 0.787116110 32
98 52 -30.4319992 -72.0510025 0.942088723 32
103 62 -30.3330002 -72.2529984 0.857139647 32
118 26 -30.0939999 -71.4909973 0.883468986 32
120 63 -30.0259991 -72.2559967 0.910605669 32
6 61 -32.0810013 -72.3379974 0.711839557 33
9 29 -32.0559998 -71.6579971 0.652700901 33
11 36 -32.0139999 -71.8040009 0.891142130 33
15 29 -31.9480000 -71.6520004 1.00000000 33
17 40 -31.9020004 -71.8830032 0.932510316 33
24 63 -31.7549992 -72.3600006 0.767335117 33
25 46 -31.7530003 -72.0009995 0.807827234 33
27 17 -31.7409992 -71.3880005 0.932383478 33
28 8 -31.7299995 -71.1969986 0.727997005 33
31 23 -31.6639996 -71.5100021 0.911051035 33
38 41 -31.5230007 -71.8820038 0.789819956 33
52 7 -31.2980003 -71.1549988 0.802744091 33
75 15 -30.8780003 -71.3020020 0.746720254 33
81 37 -30.7520008 -71.7549973 0.812327683 33
91 63 -30.5480003 -72.2870026 0.808299005 33
103 62 -30.3330002 -72.2529984 0.896910310 33
105 56 -30.3020000 -72.1259995 0.931415677 33
109 47 -30.2380009 -71.9349976 0.889253080 33
118 26 -30.0939999 -71.4909973 0.828232169 33
120 63 -30.0259991 -72.2559967 0.813038588 33
9 29 -32.0559998 -71.6579971 0.802052140 34
15 29 -31.9480000 -71.6520004 0.999481142 34
17 40 -31.9020004 -71.8830032 1.00000000 34
28 68 -31.6779995 -72.4609985 0.767243028 34
38 41 -31.5230007 -71.8820038 0.799872279 34
42 63 -31.4309998 -72.3399963 0.761598885 34
46 56 -31.3649998 -72.1890030 0.986213088 34
52 7 -31.2980003 -71.1549988 0.727231324 34
59 46 -31.1399994 -71.9660034 0.875769496 34
68 71 -30.9549999 -72.4789963 0.660155118 34
69 52 -30.9549999 -72.0810013 0.650321364 34
75 15 -30.8780003 -71.3020020 0.725665629 34
75 45 -30.8530006 -71.9280014 0.929915369 34
77 51 -30.8110008 -72.0520020 0.751009226 34
81 37 -30.7520008 -71.7549973 0.874087274 34
90 67 -30.5620003 -72.3710022 0.522087574 34
91 63 -30.5480003 -72.2870026 0.580473483 34
105 56 -30.3020000 -72.1259995 0.930492461 34
109 47 -30.2380009 -71.9349976 0.888806701 34
120 4 -30.0750008 -71.0339966 0.822856724 34
21 14 -31.8519993 -71.3300018 0.740182340 35
28 68 -31.6779995 -72.4609985 0.637568474 35
34 70 -31.5680008 -72.4970016 0.553185344 35
37 61 -31.5230007 -72.3040009 0.977768481 35
42 63 -31.4309998 -72.3399963 0.649976194 35
46 56 -31.3649998 -72.1890030 0.972097933 35
48 44 -31.3400002 -71.9349976 0.655770540 35
54 68 -31.2099991 -72.4319992 0.769829869 35
56 9 -31.2250004 -71.1930008 0.712968171 35
56 37 -31.2019997 -71.7799988 0.691495955 35
59 46 -31.1399994 -71.9660034 0.635127008 35
68 71 -30.9549999 -72.4789963 0.599765837 35
69 52 -30.9549999 -72.0810013 0.595736802 35
75 45 -30.8530006 -71.9280014 0.602858663 35
77 51 -30.8110008 -72.0520020 0.780593812 35
79 68 -30.7590008 -72.4039993 0.754133999 35
83 32 -30.7199993 -71.6490021 0.553239167 35
84 15 -30.7150002 -71.2939987 0.562603116 35
90 67 -30.5620003 -72.3710022 0.653487265 35
120 4 -30.0750008 -71.0339966 0.673814535 35
18 50 -31.8750000 -72.0930023 0.562562466 36
18 52 -31.8729992 -72.1350021 0.724136293 36
21 14 -31.8519993 -71.3300018 0.821992934 36
24 17 -31.7950001 -71.3899994 0.920669556 36
26 30 -31.7479992 -71.6630020 0.834948480 36
34 70 -31.5680008 -72.4970016 0.886556327 36
37 61 -31.5230007 -72.3040009 1.00000000 36
48 44 -31.3400002 -71.9349976 0.956573546 36
51 9 -31.3150005 -71.1979980 0.763661265 36
54 68 -31.2099991 -72.4319992 0.780085862 36
56 9 -31.2250004 -71.1930008 0.750291407 36
56 37 -31.2019997 -71.7799988 0.933684587 36
70 15 -30.9680004 -71.3059998 0.826994002 36
79 68 -30.7590008 -72.4039993 0.906867266 36
80 50 -30.7579994 -72.0279999 0.789904475 36
83 32 -30.7199993 -71.6490021 0.637224674 36
84 15 -30.7150002 -71.2939987 0.764161408 36
84 37 -30.6970005 -71.7519989 0.836166441 36
94 10 -30.5389996 -71.1809998 0.811894119 36
94 48 -30.5079994 -71.9710007 0.847385705 36
13 64 -31.9519997 -72.3939972 0.891278327 37
17 53 -31.8899994 -72.1569977 0.898449183 37
18 50 -31.8750000 -72.0930023 0.794508338 37
18 52 -31.8729992 -72.1350021 0.818029344 37
24 17 -31.7950001 -71.3899994 0.797397912 37
26 30 -31.7479992 -71.6630020 0.880665481 37
33 57 -31.5990009 -72.2239990 0.904902637 37
41 47 -31.4640007 -72.0049973 0.836827099 37
51 9 -31.3150005 -71.1979980 0.718656063 37
56 45 -31.1949997 -71.9479980 0.902006745 37
66 9 -31.0440006 -71.1839981 0.766454697 37
70 15 -30.9680004 -71.3059998 0.633525312 37
78 21 -30.8190002 -71.4240036 0.933410466 37
80 50 -30.7579994 -72.0279999 0.994502842 37
84 37 -30.6970005 -71.7519989 1.00000000 37
93 11 -30.5559998 -71.2020035 0.450736225 37
94 10 -30.5389996 -71.1809998 0.598181427 37
94 48 -30.5079994 -71.9710007 0.973101258 37
98 59 -30.4260006 -72.1959991 0.949577391 37
106 18 -30.3169994 -71.3359985 0.912348866 37
13 64 -31.9519997 -72.3939972 0.768555045 38
17 53 -31.8899994 -72.1569977 0.845327735 38
24 1 -31.8069992 -71.0530014 1.00000000 38
25 57 -31.7430000 -72.2330017 0.895916224 38
31 2 -31.6800003 -71.0680008 0.773421526 38
33 57 -31.5990009 -72.2239990 0.808379650 38
34 37 -31.5979996 -71.8020020 0.761814833 38
41 47 -31.4640007 -72.0049973 0.719543278 38
56 45 -31.1949997 -71.9479980 0.730024219 38
62 14 -31.1130009 -71.2929993 0.825586379 38
62 22 -31.1060009 -71.4599991 0.915160477 38
66 9 -31.0440006 -71.1839981 0.768460929 38
67 39 -31.0020008 -71.8109970 0.777066410 38
78 21 -30.8190002 -71.4240036 0.646125138 38
93 11 -30.5559998 -71.2020035 0.644245207 38
94 53 -30.5030003 -72.0759964 0.723421693 38
98 59 -30.4260006 -72.1959991 0.676678121 38
106 18 -30.3169994 -71.3359985 0.718661010 38
116 43 -30.1159992 -71.8450012 0.742237747 38
117 62 -30.0809994 -72.2379990 0.741029143 38
11 20 -32.0270004 -71.4660034 0.756550193 39
11 52 -31.9990005 -72.1419983 0.690707386 39
24 1 -31.8069992 -71.0530014 0.861879885 39
25 57 -31.7430000 -72.2330017 1.00000000 39
31 2 -31.6800003 -71.0680008 0.841370881 39
34 37 -31.5979996 -71.8020020 0.786370337 39
42 38 -31.4529991 -71.8150024 0.716268420 39
49 22 -31.3409996 -71.4720001 0.770415127 39
61 65 -31.0869999 -72.3610001 0.751284719 39
62 14 -31.1130009 -71.2929993 0.771243215 39
62 22 -31.1060009 -71.4599991 0.826540232 39
67 39 -31.0020008 -71.8109970 0.831013680 39
75 16 -30.8770008 -71.3229980 0.760379255 39
78 21 -30.8190002 -71.4240036 0.687746882 39
84 47 -30.6889992 -71.9609985 0.760276914 39
89 30 -30.6130009 -71.6019974 0.782887816 39
94 53 -30.5030003 -72.0759964 0.702755928 39
105 60 -30.2989998 -72.2089996 0.769226670 39
116 43 -30.1159992 -71.8450012 0.744633794 39
117 62 -30.0809994 -72.2379990 0.788156211 39
4 25 -32.1489983 -71.5780029 0.970813990 40
10 59 -32.0110016 -72.2919998 0.840228200 40
11 20 -32.0270004 -71.4660034 0.933379710 40
11 52 -31.9990005 -72.1419983 0.835115731 40
26 45 -31.7360001 -71.9789963 0.577482760 40
29 47 -31.6800003 -72.0179977 0.739119351 40
40 48 -31.4810009 -72.0270004 0.671094060 40
42 38 -31.4529991 -71.8150024 0.802325189 40
49 22 -31.3409996 -71.4720001 0.697572708 40
55 46 -31.2119999 -71.9700012 0.906131983 40
61 65 -31.0869999 -72.3610001 0.685899734 40
72 30 -30.9200001 -71.6179962 0.724596441 40
75 16 -30.8770008 -71.3229980 0.716676235 40
78 21 -30.8190002 -71.4240036 0.656248152 40
84 47 -30.6889992 -71.9609985 0.654804766 40
86 46 -30.6539993 -71.9380035 0.597903311 40
88 51 -30.6130009 -72.0400009 0.651675642 40
89 30 -30.6130009 -71.6019974 0.740969181 40
105 60 -30.2989998 -72.2089996 0.728919387 40
111 40 -30.2080002 -71.7880020 0.748759449 40
4 25 -32.1489983 -71.5780029 1.00000000 41
10 59 -32.0110016 -72.2919998 0.704201818 41
18 28 -31.8939991 -71.6279984 0.671225965 41
26 45 -31.7360001 -71.9789963 0.645042658 41
29 47 -31.6800003 -72.0179977 0.722984672 41
29 60 -31.6679993 -72.2919998 0.739904940 41
36 63 -31.5389996 -72.3470001 0.757006228 41
39 53 -31.4939995 -72.1340027 0.591059268 41
40 48 -31.4810009 -72.0270004 0.545193732 41
42 24 -31.4650002 -71.5210037 0.793565154 41
55 46 -31.2119999 -71.9700012 0.828137517 41
63 33 -31.0790005 -71.6890030 0.675722599 41
65 13 -31.0590000 -71.2689972 0.910062969 41
72 30 -30.9200001 -71.6179962 0.746459723 41
86 46 -30.6539993 -71.9380035 0.695478380 41
88 51 -30.6130009 -72.0400009 0.684057057 41
93 40 -30.5330009 -71.8059998 0.666834831 41
108 4 -30.2910004 -71.0439987 0.701459885 41
111 40 -30.2080002 -71.7880020 0.756069243 41
114 10 -30.1779995 -71.1630020 0.739808679 41
18 28 -31.8939991 -71.6279984 0.842521369 42
19 57 -31.8509998 -72.2389984 0.858997285 42
29 60 -31.6679993 -72.2919998 0.756743968 42
36 63 -31.5389996 -72.3470001 0.769100487 42
39 53 -31.4939995 -72.1340027 0.886996746 42
42 24 -31.4650002 -71.5210037 0.967845142 42
54 23 -31.2500000 -71.4889984 0.774015546 42
56 26 -31.2110004 -71.5500031 0.649420857 42
63 33 -31.0790005 -71.6890030 0.817114770 42
65 13 -31.0590000 -71.2689972 0.894997239 42
77 31 -30.8290005 -71.6340027 0.805994272 42
88 39 -30.6240005 -71.7900009 0.643314838 42
88 45 -30.6180000 -71.9150009 0.865800560 42
93 40 -30.5330009 -71.8059998 0.755893052 42
94 30 -30.5230007 -71.5970001 0.719311714 42
103 30 -30.3610001 -71.5879974 0.874818623 42
105 65 -30.2940006 -72.3130035 1.00000000 42
108 4 -30.2910004 -71.0439987 0.983260214 42
114 10 -30.1779995 -71.1630020 0.910795987 42
118 4 -30.1110001 -71.0350037 0.901677668 42
2 62 -32.1520004 -72.3639984 0.726961374 43
4 24 -32.1500015 -71.5569992 0.722802460 43
19 57 -31.8509998 -72.2389984 0.609318435 43
25 15 -31.7789993 -71.3470001 0.855127633 43
36 21 -31.5760002 -71.4629974 0.861608744 43
54 23 -31.2500000 -71.4889984 0.871531904 43
55 56 -31.2029991 -72.1790009 0.771910369 43
56 26 -31.2110004 -71.5500031 0.715266347 43
65 3 -31.0669994 -71.0599976 0.834570289 43
74 34 -30.8799992 -71.6999969 0.928584456 43
77 31 -30.8290005 -71.6340027 0.825578153 43
88 39 -30.6240005 -71.7900009 0.629347980 43
88 45 -30.6180000 -71.9150009 0.769794226 43
94 30 -30.5230007 -71.5970001 0.722183645 43
103 30 -30.3610001 -71.5879974 0.828292906 43
105 65 -30.2940006 -72.3130035 0.895180583 43
115 16 -30.1560001 -71.2870026 0.777124405 43
117 44 -30.0970001 -71.8649979 0.851148486 43
118 4 -30.1110001 -71.0350037 0.935276330 43
119 36 -30.0680008 -71.6979980 1.00000000 43
2 62 -32.1520004 -72.3639984 0.749318302 44
4 24 -32.1500015 -71.5569992 0.794808567 44
25 15 -31.7789993 -71.3470001 0.763271213 44
36 21 -31.5760002 -71.4629974 0.905155182 44
40 12 -31.5109997 -71.2699966 0.893106639 44
42 25 -31.4640007 -71.5419998 0.873881698 44
47 70 -31.3339996 -72.4820023 1.00000000 44
54 67 -31.2110004 -72.4110031 0.908698440 44
55 56 -31.2029991 -72.1790009 0.951727688 44
65 3 -31.0669994 -71.0599976 0.795149446 44
74 34 -30.8799992 -71.6999969 0.837334394 44
86 50 -30.6499996 -72.0210037 0.935154378 44
88 8 -30.6490002 -71.1439972 0.965894043 44
88 29 -30.6320000 -71.5820007 0.818913341 44
96 56 -30.4640007 -72.1360016 0.763705134 44
112 17 -30.2089996 -71.3099976 0.804350436 44
115 16 -30.1560001 -71.2870026 0.852153361 44
116 30 -30.1270008 -71.5759964 0.684827685 44
117 44 -30.0970001 -71.8649979 0.840092003 44
119 36 -30.0680008 -71.6979980 0.918890655 44
27 31 -31.7299995 -71.6829987 0.732154310 45
30 26 -31.6800003 -71.5739975 0.755906165 45
39 3 -31.5359993 -71.0820007 0.677166045 45
40 12 -31.5109997 -71.2699966 0.680582881 45
42 25 -31.4640007 -71.5419998 0.762470901 45
47 3 -31.3910007 -71.0749969 0.691781223 45
47 70 -31.3339996 -72.4820023 0.876705408 45
52 1 -31.3029995 -71.0289993 0.825959861 45
54 67 -31.2110004 -72.4110031 1.00000000 45
68 23 -30.9969997 -71.4749985 0.806135654 45
86 50 -30.6499996 -72.0210037 0.660457253 45
88 8 -30.6490002 -71.1439972 0.731694102 45
88 29 -30.6320000 -71.5820007 0.824606478 45
89 53 -30.5930004 -72.0810013 0.609191597 45
91 20 -30.5849991 -71.3919983 0.741824687 45
96 56 -30.4640007 -72.1360016 0.721489251 45
97 52 -30.4500008 -72.0520020 0.841611862 45
107 25 -30.2929993 -71.4810028 0.609193742 45
112 17 -30.2089996 -71.3099976 0.651706338 45
116 30 -30.1270008 -71.5759964 0.596014917 45
7 14 -32.1040001 -71.3430023 1.00000000 46
27 31 -31.7299995 -71.6829987 0.885358810 46
30 26 -31.6800003 -71.5739975 0.825645864 46
38 26 -31.5359993 -71.5670013 0.884533465 46
39 3 -31.5359993 -71.0820007 0.712193012 46
47 3 -31.3910007 -71.0749969 0.769144535 46
50 28 -31.3180008 -71.5970001 0.814978302 46
52 1 -31.3029995 -71.0289993 0.921168029 46
52 22 -31.2870007 -71.4690018 0.977843821 46
53 19 -31.2709999 -71.4059982 0.881585479 46
68 23 -30.9969997 -71.4749985 0.783214152 46
89 25 -30.6170006 -71.4980011 0.995965719 46
89 53 -30.5930004 -72.0810013 0.822988689 46
91 20 -30.5849991 -71.3919983 0.856508672 46
97 52 -30.4500008 -72.0520020 0.964984715 46
99 31 -30.4319992 -71.6129990 0.940676212 46
102 32 -30.3770008 -71.6309967 0.972039342 46
105 64 -30.2950001 -72.2919998 0.821040511 46
106 56 -30.2840004 -72.1250000 0.689016640 46
107 25 -30.2929993 -71.4810028 0.717038929 46
7 14 -32.1040001 -71.3430023 0.677792072 47
8 20 -32.0810013 -71.4690018 0.850918591 47
26 23 -31.7539997 -71.5149994 0.721561372 47
38 26 -31.5359993 -71.5670013 0.771829128 47
50 28 -31.3180008 -71.5970001 0.702262700 47
52 22 -31.2870007 -71.4690018 0.821686924 47
53 19 -31.2709999 -71.4059982 0.995266795 47
53 20 -31.2700005 -71.4270020 1.00000000 47
54 16 -31.2549992 -71.3420029 0.838773847 47
60 48 -31.1200008 -72.0070038 0.573367774 47
62 53 -31.0799999 -72.1090012 0.760004938 47
85 21 -30.6930008 -71.4179993 0.645981729 47
89 25 -30.6170006 -71.4980011 0.662150919 47
94 42 -30.5130005 -71.8470001 0.639066517 47
99 31 -30.4319992 -71.6129990 0.717585504 47
102 32 -30.3770008 -71.6309967 0.486320198 47
103 34 -30.3579998 -71.6709976 0.374547362 47
105 64 -30.2950001 -72.2919998 0.678928137 47
106 56 -30.2840004 -72.1250000 0.546475589 47
111 24 -30.2220001 -71.4560013 0.648833394 47
8 20 -32.0810013 -71.4690018 0.971543610 48
15 28 -31.9480000 -71.6309967 0.643433154 48
23 36 -31.7970009 -71.7919998 0.673390329 48
26 23 -31.7539997 -71.5149994 0.930076778 48
30 34 -31.6730003 -71.7429962 0.795498550 48
31 14 -31.6709995 -71.3209991 0.754389763 48
45 31 -31.4050007 -71.6650009 0.942388058 48
48 35 -31.3479996 -71.7460022 0.899115920 48
53 20 -31.2700005 -71.4270020 0.924972177 48
54 16 -31.2549992 -71.3420029 1.00000000 48
60 48 -31.1200008 -72.0070038 0.678822279 48
62 53 -31.0799999 -72.1090012 0.829313219 48
80 14 -30.7880001 -71.2760010 0.753902256 48
85 21 -30.6930008 -71.4179993 0.821702659 48
94 42 -30.5130005 -71.8470001 0.787730098 48
99 49 -30.4169998 -71.9869995 0.740299046 48
103 34 -30.3579998 -71.6709976 0.836565018 48
106 12 -30.3209991 -71.2119980 0.674769342 48
111 24 -30.2220001 -71.4560013 0.785746872 48
121 12 -30.0510006 -71.1979980 0.832072556 48
15 28 -31.9480000 -71.6309967 0.747010469 49
17 34 -31.9069996 -71.7559967 0.963744581 49
23 36 -31.7970009 -71.7919998 0.715776861 49
30 10 -31.6919994 -71.2369995 0.758545637 49
30 34 -31.6730003 -71.7429962 0.784758508 49
31 14 -31.6709995 -71.3209991 0.625185430 49
45 31 -31.4050007 -71.6650009 0.890793622 49
46 44 -31.3759995 -71.9369965 0.738924801 49
48 35 -31.3479996 -71.7460022 0.921666265 49
51 21 -31.3050003 -71.4489975 0.809260666 49
65 4 -31.0660000 -71.0800018 0.800182223 49
77 15 -30.8419991 -71.3000031 0.929364562 49
80 14 -30.7880001 -71.2760010 0.966277003 49
93 18 -30.5510006 -71.3479996 0.861129284 49
98 31 -30.4500008 -71.6139984 0.864203632 49
99 49 -30.4169998 -71.9869995 0.791999996 49
106 12 -30.3209991 -71.2119980 0.830039918 49
117 6 -30.1270008 -71.0780029 0.861290514 49
120 42 -30.0440006 -71.8209991 0.843593240 49
121 12 -30.0510006 -71.1979980 0.851372540 49
13 46 -31.9689999 -72.0139999 0.776568472 50
17 34 -31.9069996 -71.7559967 0.811364651 50
26 3 -31.7700005 -71.0930023 0.887583315 50
30 10 -31.6919994 -71.2369995 0.912929416 50
45 58 -31.3810005 -72.2320023 1.00000000 50
46 37 -31.3820000 -71.7900009 0.857708335 50
46 44 -31.3759995 -71.9369965 0.901924372 50
51 21 -31.3050003 -71.4489975 0.882423759 50
65 4 -31.0660000 -71.0800018 0.745850444 50
67 10 -31.0259991 -71.2040024 0.771227479 50
67 42 -30.9990005 -71.8740005 0.743481398 50
76 27 -30.8500004 -71.5510025 0.954778194 50
77 15 -30.8419991 -71.3000031 0.878098249 50
93 18 -30.5510006 -71.3479996 0.902511954 50
98 31 -30.4500008 -71.6139984 0.899091423 50
100 48 -30.3999996 -71.9649963 0.994717240 50
101 3 -30.4179993 -71.0289993 0.889301538 50
105 66 -30.2929993 -72.3339996 0.852784634 50
117 6 -30.1270008 -71.0780029 0.893740058 50
120 42 -30.0440006 -71.8209991 0.926507175 50
13 46 -31.9689999 -72.0139999 0.798359096 51
26 3 -31.7700005 -71.0930023 0.795186460 51
29 12 -31.7089996 -71.2799988 0.789626062 51
40 30 -31.4960003 -71.6490021 0.742245376 51
45 58 -31.3810005 -72.2320023 0.813219905 51
46 37 -31.3820000 -71.7900009 0.709598541 51
52 47 -31.2649994 -71.9940033 0.764950752 51
55 19 -31.2350006 -71.4039993 0.818918884 51
55 51 -31.2080002 -72.0749969 0.862268925 51
67 10 -31.0259991 -71.2040024 0.802599490 51
67 42 -30.9990005 -71.8740005 0.699852467 51
76 27 -30.8500004 -71.5510025 0.861324966 51
81 13 -30.7709999 -71.2549973 0.824767888 51
83 29 -30.7220001 -71.5869980 0.886912882 51
95 66 -30.4729996 -72.3450012 0.870001256 51
96 45 -30.4740009 -71.9069977 0.918898761 51
100 48 -30.3999996 -71.9649963 1.00000000 51
101 3 -30.4179993 -71.0289993 0.897570014 51
105 66 -30.2929993 -72.3339996 0.772747397 51
112 17 -30.2089996 -71.3099976 0.910644174 51
3 68 -32.1279984 -72.4899979 0.831606269 52
25 46 -31.7530003 -72.0009995 0.798957944 52
29 12 -31.7089996 -71.2799988 0.833742321 52
32 63 -31.6110001 -72.3519974 0.826618254 52
40 30 -31.4960003 -71.6490021 0.942638397 52
46 45 -31.3750000 -71.9580002 0.801759362 52
49 51 -31.3160000 -72.0810013 0.862142086 52
52 47 -31.2649994 -71.9940033 0.809704542 52
55 19 -31.2350006 -71.4039993 0.929018080 52
55 51 -31.2080002 -72.0749969 0.774997175 52
81 13 -30.7709999 -71.2549973 0.944219589 52
82 58 -30.7150002 -72.1920013 0.977046490 52
83 29 -30.7220001 -71.5869980 0.912738383 52
95 66 -30.4729996 -72.3450012 1.00000000 52
96 45 -30.4740009 -71.9069977 0.939688444 52
109 52 -30.2339993 -72.0390015 0.781042576 52
112 17 -30.2089996 -71.3099976 0.993365824 52
117 44 -30.0970001 -71.8649979 0.947811007 52
118 18 -30.1000004 -71.3249969 0.937181830 52
120 32 -30.0529995 -71.6139984 0.962667108 52
3 68 -32.1279984 -72.4899979 0.538941085 53
13 68 -31.9480000 -72.4779968 0.552053094 53
25 46 -31.7530003 -72.0009995 0.522567987 53
32 63 -31.6110001 -72.3519974 0.512179613 53
37 31 -31.5489998 -71.6729965 0.627070069 53
38 17 -31.5429993 -71.3769989 0.465586603 53
45 19 -31.4150009 -71.4130020 0.505847692 53
46 9 -31.4050007 -71.2020035 0.546308696 53
46 45 -31.3750000 -71.9580002 0.401174068 53
49 51 -31.3160000 -72.0810013 0.551964283 53
76 39 -30.8400002 -71.8020020 0.612663805 53
82 58 -30.7150002 -72.1920013 0.613764465 53
88 47 -30.6170006 -71.9570007 0.600972652 53
91 16 -30.5879993 -71.3079987 0.665086210 53
100 18 -30.4249992 -71.3420029 0.630629957 53
109 52 -30.2339993 -72.0390015 0.569883168 53
117 42 -30.0990009 -71.8239975 0.927639246 53
117 44 -30.0970001 -71.8649979 0.989324391 53
118 18 -30.1000004 -71.3249969 0.575608432 53
120 32 -30.0529995 -71.6139984 0.645455122 53
13 68 -31.9480000 -72.4779968 0.600985765 54
20 63 -31.8269997 -72.3649979 0.606710315 54
27 64 -31.7000008 -72.3779984 0.405963153 54
37 31 -31.5489998 -71.6729965 0.541128397 54
38 17 -31.5429993 -71.3769989 0.613227010 54
40 54 -31.4750004 -72.1539993 0.518862665 54
45 19 -31.4150009 -71.4130020 0.446196854 54
46 9 -31.4050007 -71.2020035 0.370214999 54
65 35 -31.0419998 -71.7289963 0.527335823 54
68 37 -30.9860001 -71.7679977 1.00000000 54
68 38 -30.9850006 -71.7890015 0.990435541 54
76 39 -30.8400002 -71.8020020 0.563256383 54
82 38 -30.7329998 -71.7750015 0.465907782 54
88 47 -30.6170006 -71.9570007 0.604576230 54
89 53 -30.5930004 -72.0810013 0.630121410 54
91 16 -30.5879993 -71.3079987 0.581890762 54
95 45 -30.4920006 -71.9079971 0.594764769 54
100 18 -30.4249992 -71.3420029 0.570478320 54
101 42 -30.3869991 -71.8399963 0.541938901 54
117 42 -30.0990009 -71.8239975 0.492814839 54
20 63 -31.8269997 -72.3649979 0.526606202 55
23 28 -31.8040009 -71.6230011 0.430515409 55
24 57 -31.7609997 -72.2340012 0.595197380 55
26 21 -31.7560005 -71.4729996 0.568189561 55
27 64 -31.7000008 -72.3779984 0.426525623 55
28 17 -31.7229996 -71.3870010 0.544653118 55
40 43 -31.4850006 -71.9219971 0.492317647 55
40 54 -31.4750004 -72.1539993 0.581317902 55
57 46 -31.1760006 -71.9680023 0.559357643 55
61 27 -31.1200008 -71.5660019 0.488972634 55
65 35 -31.0419998 -71.7289963 0.567573011 55
68 37 -30.9860001 -71.7679977 1.00000000 55
68 38 -30.9850006 -71.7890015 0.993684947 55
82 38 -30.7329998 -71.7750015 0.433100760 55
89 47 -30.5990009 -71.9560013 0.454849899 55
89 53 -30.5930004 -72.0810013 0.521026015 55
95 45 -30.4920006 -71.9079971 0.476954937 55
97 17 -30.4799995 -71.3239975 0.536125124 55
101 42 -30.3869991 -71.8399963 0.484771669 55
110 47 -30.2199993 -71.9339981 0.515971899 55
6 42 -32.0979996 -71.9359970 1.00000000 56
23 28 -31.8040009 -71.6230011 0.799335897 56
24 57 -31.7609997 -72.2340012 0.920936644 56
26 21 -31.7560005 -71.4729996 0.866782248 56
27 48 -31.7150002 -72.0410004 0.769237220 56
28 17 -31.7229996 -71.3870010 0.946574450 56
40 43 -31.4850006 -71.9219971 0.744021416 56
51 21 -31.3050003 -71.4489975 0.921905577 56
57 46 -31.1760006 -71.9680023 0.885039032 56
60 40 -31.1270008 -71.8389969 0.704382002 56
61 27 -31.1200008 -71.5660019 0.942307472 56
72 22 -30.9260006 -71.4509964 0.881235719 56
89 47 -30.5990009 -71.9560013 0.814687133 56
92 57 -30.5359993 -72.1610031 0.808270395 56
97 17 -30.4799995 -71.3239975 0.981079042 56
98 5 -30.4710007 -71.0729980 0.860210955 56
105 63 -30.2959995 -72.2720032 0.730137229 56
110 12 -30.2490005 -71.2080002 0.730288923 56
110 47 -30.2199993 -71.9339981 0.630885720 56
120 59 -30.0289993 -72.1729965 0.728267372 56
3 26 -32.1660004 -71.6009979 0.800008118 57
6 42 -32.0979996 -71.9359970 0.863294363 57
7 13 -32.1049995 -71.3209991 0.855970383 57
27 48 -31.7150002 -72.0410004 0.724026382 57
51 21 -31.3050003 -71.4489975 0.819553316 57
60 40 -31.1270008 -71.8389969 0.634900689 57
72 14 -30.9319992 -71.2839966 0.773828864 57
72 22 -30.9260006 -71.4509964 0.797135592 57
74 37 -30.8780003 -71.7620010 0.763034523 57
92 57 -30.5359993 -72.1610031 0.691299021 57
98 5 -30.4710007 -71.0729980 0.795884609 57
105 63 -30.2959995 -72.2720032 0.684940577 57
108 18 -30.2800007 -71.3339996 0.707719505 57
109 8 -30.2700005 -71.1259995 0.912252069 57
110 12 -30.2490005 -71.2080002 0.923764110 57
114 51 -30.1450005 -72.0130005 0.763665497 57
116 63 -30.0979996 -72.2600021 0.718803108 57
119 4 -30.0930004 -71.0339966 0.774224460 57
120 59 -30.0289993 -72.1729965 0.833846986 57
121 36 -30.0319996 -71.6959991 0.742581487 57
3 26 -32.1660004 -71.6009979 0.702541173 58
3 57 -32.1389999 -72.2570038 0.763615966 58
7 13 -32.1049995 -71.3209991 0.775239766 58
25 21 -31.7740002 -71.4739990 0.664488912 58
32 40 -31.6320000 -71.8669968 0.723884761 58
33 42 -31.6119995 -71.9079971 0.732936919 58
45 62 -31.3780003 -72.3160019 0.768650770 58
63 15 -31.0939999 -71.3130035 0.632025838 58
72 14 -30.9319992 -71.2839966 0.647154331 58
74 37 -30.8780003 -71.7620010 0.757270455 58
106 59 -30.2819996 -72.1880035 0.624222159 58
108 4 -30.2910004 -71.0439987 0.941938937 58
108 18 -30.2800007 -71.3339996 0.599436820 58
108 42 -30.2609997 -71.8330002 0.888893604 58
109 8 -30.2700005 -71.1259995 0.902874947 58
114 51 -30.1450005 -72.0130005 0.665465832 58
116 63 -30.0979996 -72.2600021 0.675191283 58
119 4 -30.0930004 -71.0339966 0.678793192 58
119 68 -30.0389996 -72.3600006 0.692319870 58
121 36 -30.0319996 -71.6959991 0.614659786 58
2 36 -32.1759987 -71.8130035 0.958049655 59
3 57 -32.1389999 -72.2570038 0.825908303 59
23 17 -31.8129997 -71.3909988 0.490920365 59
23 59 -31.7770004 -72.2770004 0.949866056 59
25 21 -31.7740002 -71.4739990 0.827177823 59
25 59 -31.7409992 -72.2750015 0.872485340 59
32 40 -31.6320000 -71.8669968 0.726525784 59
33 42 -31.6119995 -71.9079971 0.836832285 59
44 35 -31.4200001 -71.7500000 0.839965999 59
45 62 -31.3780003 -72.3160019 0.860437810 59
60 66 -31.1040001 -72.3830032 0.706215262 59
63 15 -31.0939999 -71.3130035 0.808860958 59
83 43 -30.7099991 -71.8779984 0.773912489 59
106 59 -30.2819996 -72.1880035 0.729410708 59
108 4 -30.2910004 -71.0439987 0.823136687 59
108 42 -30.2609997 -71.8330002 0.928222477 59
114 61 -30.1359997 -72.2210007 0.776798308 59
119 16 -30.0839996 -71.2829971 0.742313743 59
119 68 -30.0389996 -72.3600006 0.881171703 59
120 51 -30.0370007 -72.0070038 0.636724830 59
2 36 -32.1759987 -71.8130035 0.773910522 60
17 57 -31.8869991 -72.2419968 0.830032051 60
18 10 -31.9090004 -71.2480011 0.720965624 60
23 17 -31.8129997 -71.3909988 0.902425468 60
23 59 -31.7770004 -72.2770004 0.965584457 60
25 59 -31.7409992 -72.2750015 0.848962903 60
44 35 -31.4200001 -71.7500000 0.737311661 60
45 22 -31.4130001 -71.4759979 0.990055323 60
47 38 -31.3630009 -71.8099976 0.962296307 60
60 66 -31.1040001 -72.3830032 0.781457841 60
65 8 -31.0629997 -71.1640015 0.901632488 60
65 35 -31.0419998 -71.7289963 0.710454404 60
67 42 -30.9990005 -71.8740005 0.898473084 60
75 56 -30.8430004 -72.1579971 0.838276327 60
83 43 -30.7099991 -71.8779984 0.714745700 60
85 14 -30.6980000 -71.2720032 0.649336278 60
100 66 -30.3829994 -72.3389969 0.820753336 60
114 61 -30.1359997 -72.2210007 0.684189618 60
119 16 -30.0839996 -71.2829971 0.738240957 60
120 51 -30.0370007 -72.0070038 0.675311089 60
7 22 -32.0970001 -71.5120010 0.792611301 61
17 57 -31.8869991 -72.2419968 0.818131268 61
18 10 -31.9090004 -71.2480011 0.753477395 61
22 35 -31.8160000 -71.7720032 0.741889954 61
44 43 -31.4130001 -71.9179993 0.912931025 61
45 22 -31.4130001 -71.4759979 0.889956176 61
47 38 -31.3630009 -71.8099976 0.989388525 61
65 8 -31.0629997 -71.1640015 1.00000000 61
65 35 -31.0419998 -71.7289963 0.560439825 61
67 42 -30.9990005 -71.8740005 0.881031752 61
75 28 -30.8670006 -71.5729980 0.861788273 61
75 56 -30.8430004 -72.1579971 0.790645242 61
80 21 -30.7830009 -71.4219971 0.971495390 61
85 14 -30.6980000 -71.2720032 0.850651503 61
87 33 -30.6469994 -71.6660004 0.602596402 61
90 61 -30.5680008 -72.2460022 0.695369363 61
92 21 -30.5660000 -71.4110031 0.848391593 61
100 32 -30.4130001 -71.6330032 0.597863138 61
100 66 -30.3829994 -72.3389969 0.705781639 61
110 13 -30.2479992 -71.2289963 0.747907758 61
4 6 -32.1640015 -71.1760025 0.976332784 62
7 22 -32.0970001 -71.5120010 0.939263701 62
15 2 -31.9689999 -71.0820007 0.766410649 62
22 35 -31.8160000 -71.7720032 0.952748775 62
24 49 -31.7679996 -72.0650024 0.759434223 62
30 51 -31.6580009 -72.1009979 0.962903738 62
44 43 -31.4130001 -71.9179993 1.00000000 62
47 11 -31.3850002 -71.2429962 0.846129656 62
67 13 -31.0230007 -71.2669983 0.946248174 62
75 28 -30.8670006 -71.5729980 0.926854849 62
79 31 -30.7929993 -71.6320038 0.563449740 62
80 21 -30.7830009 -71.4219971 0.981099367 62
80 34 -30.7719994 -71.6940002 0.801784694 62
87 33 -30.6469994 -71.6660004 0.659518361 62
90 61 -30.5680008 -72.2460022 0.804269373 62
92 21 -30.5660000 -71.4110031 0.975451171 62
99 66 -30.4009991 -72.3399963 0.955906391 62
100 32 -30.4130001 -71.6330032 0.805831850 62
110 13 -30.2479992 -71.2289963 0.840455353 62
117 40 -30.1000004 -71.7819977 0.768117666 62
4 6 -32.1640015 -71.1760025 1.00000000 63
15 2 -31.9689999 -71.0820007 0.609804153 63
24 36 -31.7789993 -71.7910004 0.648080170 63
24 49 -31.7679996 -72.0650024 0.552048504 63
30 8 -31.6940002 -71.1949997 0.589169562 63
30 51 -31.6580009 -72.1009979 0.625107348 63
35 66 -31.5540009 -72.4110031 0.828043222 63
47 11 -31.3850002 -71.2429962 0.636578560 63
51 63 -31.2689991 -72.3310013 0.912691295 63
59 4 -31.1739998 -71.0859985 0.632451177 63
67 13 -31.0230007 -71.2669983 0.645710051 63
78 62 -30.7830009 -72.2799988 0.719681382 63
79 31 -30.7929993 -71.6320038 0.537381113 63
80 34 -30.7719994 -71.6940002 0.540523946 63
89 50 -30.5960007 -72.0179977 0.773843348 63
99 66 -30.4009991 -72.3399963 0.701595306 63
115 48 -30.1289997 -71.9499969 0.710968316 63
117 40 -30.1000004 -71.7819977 0.763990581 63
118 51 -30.0730000 -72.0090027 0.564588070 63
120 37 -30.0489998 -71.7170029 0.768903255 63
13 25 -31.9869995 -71.5699997 0.671050906 64
18 50 -31.8750000 -72.0930023 0.997457147 64
24 36 -31.7789993 -71.7910004 0.590637505 64
25 52 -31.7469997 -72.1269989 0.803981423 64
30 8 -31.6940002 -71.1949997 0.761957049 64
35 66 -31.5540009 -72.4110031 0.772047043 64
45 39 -31.3980007 -71.8330002 0.773187459 64
50 6 -31.3349991 -71.1350021 0.911111832 64
51 63 -31.2689991 -72.3310013 0.851929188 64
52 36 -31.2749996 -71.7630005 0.801905632 64
56 33 -31.2049999 -71.6959991 0.930102050 64
59 4 -31.1739998 -71.0859985 0.915723443 64
77 48 -30.8139992 -71.9889984 0.911529660 64
78 62 -30.7830009 -72.2799988 0.801430643 64
86 23 -30.6730003 -71.4589996 0.897445142 64
89 50 -30.5960007 -72.0179977 0.767595053 64
115 48 -30.1289997 -71.9499969 0.680558026 64
118 51 -30.0730000 -72.0090027 0.730956674 64
119 37 -30.0669994 -71.7180023 0.349611551 64
120 37 -30.0489998 -71.7170029 0.309902847 64
3 69 -32.1269989 -72.5110016 0.770513713 65
10 14 -32.0499992 -71.3399963 0.913859308 65
13 25 -31.9869995 -71.5699997 0.666512012 65
18 50 -31.8750000 -72.0930023 0.846404493 65
25 35 -31.7619991 -71.7689972 0.878010750 65
25 52 -31.7469997 -72.1269989 0.906320989 65
30 13 -31.6900005 -71.3000031 0.744187474 65
35 23 -31.5919991 -71.5059967 0.612541854 65
41 70 -31.4419994 -72.4889984 0.795265734 65
45 39 -31.3980007 -71.8330002 0.877161562 65
50 6 -31.3349991 -71.1350021 1.00000000 65
52 36 -31.2749996 -71.7630005 0.877607226 65
56 33 -31.2049999 -71.6959991 0.914287627 65
60 21 -31.1429996 -71.4410019 0.859258294 65
77 48 -30.8139992 -71.9889984 0.840432703 65
86 23 -30.6730003 -71.4589996 0.822028875 65
86 56 -30.6450005 -72.1460037 0.720302880 65
86 56 -30.6450005 -72.1460037 0.720302880 65
102 23 -30.3850002 -71.4440002 0.845448375 65
119 37 -30.0669994 -71.7180023 0.781127453 65
3 69 -32.1269989 -72.5110016 0.900311291 66
10 14 -32.0499992 -71.3399963 0.905687034 66
16 70 -31.8920002 -72.5169983 0.879623652 66
25 35 -31.7619991 -71.7689972 0.896008551 66
30 13 -31.6900005 -71.3000031 0.828426719 66
32 25 -31.6450005 -71.5510025 1.00000000 66
35 23 -31.5919991 -71.5059967 0.845538676 66
35 54 -31.5650005 -72.1589966 0.748614788 66
35 68 -31.5520000 -72.4530029 0.855808020 66
41 70 -31.4419994 -72.4889984 0.952650547 66
60 21 -31.1429996 -71.4410019 0.897322714 66
76 54 -30.8269997 -72.1149979 0.832520247 66
86 56 -30.6450005 -72.1460037 0.762473166 66
86 56 -30.6450005 -72.1460037 0.762473166 66
90 44 -30.5830002 -71.8919983 0.725563228 66
100 68 -30.3810005 -72.3809967 0.727584481 66
102 23 -30.3850002 -71.4440002 0.897208035 66
106 45 -30.2940006 -71.8970032 0.808414280 66
112 14 -30.2110004 -71.2480011 0.764468193 66
119 14 -30.0849991 -71.2419968 0.773168921 66
6 36 -32.1040001 -71.8089981 0.722742438 67
9 20 -32.0629997 -71.4680023 0.632958412 67
16 70 -31.8920002 -72.5169983 0.810031772 67
19 9 -31.8910007 -71.2259979 0.855287254 67
24 23 -31.7900009 -71.5169983 0.971115708 67
30 71 -31.6389999 -72.5220032 0.691462040 67
32 25 -31.6450005 -71.5510025 0.833272696 67
35 54 -31.5650005 -72.1589966 0.855141580 67
35 68 -31.5520000 -72.4530029 0.751493931 67
43 22 -31.4489994 -71.4779968 1.00000000 67
76 54 -30.8269997 -72.1149979 0.853827715 67
80 34 -30.7719994 -71.6940002 0.899423003 67
90 44 -30.5830002 -71.8919983 0.769821346 67
93 24 -30.5459995 -71.4729996 0.764199495 67
96 64 -30.4570007 -72.3020020 0.809624434 67
98 16 -30.4619999 -71.3020020 0.840365171 67
100 68 -30.3810005 -72.3809967 0.777158797 67
106 45 -30.2940006 -71.8970032 0.679967284 67
112 14 -30.2110004 -71.2480011 0.687405527 67
119 14 -30.0849991 -71.2419968 0.726247072 67
3 46 -32.1489983 -72.0240021 0.735049188 68
6 13 -32.1230011 -71.3219986 0.686092138 68
6 36 -32.1040001 -71.8089981 0.630993843 68
9 20 -32.0629997 -71.4680023 0.615369141 68
19 9 -31.8910007 -71.2259979 0.858068228 68
24 23 -31.7900009 -71.5169983 1.00000000 68
30 71 -31.6389999 -72.5220032 0.865967035 68
36 51 -31.5499992 -72.0950012 0.779080272 68
40 29 -31.4969997 -71.6279984 0.862576783 68
43 22 -31.4489994 -71.4779968 0.945364118 68
58 15 -31.1840000 -71.3170013 0.896829247 68
60 50 -31.1189995 -72.0479965 0.796187520 68
75 70 -30.8299999 -72.4499969 0.778186500 68
80 34 -30.7719994 -71.6940002 0.832835376 68
89 25 -30.6170006 -71.4980011 0.811872602 68
93 24 -30.5459995 -71.4729996 0.766424298 68
94 63 -30.4939995 -72.2839966 0.847577810 68
96 64 -30.4570007 -72.3020020 0.835711777 68
98 16 -30.4619999 -71.3020020 0.813655555 68
119 4 -30.0930004 -71.0339966 0.748624742 68
3 46 -32.1489983 -72.0240021 0.744202971 69
3 55 -32.1409988 -72.2149963 0.714736104 69
6 13 -32.1230011 -71.3219986 0.572314620 69
8 27 -32.0750008 -71.6169968 0.931345165 69
12 69 -31.9650002 -72.5009995 0.800740778 69
36 51 -31.5499992 -72.0950012 0.703519225 69
37 16 -31.5620003 -71.3570023 0.679520845 69
40 29 -31.4969997 -71.6279984 0.654618621 69
41 24 -31.4829998 -71.5220032 0.693336725 69
42 40 -31.4519997 -71.8570023 0.688901067 69
56 53 -31.1879997 -72.1149979 0.590086758 69
58 15 -31.1840000 -71.3170013 0.841942787 69
60 50 -31.1189995 -72.0479965 0.598700404 69
75 70 -30.8299999 -72.4499969 0.734011233 69
89 25 -30.6170006 -71.4980011 0.917237401 69
94 63 -30.4939995 -72.2839966 0.828704178 69
100 29 -30.4160004 -71.5699997 0.890221059 69
110 51 -30.2169991 -72.0169983 1.00000000 69
111 21 -30.2240009 -71.3939972 0.886761665 69
119 4 -30.0930004 -71.0339966 0.849632263 69
3 55 -32.1409988 -72.2149963 0.874168217 70
8 27 -32.0750008 -71.6169968 0.788703024 70
12 69 -31.9650002 -72.5009995 0.700182140 70
37 16 -31.5620003 -71.3570023 0.826557279 70
38 10 -31.5480003 -71.2300034 0.636423886 70
41 24 -31.4829998 -71.5220032 0.671208560 70
42 40 -31.4519997 -71.8570023 0.787726879 70
42 60 -31.4340000 -72.2770004 0.711503625 70
44 46 -31.4099998 -71.9810028 0.645415664 70
47 62 -31.3419991 -72.3140030 0.927491903 70
48 9 -31.3689995 -71.1999969 0.725567043 70
50 42 -31.3059998 -71.8909988 0.746893167 70
56 34 -31.2049999 -71.7170029 0.746962905 70
56 53 -31.1879997 -72.1149979 0.853046119 70
75 19 -30.8740005 -71.3850021 0.923268318 70
79 20 -30.8020000 -71.4029999 0.886088192 70
100 11 -30.4300003 -71.1959991 0.792896688 70
100 29 -30.4160004 -71.5699997 0.839531898 70
110 51 -30.2169991 -72.0169983 0.922780037 70
111 21 -30.2240009 -71.3939972 0.897733271 70
21 48 -31.8230000 -72.0469971 0.807730258 71
30 63 -31.6469994 -72.3539963 0.989728749 71
35 69 -31.5510006 -72.4739990 0.891880572 71
38 10 -31.5480003 -71.2300034 0.762827814 71
42 60 -31.4340000 -72.2770004 0.833517253 71
44 46 -31.4099998 -71.9810028 0.766391933 71
47 62 -31.3419991 -72.3140030 0.908027232 71
48 9 -31.3689995 -71.1999969 0.760964215 71
50 42 -31.3059998 -71.8909988 0.764483392 71
56 34 -31.2049999 -71.7170029 0.775964320 71
62 3 -31.1210003 -71.0619965 0.733330727 71
75 19 -30.8740005 -71.3850021 0.941896379 71
78 38 -30.8050003 -71.7789993 0.831164718 71
79 20 -30.8020000 -71.4029999 1.00000000 71
87 16 -30.6609993 -71.3119965 0.681073666 71
89 50 -30.5960007 -72.0179977 0.670411408 71
92 46 -30.5459995 -71.9319992 0.575145960 71
100 11 -30.4300003 -71.1959991 0.744533658 71
104 69 -30.3080006 -72.3970032 0.852971196 71
120 38 -30.0480003 -71.7379990 0.849164367 71
4 31 -32.1440010 -71.7050018 0.843349993 72
5 17 -32.1370010 -71.4079971 0.627399564 72
12 64 -31.9699993 -72.3949966 0.819126546 72
21 48 -31.8230000 -72.0469971 0.867632866 72
30 63 -31.6469994 -72.3539963 0.882704198 72
33 24 -31.6270008 -71.5289993 0.766021788 72
35 69 -31.5510006 -72.4739990 0.785225213 72
44 50 -31.4069996 -72.0650024 0.906750441 72
56 20 -31.2159996 -71.4240036 0.841326416 72
62 3 -31.1210003 -71.0619965 0.663792849 72
71 37 -30.9319992 -71.7649994 0.835753381 72
78 38 -30.8050003 -71.7789993 1.00000000 72
82 70 -30.7040005 -72.4430008 0.840621114 72
86 44 -30.6550007 -71.8960037 0.932316601 72
87 16 -30.6609993 -71.3119965 0.712744474 72
88 57 -30.6079998 -72.1650009 0.688896358 72
89 50 -30.5960007 -72.0179977 0.572627902 72
92 46 -30.5459995 -71.9319992 0.718388021 72
104 69 -30.3080006 -72.3970032 0.932214022 72
120 38 -30.0480003 -71.7379990 0.899770975 72
4 31 -32.1440010 -71.7050018 0.810269237 73
5 17 -32.1370010 -71.4079971 0.716589808 73
12 52 -31.9810009 -72.1409988 0.616669834 73
12 64 -31.9699993 -72.3949966 0.872780025 73
14 52 -31.9449997 -72.1389999 0.576487601 73
24 62 -31.7560005 -72.3389969 0.622141242 73
25 61 -31.7390003 -72.3170013 0.452735513 73
33 24 -31.6270008 -71.5289993 0.757131696 73
44 50 -31.4069996 -72.0650024 0.809104145 73
56 20 -31.2159996 -71.4240036 0.762661874 73
64 71 -31.0270004 -72.4840012 0.853254497 73
71 37 -30.9319992 -71.7649994 0.809491754 73
82 70 -30.7040005 -72.4430008 0.812715352 73
84 62 -30.6749992 -72.2740021 0.957474649 73
86 44 -30.6550007 -71.8960037 0.826077282 73
88 57 -30.6079998 -72.1650009 0.520445049 73
88 60 -30.6049995 -72.2279968 0.623769164 73
92 22 -30.5660000 -71.4319992 0.849112153 73
105 37 -30.3190002 -71.7320023 0.850256562 73
120 39 -30.0470009 -71.7590027 0.811684191 73
10 32 -32.0349998 -71.7210007 0.786480248 74
12 52 -31.9810009 -72.1409988 0.661515176 74
14 52 -31.9449997 -72.1389999 0.581742644 74
24 62 -31.7560005 -72.3389969 0.381100357 74
25 61 -31.7390003 -72.3170013 0.464972973 74
30 37 -31.6700001 -71.8059998 0.825348735 74
49 18 -31.3439999 -71.3880005 0.741446555 74
64 71 -31.0270004 -72.4840012 0.915405393 74
68 10 -31.0079994 -71.2030029 0.746831000 74
84 62 -30.6749992 -72.2740021 0.996052384 74
88 60 -30.6049995 -72.2279968 0.911672890 74
92 22 -30.5660000 -71.4319992 0.926681697 74
93 13 -30.5550003 -71.2440033 0.756278515 74
95 6 -30.5240002 -71.0960007 0.878947973 74
101 20 -30.4050007 -71.3820038 0.720973134 74
105 37 -30.3190002 -71.7320023 0.803673267 74
106 2 -30.3290005 -71.0039978 0.835798264 74
110 9 -30.2509995 -71.1460037 0.986864805 74
120 39 -30.0470009 -71.7590027 0.919617653 74
121 54 -30.0160007 -72.0680008 0.820587099 74
3 12 -32.1769981 -71.3040009 0.860521913 75
10 32 -32.0349998 -71.7210007 0.658227861 75
23 34 -31.7989998 -71.7500000 0.721138716 75
30 37 -31.6700001 -71.8059998 0.722127676 75
35 47 -31.5720005 -72.0120010 0.764384568 75
49 18 -31.3439999 -71.3880005 0.716776073 75
59 7 -31.1720009 -71.1490021 0.730807841 75
67 63 -30.9799995 -72.3130035 0.852624059 75
68 10 -31.0079994 -71.2030029 0.665857136 75
68 49 -30.9750004 -72.0189972 0.755549848 75
84 69 -30.6679993 -72.4189987 0.745079339 75
91 59 -30.5520000 -72.2040024 1.00000000 75
93 13 -30.5550003 -71.2440033 0.754931748 75
95 6 -30.5240002 -71.0960007 0.797350347 75
98 59 -30.4260006 -72.1959991 0.820686281 75
101 20 -30.4050007 -71.3820038 0.722534895 75
106 2 -30.3290005 -71.0039978 0.740111649 75
106 42 -30.2970009 -71.8349991 0.673143089 75
110 9 -30.2509995 -71.1460037 0.802682042 75
121 54 -30.0160007 -72.0680008 0.671300173 75
3 12 -32.1769981 -71.3040009 1.00000000 76
6 20 -32.1170006 -71.4710007 0.849143207 76
18 5 -31.9120007 -71.1419983 0.668895066 76
20 27 -31.8589993 -71.6050034 0.756954074 76
21 53 -31.8180008 -72.1529999 0.953960478 76
23 34 -31.7989998 -71.7500000 0.770616055 76
35 47 -31.5720005 -72.0120010 0.802967191 76
38 57 -31.5079994 -72.2190018 0.859535277 76
57 10 -31.2059994 -71.2129974 0.884742260 76
59 7 -31.1720009 -71.1490021 0.800127268 76
65 1 -31.0680008 -71.0179977 0.766987801 76
67 34 -31.0060005 -71.7060013 0.520862639 76
67 63 -30.9799995 -72.3130035 0.852797270 76
68 49 -30.9750004 -72.0189972 0.676230073 76
84 69 -30.6679993 -72.4189987 0.860216856 76
91 59 -30.5520000 -72.2040024 0.937613428 76
93 30 -30.5410004 -71.5979996 0.994606495 76
95 54 -30.4839993 -72.0950012 0.711518943 76
98 59 -30.4260006 -72.1959991 0.923565805 76
106 42 -30.2970009 -71.8349991 0.974635422 76
6 20 -32.1170006 -71.4710007 0.777177989 77
17 48 -31.8950005 -72.0520020 0.808122098 77
18 5 -31.9120007 -71.1419983 0.578062296 77
18 15 -31.9050007 -71.3539963 0.886166751 77
20 27 -31.8589993 -71.6050034 0.763575435 77
20 71 -31.8190002 -72.5339966 0.872453034 77
21 53 -31.8180008 -72.1529999 0.920521617 77
24 50 -31.7670002 -72.0859985 0.841937363 77
38 57 -31.5079994 -72.2190018 0.840147734 77
47 16 -31.3810005 -71.3479996 0.716640830 77
49 45 -31.3209991 -71.9550018 0.655938804 77
57 10 -31.2059994 -71.2129974 1.00000000 77
65 1 -31.0680008 -71.0179977 0.849359751 77
67 34 -31.0060005 -71.7060013 0.512659431 77
70 23 -30.9610004 -71.4739990 0.930453897 77
84 27 -30.7059994 -71.5439987 0.854740322 77
86 49 -30.6509991 -72.0009995 0.790595293 77
93 30 -30.5410004 -71.5979996 0.694580138 77
95 54 -30.4839993 -72.0950012 0.843021929 77
115 20 -30.1529999 -71.3700027 0.753664076 77
1 54 -32.1780014 -72.1959991 0.839507878 78
6 17 -32.1189995 -71.4069977 0.787186682 78
8 32 -32.0709991 -71.7229996 0.822230041 78
17 48 -31.8950005 -72.0520020 0.668978393 78
18 15 -31.9050007 -71.3539963 1.00000000 78
18 45 -31.8799992 -71.9869995 0.842115343 78
20 71 -31.8190002 -72.5339966 0.902562678 78
24 50 -31.7670002 -72.0859985 0.895128131 78
42 14 -31.4729996 -71.3109970 0.601734579 78
47 16 -31.3810005 -71.3479996 0.950427055 78
49 45 -31.3209991 -71.9550018 0.600081503 78
51 48 -31.2819996 -72.0159988 0.717390835 78
69 39 -30.9659996 -71.8089981 0.869822681 78
70 23 -30.9610004 -71.4739990 0.847197473 78
84 27 -30.7059994 -71.5439987 0.821308792 78
86 49 -30.6509991 -72.0009995 0.808874905 78
97 26 -30.4720001 -71.5110016 0.837723255 78
106 8 -30.3239994 -71.1279984 0.828693509 78
106 56 -30.2840004 -72.1250000 0.801001966 78
115 20 -30.1529999 -71.3700027 0.826229632 78
1 54 -32.1780014 -72.1959991 0.804120898 79
6 17 -32.1189995 -71.4069977 0.907160461 79
8 32 -32.0709991 -71.7229996 0.747279704 79
18 45 -31.8799992 -71.9869995 0.694958210 79
30 13 -31.6900005 -71.3000031 0.812583029 79
35 4 -31.6070004 -71.1060028 0.825372577 79
42 14 -31.4729996 -71.3109970 0.797236562 79
51 48 -31.2819996 -72.0159988 0.775985420 79
60 44 -31.1240005 -71.9229965 0.809861839 79
66 36 -31.0230007 -71.7490005 0.754064739 79
67 44 -30.9979992 -71.9160004 0.973911285 79
69 39 -30.9659996 -71.8089981 1.00000000 79
79 25 -30.7980003 -71.5070038 0.767080069 79
87 58 -30.6250000 -72.1869965 0.770437181 79
92 53 -30.5389996 -72.0780029 0.798981428 79
94 19 -30.5319996 -71.3679962 0.820413709 79
97 26 -30.4720001 -71.5110016 0.810845852 79
106 8 -30.3239994 -71.1279984 0.869767666 79
106 56 -30.2840004 -72.1250000 0.885268927 79
109 32 -30.2509995 -71.6240005 0.971600950 79
2 31 -32.1800003 -71.7070007 0.779745996 80
8 22 -32.0789986 -71.5110016 0.826060951 80
27 26 -31.7339993 -71.5770035 0.795945883 80
30 13 -31.6900005 -71.3000031 0.846083522 80
35 4 -31.6070004 -71.1060028 0.768244326 80
37 22 -31.5569992 -71.4840012 0.862729311 80
54 56 -31.2210007 -72.1809998 0.843706787 80
60 44 -31.1240005 -71.9229965 0.783831835 80
66 36 -31.0230007 -71.7490005 0.939747334 80
67 44 -30.9979992 -71.9160004 0.776816010 80
73 16 -30.9130001 -71.3239975 0.819303572 80
79 25 -30.7980003 -71.5070038 0.773272693 80
82 8 -30.7570000 -71.1490021 1.00000000 80
87 58 -30.6250000 -72.1869965 0.870281637 80
92 53 -30.5389996 -72.0780029 0.754827976 80
94 19 -30.5319996 -71.3679962 0.755948961 80
106 14 -30.3199997 -71.2529984 0.732472003 80
109 32 -30.2509995 -71.6240005 0.796155334 80
116 67 -30.0939999 -72.3430023 0.743573844 80
118 42 -30.0799999 -71.8229980 0.745110929 80
1 38 -32.1920013 -71.8570023 0.426339269 81
2 31 -32.1800003 -71.7070007 0.816377461 81
2 36 -32.1759987 -71.8130035 0.645858943 81
8 22 -32.0789986 -71.5110016 0.964568734 81
27 26 -31.7339993 -71.5770035 0.856106400 81
37 22 -31.5569992 -71.4840012 0.782395244 81
44 21 -31.4319992 -71.4560013 0.831649899 81
52 34 -31.2770004 -71.7210007 0.864225626 81
54 32 -31.2420006 -71.6770020 0.878395498 81
54 56 -31.2210007 -72.1809998 0.825875759 81
65 56 -31.0230007 -72.1689987 0.815939605 81
73 16 -30.9130001 -71.3239975 0.779443979 81
75 4 -30.8859997 -71.0719986 0.850551784 81
81 23 -30.7630005 -71.4629974 0.824826479 81
82 8 -30.7570000 -71.1490021 0.997528017 81
91 23 -30.5830002 -71.4540024 0.886274934 81
103 43 -30.3500004 -71.8580017 0.894472539 81
106 14 -30.3199997 -71.2529984 0.798670411 81
116 67 -30.0939999 -72.3430023 0.782193840 81
118 42 -30.0799999 -71.8229980 0.861621797 81
1 38 -32.1920013 -71.8570023 0.470535338 82
2 36 -32.1759987 -71.8130035 0.383025527 82
18 52 -31.8729992 -72.1350021 0.850172222 82
28 16 -31.7240009 -71.3659973 0.876368582 82
44 21 -31.4319992 -71.4560013 0.758926272 82
49 32 -31.3320007 -71.6819992 0.601955771 82
52 34 -31.2770004 -71.7210007 1.00000000 82
54 32 -31.2420006 -71.6770020 0.708013475 82
55 11 -31.2409992 -71.2360001 0.610243917 82
65 56 -31.0230007 -72.1689987 0.652709901 82
75 4 -30.8859997 -71.0719986 0.707196891 82
77 24 -30.8339996 -71.4879990 0.727485418 82
81 23 -30.7630005 -71.4629974 0.699295223 82
84 5 -30.7229996 -71.0849991 0.707595527 82
87 67 -30.6159992 -72.3740005 0.726781905 82
91 23 -30.5830002 -71.4540024 0.825882971 82
92 10 -30.5750008 -71.1819992 0.938237131 82
101 29 -30.3980007 -71.5690002 0.697484910 82
103 43 -30.3500004 -71.8580017 0.776928604 82
114 58 -30.1380005 -72.1579971 0.809982717 82
17 14 -31.9239998 -71.3330002 0.772933364 83
18 52 -31.8729992 -72.1350021 0.850524783 83
19 15 -31.8869991 -71.3529968 0.797159135 83
22 22 -31.8269997 -71.4980011 0.677509308 83
28 14 -31.7250004 -71.3229980 0.681793094 83
28 16 -31.7240009 -71.3659973 0.733176589 83
31 7 -31.6770000 -71.1729965 0.639387608 83
49 32 -31.3320007 -71.6819992 0.471070677 83
50 33 -31.3139992 -71.7020035 0.514192283 83
55 11 -31.2409992 -71.2360001 0.829042614 83
64 5 -31.0830002 -71.1019974 0.664941072 83
77 24 -30.8339996 -71.4879990 0.740007877 83
84 5 -30.7229996 -71.0849991 0.758792400 83
87 67 -30.6159992 -72.3740005 0.660559595 83
92 10 -30.5750008 -71.1819992 0.874181807 83
96 20 -30.4950008 -71.3870010 1.00000000 83
98 51 -30.4330006 -72.0299988 0.753736556 83
101 29 -30.3980007 -71.5690002 0.751246154 83
114 58 -30.1380005 -72.1579971 0.818500221 83
116 59 -30.1009998 -72.1770020 0.834642172 83
13 23 -31.9880009 -71.5270004 0.652318656 84
17 14 -31.9239998 -71.3330002 0.700532317 84
19 15 -31.8869991 -71.3529968 0.764860630 84
22 22 -31.8269997 -71.4980011 0.728250802 84
28 14 -31.7250004 -71.3229980 0.473434150 84
31 7 -31.6770000 -71.1729965 0.761938095 84
36 6 -31.5869999 -71.1480026 0.720988810 84
50 33 -31.3139992 -71.7020035 0.557153583 84
64 5 -31.0830002 -71.1019974 0.773419559 84
66 3 -31.0489998 -71.0589981 1.00000000 84
67 36 -31.0049992 -71.7480011 0.763748944 84
73 22 -30.9080009 -71.4499969 0.693525374 84
74 19 -30.8920002 -71.3860016 0.662097275 84
84 65 -30.6720009 -72.3359985 0.804672897 84
87 38 -30.6429996 -71.7699966 0.830621541 84
94 16 -30.5340004 -71.3050003 0.652379096 84
96 20 -30.4950008 -71.3870010 0.855179012 84
98 51 -30.4330006 -72.0299988 0.901911259 84
101 63 -30.3680000 -72.2760010 0.712273836 84
116 59 -30.1009998 -72.1770020 0.793046415 84
13 23 -31.9880009 -71.5270004 0.748437941 85
16 45 -31.9160004 -71.9889984 0.630124152 85
18 30 -31.8929996 -71.6699982 0.781030715 85
26 31 -31.7479992 -71.6839981 0.836112499 85
27 43 -31.7189999 -71.9359970 0.812047720 85
36 6 -31.5869999 -71.1480026 0.648187637 85
49 58 -31.3090000 -72.2279968 0.607915282 85
64 12 -31.0779991 -71.2490005 0.589992821 85
66 3 -31.0489998 -71.0589981 0.888099194 85
67 36 -31.0049992 -71.7480011 0.670695662 85
73 22 -30.9080009 -71.4499969 0.855738699 85
74 19 -30.8920002 -71.3860016 0.536626995 85
74 26 -30.8869991 -71.5329971 0.822642684 85
79 20 -30.8020000 -71.4029999 0.801772296 85
84 65 -30.6720009 -72.3359985 0.691453993 85
87 38 -30.6429996 -71.7699966 0.740811050 85
94 16 -30.5340004 -71.3050003 0.773039877 85
101 63 -30.3680000 -72.2760010 0.706811130 85
102 21 -30.3859997 -71.4020004 0.829496443 85
117 22 -30.1149998 -71.4089966 0.687433660 85
1 49 -32.1819992 -72.0899963 0.795363724 86
16 45 -31.9160004 -71.9889984 0.900382996 86
18 30 -31.8929996 -71.6699982 0.847307146 86
23 6 -31.8220005 -71.1589966 0.671163797 86
26 31 -31.7479992 -71.6839981 0.914932668 86
27 43 -31.7189999 -71.9359970 0.851863623 86
30 64 -31.6459999 -72.3750000 0.896037877 86
39 50 -31.4969997 -72.0709991 1.00000000 86
49 58 -31.3090000 -72.2279968 0.812113106 86
64 12 -31.0779991 -71.2490005 0.575339019 86
64 54 -31.0429993 -72.1279984 0.862363815 86
66 7 -31.0459995 -71.1419983 0.824366271 86
74 26 -30.8869991 -71.5329971 0.855710387 86
79 20 -30.8020000 -71.4029999 0.888372421 86
86 66 -30.6350002 -72.3550034 0.838192344 86
102 21 -30.3859997 -71.4020004 0.702977180 86
105 3 -30.3460007 -71.0250015 0.908481658 86
107 21 -30.2959995 -71.3980026 0.846119344 86
117 22 -30.1149998 -71.4089966 0.813182592 86
121 65 -30.0060005 -72.2959976 0.759899676 86
1 49 -32.1819992 -72.0899963 0.755271494 87
11 38 -32.0120010 -71.8470001 0.830442429 87
19 56 -31.8519993 -72.2180023 0.972664833 87
21 33 -31.8360004 -71.7310028 0.760744512 87
23 6 -31.8220005 -71.1589966 0.763514161 87
30 64 -31.6459999 -72.3750000 0.926274240 87
39 50 -31.4969997 -72.0709991 0.900483072 87
52 63 -31.2509995 -72.3290024 0.842717707 87
55 53 -31.2059994 -72.1169968 0.999242365 87
64 54 -31.0429993 -72.1279984 0.851475775 87
66 7 -31.0459995 -71.1419983 0.779322863 87
72 68 -30.8859997 -72.4120026 0.735176086 87
83 64 -30.6910000 -72.3160019 0.839487314 87
86 66 -30.6350002 -72.3550034 0.820999265 87
92 9 -30.5760002 -71.1610031 0.786302447 87
105 3 -30.3460007 -71.0250015 1.00000000 87
107 21 -30.2959995 -71.3980026 0.966909289 87
114 60 -30.1359997 -72.1999969 0.778179944 87
118 60 -30.0639992 -72.1959991 0.828502238 87
121 65 -30.0060005 -72.2959976 0.795616806 87
1 34 -32.1959991 -71.7720032 0.904326975 88
11 38 -32.0120010 -71.8470001 1.00000000 88
17 59 -31.8850002 -72.2839966 0.672791779 88
19 56 -31.8519993 -72.2180023 0.679106891 88
21 33 -31.8360004 -71.7310028 0.811767280 88
26 40 -31.7399998 -71.8730011 0.714993656 88
28 17 -31.7229996 -71.3870010 0.961133182 88
31 19 -31.6669998 -71.4260025 0.915371060 88
52 63 -31.2509995 -72.3290024 0.812535942 88
55 53 -31.2059994 -72.1169968 0.854195058 88
60 23 -31.1420002 -71.4830017 0.765788019 88
72 68 -30.8859997 -72.4120026 0.887821555 88
83 64 -30.6910000 -72.3160019 0.911760986 88
85 34 -30.6819992 -71.6890030 0.952958107 88
92 9 -30.5760002 -71.1610031 0.795803249 88
109 3 -30.2740002 -71.0220032 0.863402128 88
110 69 -30.2000008 -72.3909988 0.765659511 88
114 60 -30.1359997 -72.1999969 0.776768386 88
118 53 -30.0709991 -72.0510025 0.650471389 88
118 60 -30.0639992 -72.1959991 0.813568294 88
1 34 -32.1959991 -71.7720032 0.837799907 89
14 41 -31.9549999 -71.9069977 0.785119951 89
14 49 -31.9480000 -72.0759964 0.831869006 89
17 59 -31.8850002 -72.2839966 0.887857676 89
26 40 -31.7399998 -71.8730011 0.781969905 89
28 17 -31.7229996 -71.3870010 0.967656493 89
31 19 -31.6669998 -71.4260025 0.863353610 89
34 32 -31.6030006 -71.6969986 0.960042477 89
41 32 -31.4769993 -71.6900024 1.00000000 89
60 23 -31.1420002 -71.4830017 0.852788687 89
75 46 -30.8519993 -71.9489975 0.865827322 89
84 23 -30.7089996 -71.4599991 0.720603466 89
85 34 -30.6819992 -71.6890030 0.875657916 89
94 7 -30.5410004 -71.1179962 0.813056171 89
100 15 -30.4270000 -71.2789993 0.738684773 89
109 3 -30.2740002 -71.0220032 0.781821012 89
110 69 -30.2000008 -72.3909988 0.833727479 89
117 27 -30.1110001 -71.5130005 0.673865616 89
118 10 -30.1060009 -71.1600037 0.702746570 89
118 53 -30.0709991 -72.0510025 0.739052773 89
14 41 -31.9549999 -71.9069977 0.964147508 90
14 49 -31.9480000 -72.0759964 0.883251846 90
16 3 -31.9500008 -71.1019974 0.889942825 90
16 58 -31.9039993 -72.2639999 0.821490407 90
20 34 -31.8530006 -71.7529984 0.903520226 90
29 11 -31.7099991 -71.2590027 0.876416743 90
34 32 -31.6030006 -71.6969986 0.908887625 90
41 32 -31.4769993 -71.6900024 0.902689099 90
45 47 -31.3910007 -72.0009995 0.867854178 90
45 70 -31.3700008 -72.4840012 0.756972909 90
75 46 -30.8519993 -71.9489975 0.775399208 90
84 23 -30.7089996 -71.4599991 0.744642794 90
94 7 -30.5410004 -71.1179962 0.749584496 90
100 15 -30.4270000 -71.2789993 0.730673790 90
102 68 -30.3449993 -72.3789978 0.838562906 90
113 30 -30.1809998 -71.5790024 0.936235726 90
117 27 -30.1110001 -71.5130005 0.772210181 90
118 10 -30.1060009 -71.1600037 0.727796614 90
119 28 -30.0739994 -71.5319977 1.00000000 90
120 59 -30.0289993 -72.1729965 0.919957399 90
16 3 -31.9500008 -71.1019974 0.888328731 91
16 58 -31.9039993 -72.2639999 0.625089169 91
20 34 -31.8530006 -71.7529984 0.947107494 91
29 11 -31.7099991 -71.2590027 0.901811898 91
45 47 -31.3910007 -72.0009995 0.924213946 91
45 70 -31.3700008 -72.4840012 0.658981562 91
59 66 -31.1219997 -72.3850021 0.818145096 91
65 14 -31.0590000 -71.2900009 1.00000000 91
78 41 -30.8020000 -71.8420029 0.844700277 91
81 17 -30.7679996 -71.3379974 0.984684408 91
85 29 -30.6860008 -71.5849991 0.908694863 91
89 19 -30.6219997 -71.3720016 0.903149068 91
91 34 -30.5739994 -71.6829987 0.910032630 91
102 68 -30.3449993 -72.3789978 0.941875875 91
107 25 -30.2929993 -71.4810028 0.894032657 91
113 30 -30.1809998 -71.5790024 0.975894392 91
116 3 -30.1480007 -71.0159988 0.805283189 91
116 53 -30.1070004 -72.0530014 0.883412182 91
119 28 -30.0739994 -71.5319977 0.853113055 91
120 59 -30.0289993 -72.1729965 0.867065668 91
1 34 -32.1959991 -71.7720032 0.900649309 92
7 54 -32.0699997 -72.1890030 0.534642994 92
22 28 -31.8220005 -71.6240005 0.784399927 92
28 21 -31.7199993 -71.4710007 0.811049223 92
51 2 -31.3199997 -71.0510025 0.738711119 92
59 66 -31.1219997 -72.3850021 0.839180827 92
65 14 -31.0590000 -71.2900009 0.614043713 92
71 16 -30.9489994 -71.3259964 0.853740692 92
76 5 -30.8670006 -71.0920029 0.628055692 92
78 41 -30.8020000 -71.8420029 1.00000000 92
81 17 -30.7679996 -71.3379974 0.753938675 92
81 39 -30.7500000 -71.7969971 0.923276603 92
85 29 -30.6860008 -71.5849991 0.655425012 92
89 19 -30.6219997 -71.3720016 0.866134346 92
91 17 -30.5879993 -71.3290024 0.867954254 92
91 34 -30.5739994 -71.6829987 0.843960643 92
100 59 -30.3899994 -72.1940002 0.578294933 92
107 25 -30.2929993 -71.4810028 0.725500047 92
116 3 -30.1480007 -71.0159988 0.755543888 92
116 53 -30.1070004 -72.0530014 0.767750263 92
1 34 -32.1959991 -71.7720032 1.00000000 93
7 54 -32.0699997 -72.1890030 0.819177389 93
8 4 -32.0929985 -71.1299973 0.849182010 93
21 42 -31.8279991 -71.9209976 0.613214254 93
22 28 -31.8220005 -71.6240005 0.761340618 93
23 17 -31.8129997 -71.3909988 0.765263855 93
27 41 -31.7210007 -71.8939972 0.678379357 93
28 21 -31.7199993 -71.4710007 0.935809851 93
29 13 -31.7080002 -71.3010025 0.736328006 93
35 3 -31.6079998 -71.0849991 0.685957611 93
35 52 -31.5669994 -72.1169968 0.756588578 93
51 2 -31.3199997 -71.0510025 0.997414470 93
71 16 -30.9489994 -71.3259964 0.920255959 93
76 5 -30.8670006 -71.0920029 0.709893405 93
81 39 -30.7500000 -71.7969971 0.810099721 93
82 5 -30.7590008 -71.0869980 0.694463670 93
91 17 -30.5879993 -71.3290024 0.917741597 93
100 59 -30.3899994 -72.1940002 0.804456353 93
106 11 -30.3220005 -71.1910019 0.780581892 93
116 37 -30.1210003 -71.7210007 0.899090171 93
8 4 -32.0929985 -71.1299973 0.777100801 94
9 17 -32.0649986 -71.4039993 0.787573457 94
13 43 -31.9720001 -71.9499969 0.765810430 94
17 60 -31.8840008 -72.3050003 0.522468805 94
21 42 -31.8279991 -71.9209976 0.712499261 94
23 17 -31.8129997 -71.3909988 0.602411389 94
27 41 -31.7210007 -71.8939972 0.564280868 94
29 13 -31.7080002 -71.3010025 0.563296616 94
29 68 -31.6599998 -72.4599991 1.00000000 94
35 3 -31.6079998 -71.0849991 0.723678648 94
35 52 -31.5669994 -72.1169968 0.604523182 94
41 29 -31.4790001 -71.6269989 0.638398945 94
52 65 -31.2490005 -72.3710022 0.991655171 94
60 55 -31.1140003 -72.1529999 0.890344739 94
82 5 -30.7590008 -71.0869980 0.577818692 94
85 56 -30.6630001 -72.1470032 0.737197459 94
90 29 -30.5960007 -71.5800018 0.609321177 94
106 11 -30.3220005 -71.1910019 0.751367033 94
114 33 -30.1599998 -71.6399994 0.769406140 94
116 37 -30.1210003 -71.7210007 0.766304076 94
9 17 -32.0649986 -71.4039993 0.815068722 95
13 43 -31.9720001 -71.9499969 0.763951480 95
16 27 -31.9309998 -71.6090012 0.758746147 95
17 60 -31.8840008 -72.3050003 0.575789034 95
29 68 -31.6599998 -72.4599991 0.936955035 95
41 29 -31.4790001 -71.6269989 0.755782008 95
50 12 -31.3299999 -71.2610016 0.657722533 95
52 65 -31.2490005 -72.3710022 0.857466340 95
55 64 -31.1959991 -72.3470001 0.786103368 95
60 55 -31.1140003 -72.1529999 0.810537696 95
66 47 -31.0130005 -71.9789963 0.818417013 95
72 22 -30.9260006 -71.4509964 0.752180517 95
83 16 -30.7329998 -71.3150024 0.763365448 95
85 56 -30.6630001 -72.1470032 0.897034168 95
90 29 -30.5960007 -71.5800018 0.837379038 95
93 68 -30.5070000 -72.3889999 0.697452843 95
101 48 -30.3820000 -71.9639969 0.849624097 95
113 69 -30.1459999 -72.3870010 0.755169809 95
114 33 -30.1599998 -71.6399994 0.795000672 95
121 56 -30.0139999 -72.1100006 0.751783371 95
15 3 -31.9680004 -71.1029968 0.819567084 96
16 27 -31.9309998 -71.6090012 0.822508156 96
17 60 -31.8840008 -72.3050003 0.894730151 96
20 66 -31.8239994 -72.4280014 0.951647997 96
23 26 -31.8059998 -71.5810013 0.833593011 96
30 17 -31.6870003 -71.3850021 0.896176815 96
44 46 -31.4099998 -71.9810028 0.903208494 96
50 12 -31.3299999 -71.2610016 0.895361662 96
50 55 -31.2940006 -72.1640015 1.00000000 96
55 64 -31.1959991 -72.3470001 0.531468391 96
66 47 -31.0130005 -71.9789963 0.914571583 96
72 22 -30.9260006 -71.4509964 0.939795136 96
75 9 -30.8820000 -71.1760025 0.961763322 96
77 35 -30.8250008 -71.7180023 0.898969948 96
83 2 -30.7430000 -71.0230026 0.792536616 96
83 16 -30.7329998 -71.3150024 0.945980787 96
93 68 -30.5070000 -72.3889999 0.931561947 96
101 48 -30.3820000 -71.9639969 0.990785539 96
113 69 -30.1459999 -72.3870010 0.930275857 96
121 56 -30.0139999 -72.1100006 0.898706079 96
5 42 -32.1170006 -71.9369965 0.823366642 97
15 3 -31.9680004 -71.1029968 0.894186854 97
15 34 -31.9430008 -71.7580032 0.678060055 97
16 15 -31.9410000 -71.3560028 0.841916561 97
17 60 -31.8840008 -72.3050003 0.793133736 97
18 43 -31.8810005 -71.9449997 0.800183058 97
20 66 -31.8239994 -72.4280014 1.00000000 97
23 26 -31.8059998 -71.5810013 0.805535555 97
30 17 -31.6870003 -71.3850021 0.873988032 97
30 58 -31.6520004 -72.2480011 0.589133024 97
35 13 -31.6000004 -71.2959976 0.875264883 97
44 46 -31.4099998 -71.9810028 0.625479758 97
50 55 -31.2940006 -72.1640015 0.766819358 97
60 67 -31.1030006 -72.4039993 0.810898423 97
75 9 -30.8820000 -71.1760025 0.838014483 97
77 35 -30.8250008 -71.7180023 0.815188050 97
83 2 -30.7430000 -71.0230026 0.694888651 97
87 24 -30.6539993 -71.4789963 0.729804754 97
99 8 -30.4500008 -71.1350021 0.748875380 97
119 11 -30.0879993 -71.1790009 0.742738187 97
5 42 -32.1170006 -71.9369965 0.660658777 98
15 34 -31.9430008 -71.7580032 0.557100117 98
16 15 -31.9410000 -71.3560028 0.919379413 98
18 43 -31.8810005 -71.9449997 0.714723587 98
29 23 -31.7000008 -71.5120010 0.730710566 98
30 58 -31.6520004 -72.2480011 0.711092472 98
35 13 -31.6000004 -71.2959976 0.890783012 98
36 37 -31.5620003 -71.8000031 0.719544888 98
42 14 -31.4729996 -71.3109970 1.00000000 98
53 67 -31.2290001 -72.4120026 0.837487161 98
55 57 -31.2019997 -72.1999969 0.675739288 98
60 67 -31.1030006 -72.4039993 0.862865925 98
61 27 -31.1200008 -71.5660019 0.795612872 98
68 54 -30.9710007 -72.1240005 0.562946260 98
74 23 -30.8889999 -71.4700012 0.863090813 98
87 24 -30.6539993 -71.4789963 0.843484402 98
87 29 -30.6499996 -71.5830002 0.808367550 98
94 9 -30.5400009 -71.1600037 0.615616202 98
99 8 -30.4500008 -71.1350021 0.591215253 98
119 11 -30.0879993 -71.1790009 0.709700286 98
8 4 -32.0929985 -71.1299973 0.961838007 99
23 63 -31.7730007 -72.3619995 0.754638016 99
25 27 -31.7689991 -71.5999985 0.834082007 99
29 23 -31.7000008 -71.5120010 0.673997283 99
36 37 -31.5620003 -71.8000031 0.781028807 99
42 14 -31.4729996 -71.3109970 0.928363919 99
45 37 -31.3999996 -71.7910004 0.804906487 99
48 4 -31.3729992 -71.0950012 0.939986944 99
53 33 -31.2590008 -71.6989975 0.851416290 99
53 58 -31.2369995 -72.2239990 0.718795598 99
53 67 -31.2290001 -72.4120026 0.973266125 99
54 59 -31.2180004 -72.2429962 0.515562117 99
55 57 -31.2019997 -72.1999969 0.496673554 99
55 59 -31.2000008 -72.2419968 0.522758007 99
61 27 -31.1200008 -71.5660019 0.929404855 99
68 54 -30.9710007 -72.1240005 0.551093638 99
74 23 -30.8889999 -71.4700012 0.909252405 99
84 11 -30.7180004 -71.2099991 0.812554955 99
87 29 -30.6499996 -71.5830002 0.598874271 99
94 9 -30.5400009 -71.1600037 0.828890204 99
7 71 -32.0530014 -72.5490036 0.787937820 100
8 4 -32.0929985 -71.1299973 0.868802667 100
8 44 -32.0610008 -71.9759979 0.683058918 100
11 30 -32.0190010 -71.6770020 0.611992419 100
13 27 -31.9850006 -71.6119995 0.426748693 100
23 63 -31.7730007 -72.3619995 0.451094329 100
25 27 -31.7689991 -71.5999985 0.732685089 100
30 58 -31.6520004 -72.2480011 0.302285671 100
31 59 -31.6329994 -72.2679977 0.320653319 100
45 37 -31.3999996 -71.7910004 0.669003308 100
48 4 -31.3729992 -71.0950012 0.655858636 100
49 62 -31.3059998 -72.3119965 0.987404466 100
53 33 -31.2590008 -71.6989975 0.702201545 100
53 58 -31.2369995 -72.2239990 0.752664864 100
54 59 -31.2180004 -72.2429962 0.896856606 100
55 59 -31.2000008 -72.2419968 0.924053907 100
63 62 -31.0529995 -72.2959976 0.661626935 100
78 53 -30.7919998 -72.0920029 0.565400839 100
84 11 -30.7180004 -71.2099991 0.641632974 100
110 52 -30.2159996 -72.0380020 0.658902168 100
