          16          58  -31.9039993      -72.2639999      0.912959576    
          22          48  -31.8050003      -72.0459976      0.955233335    
          32          55  -31.6180000      -72.1829987      0.924162567    
          36          12  -31.5830002      -71.2740021      0.762011588    
          44          29  -31.4249992      -71.6240005      0.988062441    
          44          49  -31.4080009      -72.0439987      0.995758772    
          47          32  -31.3680000      -71.6839981      0.997519314    
          49          64  -31.3040009      -72.3539963      0.943762898    
          66          71  -30.9909992      -72.4810028      0.909580231    
          68          48  -30.9759998      -71.9980011      0.764477849    
          75          48  -30.8500004      -71.9909973      0.947740853    
          77          49  -30.8129997      -72.0100021      0.944424152    
          78          39  -30.8040009      -71.8000031      0.911631525    
          87          40  -30.6410007      -71.8119965      0.903600574    
         102          67  -30.3460007      -72.3580017      0.906232655    
         103           1  -30.3829994      -70.9860001      0.776642621    
         110          42  -30.2250004      -71.8310013      0.957339823    
         113          38  -30.1739998      -71.7450027      0.938283920    
         116          14  -30.1389999      -71.2440033      0.982710719    
         118          40  -30.0820007      -71.7809982      0.908266723    
