           2          36  -32.1759987      -71.8130035      0.958049655    
           3          57  -32.1389999      -72.2570038      0.825908303    
          23          17  -31.8129997      -71.3909988      0.490920365    
          23          59  -31.7770004      -72.2770004      0.949866056    
          25          21  -31.7740002      -71.4739990      0.827177823    
          25          59  -31.7409992      -72.2750015      0.872485340    
          32          40  -31.6320000      -71.8669968      0.726525784    
          33          42  -31.6119995      -71.9079971      0.836832285    
          44          35  -31.4200001      -71.7500000      0.839965999    
          45          62  -31.3780003      -72.3160019      0.860437810    
          60          66  -31.1040001      -72.3830032      0.706215262    
          63          15  -31.0939999      -71.3130035      0.808860958    
          83          43  -30.7099991      -71.8779984      0.773912489    
         106          59  -30.2819996      -72.1880035      0.729410708    
         108           4  -30.2910004      -71.0439987      0.823136687    
         108          42  -30.2609997      -71.8330002      0.928222477    
         114          61  -30.1359997      -72.2210007      0.776798308    
         119          16  -30.0839996      -71.2829971      0.742313743    
         119          68  -30.0389996      -72.3600006      0.881171703    
         120          51  -30.0370007      -72.0070038      0.636724830    
