           1          34  -32.1959991      -71.7720032      0.837799907    
          14          41  -31.9549999      -71.9069977      0.785119951    
          14          49  -31.9480000      -72.0759964      0.831869006    
          17          59  -31.8850002      -72.2839966      0.887857676    
          26          40  -31.7399998      -71.8730011      0.781969905    
          28          17  -31.7229996      -71.3870010      0.967656493    
          31          19  -31.6669998      -71.4260025      0.863353610    
          34          32  -31.6030006      -71.6969986      0.960042477    
          41          32  -31.4769993      -71.6900024       1.00000000    
          60          23  -31.1420002      -71.4830017      0.852788687    
          75          46  -30.8519993      -71.9489975      0.865827322    
          84          23  -30.7089996      -71.4599991      0.720603466    
          85          34  -30.6819992      -71.6890030      0.875657916    
          94           7  -30.5410004      -71.1179962      0.813056171    
         100          15  -30.4270000      -71.2789993      0.738684773    
         109           3  -30.2740002      -71.0220032      0.781821012    
         110          69  -30.2000008      -72.3909988      0.833727479    
         117          27  -30.1110001      -71.5130005      0.673865616    
         118          10  -30.1060009      -71.1600037      0.702746570    
         118          53  -30.0709991      -72.0510025      0.739052773    
