           8          20  -32.0810013      -71.4690018      0.971543610    
          15          28  -31.9480000      -71.6309967      0.643433154    
          23          36  -31.7970009      -71.7919998      0.673390329    
          26          23  -31.7539997      -71.5149994      0.930076778    
          30          34  -31.6730003      -71.7429962      0.795498550    
          31          14  -31.6709995      -71.3209991      0.754389763    
          45          31  -31.4050007      -71.6650009      0.942388058    
          48          35  -31.3479996      -71.7460022      0.899115920    
          53          20  -31.2700005      -71.4270020      0.924972177    
          54          16  -31.2549992      -71.3420029       1.00000000    
          60          48  -31.1200008      -72.0070038      0.678822279    
          62          53  -31.0799999      -72.1090012      0.829313219    
          80          14  -30.7880001      -71.2760010      0.753902256    
          85          21  -30.6930008      -71.4179993      0.821702659    
          94          42  -30.5130005      -71.8470001      0.787730098    
          99          49  -30.4169998      -71.9869995      0.740299046    
         103          34  -30.3579998      -71.6709976      0.836565018    
         106          12  -30.3209991      -71.2119980      0.674769342    
         111          24  -30.2220001      -71.4560013      0.785746872    
         121          12  -30.0510006      -71.1979980      0.832072556    
