          27           2  -31.7530003      -71.0709991      0.618189275    
          32          27  -31.6429996      -71.5940018      0.725610614    
          44          55  -31.4020004      -72.1699982      0.727172077    
          50          47  -31.3010006      -71.9960022      0.656677008    
          56          69  -31.1730003      -72.4509964      0.706551015    
          57           6  -31.2089996      -71.1289978      0.669651210    
          58          31  -31.1709995      -71.6520004      0.723764241    
          64          42  -31.0540009      -71.8769989      0.707161248    
          81          49  -30.7409992      -72.0059967      0.611386716    
          84          63  -30.6739998      -72.2939987      0.829726338    
          85          67  -30.6520004      -72.3769989       1.00000000    
          89           4  -30.6340008      -71.0599976      0.738168001    
          89          58  -30.5890007      -72.1849976      0.579913437    
          91          39  -30.5699997      -71.7870026      0.644165695    
          92          37  -30.5529995      -71.7450027      0.615814745    
          98          64  -30.4209995      -72.3000031      0.758462131    
         102          13  -30.3920002      -71.2360001      0.656269550    
         104          23  -30.3490009      -71.4420013      0.614803851    
         110          46  -30.2210007      -71.9140015      0.824211299    
         114          51  -30.1450005      -72.0130005      0.734595001    
