           5          42  -32.1170006      -71.9369965      0.660658777    
          15          34  -31.9430008      -71.7580032      0.557100117    
          16          15  -31.9410000      -71.3560028      0.919379413    
          18          43  -31.8810005      -71.9449997      0.714723587    
          29          23  -31.7000008      -71.5120010      0.730710566    
          30          58  -31.6520004      -72.2480011      0.711092472    
          35          13  -31.6000004      -71.2959976      0.890783012    
          36          37  -31.5620003      -71.8000031      0.719544888    
          42          14  -31.4729996      -71.3109970       1.00000000    
          53          67  -31.2290001      -72.4120026      0.837487161    
          55          57  -31.2019997      -72.1999969      0.675739288    
          60          67  -31.1030006      -72.4039993      0.862865925    
          61          27  -31.1200008      -71.5660019      0.795612872    
          68          54  -30.9710007      -72.1240005      0.562946260    
          74          23  -30.8889999      -71.4700012      0.863090813    
          87          24  -30.6539993      -71.4789963      0.843484402    
          87          29  -30.6499996      -71.5830002      0.808367550    
          94           9  -30.5400009      -71.1600037      0.615616202    
          99           8  -30.4500008      -71.1350021      0.591215253    
         119          11  -30.0879993      -71.1790009      0.709700286    
