           9          29  -32.0559998      -71.6579971      0.802052140    
          15          29  -31.9480000      -71.6520004      0.999481142    
          17          40  -31.9020004      -71.8830032       1.00000000    
          28          68  -31.6779995      -72.4609985      0.767243028    
          38          41  -31.5230007      -71.8820038      0.799872279    
          42          63  -31.4309998      -72.3399963      0.761598885    
          46          56  -31.3649998      -72.1890030      0.986213088    
          52           7  -31.2980003      -71.1549988      0.727231324    
          59          46  -31.1399994      -71.9660034      0.875769496    
          68          71  -30.9549999      -72.4789963      0.660155118    
          69          52  -30.9549999      -72.0810013      0.650321364    
          75          15  -30.8780003      -71.3020020      0.725665629    
          75          45  -30.8530006      -71.9280014      0.929915369    
          77          51  -30.8110008      -72.0520020      0.751009226    
          81          37  -30.7520008      -71.7549973      0.874087274    
          90          67  -30.5620003      -72.3710022      0.522087574    
          91          63  -30.5480003      -72.2870026      0.580473483    
         105          56  -30.3020000      -72.1259995      0.930492461    
         109          47  -30.2380009      -71.9349976      0.888806701    
         120           4  -30.0750008      -71.0339966      0.822856724    
