           7          14  -32.1040001      -71.3430023      0.677792072    
           8          20  -32.0810013      -71.4690018      0.850918591    
          26          23  -31.7539997      -71.5149994      0.721561372    
          38          26  -31.5359993      -71.5670013      0.771829128    
          50          28  -31.3180008      -71.5970001      0.702262700    
          52          22  -31.2870007      -71.4690018      0.821686924    
          53          19  -31.2709999      -71.4059982      0.995266795    
          53          20  -31.2700005      -71.4270020       1.00000000    
          54          16  -31.2549992      -71.3420029      0.838773847    
          60          48  -31.1200008      -72.0070038      0.573367774    
          62          53  -31.0799999      -72.1090012      0.760004938    
          85          21  -30.6930008      -71.4179993      0.645981729    
          89          25  -30.6170006      -71.4980011      0.662150919    
          94          42  -30.5130005      -71.8470001      0.639066517    
          99          31  -30.4319992      -71.6129990      0.717585504    
         102          32  -30.3770008      -71.6309967      0.486320198    
         103          34  -30.3579998      -71.6709976      0.374547362    
         105          64  -30.2950001      -72.2919998      0.678928137    
         106          56  -30.2840004      -72.1250000      0.546475589    
         111          24  -30.2220001      -71.4560013      0.648833394    
