           6          42  -32.0979996      -71.9359970       1.00000000    
          23          28  -31.8040009      -71.6230011      0.799335897    
          24          57  -31.7609997      -72.2340012      0.920936644    
          26          21  -31.7560005      -71.4729996      0.866782248    
          27          48  -31.7150002      -72.0410004      0.769237220    
          28          17  -31.7229996      -71.3870010      0.946574450    
          40          43  -31.4850006      -71.9219971      0.744021416    
          51          21  -31.3050003      -71.4489975      0.921905577    
          57          46  -31.1760006      -71.9680023      0.885039032    
          60          40  -31.1270008      -71.8389969      0.704382002    
          61          27  -31.1200008      -71.5660019      0.942307472    
          72          22  -30.9260006      -71.4509964      0.881235719    
          89          47  -30.5990009      -71.9560013      0.814687133    
          92          57  -30.5359993      -72.1610031      0.808270395    
          97          17  -30.4799995      -71.3239975      0.981079042    
          98           5  -30.4710007      -71.0729980      0.860210955    
         105          63  -30.2959995      -72.2720032      0.730137229    
         110          12  -30.2490005      -71.2080002      0.730288923    
         110          47  -30.2199993      -71.9339981      0.630885720    
         120          59  -30.0289993      -72.1729965      0.728267372    
