           3          69  -32.1269989      -72.5110016      0.900311291    
          10          14  -32.0499992      -71.3399963      0.905687034    
          16          70  -31.8920002      -72.5169983      0.879623652    
          25          35  -31.7619991      -71.7689972      0.896008551    
          30          13  -31.6900005      -71.3000031      0.828426719    
          32          25  -31.6450005      -71.5510025       1.00000000    
          35          23  -31.5919991      -71.5059967      0.845538676    
          35          54  -31.5650005      -72.1589966      0.748614788    
          35          68  -31.5520000      -72.4530029      0.855808020    
          41          70  -31.4419994      -72.4889984      0.952650547    
          60          21  -31.1429996      -71.4410019      0.897322714    
          76          54  -30.8269997      -72.1149979      0.832520247    
          86          56  -30.6450005      -72.1460037      0.762473166    
          86          56  -30.6450005      -72.1460037      0.762473166    
          90          44  -30.5830002      -71.8919983      0.725563228    
         100          68  -30.3810005      -72.3809967      0.727584481    
         102          23  -30.3850002      -71.4440002      0.897208035    
         106          45  -30.2940006      -71.8970032      0.808414280    
         112          14  -30.2110004      -71.2480011      0.764468193    
         119          14  -30.0849991      -71.2419968      0.773168921    
