           6          20  -32.1170006      -71.4710007      0.777177989    
          17          48  -31.8950005      -72.0520020      0.808122098    
          18           5  -31.9120007      -71.1419983      0.578062296    
          18          15  -31.9050007      -71.3539963      0.886166751    
          20          27  -31.8589993      -71.6050034      0.763575435    
          20          71  -31.8190002      -72.5339966      0.872453034    
          21          53  -31.8180008      -72.1529999      0.920521617    
          24          50  -31.7670002      -72.0859985      0.841937363    
          38          57  -31.5079994      -72.2190018      0.840147734    
          47          16  -31.3810005      -71.3479996      0.716640830    
          49          45  -31.3209991      -71.9550018      0.655938804    
          57          10  -31.2059994      -71.2129974       1.00000000    
          65           1  -31.0680008      -71.0179977      0.849359751    
          67          34  -31.0060005      -71.7060013      0.512659431    
          70          23  -30.9610004      -71.4739990      0.930453897    
          84          27  -30.7059994      -71.5439987      0.854740322    
          86          49  -30.6509991      -72.0009995      0.790595293    
          93          30  -30.5410004      -71.5979996      0.694580138    
          95          54  -30.4839993      -72.0950012      0.843021929    
         115          20  -30.1529999      -71.3700027      0.753664076    
