          21          14  -31.8519993      -71.3300018      0.740182340    
          28          68  -31.6779995      -72.4609985      0.637568474    
          34          70  -31.5680008      -72.4970016      0.553185344    
          37          61  -31.5230007      -72.3040009      0.977768481    
          42          63  -31.4309998      -72.3399963      0.649976194    
          46          56  -31.3649998      -72.1890030      0.972097933    
          48          44  -31.3400002      -71.9349976      0.655770540    
          54          68  -31.2099991      -72.4319992      0.769829869    
          56           9  -31.2250004      -71.1930008      0.712968171    
          56          37  -31.2019997      -71.7799988      0.691495955    
          59          46  -31.1399994      -71.9660034      0.635127008    
          68          71  -30.9549999      -72.4789963      0.599765837    
          69          52  -30.9549999      -72.0810013      0.595736802    
          75          45  -30.8530006      -71.9280014      0.602858663    
          77          51  -30.8110008      -72.0520020      0.780593812    
          79          68  -30.7590008      -72.4039993      0.754133999    
          83          32  -30.7199993      -71.6490021      0.553239167    
          84          15  -30.7150002      -71.2939987      0.562603116    
          90          67  -30.5620003      -72.3710022      0.653487265    
         120           4  -30.0750008      -71.0339966      0.673814535    
