          13          25  -31.9869995      -71.5699997      0.671050906    
          18          50  -31.8750000      -72.0930023      0.997457147    
          24          36  -31.7789993      -71.7910004      0.590637505    
          25          52  -31.7469997      -72.1269989      0.803981423    
          30           8  -31.6940002      -71.1949997      0.761957049    
          35          66  -31.5540009      -72.4110031      0.772047043    
          45          39  -31.3980007      -71.8330002      0.773187459    
          50           6  -31.3349991      -71.1350021      0.911111832    
          51          63  -31.2689991      -72.3310013      0.851929188    
          52          36  -31.2749996      -71.7630005      0.801905632    
          56          33  -31.2049999      -71.6959991      0.930102050    
          59           4  -31.1739998      -71.0859985      0.915723443    
          77          48  -30.8139992      -71.9889984      0.911529660    
          78          62  -30.7830009      -72.2799988      0.801430643    
          86          23  -30.6730003      -71.4589996      0.897445142    
          89          50  -30.5960007      -72.0179977      0.767595053    
         115          48  -30.1289997      -71.9499969      0.680558026    
         118          51  -30.0730000      -72.0090027      0.730956674    
         119          37  -30.0669994      -71.7180023      0.349611551    
         120          37  -30.0489998      -71.7170029      0.309902847    
