   23.4470863      0.747251570               3          37
   23.9647236      0.680135548              10          36
   18.7883434      0.996246278              40          46
   19.8236198       1.00000000              43          44
   8.43558121      0.644951165              45          66
   16.2001534      0.572897971              47          51
   15.1648760      0.871952832              54          53
   11.0237713      0.702025831              59          61
   13.6119623      0.726154923              69          56
   24.4823627      0.552510619              79          35
   9.47085762      0.699242234              79          64
   10.5061340      0.652170241              80          62
   17.7530670      0.886121929              91          48
   23.4470863      0.786817014               3          37
   17.7530670      0.920041025              13          48
   15.1648760       1.00000000              26          53
   18.7883434      0.757122993              40          46
   16.2001534      0.739418626              41          51
   16.2001534      0.847016156              47          51
   14.6472378      0.967070639              49          54
   15.1648760      0.876758814              54          53
   6.88266754      0.894541740              56          69
   24.4823627      0.753789961              79          35
   9.47085762      0.749352872              79          64
   10.5061340      0.724171162              80          62
   24.4823627      0.874350727              92          35
   6.88266754      0.676724732             117          69
   17.7530670      0.926822305              13          48
   15.1648760      0.803964019              26          53
   24.4823627      0.763065398              32          35
   16.2001534      0.708135486              41          51
   14.6472378      0.789783120              49          54
   6.88266754       1.00000000              56          69
   9.47085762      0.659314930              67          64
   17.2354279      0.771699071              74          49
   24.4823627      0.736855924              92          35
   6.88266754      0.777757406             117          69
   19.8236198      0.839609623             118          44
   6.88266754      0.532779872              19          69
   24.4823627      0.625643909              32          35
   20.3412571      0.567656398              49          43
   19.3059807      0.627252996              67          45
   9.47085762      0.729398489              67          64
   17.2354279      0.629012644              74          49
   12.5766859      0.405520350              82          58
   6.36502838      0.698179603              88          70
   19.8236198      0.628432155             118          44
   6.88266754      0.701449692              19          69
   17.7530670      0.900423825              42          48
   20.3412571      0.961721539              49          43
   17.2354279      0.649845302              61          49
   19.3059807      0.949682653              67          45
   21.3765335      0.565566123              75          41
   12.5766859      0.690174580              82          58
   6.36502838      0.761855304              88          70
   25.0000000      0.760095954              99          34
   22.9294472       1.00000000             115          38
   23.9647236      0.768182755              12          36
   17.7530670      0.711044312              42          48
   17.2354279      0.644929230              61          49
   21.3765335      0.781052649              75          41
   15.1648760      0.749781847              86          53
   19.3059807      0.890510738              91          45
   8.95321846      0.980433881              91          65
   25.0000000      0.867437899              99          34
   22.9294472      0.752830803             115          38
   17.2354279      0.682599366             121          49
   13.6119623      0.917605042               8          56
   23.9647236      0.965753615              12          36
   22.9294472      0.859726846              18          38
   15.1648760      0.911546111              37          53
   16.2001534      0.754271448              63          51
   13.0943241      0.820032358              71          57
   18.2707043      0.818709791              73          47
   15.1648760      0.914584637              86          53
   19.3059807      0.981109083              91          45
   8.95321846      0.904205084              91          65
   8.95321846      0.980218291              99          65
   17.2354279      0.880456388             121          49
   13.6119623      0.990458846               8          56
   18.2707043      0.685467601              13          47
   22.9294472      0.856184423              18          38
   18.7883434      0.868682086              32          46
   15.1648760      0.590505064              37          53
   22.9294472      0.723982453              61          38
   16.2001534      0.704832911              63          51
   21.3765335      0.789249539              67          41
   13.0943241      0.826536119              71          57
   18.2707043      0.596453369              73          47
   8.43558121      0.524027109              81          66
   7.40030479      0.565505147              81          68
   16.2001534      0.701998413              96          51
   8.95321846      0.740291297              99          65
   20.3412571      0.650150478              13          43
   18.2707043      0.903867781              13          47
   17.2354279      0.857218087              15          49
   20.8588943      0.594044328              27          42
   18.7883434      0.505037189              32          46
   22.9294472      0.475654960              61          38
   21.3765335      0.564431906              67          41
   7.40030479      0.546126902              73          68
   8.43558121      0.437007576              81          66
   7.40030479      0.429294974              81          68
   6.36502838      0.671313703              94          70
   16.2001534      0.567782938              96          51
   25.0000000      0.625587285             115          34
   7.91794395      0.685120463               4          67
   7.91794395      0.530136406              10          67
   20.3412571      0.730535448              13          43
   17.2354279      0.979816377              15          49
   9.98849583      0.930853486              26          63
   20.8588943      0.765528560              27          42
   21.3765335      0.926424921              49          41
   24.4823627      0.650655270              51          35
   22.9294472      0.824011266              69          38
   7.40030479      0.695624769              73          68
   6.36502838      0.828795254              84          70
   6.36502838       1.00000000              94          70
   25.0000000      0.832041681             115          34
   7.91794395      0.910726309               4          67
   15.6825142      0.737770736               7          52
   7.91794395      0.536588371              10          67
   19.8236198      0.804254174              15          44
   10.5061340      0.787499070              17          62
   9.98849583       1.00000000              26          63
   21.3765335      0.868172467              49          41
   24.4823627      0.770694077              51          35
   22.9294472      0.605254531              69          38
   14.1296005      0.864390016              71          55
   6.36502838      0.942280352              82          70
   6.36502838      0.833536029              84          70
   11.0237713      0.579473138              89          61
   15.6825142      0.634160697               7          52
   19.8236198      0.702812731              15          44
   10.5061340      0.945414722              17          62
   14.1296005      0.846257865              44          55
   18.2707043      0.791034639              50          47
   20.8588943      0.846284628              64          42
   14.1296005      0.835105419              71          55
   17.2354279      0.665969074              81          49
   6.36502838      0.920476496              82          70
   12.5766859      0.788409173              89          58
   11.0237713      0.726719439              89          61
   22.4118099      0.789576530              91          39
   14.1296005      0.857120216              44          55
   18.2707043      0.853750467              50          47
   6.88266754      0.994574904              56          69
   20.8588943      0.830933273              64          42
   17.2354279      0.870368898              81          49
   9.98849583      0.585334301              84          63
   7.91794395      0.713312030              85          67
   12.5766859      0.643528938              89          58
   22.4118099      0.915645838              91          39
   23.4470863      0.954328954              92          37
   9.47085762      0.722445786              98          64
   18.7883434      0.715898275             110          46
   16.2001534      0.950102806             114          51
   19.8236198      0.905534506              42          44
   6.88266754      0.791224718              56          69
   14.6472378      0.741954267              75          54
   9.98849583      0.674785495              84          63
   7.91794395      0.810144961              85          67
   15.1648760      0.865716219              90          53
   23.4470863      0.844092250              92          37
   9.47085762      0.797773659              98          64
   18.7883434      0.738281906             110          46
   17.2354279      0.986226380             113          49
   16.2001534       1.00000000             114          51
   22.9294472      0.826501727              22          38
   11.5414095      0.895940661              39          60
   19.8236198      0.697201252              42          44
   21.8941708      0.832007468              44          40
   21.8941708      0.757347643              57          40
   17.7530670      0.848165095              57          48
   14.6472378      0.941131115              75          54
   15.1648760       1.00000000              90          53
   17.2354279      0.932041764             113          49
   13.6119623      0.560379267              17          56
   22.9294472      0.790445864              22          38
   24.4823627      0.806671739              33          35
   11.5414095      0.913924873              39          60
   21.8941708       1.00000000              44          40
   18.7883434      0.768424153              51          46
   21.8941708      0.707462251              57          40
   17.7530670      0.817150295              57          48
   8.95321846      0.845614076              64          65
   16.7177906      0.717166841              66          50
   14.1296005      0.722106218              86          55
   23.9647236      0.904016793              98          36
   14.1296005      0.833925962             102          55
   8.43558121      0.791788757               4          66
   13.6119623       1.00000000              17          56
   23.9647236      0.809826910              20          36
   7.40030479      0.774652183              24          68
   24.4823627      0.779840589              33          35
   18.7883434      0.745420218              51          46
   8.95321846      0.828528643              64          65
   16.7177906      0.718600988              66          50
   17.2354279      0.616555929              77          49
   14.1296005      0.747035027              86          55
   23.9647236      0.774401486              98          36
   14.1296005      0.709529459             102          55
   20.3412571      0.797248006             109          43
   8.43558121      0.714719713               4          66
   23.9647236      0.881503582              20          36
   7.40030479      0.786072910              24          68
   25.0000000      0.824796200              35          34
   14.6472378      0.674595237              38          54
   21.3765335      0.691814303              41          41
   9.47085762      0.672383964              70          64
   17.2354279      0.661599755              77          49
   12.0590477      0.698005259             100          59
   20.3412571      0.843028963             109          43
   7.91794395       1.00000000               4          67
   25.0000000      0.692415416              19          34
   19.8236198      0.743272185              20          44
   25.0000000      0.711839080              35          34
   14.6472378      0.634498358              38          54
   21.3765335      0.523120165              41          41
   20.8588943      0.811380327              50          42
   9.47085762      0.657843590              70          64
   20.8588943      0.585931480              75          42
   12.0590477      0.578590751             100          59
   19.3059807      0.744447112             109          45
   7.91794395      0.759048343               4          67
   25.0000000      0.794978142              19          34
   19.8236198      0.934595764              20          44
   25.0000000      0.722150624              40          34
   17.7530670      0.960591435              46          48
   11.5414095      0.818767786              46          60
   20.8588943      0.851212502              50          42
   11.5414095      0.863832533              71          60
   20.8588943      0.854999781              75          42
   6.36502838      0.841834426              87          70
   19.3059807      0.695504308             109          45
   21.3765335      0.720183015              32          41
   12.5766859      0.861594915              35          58
   25.0000000      0.640001774              40          34
   17.7530670       1.00000000              46          48
   11.5414095      0.797183454              46          60
   13.6119623      0.821431875              66          56
   11.5414095      0.823288262              71          60
   12.0590477      0.618127882              74          59
   17.7530670      0.778223813              79          48
   6.36502838      0.820127189              87          70
   18.2707043      0.690721452             102          47
   8.95321846      0.798276484             102          65
   12.5766859      0.494003296              16          58
   21.3765335      0.829804718              32          41
   14.1296005      0.691242278              32          55
   12.5766859      0.761376560              35          58
   17.2354279      0.815136552              44          49
   9.47085762      0.718135715              49          64
   13.6119623      0.899058640              66          56
   17.7530670      0.874123633              68          48
   12.0590477      0.669521272              74          59
   22.4118099      0.801187515              78          39
   17.7530670      0.912600994              79          48
   21.8941708      0.759510338              87          40
   18.2707043      0.834536552             102          47
   8.95321846      0.883292377             102          65
   21.8941708       1.00000000             118          40
   12.5766859      0.648523211              16          58
   17.7530670      0.893788338              22          48
   14.1296005      0.739701807              32          55
   17.2354279      0.868806958              44          49
   9.47085762      0.672217906              49          64
   5.84739113      0.990325093              66          71
   17.7530670      0.696455598              68          48
   17.7530670       1.00000000              75          48
   17.2354279      0.992393196              77          49
   22.4118099      0.885798514              78          39
   21.8941708      0.991656661              87          40
   7.91794395      0.776661754             102          67
   20.8588943      0.793820918             110          42
   22.9294472      0.841834724             113          38
   21.8941708      0.792903006             118          40
   18.2707043      0.940801859              14          47
   17.7530670      0.717395484              22          48
   25.0000000      0.925631046              30          34
   17.7530670      0.708420932              48          48
   5.84739113      0.833367288              66          71
   17.7530670       1.00000000              75          48
   17.2354279      0.884721220              77          49
   10.5061340      0.957979798              85          62
   23.4470863      0.757491469              91          37
   9.47085762      0.930369735              91          64
   7.91794395      0.793555558             102          67
   20.8588943      0.974914134             110          42
   22.9294472      0.896400511             113          38
   18.2707043      0.699870288              14          47
   25.0000000      0.677596629              30          34
   17.7530670      0.640425682              48          48
   10.5061340      0.559522986              85          62
   23.4470863      0.625301301              91          37
   9.47085762      0.780430973              91          64
   10.5061340      0.757552505             102          62
   20.8588943      0.768054724             106          42
   9.98849583      0.668647766               8          63
   10.5061340      0.703939736             102          62
   20.8588943      0.677312016             106          42
   9.98849583      0.558362782               8          63
   17.2354279      0.869965613              12          49
   6.36502838      0.549795151              83          70
   14.1296005      0.579927027              84          55
   25.0000000      0.463360608              89          34
   19.3059807      0.650899112              91          45
   17.2354279      0.716981709              12          49
   12.0590477      0.547622979              54          59
   25.0000000      0.603342235              62          34
   12.5766859      0.664942861              64          58
   15.1648760      0.760370135              72          53
   6.36502838      0.503024459              83          70
   14.1296005      0.507857025              84          55
   22.9294472      0.984047711              88          38
   25.0000000      0.776120245              89          34
   19.3059807      0.550953448              91          45
   25.0000000      0.635447681              92          34
   12.0590477      0.928569257              54          59
   25.0000000      0.910961151              62          34
   12.5766859      0.997297823              64          58
   15.1648760      0.892547905              72          53
   22.9294472      0.973279774              88          38
   25.0000000       1.00000000              92          34
   20.3412571      0.654173493             103          43
   14.1296005      0.750876546             115          55
   11.0237713      0.514467120              38          61
   22.4118099      0.449654251              53          39
   24.4823627      0.427452624              84          35
   20.3412571      0.570479810             103          43
   6.36502838      0.503865361             109          70
   14.1296005      0.536156714             115          55
   11.0237713      0.754050314              38          61
   7.40030479      0.700719297              41          68
   22.4118099      0.691259325              53          39
   17.7530670      0.979698539              65          48
   10.5061340      0.831841767              70          62
   24.4823627      0.957082689              84          35
   20.8588943       1.00000000              88          42
   11.0237713      0.979701161              88          61
   15.6825142      0.796246409              98          52
   6.36502838      0.812318027             109          70
   11.0237713      0.742492914               6          61
   23.9647236      0.895660222              11          36
   9.98849583      0.999194443              24          63
   18.7883434      0.808937073              25          46
   7.40030479      0.496613353              41          68
   17.7530670      0.680653751              65          48
   10.5061340      0.723219633              70          62
   20.8588943      0.777597368              88          42
   11.0237713      0.789917409              88          61
   15.6825142      0.731073558              98          52
   10.5061340      0.773196578             103          62
   9.98849583       1.00000000             120          63
   11.0237713      0.608058274               6          61
   23.9647236      0.926690340              11          36
   21.8941708      0.752132714              17          40
   9.98849583      0.883259296              24          63
   18.7883434      0.894055009              25          46
   21.3765335      0.744300425              38          41
   23.4470863      0.850682020              81          37
   9.98849583      0.805514753              91          63
   10.5061340      0.649624705             103          62
   13.6119623      0.639087021             105          56
   18.2707043      0.845304847             109          47
   9.98849583       1.00000000             120          63
   21.8941708      0.597040832              17          40
   7.40030479      0.645089149              28          68
   21.3765335      0.710778415              38          41
   9.98849583      0.689201951              42          63
   13.6119623      0.794936776              46          56
   18.7883434      0.856801629              59          46
   5.84739113       1.00000000              68          71
   15.6825142      0.634663641              69          52
   19.3059807      0.512702405              75          45
   16.2001534      0.795579314              77          51
   23.4470863      0.956462204              81          37
   7.91794395      0.569472790              90          67
   9.98849583      0.799935222              91          63
   13.6119623      0.798407853             105          56
   18.2707043      0.750282645             109          47
   7.40030479      0.875113964              28          68
   6.36502838      0.975390792              34          70
   11.0237713      0.753504753              37          61
   9.98849583      0.617599607              42          63
   13.6119623      0.681315899              46          56
   19.8236198      0.741473377              48          44
   7.40030479      0.782167494              54          68
   23.4470863      0.774412572              56          37
   18.7883434      0.857687175              59          46
   5.84739113      0.958174050              68          71
   15.6825142      0.621293068              69          52
   19.3059807      0.623408914              75          45
   16.2001534      0.601842880              77          51
   7.40030479      0.537622094              79          68
   7.91794395      0.760843933              90          67
   16.7177906      0.797075033              18          50
   15.6825142      0.686175883              18          52
   6.36502838      0.858982384              34          70
   11.0237713      0.920785487              37          61
   19.8236198      0.779758573              48          44
   7.40030479      0.658505142              54          68
   23.4470863      0.850392520              56          37
   7.40030479      0.772341728              79          68
   16.7177906       1.00000000              80          50
   23.4470863      0.675465047              84          37
   17.7530670      0.942968071              94          48
   9.47085762      0.898313165              13          64
   15.1648760      0.791922688              17          53
   16.7177906      0.951520324              18          50
   15.6825142      0.882929325              18          52
   13.0943241      0.940778077              33          57
   18.2707043      0.747546852              41          47
   19.3059807      0.808446169              56          45
   16.7177906      0.785339713              80          50
   23.4470863      0.795963347              84          37
   17.7530670      0.974027216              94          48
   12.0590477      0.412914634              98          59
   9.47085762      0.884338737              13          64
   15.1648760      0.778008997              17          53
   13.0943241      0.822834671              25          57
   13.0943241      0.602350950              33          57
   23.4470863      0.868068337              34          37
   18.2707043      0.858482361              41          47
   19.3059807      0.838692784              56          45
   22.4118099      0.769489408              67          39
   15.1648760      0.714909434              94          53
   12.0590477      0.826372266              98          59
   20.3412571      0.895964026             116          43
   10.5061340       1.00000000             117          62
   15.6825142      0.593303561              11          52
   13.0943241      0.856484652              25          57
   23.4470863      0.883387089              34          37
   22.9294472      0.876933336              42          38
   8.95321846      0.704436541              61          65
   22.4118099      0.790822923              67          39
   18.2707043      0.897223771              84          47
   15.1648760      0.659440577              94          53
   11.5414095      0.793098271             105          60
   20.3412571      0.867633641             116          43
   10.5061340       1.00000000             117          62
   12.0590477      0.618227780              10          59
   15.6825142      0.598959982              11          52
   19.3059807      0.700895667              26          45
   18.2707043      0.797541976              29          47
   17.7530670      0.592770875              40          48
   22.9294472      0.872734129              42          38
   18.7883434      0.833473682              55          46
   8.95321846      0.984504104              61          65
   18.2707043      0.824674308              84          47
   18.7883434      0.789887965              86          46
   16.2001534      0.910754263              88          51
   11.5414095      0.891210198             105          60
   21.8941708      0.989644945             111          40
   12.0590477      0.862471581              10          59
   19.3059807      0.672247410              26          45
   18.2707043      0.697704375              29          47
   11.5414095       1.00000000              29          60
   9.98849583      0.916477084              36          63
   15.1648760      0.824862003              39          53
   17.7530670      0.734974742              40          48
   18.7883434      0.757785738              55          46
   18.7883434      0.913792789              86          46
   16.2001534      0.859224439              88          51
   21.8941708      0.993750393              93          40
   21.8941708      0.832887053             111          40
   13.0943241      0.638589025              19          57
   11.5414095      0.700516045              29          60
   9.98849583      0.938698649              36          63
   15.1648760      0.690883160              39          53
   22.4118099      0.774315119              88          39
   19.3059807      0.822577059              88          45
   21.8941708       1.00000000              93          40
   8.95321846      0.834510088             105          65
   10.5061340      0.701430261               2          62
   13.0943241      0.690193594              19          57
   13.6119623      0.923519671              55          56
   25.0000000      0.863988578              74          34
   22.4118099      0.773463726              88          39
   19.3059807      0.743139982              88          45
   8.95321846      0.896354795             105          65
   19.8236198      0.668752789             117          44
   23.9647236      0.797846973             119          36
   10.5061340      0.826508582               2          62
   6.36502838      0.870928943              47          70
   7.91794395      0.336800426              54          67
   13.6119623       1.00000000              55          56
   25.0000000      0.684011102              74          34
   16.7177906      0.580304682              86          50
   13.6119623      0.668306231              96          56
   19.8236198      0.557407677             117          44
   23.9647236      0.818263829             119          36
   6.36502838      0.920644760              47          70
   7.91794395      0.594658613              54          67
   16.7177906      0.841053605              86          50
   15.1648760      0.777063787              89          53
   13.6119623      0.832471728              96          56
   15.6825142      0.631581604              97          52
   15.1648760      0.755522907              89          53
   15.6825142      0.549748838              97          52
   9.47085762      0.803418279             105          64
   13.6119623      0.882353067             106          56
   17.7530670      0.601578116              60          48
   15.1648760      0.734284878              62          53
   20.8588943      0.598159671              94          42
   25.0000000      0.434821904             103          34
   9.47085762      0.646899939             105          64
   13.6119623      0.649916589             106          56
   23.9647236      0.850550115              23          36
   25.0000000      0.762487590              30          34
   24.4823627      0.825748861              48          35
   17.7530670      0.864019036              60          48
   15.1648760      0.854660273              62          53
   20.8588943      0.743730962              94          42
   17.2354279      0.795504987              99          49
   25.0000000      0.708832979             103          34
   25.0000000      0.682763457              17          34
   23.9647236      0.866212606              23          36
   25.0000000      0.805922508              30          34
   19.8236198      0.918150544              46          44
   24.4823627      0.916649520              48          35
   17.2354279      0.960219145              99          49
   20.8588943      0.909840941             120          42
   18.7883434      0.856530845              13          46
   25.0000000      0.788187981              17          34
   12.5766859      0.811462522              45          58
   23.4470863      0.875734568              46          37
   19.8236198      0.784304976              46          44
   20.8588943      0.999694467              67          42
   17.7530670      0.947350025             100          48
   8.43558121      0.900292218             105          66
   20.8588943      0.831889629             120          42
   18.7883434      0.896988273              13          46
   12.5766859      0.756233752              45          58
   23.4470863      0.729637861              46          37
   18.2707043      0.893418193              52          47
   16.2001534      0.796768069              55          51
   20.8588943       1.00000000              67          42
   8.43558121      0.854273319              95          66
   19.3059807      0.764160633              96          45
   17.7530670      0.785554528             100          48
   8.43558121      0.749840736             105          66
   7.40030479      0.769596636               3          68
   18.7883434      0.738929152              25          46
   9.98849583       1.00000000              32          63
   19.3059807      0.639472783              46          45
   16.2001534      0.458982408              49          51
   18.2707043      0.720493555              52          47
   16.2001534      0.690698802              55          51
   12.5766859      0.761304855              82          58
   8.43558121      0.977415502              95          66
   19.3059807      0.692669511              96          45
   15.6825142      0.686487734             109          52
   19.8236198      0.724213541             117          44
   7.40030479      0.582156301               3          68
   7.40030479      0.861638486              13          68
   18.7883434      0.978800356              25          46
   9.98849583      0.975324214              32          63
   19.3059807      0.706157148              46          45
   16.2001534      0.729650676              49          51
   22.4118099      0.611132681              76          39
   12.5766859      0.773416877              82          58
   18.2707043      0.861744463              88          47
   15.6825142      0.725932479             109          52
   20.8588943      0.729708850             117          42
   19.8236198      0.662632585             117          44
   7.40030479      0.420422614              13          68
   9.98849583      0.589899063              20          63
   9.47085762      0.460984230              27          64
   14.6472378      0.466617852              40          54
   24.4823627      0.558658898              65          35
   23.4470863      0.988387823              68          37
   22.9294472       1.00000000              68          38
   22.4118099      0.290422380              76          39
   22.9294472      0.477038562              82          38
   18.2707043      0.533739448              88          47
   15.1648760      0.503728569              89          53
   19.3059807      0.538341820              95          45
   20.8588943      0.637304425             101          42
   20.8588943      0.558506072             117          42
   9.98849583      0.605213225              20          63
   13.0943241      0.571161211              24          57
   9.47085762      0.624334872              27          64
   20.3412571      0.607242584              40          43
   14.6472378      0.663889349              40          54
   18.7883434      0.553764343              57          46
   24.4823627      0.537397861              65          35
   23.4470863       1.00000000              68          37
   22.9294472      0.995651126              68          38
   22.9294472      0.618111193              82          38
   18.2707043      0.611707449              89          47
   15.1648760      0.524967194              89          53
   19.3059807      0.567180157              95          45
   20.8588943      0.582610965             101          42
   18.2707043      0.585729480             110          47
   20.8588943      0.815261245               6          42
   13.0943241      0.728220880              24          57
   17.7530670      0.799942911              27          48
   20.3412571      0.881459415              40          43
   18.7883434      0.812646091              57          46
   21.8941708      0.952675819              60          40
   18.2707043      0.697268128              89          47
   13.0943241      0.633212030              92          57
   9.98849583      0.980926096             105          63
   18.2707043      0.849539936             110          47
   12.0590477      0.876522779             120          59
   20.8588943      0.600050390               6          42
   17.7530670      0.871799707              27          48
   21.8941708      0.769729614              60          40
   23.4470863      0.724360764              74          37
   13.0943241      0.704717219              92          57
   9.98849583      0.877198756             105          63
   16.2001534      0.896094024             114          51
   9.98849583      0.693267882             116          63
   12.0590477      0.793873966             120          59
   23.9647236      0.724688172             121          36
   13.0943241      0.743927658               3          57
   21.8941708      0.788695097              32          40
   20.8588943      0.775799811              33          42
   10.5061340      0.788469374              45          62
   23.4470863      0.815391183              74          37
   12.0590477      0.729435027             106          59
   20.8588943      0.645191550             108          42
   16.2001534      0.974975467             114          51
   9.98849583      0.864942074             116          63
   7.40030479      0.785016835             119          68
   23.9647236      0.751870930             121          36
   23.9647236      0.760161042               2          36
   13.0943241      0.850972295               3          57
   12.0590477      0.803420305              23          59
   12.0590477      0.635896683              25          59
   21.8941708      0.935806036              32          40
   20.8588943      0.787547767              33          42
   24.4823627      0.675538361              44          35
   10.5061340      0.709866822              45          62
   8.43558121       1.00000000              60          66
   20.3412571      0.917661667              83          43
   12.0590477      0.790474176             106          59
   20.8588943      0.845828116             108          42
   11.0237713      0.963155746             114          61
   7.40030479      0.847605169             119          68
   16.2001534      0.915814161             120          51
   23.9647236      0.967477143               2          36
   13.0943241      0.942674875              17          57
   12.0590477      0.517243028              23          59
   12.0590477      0.646363080              25          59
   24.4823627      0.862806439              44          35
   22.9294472      0.903241098              47          38
   8.43558121      0.652458727              60          66
   24.4823627      0.787406087              65          35
   20.8588943      0.927504718              67          42
   13.6119623       1.00000000              75          56
   20.3412571      0.873217642              83          43
   8.43558121      0.774063468             100          66
   11.0237713      0.968050718             114          61
   16.2001534      0.972694397             120          51
   13.0943241      0.689687192              17          57
   24.4823627      0.746872008              22          35
   20.3412571      0.813462555              44          43
   22.9294472      0.798247576              47          38
   24.4823627      0.781582713              65          35
   20.8588943      0.934843481              67          42
   13.6119623      0.806188047              75          56
   11.0237713      0.923939347              90          61
   8.43558121      0.836398542             100          66
   24.4823627      0.836455941              22          35
   17.2354279      0.830869913              24          49
   16.2001534      0.602292895              30          51
   20.3412571      0.826477647              44          43
   25.0000000      0.632212758              80          34
   11.0237713      0.854430020              90          61
   8.43558121      0.543531954              99          66
   21.8941708      0.755032539             117          40
   23.9647236      0.591289222              24          36
   17.2354279      0.642999887              24          49
   16.2001534      0.499083132              30          51
   8.43558121      0.750847757              35          66
   9.98849583       1.00000000              51          63
   10.5061340      0.624209404              78          62
   25.0000000      0.432604611              80          34
   16.7177906      0.587096095              89          50
   8.43558121      0.492237538              99          66
   17.7530670      0.550653934             115          48
   21.8941708      0.648666620             117          40
   16.2001534      0.494469911             118          51
   23.4470863      0.671906650             120          37
   16.7177906      0.890834510              18          50
   23.9647236      0.765595317              24          36
   15.6825142      0.826334059              25          52
   8.43558121      0.970330238              35          66
   22.4118099      0.693548739              45          39
   9.98849583      0.975694180              51          63
   23.9647236      0.709836841              52          36
   17.7530670      0.884407818              77          48
   10.5061340      0.668086648              78          62
   16.7177906      0.741496980              89          50
   17.7530670      0.789905012             115          48
   16.2001534      0.679413736             118          51
   23.4470863      0.466525376             119          37
   23.4470863      0.331498474             120          37
   6.88266754      0.865752935               3          69
   16.7177906      0.738935530              18          50
   24.4823627      0.827729106              25          35
   15.6825142      0.916638017              25          52
   6.36502838      0.716006577              41          70
   22.4118099      0.882392287              45          39
   23.9647236      0.733957350              52          36
   17.7530670      0.817824006              77          48
   13.6119623      0.692021906              86          56
   13.6119623      0.692021906              86          56
   23.4470863      0.953419447             119          37
   6.88266754      0.887640655               3          69
   6.36502838      0.655152500              16          70
   24.4823627      0.823361754              25          35
   14.6472378      0.845236540              35          54
   7.40030479      0.954313755              35          68
   6.36502838      0.633178353              41          70
   14.6472378      0.825057328              76          54
   13.6119623      0.702091575              86          56
   13.6119623      0.702091575              86          56
   19.8236198       1.00000000              90          44
   7.40030479      0.900213718             100          68
   19.3059807      0.834612906             106          45
   23.9647236      0.779540658               6          36
   6.36502838      0.849650800              16          70
   5.84739113      0.967734933              30          71
   14.6472378      0.869564116              35          54
   7.40030479      0.662713468              35          68
   14.6472378      0.771880090              76          54
   25.0000000      0.921992600              80          34
   19.8236198      0.760352492              90          44
   9.47085762      0.772812724              96          64
   7.40030479      0.793264747             100          68
   19.3059807      0.668583393             106          45
   18.7883434      0.743178904               3          46
   23.9647236      0.674668014               6          36
   5.84739113      0.894290149              30          71
   16.2001534      0.663950324              36          51
   16.7177906      0.618973076              60          50
   6.36502838      0.777751267              75          70
   25.0000000      0.920307219              80          34
   9.98849583       1.00000000              94          63
   9.47085762      0.997329235              96          64
   18.7883434      0.933105946               3          46
   14.1296005      0.756425917               3          55
   6.88266754      0.631394327              12          69
   16.2001534      0.876465619              36          51
   21.8941708      0.898837209              42          40
   15.1648760      0.608686209              56          53
   16.7177906      0.732130826              60          50
   6.36502838      0.858060002              75          70
   9.98849583      0.802586973              94          63
   16.2001534      0.740952194             110          51
   14.1296005      0.724718511               3          55
   6.88266754      0.755420446              12          69
   21.8941708      0.730547011              42          40
   11.5414095      0.650687933              42          60
   18.7883434      0.584167540              44          46
   10.5061340      0.970605075              47          62
   20.8588943      0.426316649              50          42
   25.0000000      0.578817904              56          34
   15.1648760      0.628612876              56          53
   16.2001534      0.584390104             110          51
   17.7530670      0.727283955              21          48
   9.98849583      0.664599121              30          63
   6.88266754      0.637116194              35          69
   11.5414095      0.828446090              42          60
   18.7883434      0.671691954              44          46
   10.5061340       1.00000000              47          62
   20.8588943      0.539822578              50          42
   25.0000000      0.602683544              56          34
   22.9294472      0.711212993              78          38
   16.7177906      0.635624409              89          50
   18.7883434      0.608329177              92          46
   6.88266754      0.842970788             104          69
   22.9294472      0.753185928             120          38
   9.47085762      0.622895896              12          64
   17.7530670       1.00000000              21          48
   9.98849583      0.830590785              30          63
   6.88266754      0.602604091              35          69
   16.7177906      0.799740970              44          50
   23.4470863      0.716329217              71          37
   22.9294472      0.863227665              78          38
   6.36502838      0.724456847              82          70
   19.8236198      0.773954988              86          44
   13.0943241      0.764701903              88          57
   16.7177906      0.668148100              89          50
   18.7883434      0.568485439              92          46
   6.88266754      0.673319101             104          69
   22.9294472      0.757858336             120          38
   15.6825142      0.591659009              12          52
   9.47085762      0.793612182              12          64
   15.6825142      0.669467270              14          52
   10.5061340      0.535756528              24          62
   11.0237713      0.556506336              25          61
   16.7177906      0.639201283              44          50
   5.84739113      0.855088770              64          71
   23.4470863      0.664126754              71          37
   6.36502838      0.538877368              82          70
   10.5061340      0.974926353              84          62
   19.8236198      0.627411723              86          44
   13.0943241      0.825562835              88          57
   11.5414095      0.845054567              88          60
   23.4470863      0.732334018             105          37
   22.4118099      0.652599454             120          39
   15.6825142      0.813865304              12          52
   15.6825142      0.630895078              14          52
   10.5061340      0.743737340              24          62
   11.0237713      0.849413395              25          61
   23.4470863      0.795711040              30          37
   5.84739113      0.580927014              64          71
   10.5061340      0.558541179              84          62
   11.5414095       1.00000000              88          60
   23.4470863      0.786195397             105          37
   22.4118099      0.666024208             120          39
   14.6472378      0.914013863             121          54
   25.0000000      0.782608211              23          34
   23.4470863      0.795159638              30          37
   18.2707043      0.709463716              35          47
   9.98849583      0.909191489              67          63
   17.2354279      0.952946603              68          49
   6.88266754      0.552876770              84          69
   12.0590477      0.701674223              91          59
   12.0590477      0.971070349              98          59
   20.8588943      0.895907521             106          42
   14.6472378       1.00000000             121          54
   15.1648760      0.733416319              21          53
   25.0000000      0.781484902              23          34
   18.2707043      0.727289855              35          47
   13.0943241      0.906307757              38          57
   25.0000000      0.577645183              67          34
   9.98849583      0.875217915              67          63
   17.2354279      0.746173978              68          49
   6.88266754      0.716893435              84          69
   12.0590477      0.557788372              91          59
   14.6472378      0.739609540              95          54
   12.0590477      0.841832817              98          59
   20.8588943      0.831663013             106          42
   17.7530670      0.447157323              17          48
   5.84739113      0.777574360              20          71
   15.1648760      0.639195025              21          53
   16.7177906      0.609362423              24          50
   13.0943241      0.658938348              38          57
   19.3059807      0.701126814              49          45
   25.0000000      0.579697609              67          34
   17.2354279      0.691881835              86          49
   14.6472378      0.800916612              95          54
   14.6472378      0.786317170               1          54
   17.7530670      0.683159888              17          48
   19.3059807      0.655438423              18          45
   5.84739113       1.00000000              20          71
   16.7177906      0.543714583              24          50
   19.3059807      0.703766227              49          45
   17.7530670      0.714832783              51          48
   22.4118099      0.868172944              69          39
   17.2354279      0.627853870              86          49
   13.6119623      0.621126115             106          56
   14.6472378      0.686577260               1          54
   19.3059807      0.635673463              18          45
   17.7530670      0.688162565              51          48
   19.8236198      0.881845593              60          44
   23.9647236      0.735216200              66          36
   19.8236198      0.764694154              67          44
   22.4118099      0.787404001              69          39
   12.5766859      0.879006565              87          58
   15.1648760      0.607965410              92          53
   13.6119623      0.751789570             106          56
   13.6119623      0.850776494              54          56
   19.8236198      0.600125134              60          44
   23.9647236      0.755489767              66          36
   19.8236198      0.736629486              67          44
   12.5766859      0.866954505              87          58
   15.1648760      0.512036145              92          53
   7.91794395      0.678172112             116          67
   20.8588943      0.746711135             118          42
   22.9294472      0.910079181               1          38
   23.9647236      0.727134228               2          36
   25.0000000      0.750181794              52          34
   13.6119623      0.926582515              54          56
   13.6119623      0.625219703              65          56
   20.3412571      0.694601595             103          43
   7.91794395      0.768129289             116          67
   20.8588943      0.706000865             118          42
   22.9294472      0.807943225               1          38
   23.9647236      0.906346262               2          36
   15.6825142      0.817464292              18          52
   25.0000000      0.852324128              52          34
   13.6119623      0.830261469              65          56
   7.91794395      0.880527496              87          67
   20.3412571      0.725976884             103          43
   12.5766859      0.971791327             114          58
   15.6825142      0.750316858              18          52
   7.91794395      0.774310827              87          67
   16.2001534      0.558380306              98          51
   12.5766859      0.860445440             114          58
   12.0590477      0.894276619             116          59
   23.9647236      0.888754010              67          36
   8.95321846      0.832457900              84          65
   22.9294472      0.774988353              87          38
   16.2001534      0.739156067              98          51
   9.98849583      0.846786082             101          63
   12.0590477      0.766091526             116          59
   19.3059807      0.610728979              16          45
   20.3412571      0.642098069              27          43
   12.5766859      0.564149320              49          58
   23.9647236      0.744197071              67          36
   8.95321846      0.873391807              84          65
   22.9294472      0.937316179              87          38
   9.98849583      0.644431055             101          63
   17.2354279       1.00000000               1          49
   19.3059807      0.710020840              16          45
   20.3412571      0.698131442              27          43
   9.47085762      0.969527006              30          64
   16.7177906      0.757990360              39          50
   12.5766859      0.762083590              49          58
   14.6472378      0.764515102              64          54
   8.43558121      0.832158387              86          66
   8.95321846      0.832659602             121          65
   17.2354279      0.921040416               1          49
   22.9294472      0.906090558              11          38
   13.6119623      0.993770063              19          56
   9.47085762      0.870021939              30          64
   16.7177906      0.903889477              39          50
   9.98849583      0.654987991              52          63
   15.1648760      0.837601721              55          53
   14.6472378      0.732934296              64          54
   7.40030479      0.626313806              72          68
   9.47085762      0.987262845              83          64
   8.43558121      0.716047645              86          66
   11.5414095      0.548009336             114          60
   11.5414095      0.856226742             118          60
   8.95321846      0.558175504             121          65
   25.0000000      0.688875437               1          34
   22.9294472       1.00000000              11          38
   12.0590477      0.722822368              17          59
   13.6119623      0.606406748              19          56
   21.8941708      0.800289214              26          40
   9.98849583      0.487246007              52          63
   15.1648760      0.847477078              55          53
   7.40030479      0.560716450              72          68
   9.47085762      0.942381561              83          64
   25.0000000      0.819226921              85          34
   6.88266754      0.787671745             110          69
   11.5414095      0.765535772             114          60
   15.1648760      0.808984458             118          53
   11.5414095      0.627557814             118          60
   25.0000000      0.728825390               1          34
   21.3765335      0.579817235              14          41
   17.2354279      0.816427290              14          49
   12.0590477      0.821642041              17          59
   21.8941708      0.893267572              26          40
   18.7883434      0.697142065              75          46
   25.0000000      0.869582415              85          34
   6.88266754      0.848173201             110          69
   15.1648760      0.708804548             118          53
   21.3765335      0.697960079              14          41
   17.2354279      0.816496253              14          49
   12.5766859      0.858787835              16          58
   25.0000000      0.748180449              20          34
   18.2707043       1.00000000              45          47
   6.36502838      0.576817930              45          70
   18.7883434      0.852197647              75          46
   7.40030479      0.732113242             102          68
   12.0590477      0.910951316             120          59
   12.5766859      0.933020353              16          58
   25.0000000      0.817396760              20          34
   18.2707043      0.912299514              45          47
   6.36502838      0.981508672              45          70
   8.43558121      0.673795283              59          66
   21.3765335      0.879537642              78          41
   25.0000000      0.783743262              91          34
   7.40030479      0.972810566             102          68
   15.1648760      0.951208889             116          53
   12.0590477      0.868956864             120          59
   25.0000000      0.836923361               1          34
   14.6472378      0.801234782               7          54
   8.43558121      0.718130708              59          66
   21.3765335      0.825955629              78          41
   22.4118099      0.739905596              81          39
   25.0000000      0.775616407              91          34
   12.0590477      0.857763767             100          59
   15.1648760      0.864010751             116          53
   25.0000000      0.919542432               1          34
   14.6472378      0.799082577               7          54
   20.8588943      0.696643829              21          42
   21.3765335      0.829453528              27          41
   15.6825142      0.452514946              35          52
   22.4118099      0.733764112              81          39
   12.0590477      0.832654119             100          59
   23.4470863      0.885607660             116          37
   20.3412571      0.832195878              13          43
   11.5414095      0.885630667              17          60
   20.8588943      0.712603152              21          42
   21.3765335      0.818439424              27          41
   7.40030479      0.642508745              29          68
   15.6825142      0.610395789              35          52
   8.95321846      0.992642760              52          65
   14.1296005      0.854467332              60          55
   13.6119623      0.756822526              85          56
   23.4470863      0.849861145             116          37
   20.3412571      0.759429932              13          43
   11.5414095      0.872769713              17          60
   7.40030479      0.653846145              29          68
   8.95321846       1.00000000              52          65
   9.47085762      0.924390197              55          64
   14.1296005      0.662757277              60          55
   18.2707043      0.793784618              66          47
   13.6119623      0.785568953              85          56
   7.40030479      0.474397689              93          68
   17.7530670      0.748966694             101          48
   6.88266754      0.538446963             113          69
   13.6119623      0.776797593             121          56
   11.5414095      0.888684571              17          60
   8.43558121      0.487847090              20          66
   18.7883434      0.778198123              44          46
   14.1296005       1.00000000              50          55
   9.47085762      0.859658837              55          64
   18.2707043      0.783295453              66          47
   24.4823627      0.818656027              77          35
   7.40030479      0.659030676              93          68
   17.7530670      0.897348464             101          48
   6.88266754      0.764648199             113          69
   13.6119623      0.869643509             121          56
   20.8588943      0.768449783               5          42
   25.0000000      0.967377722              15          34
   11.5414095      0.798112094              17          60
   20.3412571      0.951766312              18          43
   8.43558121      0.650363564              20          66
   12.5766859      0.510462642              30          58
   18.7883434      0.794212162              44          46
   14.1296005      0.901660681              50          55
   7.91794395       1.00000000              60          67
   24.4823627      0.698268712              77          35
   20.8588943      0.899424791               5          42
   25.0000000      0.905028284              15          34
   20.3412571      0.949310958              18          43
   12.5766859      0.712623000              30          58
   23.4470863      0.860632896              36          37
   7.91794395      0.803765476              53          67
   13.0943241      0.842823327              55          57
   7.91794395      0.836641610              60          67
   14.6472378      0.710914493              68          54
   9.98849583      0.497638017              23          63
   23.4470863      0.772369325              36          37
   23.4470863      0.547811031              45          37
   12.5766859      0.987160981              53          58
   7.91794395      0.905791819              53          67
   12.0590477      0.933702588              54          59
   13.0943241      0.915248334              55          57
   12.0590477      0.826865017              55          59
   14.6472378      0.608002305              68          54
   5.84739113      0.674775422               7          71
   19.8236198      0.714968085               8          44
   9.98849583      0.546249032              23          63
   12.5766859      0.748464108              30          58
   12.0590477      0.599851966              31          59
   23.4470863      0.656366527              45          37
   10.5061340      0.975362718              49          62
   12.5766859      0.689440787              53          58
   12.0590477      0.867256045              54          59
   12.0590477      0.889366746              55          59
   10.5061340      0.751698554              63          62
   15.1648760      0.641986191              78          53
   15.6825142      0.717617393             110          52
