   33.7998466      0.827027798               2          17
   41.5644188      0.761578798              17           2
   35.8703995      0.715627909              27          13
   33.2822113      0.677196383              42          18
   40.0115051      0.783017039             109           5
   29.6587429      0.767102182             117          25
   32.7645721      0.822856963             121          19
   41.5644188      0.684796631              17           2
   35.8703995      0.754189014              27          13
   28.1058292      0.746390104              73          28
   26.5529137      0.801424980              82          31
   33.7998466      0.716071367             104          17
   40.0115051      0.751589835             109           5
   34.8351250      0.735107064              19          15
   28.1058292      0.664808810              73          28
   25.5176373      0.680973291              74          33
   27.0705528      0.817781270              80          30
   26.5529137      0.906144202              82          31
   31.2116566      0.892049849              87          22
   33.7998466      0.703273594             104          17
   26.5529137      0.595611930             109          31
   30.6940193      0.472889721             121          23
   34.8351250      0.620115399              19          15
   25.5176373      0.587130725              74          33
   38.4585915      0.694955587              80           8
   27.0705528      0.896978676              80          30
   25.5176373      0.870664239              80          33
   31.2116566      0.572287321              87          22
   41.0467834      0.592586398             109           3
   26.5529137      0.556586206             109          31
   38.9762268      0.603729784             112           7
   32.2469330      0.709043860             118          20
   30.6940193      0.583512843             121          23
   35.3527603      0.815068364              15          14
   30.6940193      0.729304194              46          23
   30.1763802      0.610593915              52          24
   38.4585915      0.688232481              80           8
   25.5176373      0.690068364              80          33
   41.5644188      0.629978597              89           2
   34.8351250      0.689707160              93          15
   41.0467834      0.819757700             109           3
   38.9762268      0.567584217             112           7
   32.2469330      0.855007172             118          20
   35.3527603      0.740154982              15          14
   30.6940193      0.729325831              46          23
   30.1763802      0.668519557              52          24
   27.5881901      0.599483788              67          29
   41.5644188      0.843654394              89           2
   36.3880386      0.789815903              89          12
   34.8351250      0.695483088              93          15
   32.7645721      0.652441621             115          19
   26.5529137      0.775591731             115          31
   25.5176373      0.838666499             120          33
   26.5529137      0.917943239              59          31
   27.5881901      0.791051745              67          29
   35.3527603      0.844316721              68          14
   36.3880386      0.828723609              89          12
   35.8703995      0.593502283             107          13
   32.7645721       1.00000000             115          19
   26.5529137      0.868548095             115          31
   25.5176373      0.815089762             120          33
   40.5291443      0.675995886               3           4
   34.8351250      0.790078282              10          15
   35.3527603      0.707295954              46          14
   26.5529137      0.767251730              59          31
   35.3527603      0.776941955              68          14
   35.8703995      0.690659702             107          13
   40.5291443      0.641069114               3           4
   25.5176373      0.379630715               7          33
   34.8351250      0.624605477              10          15
   26.5529137      0.523040950              15          31
   32.2469330      0.601357937              39          20
   35.3527603      0.534515619              46          14
   30.1763802      0.556146681              76          24
   25.5176373      0.646195829               7          33
   26.5529137      0.825714052              15          31
   39.4938660      0.784832120              31           6
   32.2469330      0.816578388              39          20
   32.7645721      0.645667553              54          19
   30.1763802      0.673056722              76          24
   26.5529137      0.888982117             118          31
   34.3174858      0.657126904               2          16
   39.4938660      0.722372353              31           6
   32.7645721      0.752439439              54          19
   30.1763802      0.517919004             101          24
   41.0467834      0.590531707             102           3
   33.2822113      0.721626639             102          18
   26.5529137      0.971015394             118          31
   34.3174858      0.921116352               2          16
   39.4938660      0.865221739              57           6
   26.5529137      0.813050508              58          31
   40.5291443      0.851454616              89           4
   30.1763802      0.641753972             101          24
   41.0467834      0.634608328             102           3
   35.8703995      0.851233602             102          13
   33.2822113      0.867886066             102          18
   41.5644188      0.816565514              27           2
   28.6234665      0.816058993              32          27
   39.4938660      0.801076949              57           6
   26.5529137      0.900989890              58          31
   40.5291443      0.919528186              89           4
   35.8703995      0.827688992             102          13
   30.6940193      0.893194556             104          23
   41.5644188      0.839280009              27           2
   28.6234665      0.832680762              32          27
   31.7292957      0.914958119              37          21
   33.2822113      0.878019810              42          18
   35.3527603      0.826431096              82          14
   30.6940193      0.800974190             104          23
   39.4938660      0.818807364             111           6
   42.0820541      0.793606400             117           1
   34.8351250      0.832809925             120          15
   33.7998466      0.875048876              22          17
   31.7292957      0.827129543              37          21
   33.2822113      0.776377201              42          18
   36.3880386      0.774742424              46          12
   34.8351250      0.926492691              67          15
   41.0467834      0.802130044              75           3
   42.0820541      0.817594469              81           1
   35.3527603      0.829347312              82          14
   39.4938660      0.704449415             111           6
   42.0820541      0.750867546             117           1
   34.8351250      0.781427860             120          15
   33.7998466      0.980650842              22          17
   27.0705528      0.795920610              25          30
   36.3880386      0.844845474              46          12
   34.8351250      0.791044116              67          15
   41.0467834      0.711167932              75           3
   42.0820541      0.832548440              81           1
   38.4585915      0.850124776             119           8
   38.4585915      0.754028618              15           8
   27.0705528      0.765678465              25          30
   32.7645721      0.865924299              30          19
   31.2116566      0.990685582              81          22
   29.1411057      0.773506880             105          26
   41.5644188      0.786296427             114           2
   38.4585915      0.772599936             119           8
   38.4585915       1.00000000              15           8
   35.3527603      0.817473948              20          14
   32.7645721      0.890623868              30          19
   36.3880386      0.802936792              33          12
   41.0467834      0.632143676              66           3
   38.4585915      0.629313767              67           8
   31.2116566      0.859644592              81          22
   40.0115051      0.889587700              98           5
   29.1411057      0.823384583             105          26
   41.5644188      0.868080199             114           2
   26.0352764      0.885209441              14          32
   33.7998466      0.916201591              17          17
   35.3527603      0.885751307              20          14
   36.3880386      0.602206588              33          12
   41.0467834      0.526081920              66           3
   38.4585915      0.637632370              67           8
   40.0115051      0.778172970              98           5
   36.3880386      0.506560683             113          12
   36.9056778      0.402649432             114          11
   26.0352764      0.907889903              14          32
   33.7998466      0.788160026              17          17
   28.6234665      0.733927608              29          27
   41.5644188      0.951558828              38           2
   33.7998466      0.821300387              89          17
   34.8351250      0.876054466             100          15
   36.3880386      0.526593745             113          12
   36.9056778      0.554525435             114          11
   41.5644188      0.889137805             115           2
   41.5644188      0.673902512              29           2
   28.6234665      0.716224015              29          27
   41.5644188      0.675845265              38           2
   36.9056778      0.741034746              60          11
   38.4585915      0.826135516              76           8
   33.7998466      0.853496253              89          17
   34.8351250      0.762082756             100          15
   41.5644188      0.801850498             115           2
   41.5644188      0.725061536              29           2
   26.0352764      0.850352764              47          32
   36.9056778      0.789144576              60          11
   38.4585915      0.828139484              76           8
   42.0820541      0.878040552             103           1
   36.3880386      0.841397464              36          12
   27.5881901      0.864370108              44          29
   26.0352764      0.908421397              47          32
   42.0820541      0.834776819             103           1
   35.3527603      0.721052945             116          14
   36.3880386      0.843514383               5          12
   36.3880386      0.895174384              36          12
   27.5881901      0.938758492              44          29
   36.9056778      0.938895464              64          11
   29.6587429      0.849777997              86          25
   27.0705528      0.738905609              97          30
   35.3527603      0.717275083             116          14
   36.3880386      0.786753893               5          12
   35.8703995       1.00000000              22          13
   37.4233131      0.888078272              28          10
   36.9056778      0.648847461              64          11
   30.1763802      0.615940034              71          24
   35.8703995      0.731566489              79          13
   37.4233131      0.690381825              86          10
   29.6587429      0.532818913              86          25
   27.0705528      0.661441088              97          30
   36.3880386      0.656630039             101          12
   34.8351250      0.679184496             116          15
   40.5291443      0.648124278             120           4
   40.0115051      0.807854891               4           5
   37.4233131      0.682656765               8          10
   35.8703995       1.00000000              22          13
   25.5176373      0.684419274              22          33
   37.4233131      0.730635166              28          10
   29.1411057      0.687717319              37          26
   35.3527603      0.677509129              61          14
   30.1763802      0.685252011              71          24
   35.8703995      0.708581150              79          13
   39.4938660      0.538081408              84           6
   37.4233131      0.641128421              86          10
   30.1763802      0.523917913              92          24
   36.3880386      0.798784852             101          12
   26.5529137      0.556576550             111          31
   29.6587429      0.522863209             113          25
   34.8351250      0.760552227             116          15
   40.5291443      0.785114944             120           4
   40.0115051      0.606592774               4           5
   38.9762268      0.773932517               7           7
   37.4233131      0.692922890               8          10
   25.5176373      0.528094709              22          33
   29.1411057      0.992615342              37          26
   29.1411057      0.931869745              38          26
   28.6234665      0.921393752              38          27
   39.4938660      0.516561151              48           6
   35.3527603      0.650721908              61          14
   39.4938660      0.517475665              84           6
   30.1763802      0.477757245              92          24
   30.1763802      0.432769686              95          24
   26.5529137      0.531286478             111          31
   29.6587429      0.505183160             113          25
   38.9762268      0.800844848               7           7
   27.0705528      0.609094024              10          30
   34.3174858      0.638429463              36          16
   36.3880386      0.621183574              37          12
   29.1411057      0.564817488              38          26
   28.6234665      0.551045239              38          27
   39.4938660      0.508599758              48           6
   30.1763802      0.371730387              95          24
   36.3880386      0.590434849             118          12
   27.0705528      0.753986418              10          30
   29.6587429      0.872664392              28          25
   32.7645721      0.887148499              31          19
   28.6234665      0.845557630              32          27
   34.3174858      0.930322468              36          16
   36.3880386      0.532666028              37          12
   36.9056778      0.433660239              38          11
   33.7998466      0.910961509              75          17
   29.1411057      0.850775123              85          26
   41.5644188      0.789579093             114           2
   36.3880386      0.819992125             118          12
   25.5176373      0.800338030             120          33
   41.5644188      0.497758716              18           2
   29.6587429      0.605678380              28          25
   32.7645721      0.537936151              31          19
   28.6234665       1.00000000              31          27
   28.6234665      0.960487604              32          27
   36.9056778      0.474348605              38          11
   30.1763802      0.318933368              54          24
   40.0115051      0.517498195              56           5
   41.5644188      0.577923775              59           2
   32.2469330      0.498308957              68          20
   33.7998466      0.614571273              75          17
   29.1411057      0.388037920              85          26
   41.5644188      0.499409258             114           2
   25.5176373      0.579021394             120          33
   41.5644188      0.748082280              18           2
   39.4938660      0.841963232              18           6
   33.7998466      0.883295178              20          17
   28.6234665      0.893318355              31          27
   29.6587429      0.891930759              36          25
   30.1763802      0.702998102              48          24
   30.1763802      0.626193821              54          24
   40.0115051      0.790310621              56           5
   41.5644188      0.797690451              59           2
   32.2469330      0.874316573              68          20
   39.4938660      0.657942593              18           6
   33.7998466      0.724041104              20          17
   33.7998466      0.746234775              27          17
   38.4585915      0.935874164              28           8
   30.6940193      0.710463166              31          23
   29.6587429      0.763439655              36          25
   30.1763802      0.559218705              48          24
   29.1411057      0.814337850             118          26
   27.5881901      0.608943701               9          29
   27.5881901      0.751896143              15          29
   33.7998466      0.853328288              27          17
   38.4585915      0.781850338              28           8
   30.6940193      0.717093110              31          23
   38.9762268      0.864628911              52           7
   34.8351250      0.738829255              75          15
   29.1411057      0.705288827             118          26
   27.5881901      0.584502339               9          29
   27.5881901      0.662466168              15          29
   38.9762268      0.681356728              52           7
   34.8351250      0.638870895              75          15
   40.5291443      0.719158888             120           4
   35.3527603      0.746020317              21          14
   37.9409523      0.712714672              56           9
   26.0352764      0.910491824              83          32
   34.8351250      0.730511189              84          15
   40.5291443      0.728931844             120           4
   35.3527603      0.770320594              21          14
   33.7998466      0.826314092              24          17
   27.0705528      0.781260908              26          30
   37.9409523      0.779550254              51           9
   37.9409523      0.786821306              56           9
   34.8351250      0.702448070              70          15
   26.0352764      0.961249232              83          32
   34.8351250      0.789519966              84          15
   37.4233131      0.755222321              94          10
   33.7998466      0.822244525              24          17
   27.0705528      0.778513491              26          30
   37.9409523      0.724692345              51           9
   37.9409523      0.847554624              66           9
   34.8351250      0.813453555              70          15
   31.7292957      0.863571167              78          21
   36.9056778      0.460055828              93          11
   37.4233131      0.469609588              94          10
   33.2822113      0.863651335             106          18
   42.0820541      0.868301928              24           1
   41.5644188      0.808968008              31           2
   35.3527603      0.823055506              62          14
   31.2116566      0.753744900              62          22
   37.9409523      0.975081861              66           9
   31.7292957      0.954359889              78          21
   36.9056778      0.739878893              93          11
   33.2822113      0.910046101             106          18
   32.2469330      0.745865107              11          20
   42.0820541      0.770940423              24           1
   41.5644188      0.822920620              31           2
   31.2116566      0.860917985              49          22
   35.3527603      0.836844981              62          14
   31.2116566      0.813560724              62          22
   34.3174858      0.623809159              75          16
   31.7292957      0.960501969              78          21
   27.0705528      0.967129350              89          30
   29.6587429      0.771533012               4          25
   32.2469330      0.895738482              11          20
   31.2116566      0.952168286              49          22
   27.0705528      0.893742561              72          30
   34.3174858      0.694956005              75          16
   31.7292957      0.854343653              78          21
   27.0705528      0.695191503              89          30
   29.6587429      0.577415824               4          25
   28.1058292      0.825119555              18          28
   30.1763802      0.710158885              42          24
   25.5176373      0.703352273              63          33
   35.8703995      0.792676985              65          13
   27.0705528      0.881781101              72          30
   40.5291443      0.874580085             108           4
   37.4233131      0.894302428             114          10
   28.1058292      0.707782090              18          28
   30.1763802      0.634849966              42          24
   30.6940193      0.511797667              54          23
   29.1411057      0.632038534              56          26
   25.5176373      0.714317799              63          33
   35.8703995      0.697180271              65          13
   26.5529137      0.752235293              77          31
   27.0705528      0.802730918              94          30
   27.0705528      0.806991339             103          30
   40.5291443      0.821669757             108           4
   37.4233131      0.749584556             114          10
   40.5291443      0.738968372             118           4
   30.1763802      0.691048026               4          24
   34.8351250      0.810968101              25          15
   31.7292957      0.881412089              36          21
   30.6940193      0.710810602              54          23
   29.1411057      0.683374047              56          26
   41.0467834      0.772264361              65           3
   26.5529137      0.695201159              77          31
   27.0705528      0.737095535              94          30
   27.0705528      0.824418426             103          30
   34.3174858      0.806132376             115          16
   40.5291443      0.774200737             118           4
   30.1763802      0.691902339               4          24
   34.8351250      0.690489352              25          15
   31.7292957      0.736885786              36          21
   36.3880386      0.674517214              40          12
   29.6587429      0.672685385              42          25
   41.0467834      0.701134264              65           3
   38.4585915      0.661835670              88           8
   27.5881901      0.904084086              88          29
   33.7998466      0.801684499             112          17
   34.3174858      0.872536898             115          16
   27.0705528      0.842989624             116          30
   26.5529137      0.607763469              27          31
   29.1411057      0.629385054              30          26
   41.0467834      0.649043977              39           3
   36.3880386      0.777324617              40          12
   29.6587429      0.772482097              42          25
   41.0467834      0.672731638              47           3
   42.0820541      0.909349859              52           1
   30.6940193      0.711357713              68          23
   38.4585915      0.624562562              88           8
   27.5881901      0.847382367              88          29
   32.2469330      0.592099547              91          20
   29.6587429      0.615220428             107          25
   33.7998466      0.756976306             112          17
   27.0705528      0.923451364             116          30
   35.3527603      0.693327129               7          14
   26.5529137      0.641892731              27          31
   29.1411057      0.592590749              30          26
   29.1411057      0.764539838              38          26
   41.0467834      0.671675384              39           3
   41.0467834      0.840652108              47           3
   28.1058292      0.910354733              50          28
   42.0820541      0.698041260              52           1
   31.2116566      0.952366471              52          22
   32.7645721      0.985755503              53          19
   30.6940193      0.957243145              68          23
   29.6587429      0.993631482              89          25
   32.2469330      0.824200511              91          20
   26.5529137      0.784270942              99          31
   26.0352764      0.847317755             102          32
   29.6587429      0.764906168             107          25
   35.3527603      0.642932475               7          14
   32.2469330      0.762878656               8          20
   30.6940193      0.562232792              26          23
   29.1411057      0.593646586              38          26
   28.1058292      0.664843142              50          28
   31.2116566      0.904009879              52          22
   32.7645721      0.984774232              53          19
   32.2469330       1.00000000              53          20
   34.3174858      0.662907600              54          16
   31.7292957      0.632551014              85          21
   29.6587429      0.683076084              89          25
   26.5529137      0.537686467              99          31
   26.0352764      0.508011043             102          32
   30.1763802      0.477856725             111          24
   32.2469330      0.964485824               8          20
   28.1058292      0.710944593              15          28
   30.6940193      0.589120567              26          23
   35.3527603      0.857529700              31          14
   26.5529137      0.890185595              45          31
   32.2469330      0.834564567              53          20
   34.3174858      0.904558301              54          16
   35.3527603      0.814798951              80          14
   31.7292957      0.762089312              85          21
   36.3880386      0.742554426             106          12
   30.1763802      0.703878284             111          24
   36.3880386      0.573698819             121          12
   28.1058292      0.653358698              15          28
   37.4233131      0.711033285              30          10
   35.3527603      0.858503878              31          14
   26.5529137       1.00000000              45          31
   31.7292957      0.848412335              51          21
   40.5291443      0.888396859              65           4
   34.8351250      0.756027400              77          15
   35.3527603      0.806192636              80          14
   33.2822113      0.856302321              93          18
   26.5529137      0.872138143              98          31
   36.3880386      0.840487003             106          12
   39.4938660      0.940579057             117           6
   36.3880386      0.841680706             121          12
   41.0467834      0.921648741              26           3
   37.4233131      0.775683463              30          10
   31.7292957      0.906818390              51          21
   40.5291443      0.676017642              65           4
   37.4233131      0.735344350              67          10
   28.6234665      0.687359989              76          27
   34.8351250      0.593925536              77          15
   33.2822113      0.982640684              93          18
   26.5529137      0.938813090              98          31
   41.0467834      0.843508363             101           3
   39.4938660      0.826391578             117           6
   41.0467834      0.815567434              26           3
   36.3880386      0.772333264              29          12
   27.0705528      0.847844064              40          30
   32.7645721      0.840190589              55          19
   37.4233131      0.766029835              67          10
   28.6234665      0.921801686              76          27
   35.8703995      0.948402822              81          13
   27.5881901      0.955720127              83          29
   41.0467834      0.865308940             101           3
   33.7998466      0.937148452             112          17
   36.3880386      0.822130382              29          12
   27.0705528      0.748901844              40          30
   32.7645721      0.763628185              55          19
   35.8703995      0.760722220              81          13
   27.5881901      0.772936821              83          29
   33.7998466      0.814037025             112          17
   33.2822113      0.798660934             118          18
   26.0352764      0.609987319             120          32
   26.5529137      0.845962763              37          31
   33.7998466      0.686445773              38          17
   32.7645721      0.822372079              45          19
   37.9409523      0.934660971              46           9
   34.3174858      0.914682031              91          16
   33.2822113      0.851980865             100          18
   33.2822113      0.811516941             118          18
   26.0352764      0.788702190             120          32
   26.5529137      0.514875054              37          31
   33.7998466      0.418713182              38          17
   32.7645721      0.487255752              45          19
   37.9409523      0.533061564              46           9
   34.3174858      0.488547951              91          16
   33.2822113      0.506219447             100          18
   28.1058292      0.554708600              23          28
   31.7292957      0.618993342              26          21
   33.7998466      0.619722843              28          17
   28.6234665      0.590643883              61          27
   33.7998466      0.583170593              97          17
   28.1058292      0.854249537              23          28
   31.7292957      0.948978364              26          21
   33.7998466      0.881895304              28          17
   31.7292957      0.924082339              51          21
   28.6234665      0.882811189              61          27
   31.2116566      0.900213003              72          22
   33.7998466      0.915093005              97          17
   40.0115051      0.756584108              98           5
   36.3880386      0.714395404             110          12
   29.1411057      0.694506586               3          26
   35.8703995      0.705992460               7          13
   31.7292957      0.865383387              51          21
   35.3527603      0.564640760              72          14
   31.2116566      0.649046659              72          22
   40.0115051      0.691827059              98           5
   33.2822113      0.783643544             108          18
   38.4585915      0.746830285             109           8
   36.3880386      0.777225494             110          12
   40.5291443      0.865274012             119           4
   29.1411057      0.700278819               3          26
   35.8703995      0.741665781               7          13
   31.7292957      0.766822577              25          21
   34.8351250      0.742810607              63          15
   35.3527603      0.724431217              72          14
   40.5291443      0.864574015             108           4
   33.2822113      0.612417459             108          18
   38.4585915      0.807197750             109           8
   40.5291443      0.781976104             119           4
   33.7998466      0.729002416              23          17
   31.7292957      0.832536995              25          21
   34.8351250      0.810927272              63          15
   40.5291443      0.908657849             108           4
   34.3174858      0.851951122             119          16
   37.4233131      0.875866354              18          10
   33.7998466      0.862603843              23          17
   31.2116566      0.963051260              45          22
   38.4585915      0.760675490              65           8
   35.3527603      0.671604276              85          14
   34.3174858      0.855897307             119          16
   31.2116566      0.687777162               7          22
   37.4233131      0.834879696              18          10
   31.2116566      0.858184814              45          22
   38.4585915      0.775503933              65           8
   28.1058292      0.761093974              75          28
   31.7292957      0.821391761              80          21
   35.3527603      0.524464786              85          14
   25.5176373      0.719548702              87          33
   31.7292957       1.00000000              92          21
   26.0352764      0.904978096             100          32
   35.8703995      0.701282561             110          13
   39.4938660      0.845306695               4           6
   31.2116566      0.702502251               7          22
   41.5644188      0.736544013              15           2
   36.9056778      0.845045984              47          11
   35.8703995      0.829930902              67          13
   28.1058292      0.656529248              75          28
   26.5529137      0.963200212              79          31
   31.7292957      0.945836306              80          21
   25.5176373      0.809771419              87          33
   31.7292957      0.957562923              92          21
   26.0352764      0.964108586             100          32
   35.8703995      0.863379300             110          13
   39.4938660      0.720996499               4           6
   41.5644188      0.551240802              15           2
   38.4585915      0.646073401              30           8
   36.9056778      0.607192159              47          11
   40.5291443      0.686099172              59           4
   35.8703995      0.685167015              67          13
   26.5529137      0.626561701              79          31
   29.6587429      0.705267787              13          25
   38.4585915      0.760151446              30           8
   39.4938660      0.567037880              50           6
   25.5176373      0.773719132              56          33
   40.5291443      0.866207004              59           4
   30.6940193      0.658232331              86          23
   35.3527603      0.755044520              10          14
   29.6587429      0.934138715              13          25
   35.8703995      0.858138204              30          13
   30.6940193      0.758943021              35          23
   39.4938660      0.714676023              50           6
   25.5176373      0.984018326              56          33
   31.7292957      0.779315293              60          21
   30.6940193      0.808465660              86          23
   30.6940193      0.836624384             102          23
   35.3527603      0.673504174              10          14
   35.8703995      0.790348649              30          13
   29.6587429      0.874853492              32          25
   30.6940193      0.763738930              35          23
   31.7292957      0.902096987              60          21
   30.6940193      0.746955574             102          23
   35.3527603      0.708047628             112          14
   35.3527603      0.714935243             119          14
   32.2469330      0.721176922               9          20
   37.9409523      0.445119023              19           9
   30.6940193      0.782532513              24          23
   29.6587429      0.725541830              32          25
   31.2116566      0.852418065              43          22
   30.1763802      0.650485814              93          24
   34.3174858      0.602279425              98          16
   35.3527603      0.669839501             112          14
   35.3527603      0.686693668             119          14
   35.8703995      0.589443862               6          13
   32.2469330      0.592831850               9          20
   37.9409523      0.449989945              19           9
   30.6940193      0.801985383              24          23
   27.5881901      0.726669312              40          29
   31.2116566      0.844587564              43          22
   34.8351250      0.643724799              58          15
   29.6587429      0.685341239              89          25
   30.1763802      0.761479616              93          24
   34.3174858      0.683123767              98          16
   40.5291443      0.683094442             119           4
   35.8703995      0.675317943               6          13
   28.6234665      0.928511202               8          27
   34.3174858      0.802895308              37          16
   27.5881901      0.851382732              40          29
   30.1763802      0.801533401              41          24
   34.8351250      0.660856485              58          15
   29.6587429      0.819864154              89          25
   27.5881901      0.814200163             100          29
   31.7292957       1.00000000             111          21
   40.5291443      0.890030146             119           4
   28.6234665      0.715825081               8          27
   34.3174858      0.639731586              37          16
   37.4233131      0.550440669              38          10
   30.1763802      0.624113023              41          24
   37.9409523      0.705962658              48           9
   32.7645721      0.770259857              75          19
   32.2469330      0.645471632              79          20
   36.9056778      0.653793216             100          11
   27.5881901      0.642275155             100          29
   31.7292957      0.772224128             111          21
   37.4233131      0.700833142              38          10
   37.9409523      0.609013677              48           9
   41.0467834      0.744120181              62           3
   32.7645721      0.828141093              75          19
   32.2469330      0.609343529              79          20
   34.3174858      0.647896469              87          16
   36.9056778      0.766076982             100          11
   26.5529137      0.948635459               4          31
   33.7998466      0.853906274               5          17
   30.1763802      0.660984099              33          24
   32.2469330      0.795593262              56          20
   41.0467834      0.668409765              62           3
   34.3174858      0.925155103              87          16
   26.5529137      0.935601890               4          31
   33.7998466      0.803242922               5          17
   30.1763802      0.613795877              33          24
   32.2469330      0.691609085              56          20
   31.2116566      0.654538572              92          22
   26.0352764      0.751908183              10          32
   33.2822113      0.780325830              49          18
   37.4233131      0.720417142              68          10
   31.2116566      0.570920050              92          22
   35.8703995      0.685377061              93          13
   39.4938660      0.756078303              95           6
   32.2469330      0.650765479             101          20
   41.5644188      0.636947632             106           2
   37.9409523      0.716653883             110           9
   36.3880386      0.743621826               3          12
   26.0352764      0.652073920              10          32
   33.2822113      0.809408367              49          18
   38.9762268      0.844555616              59           7
   37.4233131      0.756376982              68          10
   35.8703995      0.748235941              93          13
   39.4938660      0.735019624              95           6
   32.2469330      0.743695080             101          20
   41.5644188      0.638660431             106           2
   37.9409523      0.676878393             110           9
   36.3880386      0.853519261               3          12
   32.2469330      0.961132348               6          20
   40.0115051      0.793808401              18           5
   28.6234665      0.772533834              20          27
   37.4233131      0.852332294              57          10
   38.9762268      0.924872279              59           7
   42.0820541      0.755278230              65           1
   27.0705528      0.885032237              93          30
   32.2469330      0.990896106               6          20
   40.0115051      0.591358900              18           5
   34.8351250      0.744284093              18          15
   28.6234665      0.709050357              20          27
   34.3174858      0.680597842              47          16
   37.4233131      0.739346802              57          10
   42.0820541      0.694844246              65           1
   30.6940193      0.712172508              70          23
   28.6234665      0.824608684              84          27
   27.0705528      0.672711074              93          30
   32.2469330      0.839277446             115          20
   33.7998466      0.677379608               6          17
   26.0352764      0.698506892               8          32
   34.8351250      0.767309785              18          15
   35.3527603      0.709085584              42          14
   34.3174858      0.715876877              47          16
   30.6940193      0.631422698              70          23
   28.6234665      0.718826950              84          27
   29.1411057      0.781881571              97          26
   38.4585915      0.728607357             106           8
   32.2469330      0.909865558             115          20
   33.7998466      0.871414125               6          17
   26.0352764      0.819951653               8          32
   35.8703995      0.863407373              30          13
   40.5291443      0.865935326              35           4
   35.3527603      0.883803248              42          14
   29.6587429      0.984769642              79          25
   32.7645721      0.971448421              94          19
   29.1411057      0.963507831              97          26
   38.4585915      0.666976154             106           8
   26.0352764      0.812044263             109          32
   26.5529137      0.836042047               2          31
   31.2116566      0.768379450               8          22
   29.1411057      0.768936396              27          26
   35.8703995      0.934284985              30          13
   40.5291443      0.900389135              35           4
   31.2116566      0.775366962              37          22
   34.3174858      0.726113558              73          16
   29.6587429      0.982499659              79          25
   38.4585915      0.665847480              82           8
   32.7645721       1.00000000              94          19
   35.3527603      0.858265579             106          14
   26.0352764      0.803875566             109          32
   26.5529137      0.930144548               2          31
   31.2116566      0.691678107               8          22
   29.1411057      0.758894026              27          26
   31.2116566      0.763077796              37          22
   31.7292957      0.822642386              44          21
   26.0352764      0.712241173              54          32
   34.3174858      0.793204844              73          16
   40.5291443      0.720969200              75           4
   30.6940193      0.842588067              81          23
   38.4585915      0.764195800              82           8
   30.6940193      0.920958221              91          23
   35.3527603      0.968448102             106          14
   34.3174858      0.638789237              28          16
   31.7292957      0.849417210              44          21
   26.0352764      0.852181554              49          32
   26.0352764      0.700706184              54          32
   36.9056778      0.774091721              55          11
   40.5291443      0.733003974              75           4
   30.1763802      0.594604552              77          24
   30.6940193      0.679539621              81          23
   40.0115051      0.785229921              84           5
   30.6940193      0.673920929              91          23
   37.4233131      0.745100260              92          10
   27.5881901      0.942788661             101          29
   35.3527603      0.743135750              17          14
   34.8351250      0.745520234              19          15
   31.2116566      0.665564358              22          22
   35.3527603      0.738260210              28          14
   34.3174858      0.620363533              28          16
   38.9762268      0.664017022              31           7
   26.0352764      0.396712959              49          32
   25.5176373      0.576953471              50          33
   36.9056778      0.712047696              55          11
   40.0115051      0.976188242              64           5
   30.1763802      0.692443609              77          24
   40.0115051      0.657014430              84           5
   37.4233131      0.874380827              92          10
   32.2469330      0.963763893              96          20
   27.5881901      0.791091561             101          29
   30.6940193      0.677123547              13          23
   35.3527603      0.768531203              17          14
   34.8351250      0.591145158              19          15
   31.2116566      0.809962034              22          22
   35.3527603      0.784769416              28          14
   38.9762268      0.780579090              31           7
   39.4938660      0.757075965              36           6
   25.5176373      0.857299209              50          33
   40.0115051       1.00000000              64           5
   41.0467834      0.781613827              66           3
   31.2116566      0.448318034              73          22
   32.7645721      0.537545145              74          19
   34.3174858      0.732983410              94          16
   32.2469330      0.794244051              96          20
   30.6940193      0.703443587              13          23
   27.0705528      0.649089217              18          30
   26.5529137      0.719307303              26          31
   39.4938660      0.697087228              36           6
   36.3880386      0.679937720              64          12
   41.0467834      0.667884827              66           3
   31.2116566      0.579925716              73          22
   32.7645721      0.568302751              74          19
   29.1411057      0.696514368              74          26
   32.2469330      0.776151359              79          20
   34.3174858      0.719125271              94          16
   31.7292957      0.820090175             102          21
   31.2116566      0.574385762             117          22
   27.0705528      0.668624640              18          30
   39.4938660      0.881244719              23           6
   26.5529137      0.790706396              26          31
   36.3880386      0.724640965              64          12
   38.9762268      0.768389165              66           7
   29.1411057      0.579601586              74          26
   32.2469330      0.901280940              79          20
   31.7292957      0.813562214             102          21
   41.0467834      0.712128401             105           3
   31.7292957      0.780660570             107          21
   31.2116566      0.671581447             117          22
   25.5176373      0.854805827              21          33
   39.4938660      0.747165740              23           6
   38.9762268      0.852721035              66           7
   37.9409523      0.780915141              92           9
   41.0467834      0.809435189             105           3
   31.7292957      0.799164712             107          21
   25.5176373      0.639432728              21          33
   33.7998466      0.843285441              28          17
   32.7645721      0.858464539              31          19
   30.6940193      0.641655624              60          23
   37.9409523      0.666137040              92           9
   41.0467834      0.808458507             109           3
   33.7998466       1.00000000              28          17
   32.7645721      0.901041925              31          19
   26.0352764      0.749300063              34          32
   26.0352764      0.763306320              41          32
   30.6940193      0.651820660              60          23
   30.6940193      0.678699017              84          23
   38.9762268      0.737746239              94           7
   34.8351250      0.775595725             100          15
   41.0467834      0.781733513             109           3
   28.6234665      0.854845822             117          27
   37.4233131      0.788924694             118          10
   41.0467834      0.720310688              16           3
   36.9056778      0.798739910              29          11
   26.0352764      0.771043181              34          32
   26.0352764      0.792187870              41          32
   30.6940193      0.596013784              84          23
   38.9762268      0.785940289              94           7
   34.8351250      0.846413493             100          15
   27.0705528      0.762391806             113          30
   28.6234665      0.869896293             117          27
   37.4233131      0.866153657             118          10
   28.1058292      0.897610128             119          28
   41.0467834      0.837047517              16           3
   36.9056778      0.814554930              29          11
   35.3527603      0.849718451              65          14
   33.7998466      0.892033041              81          17
   27.5881901      0.755865812              85          29
   32.7645721      0.917980552              89          19
   29.6587429      0.935434103             107          25
   27.0705528      0.763884008             113          30
   41.0467834      0.790434539             116           3
   28.1058292      0.792644501             119          28
   28.1058292      0.896523535              22          28
   31.7292957      0.900045097              28          21
   41.5644188      0.874956369              51           2
   35.3527603      0.863301516              65          14
   34.3174858      0.815688670              71          16
   40.0115051      0.735879004              76           5
   33.7998466      0.722260296              81          17
   27.5881901      0.623615563              85          29
   32.7645721      0.791247189              89          19
   33.7998466       1.00000000              91          17
   29.6587429      0.943053663             107          25
   41.0467834      0.759739041             116           3
   40.5291443      0.901295841               8           4
   28.1058292      0.975363493              22          28
   33.7998466      0.765731275              23          17
   31.7292957      0.978939176              28          21
   35.8703995      0.737816274              29          13
   41.0467834      0.840827405              35           3
   41.5644188      0.992754102              51           2
   34.3174858      0.986116469              71          16
   40.0115051      0.843307078              76           5
   40.0115051      0.821774125              82           5
   33.7998466      0.913151145              91          17
   36.9056778      0.892157376             106          11
   40.5291443      0.987054467               8           4
   33.7998466      0.969954371               9          17
   33.7998466      0.790763438              23          17
   35.8703995      0.834800482              29          13
   41.0467834      0.893546641              35           3
   27.5881901      0.806131244              41          29
   40.0115051      0.923521221              82           5
   27.5881901      0.787680507              90          29
   36.9056778      0.771676362             106          11
   25.5176373      0.901910126             114          33
   33.7998466      0.753001988               9          17
   28.6234665      0.728543639              16          27
   27.5881901      0.721913278              41          29
   36.3880386      0.721418142              50          12
   31.2116566      0.528885663              72          22
   34.3174858      0.616496623              83          16
   27.5881901      0.773040056              90          29
   25.5176373      0.759562850             114          33
   41.0467834      0.905416131              15           3
   28.6234665      0.922339737              16          27
   29.1411057      0.892780900              23          26
   33.7998466      0.910705566              30          17
   36.3880386      0.871943355              50          12
   31.2116566      0.640761018              72          22
   37.9409523      0.847541273              75           9
   41.5644188      0.903116643              83           2
   34.3174858      0.879756451              83          16
   41.0467834      0.717068553              15           3
   34.8351250      0.925890744              16          15
   29.1411057      0.754787207              23          26
   33.7998466      0.792451560              30          17
   35.8703995      0.821036518              35          13
   37.9409523      0.577474177              75           9
   41.5644188      0.613519013              83           2
   30.1763802      0.630861461              87          24
   38.4585915      0.696551979              99           8
   36.9056778      0.681708336             119          11
   34.8351250      0.787937403              16          15
   30.6940193      0.792170465              29          23
   35.8703995      0.949798346              35          13
   35.3527603      0.790981352              42          14
   28.6234665      0.910471857              61          27
   30.6940193      0.613746345              74          23
   30.1763802      0.903194427              87          24
   27.5881901      0.917981684              87          29
   37.9409523      0.844048321              94           9
   38.4585915      0.689950168              99           8
   36.9056778      0.695338607             119          11
   40.5291443      0.772573709               8           4
   28.6234665      0.855814338              25          27
   30.6940193      0.779704809              29          23
   35.3527603      0.648207963              42          14
   40.5291443      0.756773293              48           4
   25.5176373      0.642356932              53          33
   28.6234665      0.739080906              61          27
   30.6940193      0.505457580              74          23
   36.9056778      0.677967131              84          11
   27.5881901      0.638866067              87          29
   37.9409523      0.719811738              94           9
   40.5291443      0.479187578               8           4
   27.0705528      0.637455940              11          30
   28.6234665      0.625532448              13          27
   28.6234665      0.660282195              25          27
   40.5291443      0.724826992              48           4
   25.5176373      0.762106359              53          33
   36.9056778      0.620428979              84          11
