   41.5644188      0.761578798              17           2
   40.0115051      0.783017039             109           5
   41.5644188      0.684796631              17           2
   40.0115051      0.751589835             109           5
   41.0467834      0.592586398             109           3
   41.5644188      0.629978597              89           2
   41.0467834      0.819757700             109           3
   41.5644188      0.843654394              89           2
   40.5291443      0.675995886               3           4
   40.5291443      0.641069114               3           4
   41.0467834      0.590531707             102           3
   40.5291443      0.851454616              89           4
   41.0467834      0.634608328             102           3
   41.5644188      0.816565514              27           2
   40.5291443      0.919528186              89           4
   41.5644188      0.839280009              27           2
   42.0820541      0.793606400             117           1
   41.0467834      0.802130044              75           3
   42.0820541      0.817594469              81           1
   42.0820541      0.750867546             117           1
   41.0467834      0.711167932              75           3
   42.0820541      0.832548440              81           1
   41.5644188      0.786296427             114           2
   41.0467834      0.632143676              66           3
   40.0115051      0.889587700              98           5
   41.5644188      0.868080199             114           2
   41.0467834      0.526081920              66           3
   40.0115051      0.778172970              98           5
   41.5644188      0.951558828              38           2
   41.5644188      0.889137805             115           2
   41.5644188      0.673902512              29           2
   41.5644188      0.675845265              38           2
   41.5644188      0.801850498             115           2
   41.5644188      0.725061536              29           2
   42.0820541      0.878040552             103           1
   42.0820541      0.834776819             103           1
   40.5291443      0.648124278             120           4
   40.0115051      0.807854891               4           5
   40.5291443      0.785114944             120           4
   40.0115051      0.606592774               4           5
   41.5644188      0.789579093             114           2
   41.5644188      0.497758716              18           2
   40.0115051      0.517498195              56           5
   41.5644188      0.577923775              59           2
   41.5644188      0.499409258             114           2
   41.5644188      0.748082280              18           2
   40.0115051      0.790310621              56           5
   41.5644188      0.797690451              59           2
   40.5291443      0.719158888             120           4
   40.5291443      0.728931844             120           4
   42.0820541      0.868301928              24           1
   41.5644188      0.808968008              31           2
   42.0820541      0.770940423              24           1
   41.5644188      0.822920620              31           2
   40.5291443      0.874580085             108           4
   40.5291443      0.821669757             108           4
   40.5291443      0.738968372             118           4
   41.0467834      0.772264361              65           3
   40.5291443      0.774200737             118           4
   41.0467834      0.701134264              65           3
   41.0467834      0.649043977              39           3
   41.0467834      0.672731638              47           3
   42.0820541      0.909349859              52           1
   41.0467834      0.671675384              39           3
   41.0467834      0.840652108              47           3
   42.0820541      0.698041260              52           1
   40.5291443      0.888396859              65           4
   41.0467834      0.921648741              26           3
   40.5291443      0.676017642              65           4
   41.0467834      0.843508363             101           3
   41.0467834      0.815567434              26           3
   41.0467834      0.865308940             101           3
   40.0115051      0.756584108              98           5
   40.0115051      0.691827059              98           5
   40.5291443      0.865274012             119           4
   40.5291443      0.864574015             108           4
   40.5291443      0.781976104             119           4
   40.5291443      0.908657849             108           4
   41.5644188      0.736544013              15           2
   41.5644188      0.551240802              15           2
   40.5291443      0.686099172              59           4
   40.5291443      0.866207004              59           4
   40.5291443      0.683094442             119           4
   40.5291443      0.890030146             119           4
   41.0467834      0.744120181              62           3
   41.0467834      0.668409765              62           3
   41.5644188      0.636947632             106           2
   41.5644188      0.638660431             106           2
   40.0115051      0.793808401              18           5
   42.0820541      0.755278230              65           1
   40.0115051      0.591358900              18           5
   42.0820541      0.694844246              65           1
   40.5291443      0.865935326              35           4
   40.5291443      0.900389135              35           4
   40.5291443      0.720969200              75           4
   40.5291443      0.733003974              75           4
   40.0115051      0.785229921              84           5
   40.0115051      0.976188242              64           5
   40.0115051      0.657014430              84           5
   40.0115051       1.00000000              64           5
   41.0467834      0.781613827              66           3
   41.0467834      0.667884827              66           3
   41.0467834      0.712128401             105           3
   41.0467834      0.809435189             105           3
   41.0467834      0.808458507             109           3
   41.0467834      0.781733513             109           3
   41.0467834      0.720310688              16           3
   41.0467834      0.837047517              16           3
   41.0467834      0.790434539             116           3
   41.5644188      0.874956369              51           2
   40.0115051      0.735879004              76           5
   41.0467834      0.759739041             116           3
   40.5291443      0.901295841               8           4
   41.0467834      0.840827405              35           3
   41.5644188      0.992754102              51           2
   40.0115051      0.843307078              76           5
   40.0115051      0.821774125              82           5
   40.5291443      0.987054467               8           4
   41.0467834      0.893546641              35           3
   40.0115051      0.923521221              82           5
   41.0467834      0.905416131              15           3
   41.5644188      0.903116643              83           2
   41.0467834      0.717068553              15           3
   41.5644188      0.613519013              83           2
   40.5291443      0.772573709               8           4
   40.5291443      0.756773293              48           4
   40.5291443      0.479187578               8           4
   40.5291443      0.724826992              48           4
