   18.7883434      0.996246278              40          46
   19.8236198       1.00000000              43          44
   16.2001534      0.572897971              47          51
   15.1648760      0.871952832              54          53
   11.0237713      0.702025831              59          61
   13.6119623      0.726154923              69          56
   10.5061340      0.652170241              80          62
   17.7530670      0.886121929              91          48
   17.7530670      0.920041025              13          48
   15.1648760       1.00000000              26          53
   18.7883434      0.757122993              40          46
   16.2001534      0.739418626              41          51
   16.2001534      0.847016156              47          51
   14.6472378      0.967070639              49          54
   15.1648760      0.876758814              54          53
   10.5061340      0.724171162              80          62
   17.7530670      0.926822305              13          48
   15.1648760      0.803964019              26          53
   16.2001534      0.708135486              41          51
   14.6472378      0.789783120              49          54
   17.2354279      0.771699071              74          49
   19.8236198      0.839609623             118          44
   19.3059807      0.627252996              67          45
   17.2354279      0.629012644              74          49
   12.5766859      0.405520350              82          58
   19.8236198      0.628432155             118          44
   17.7530670      0.900423825              42          48
   17.2354279      0.649845302              61          49
   19.3059807      0.949682653              67          45
   12.5766859      0.690174580              82          58
   17.7530670      0.711044312              42          48
   17.2354279      0.644929230              61          49
   15.1648760      0.749781847              86          53
   19.3059807      0.890510738              91          45
   17.2354279      0.682599366             121          49
   13.6119623      0.917605042               8          56
   15.1648760      0.911546111              37          53
   16.2001534      0.754271448              63          51
   13.0943241      0.820032358              71          57
   18.2707043      0.818709791              73          47
   15.1648760      0.914584637              86          53
   19.3059807      0.981109083              91          45
   17.2354279      0.880456388             121          49
   13.6119623      0.990458846               8          56
   18.2707043      0.685467601              13          47
   18.7883434      0.868682086              32          46
   15.1648760      0.590505064              37          53
   16.2001534      0.704832911              63          51
   13.0943241      0.826536119              71          57
   18.2707043      0.596453369              73          47
   16.2001534      0.701998413              96          51
   18.2707043      0.903867781              13          47
   17.2354279      0.857218087              15          49
   18.7883434      0.505037189              32          46
   16.2001534      0.567782938              96          51
   17.2354279      0.979816377              15          49
   15.6825142      0.737770736               7          52
   19.8236198      0.804254174              15          44
   10.5061340      0.787499070              17          62
   14.1296005      0.864390016              71          55
   11.0237713      0.579473138              89          61
   15.6825142      0.634160697               7          52
   19.8236198      0.702812731              15          44
   10.5061340      0.945414722              17          62
   14.1296005      0.846257865              44          55
   18.2707043      0.791034639              50          47
   14.1296005      0.835105419              71          55
   17.2354279      0.665969074              81          49
   12.5766859      0.788409173              89          58
   11.0237713      0.726719439              89          61
   14.1296005      0.857120216              44          55
   18.2707043      0.853750467              50          47
   17.2354279      0.870368898              81          49
   12.5766859      0.643528938              89          58
   18.7883434      0.715898275             110          46
   16.2001534      0.950102806             114          51
   19.8236198      0.905534506              42          44
   14.6472378      0.741954267              75          54
   15.1648760      0.865716219              90          53
   18.7883434      0.738281906             110          46
   17.2354279      0.986226380             113          49
   16.2001534       1.00000000             114          51
   11.5414095      0.895940661              39          60
   19.8236198      0.697201252              42          44
   17.7530670      0.848165095              57          48
   14.6472378      0.941131115              75          54
   15.1648760       1.00000000              90          53
   17.2354279      0.932041764             113          49
   13.6119623      0.560379267              17          56
   11.5414095      0.913924873              39          60
   18.7883434      0.768424153              51          46
   17.7530670      0.817150295              57          48
   16.7177906      0.717166841              66          50
   14.1296005      0.722106218              86          55
   14.1296005      0.833925962             102          55
   13.6119623       1.00000000              17          56
   18.7883434      0.745420218              51          46
   16.7177906      0.718600988              66          50
   17.2354279      0.616555929              77          49
   14.1296005      0.747035027              86          55
   14.1296005      0.709529459             102          55
   14.6472378      0.674595237              38          54
   17.2354279      0.661599755              77          49
   12.0590477      0.698005259             100          59
   19.8236198      0.743272185              20          44
   14.6472378      0.634498358              38          54
   12.0590477      0.578590751             100          59
   19.3059807      0.744447112             109          45
   19.8236198      0.934595764              20          44
   17.7530670      0.960591435              46          48
   11.5414095      0.818767786              46          60
   11.5414095      0.863832533              71          60
   19.3059807      0.695504308             109          45
   12.5766859      0.861594915              35          58
   17.7530670       1.00000000              46          48
   11.5414095      0.797183454              46          60
   13.6119623      0.821431875              66          56
   11.5414095      0.823288262              71          60
   12.0590477      0.618127882              74          59
   17.7530670      0.778223813              79          48
   18.2707043      0.690721452             102          47
   12.5766859      0.494003296              16          58
   14.1296005      0.691242278              32          55
   12.5766859      0.761376560              35          58
   17.2354279      0.815136552              44          49
   13.6119623      0.899058640              66          56
   17.7530670      0.874123633              68          48
   12.0590477      0.669521272              74          59
   17.7530670      0.912600994              79          48
   18.2707043      0.834536552             102          47
   12.5766859      0.648523211              16          58
   17.7530670      0.893788338              22          48
   14.1296005      0.739701807              32          55
   17.2354279      0.868806958              44          49
   17.7530670      0.696455598              68          48
   17.7530670       1.00000000              75          48
   17.2354279      0.992393196              77          49
   18.2707043      0.940801859              14          47
   17.7530670      0.717395484              22          48
   17.7530670      0.708420932              48          48
   17.7530670       1.00000000              75          48
   17.2354279      0.884721220              77          49
   10.5061340      0.957979798              85          62
   18.2707043      0.699870288              14          47
   17.7530670      0.640425682              48          48
   10.5061340      0.559522986              85          62
   10.5061340      0.757552505             102          62
   10.5061340      0.703939736             102          62
   17.2354279      0.869965613              12          49
   14.1296005      0.579927027              84          55
   19.3059807      0.650899112              91          45
   17.2354279      0.716981709              12          49
   12.0590477      0.547622979              54          59
   12.5766859      0.664942861              64          58
   15.1648760      0.760370135              72          53
   14.1296005      0.507857025              84          55
   19.3059807      0.550953448              91          45
   12.0590477      0.928569257              54          59
   12.5766859      0.997297823              64          58
   15.1648760      0.892547905              72          53
   14.1296005      0.750876546             115          55
   11.0237713      0.514467120              38          61
   14.1296005      0.536156714             115          55
   11.0237713      0.754050314              38          61
   17.7530670      0.979698539              65          48
   10.5061340      0.831841767              70          62
   11.0237713      0.979701161              88          61
   15.6825142      0.796246409              98          52
   11.0237713      0.742492914               6          61
   18.7883434      0.808937073              25          46
   17.7530670      0.680653751              65          48
   10.5061340      0.723219633              70          62
   11.0237713      0.789917409              88          61
   15.6825142      0.731073558              98          52
   10.5061340      0.773196578             103          62
   11.0237713      0.608058274               6          61
   18.7883434      0.894055009              25          46
   10.5061340      0.649624705             103          62
   13.6119623      0.639087021             105          56
   18.2707043      0.845304847             109          47
   13.6119623      0.794936776              46          56
   18.7883434      0.856801629              59          46
   15.6825142      0.634663641              69          52
   19.3059807      0.512702405              75          45
   16.2001534      0.795579314              77          51
   13.6119623      0.798407853             105          56
   18.2707043      0.750282645             109          47
   11.0237713      0.753504753              37          61
   13.6119623      0.681315899              46          56
   19.8236198      0.741473377              48          44
   18.7883434      0.857687175              59          46
   15.6825142      0.621293068              69          52
   19.3059807      0.623408914              75          45
   16.2001534      0.601842880              77          51
   16.7177906      0.797075033              18          50
   15.6825142      0.686175883              18          52
   11.0237713      0.920785487              37          61
   19.8236198      0.779758573              48          44
   16.7177906       1.00000000              80          50
   17.7530670      0.942968071              94          48
   15.1648760      0.791922688              17          53
   16.7177906      0.951520324              18          50
   15.6825142      0.882929325              18          52
   13.0943241      0.940778077              33          57
   18.2707043      0.747546852              41          47
   19.3059807      0.808446169              56          45
   16.7177906      0.785339713              80          50
   17.7530670      0.974027216              94          48
   12.0590477      0.412914634              98          59
   15.1648760      0.778008997              17          53
   13.0943241      0.822834671              25          57
   13.0943241      0.602350950              33          57
   18.2707043      0.858482361              41          47
   19.3059807      0.838692784              56          45
   15.1648760      0.714909434              94          53
   12.0590477      0.826372266              98          59
   10.5061340       1.00000000             117          62
   15.6825142      0.593303561              11          52
   13.0943241      0.856484652              25          57
   18.2707043      0.897223771              84          47
   15.1648760      0.659440577              94          53
   11.5414095      0.793098271             105          60
   10.5061340       1.00000000             117          62
   12.0590477      0.618227780              10          59
   15.6825142      0.598959982              11          52
   19.3059807      0.700895667              26          45
   18.2707043      0.797541976              29          47
   17.7530670      0.592770875              40          48
   18.7883434      0.833473682              55          46
   18.2707043      0.824674308              84          47
   18.7883434      0.789887965              86          46
   16.2001534      0.910754263              88          51
   11.5414095      0.891210198             105          60
   12.0590477      0.862471581              10          59
   19.3059807      0.672247410              26          45
   18.2707043      0.697704375              29          47
   11.5414095       1.00000000              29          60
   15.1648760      0.824862003              39          53
   17.7530670      0.734974742              40          48
   18.7883434      0.757785738              55          46
   18.7883434      0.913792789              86          46
   16.2001534      0.859224439              88          51
   13.0943241      0.638589025              19          57
   11.5414095      0.700516045              29          60
   15.1648760      0.690883160              39          53
   19.3059807      0.822577059              88          45
   10.5061340      0.701430261               2          62
   13.0943241      0.690193594              19          57
   13.6119623      0.923519671              55          56
   19.3059807      0.743139982              88          45
   19.8236198      0.668752789             117          44
   10.5061340      0.826508582               2          62
   13.6119623       1.00000000              55          56
   16.7177906      0.580304682              86          50
   13.6119623      0.668306231              96          56
   19.8236198      0.557407677             117          44
   16.7177906      0.841053605              86          50
   15.1648760      0.777063787              89          53
   13.6119623      0.832471728              96          56
   15.6825142      0.631581604              97          52
   15.1648760      0.755522907              89          53
   15.6825142      0.549748838              97          52
   13.6119623      0.882353067             106          56
   17.7530670      0.601578116              60          48
   15.1648760      0.734284878              62          53
   13.6119623      0.649916589             106          56
   17.7530670      0.864019036              60          48
   15.1648760      0.854660273              62          53
   17.2354279      0.795504987              99          49
   19.8236198      0.918150544              46          44
   17.2354279      0.960219145              99          49
   18.7883434      0.856530845              13          46
   12.5766859      0.811462522              45          58
   19.8236198      0.784304976              46          44
   17.7530670      0.947350025             100          48
   18.7883434      0.896988273              13          46
   12.5766859      0.756233752              45          58
   18.2707043      0.893418193              52          47
   16.2001534      0.796768069              55          51
   19.3059807      0.764160633              96          45
   17.7530670      0.785554528             100          48
   18.7883434      0.738929152              25          46
   19.3059807      0.639472783              46          45
   16.2001534      0.458982408              49          51
   18.2707043      0.720493555              52          47
   16.2001534      0.690698802              55          51
   12.5766859      0.761304855              82          58
   19.3059807      0.692669511              96          45
   15.6825142      0.686487734             109          52
   19.8236198      0.724213541             117          44
   18.7883434      0.978800356              25          46
   19.3059807      0.706157148              46          45
   16.2001534      0.729650676              49          51
   12.5766859      0.773416877              82          58
   18.2707043      0.861744463              88          47
   15.6825142      0.725932479             109          52
   19.8236198      0.662632585             117          44
   14.6472378      0.466617852              40          54
   18.2707043      0.533739448              88          47
   15.1648760      0.503728569              89          53
   19.3059807      0.538341820              95          45
   13.0943241      0.571161211              24          57
   14.6472378      0.663889349              40          54
   18.7883434      0.553764343              57          46
   18.2707043      0.611707449              89          47
   15.1648760      0.524967194              89          53
   19.3059807      0.567180157              95          45
   18.2707043      0.585729480             110          47
   13.0943241      0.728220880              24          57
   17.7530670      0.799942911              27          48
   18.7883434      0.812646091              57          46
   18.2707043      0.697268128              89          47
   13.0943241      0.633212030              92          57
   18.2707043      0.849539936             110          47
   12.0590477      0.876522779             120          59
   17.7530670      0.871799707              27          48
   13.0943241      0.704717219              92          57
   16.2001534      0.896094024             114          51
   12.0590477      0.793873966             120          59
   13.0943241      0.743927658               3          57
   10.5061340      0.788469374              45          62
   12.0590477      0.729435027             106          59
   16.2001534      0.974975467             114          51
   13.0943241      0.850972295               3          57
   12.0590477      0.803420305              23          59
   12.0590477      0.635896683              25          59
   10.5061340      0.709866822              45          62
   12.0590477      0.790474176             106          59
   11.0237713      0.963155746             114          61
   16.2001534      0.915814161             120          51
   13.0943241      0.942674875              17          57
   12.0590477      0.517243028              23          59
   12.0590477      0.646363080              25          59
   13.6119623       1.00000000              75          56
   11.0237713      0.968050718             114          61
   16.2001534      0.972694397             120          51
   13.0943241      0.689687192              17          57
   13.6119623      0.806188047              75          56
   11.0237713      0.923939347              90          61
   17.2354279      0.830869913              24          49
   16.2001534      0.602292895              30          51
   11.0237713      0.854430020              90          61
   17.2354279      0.642999887              24          49
   16.2001534      0.499083132              30          51
   10.5061340      0.624209404              78          62
   16.7177906      0.587096095              89          50
   17.7530670      0.550653934             115          48
   16.2001534      0.494469911             118          51
   16.7177906      0.890834510              18          50
   15.6825142      0.826334059              25          52
   17.7530670      0.884407818              77          48
   10.5061340      0.668086648              78          62
   16.7177906      0.741496980              89          50
   17.7530670      0.789905012             115          48
   16.2001534      0.679413736             118          51
   16.7177906      0.738935530              18          50
   15.6825142      0.916638017              25          52
   17.7530670      0.817824006              77          48
   13.6119623      0.692021906              86          56
   13.6119623      0.692021906              86          56
   14.6472378      0.845236540              35          54
   14.6472378      0.825057328              76          54
   13.6119623      0.702091575              86          56
   13.6119623      0.702091575              86          56
   19.8236198       1.00000000              90          44
   19.3059807      0.834612906             106          45
   14.6472378      0.869564116              35          54
   14.6472378      0.771880090              76          54
   19.8236198      0.760352492              90          44
   19.3059807      0.668583393             106          45
   18.7883434      0.743178904               3          46
   16.2001534      0.663950324              36          51
   16.7177906      0.618973076              60          50
   18.7883434      0.933105946               3          46
   14.1296005      0.756425917               3          55
   16.2001534      0.876465619              36          51
   15.1648760      0.608686209              56          53
   16.7177906      0.732130826              60          50
   16.2001534      0.740952194             110          51
   14.1296005      0.724718511               3          55
   11.5414095      0.650687933              42          60
   18.7883434      0.584167540              44          46
   10.5061340      0.970605075              47          62
   15.1648760      0.628612876              56          53
   16.2001534      0.584390104             110          51
   17.7530670      0.727283955              21          48
   11.5414095      0.828446090              42          60
   18.7883434      0.671691954              44          46
   10.5061340       1.00000000              47          62
   16.7177906      0.635624409              89          50
   18.7883434      0.608329177              92          46
   17.7530670       1.00000000              21          48
   16.7177906      0.799740970              44          50
   19.8236198      0.773954988              86          44
   13.0943241      0.764701903              88          57
   16.7177906      0.668148100              89          50
   18.7883434      0.568485439              92          46
   15.6825142      0.591659009              12          52
   15.6825142      0.669467270              14          52
   10.5061340      0.535756528              24          62
   11.0237713      0.556506336              25          61
   16.7177906      0.639201283              44          50
   10.5061340      0.974926353              84          62
   19.8236198      0.627411723              86          44
   13.0943241      0.825562835              88          57
   11.5414095      0.845054567              88          60
   15.6825142      0.813865304              12          52
   15.6825142      0.630895078              14          52
   10.5061340      0.743737340              24          62
   11.0237713      0.849413395              25          61
   10.5061340      0.558541179              84          62
   11.5414095       1.00000000              88          60
   14.6472378      0.914013863             121          54
   18.2707043      0.709463716              35          47
   17.2354279      0.952946603              68          49
   12.0590477      0.701674223              91          59
   12.0590477      0.971070349              98          59
   14.6472378       1.00000000             121          54
   15.1648760      0.733416319              21          53
   18.2707043      0.727289855              35          47
   13.0943241      0.906307757              38          57
   17.2354279      0.746173978              68          49
   12.0590477      0.557788372              91          59
   14.6472378      0.739609540              95          54
   12.0590477      0.841832817              98          59
   17.7530670      0.447157323              17          48
   15.1648760      0.639195025              21          53
   16.7177906      0.609362423              24          50
   13.0943241      0.658938348              38          57
   19.3059807      0.701126814              49          45
   17.2354279      0.691881835              86          49
   14.6472378      0.800916612              95          54
   14.6472378      0.786317170               1          54
   17.7530670      0.683159888              17          48
   19.3059807      0.655438423              18          45
   16.7177906      0.543714583              24          50
   19.3059807      0.703766227              49          45
   17.7530670      0.714832783              51          48
   17.2354279      0.627853870              86          49
   13.6119623      0.621126115             106          56
   14.6472378      0.686577260               1          54
   19.3059807      0.635673463              18          45
   17.7530670      0.688162565              51          48
   19.8236198      0.881845593              60          44
   19.8236198      0.764694154              67          44
   12.5766859      0.879006565              87          58
   15.1648760      0.607965410              92          53
   13.6119623      0.751789570             106          56
   13.6119623      0.850776494              54          56
   19.8236198      0.600125134              60          44
   19.8236198      0.736629486              67          44
   12.5766859      0.866954505              87          58
   15.1648760      0.512036145              92          53
   13.6119623      0.926582515              54          56
   13.6119623      0.625219703              65          56
   15.6825142      0.817464292              18          52
   13.6119623      0.830261469              65          56
   12.5766859      0.971791327             114          58
   15.6825142      0.750316858              18          52
   16.2001534      0.558380306              98          51
   12.5766859      0.860445440             114          58
   12.0590477      0.894276619             116          59
   16.2001534      0.739156067              98          51
   12.0590477      0.766091526             116          59
   19.3059807      0.610728979              16          45
   12.5766859      0.564149320              49          58
   17.2354279       1.00000000               1          49
   19.3059807      0.710020840              16          45
   16.7177906      0.757990360              39          50
   12.5766859      0.762083590              49          58
   14.6472378      0.764515102              64          54
   17.2354279      0.921040416               1          49
   13.6119623      0.993770063              19          56
   16.7177906      0.903889477              39          50
   15.1648760      0.837601721              55          53
   14.6472378      0.732934296              64          54
   11.5414095      0.548009336             114          60
   11.5414095      0.856226742             118          60
   12.0590477      0.722822368              17          59
   13.6119623      0.606406748              19          56
   15.1648760      0.847477078              55          53
   11.5414095      0.765535772             114          60
   15.1648760      0.808984458             118          53
   11.5414095      0.627557814             118          60
   17.2354279      0.816427290              14          49
   12.0590477      0.821642041              17          59
   18.7883434      0.697142065              75          46
   15.1648760      0.708804548             118          53
   17.2354279      0.816496253              14          49
   12.5766859      0.858787835              16          58
   18.2707043       1.00000000              45          47
   18.7883434      0.852197647              75          46
   12.0590477      0.910951316             120          59
   12.5766859      0.933020353              16          58
   18.2707043      0.912299514              45          47
   15.1648760      0.951208889             116          53
   12.0590477      0.868956864             120          59
   14.6472378      0.801234782               7          54
   12.0590477      0.857763767             100          59
   15.1648760      0.864010751             116          53
   14.6472378      0.799082577               7          54
   15.6825142      0.452514946              35          52
   12.0590477      0.832654119             100          59
   11.5414095      0.885630667              17          60
   15.6825142      0.610395789              35          52
   14.1296005      0.854467332              60          55
   13.6119623      0.756822526              85          56
   11.5414095      0.872769713              17          60
   14.1296005      0.662757277              60          55
   18.2707043      0.793784618              66          47
   13.6119623      0.785568953              85          56
   17.7530670      0.748966694             101          48
   13.6119623      0.776797593             121          56
   11.5414095      0.888684571              17          60
   18.7883434      0.778198123              44          46
   14.1296005       1.00000000              50          55
   18.2707043      0.783295453              66          47
   17.7530670      0.897348464             101          48
   13.6119623      0.869643509             121          56
   11.5414095      0.798112094              17          60
   12.5766859      0.510462642              30          58
   18.7883434      0.794212162              44          46
   14.1296005      0.901660681              50          55
   12.5766859      0.712623000              30          58
   13.0943241      0.842823327              55          57
   14.6472378      0.710914493              68          54
   12.5766859      0.987160981              53          58
   12.0590477      0.933702588              54          59
   13.0943241      0.915248334              55          57
   12.0590477      0.826865017              55          59
   14.6472378      0.608002305              68          54
   19.8236198      0.714968085               8          44
   12.5766859      0.748464108              30          58
   12.0590477      0.599851966              31          59
   10.5061340      0.975362718              49          62
   12.5766859      0.689440787              53          58
   12.0590477      0.867256045              54          59
   12.0590477      0.889366746              55          59
   10.5061340      0.751698554              63          62
   15.1648760      0.641986191              78          53
   15.6825142      0.717617393             110          52
