          27          31  -31.7299995      -71.6849976      0.607763469    
          30          26  -31.6800003      -71.5800018      0.629385054    
          39           3  -31.5349998      -71.1039963      0.649043977    
          40          12  -31.5100002      -71.2860031      0.777324617    
          42          25  -31.4640007      -71.5479965      0.772482097    
          47           3  -31.3910007      -71.0970001      0.672731638    
          47          70  -31.3349991      -72.4560013      0.920644760    
          52           1  -31.3020000      -71.0520020      0.909349859    
          54          67  -31.2119999      -72.3880005      0.594658613    
          68          23  -30.9969997      -71.4830017      0.711357713    
          86          50  -30.6509991      -72.0100021      0.841053605    
          88           8  -30.6480007      -71.1630020      0.624562562    
          88          29  -30.6320000      -71.5849991      0.847382367    
          89          53  -30.5939999      -72.0670013      0.777063787    
          91          20  -30.5849991      -71.4010010      0.592099547    
          96          56  -30.4650002      -72.1200027      0.832471728    
          97          52  -30.4510002      -72.0390015      0.631581604    
         107          25  -30.2929993      -71.4869995      0.615220428    
         112          17  -30.2089996      -71.3219986      0.756976306    
         116          30  -30.1270008      -71.5790024      0.923451364    
