           2          16  -32.1920013      -71.4029999      0.921116352    
           7          52  -32.0719986      -72.1340027      0.634160697    
          15          44  -31.9349995      -71.9619980      0.702812731    
          17          62  -31.8829994      -72.3270035      0.945414722    
          44          55  -31.4029999      -72.1549988      0.846257865    
          50          47  -31.3020000      -71.9869995      0.791034639    
          57           6  -31.2080002      -71.1490021      0.865221739    
          58          31  -31.1709995      -71.6549988      0.813050508    
          64          42  -31.0540009      -71.8710022      0.846284628    
          71          55  -30.9160004      -72.1259995      0.835105419    
          81          49  -30.7420006      -71.9950027      0.665969074    
          82          70  -30.7049999      -72.4169998      0.920476496    
          89           4  -30.6329994      -71.0810013      0.851454616    
          89          58  -30.5890007      -72.1679993      0.788409173    
          89          61  -30.5869999      -72.2279968      0.726719439    
          91          39  -30.5699997      -71.7839966      0.789576530    
         101          24  -30.4020004      -71.4729996      0.641753972    
         102           3  -30.3990002      -71.0500031      0.634608328    
         102          13  -30.3920002      -71.2509995      0.851233602    
         102          18  -30.3880005      -71.3509979      0.867886066    
