           6          61  -32.0820007      -72.3190002      0.742492914    
          11          36  -32.0139999      -71.8030014      0.895660222    
          18           6  -31.9109993      -71.1839981      0.657942593    
          20          17  -31.8670006      -71.4059982      0.724041104    
          24          63  -31.7560005      -72.3399963      0.999194443    
          25          46  -31.7530003      -71.9919968      0.808937073    
          27          17  -31.7409992      -71.4000015      0.746234775    
          28           8  -31.7290001      -71.2160034      0.935874164    
          31          23  -31.6639996      -71.5179977      0.710463166    
          36          25  -31.5720005      -71.5540009      0.763439655    
          41          68  -31.4449997      -72.4219971      0.496613353    
          48          24  -31.3570004      -71.5220032      0.559218705    
          65          48  -31.0310001      -71.9909973      0.680653751    
          70          62  -30.9279995      -72.2689972      0.723219633    
          88          42  -30.6210003      -71.8470001      0.777597368    
          88          61  -30.6049995      -72.2289963      0.789917409    
          98          52  -30.4330006      -72.0380020      0.731073558    
         103          62  -30.3339996      -72.2330017      0.773196578    
         118          26  -30.0939999      -71.4970016      0.814337850    
         120          63  -30.0259991      -72.2350006       1.00000000    
