          10          30  -32.0369987      -71.6809998      0.753986418    
          28          25  -31.7159996      -71.5619965      0.872664392    
          31          19  -31.6669998      -71.4369965      0.887148499    
          32          27  -31.6429996      -71.5989990      0.845557630    
          36          16  -31.5790005      -71.3710022      0.930322468    
          37          12  -31.5639992      -71.2890015      0.532666028    
          38          11  -31.5470009      -71.2679977      0.433660239    
          54          59  -31.2189999      -72.2259979      0.928569257    
          62          34  -31.0960007      -71.7109985      0.910961151    
          64          58  -31.0400009      -72.1949997      0.997297823    
          72          53  -30.8999996      -72.0849991      0.892547905    
          75          17  -30.8759995      -71.3560028      0.910961509    
          85          26  -30.6879997      -71.5279999      0.850775123    
          88          38  -30.6250000      -71.7659988      0.973279774    
          92          34  -30.5559998      -71.6819992       1.00000000    
         103          43  -30.3500004      -71.8519974      0.654173493    
         114           2  -30.1840000      -71.0199966      0.789579093    
         115          55  -30.1240005      -72.0800018      0.750876546    
         118          12  -30.1040001      -71.2170029      0.819992125    
         120          33  -30.0520000      -71.6350021      0.800338030    
