          14          41  -31.9549999      -71.9020004      0.697960079    
          14          49  -31.9489994      -72.0650024      0.816496253    
          16           3  -31.9489994      -71.1240005      0.720310688    
          16          58  -31.9050007      -72.2470016      0.858787835    
          20          34  -31.8530006      -71.7529984      0.748180449    
          29          11  -31.7089996      -71.2760010      0.798739910    
          34          32  -31.6030006      -71.6979980      0.771043181    
          41          32  -31.4759998      -71.6910019      0.792187870    
          45          47  -31.3920002      -71.9919968       1.00000000    
          45          70  -31.3710003      -72.4580002      0.576817930    
          75          46  -30.8519993      -71.9410019      0.852197647    
          84          23  -30.7089996      -71.4680023      0.596013784    
          94           7  -30.5410004      -71.1370010      0.785940289    
         100          15  -30.4260006      -71.2929993      0.846413493    
         102          68  -30.3460007      -72.3550034      0.732113242    
         113          30  -30.1809998      -71.5820007      0.762391806    
         117          27  -30.1110001      -71.5179977      0.869896293    
         118          10  -30.1060009      -71.1770020      0.866153657    
         119          28  -30.0739994      -71.5360031      0.897610128    
         120          59  -30.0300007      -72.1549988      0.910951316    
