          18          50  -31.8759995      -72.0810013      0.797075033    
          18          52  -31.8740005      -72.1220016      0.686175883    
          21          14  -31.8509998      -71.3440018      0.770320594    
          24          17  -31.7950001      -71.4029999      0.826314092    
          26          30  -31.7479992      -71.6660004      0.781260908    
          34          70  -31.5690002      -72.4710007      0.858982384    
          37          61  -31.5240002      -72.2850037      0.920785487    
          48          44  -31.3400002      -71.9280014      0.779758573    
          51           9  -31.3139992      -71.2149963      0.779550254    
          54          68  -31.2110004      -72.4079971      0.658505142    
          56           9  -31.2240009      -71.2109985      0.786821306    
          56          37  -31.2019997      -71.7779999      0.850392520    
          70          15  -30.9669991      -71.3199997      0.702448070    
          79          68  -30.7609997      -72.3799973      0.772341728    
          80          50  -30.7590008      -72.0159988       1.00000000    
          83          32  -30.7199993      -71.6510010      0.961249232    
          84          15  -30.7150002      -71.3069992      0.789519966    
          84          37  -30.6980000      -71.7500000      0.675465047    
          94          10  -30.5380001      -71.1979980      0.755222321    
          94          48  -30.5079994      -71.9619980      0.942968071    
