           4           5  -32.1640015      -71.1760025      0.807854891    
           8          10  -32.0880013      -71.2740021      0.682656765    
           8          63  -32.0439987      -72.3570023      0.668647766    
          22          13  -31.8339996      -71.3229980       1.00000000    
          22          33  -31.8180008      -71.7310028      0.684419274    
          28          10  -31.7280006      -71.2559967      0.730635166    
          37          26  -31.5529995      -71.5729980      0.687717319    
          61          14  -31.1299992      -71.3079987      0.677509129    
          71          24  -30.9419994      -71.5009995      0.685252011    
          79          13  -30.8059998      -71.2710037      0.708581150    
          84           6  -30.7220001      -71.1259995      0.538081408    
          86          10  -30.6830006      -71.2050018      0.641128421    
          92          24  -30.5639992      -71.4810028      0.523917913    
         101          12  -30.4109993      -71.2320023      0.798784852    
         102          62  -30.3519993      -72.2340012      0.703939736    
         106          42  -30.2970009      -71.8290024      0.677312016    
         111          31  -30.2159996      -71.6039963      0.556576550    
         113          25  -30.1849995      -71.4820023      0.522863209    
         116          15  -30.1380005      -71.2779999      0.760552227    
         120           4  -30.0739994      -71.0550003      0.785114944    
