           3          68  -32.1300011      -72.4649963      0.582156301    
          13          68  -31.9489994      -72.4540024      0.861638486    
          25          46  -31.7530003      -71.9919968      0.978800356    
          32          63  -31.6119995      -72.3310013      0.975324214    
          37          31  -31.5489998      -71.6750031      0.845962763    
          38          17  -31.5419998      -71.3899994      0.686445773    
          45          19  -31.4150009      -71.4240036      0.822372079    
          46           9  -31.4039993      -71.2200012      0.934660971    
          46          45  -31.3759995      -71.9499969      0.706157148    
          49          51  -31.3160000      -72.0690002      0.729650676    
          76          39  -30.8400002      -71.7979965      0.611132681    
          82          58  -30.7159996      -72.1750031      0.773416877    
          88          47  -30.6170006      -71.9479980      0.861744463    
          91          16  -30.5879993      -71.3209991      0.914682031    
         100          18  -30.4239998      -71.3529968      0.851980865    
         109          52  -30.2339993      -72.0260010      0.725932479    
         117          42  -30.0990009      -71.8180008      0.729708850    
         117          44  -30.0970001      -71.8580017      0.662632585    
         118          18  -30.1000004      -71.3369980      0.811516941    
         120          32  -30.0529995      -71.6149979      0.788702190    
