          20          63  -31.8279991      -72.3440018      0.605213225    
          23          28  -31.8040009      -71.6279984      0.554708600    
          24          57  -31.7609997      -72.2170029      0.571161211    
          26          21  -31.7560005      -71.4820023      0.618993342    
          27          64  -31.7010002      -72.3570023      0.624334872    
          28          17  -31.7229996      -71.3990021      0.619722843    
          40          43  -31.4850006      -71.9160004      0.607242584    
          40          54  -31.4759998      -72.1389999      0.663889349    
          57          46  -31.1770000      -71.9589996      0.553764343    
          61          27  -31.1200008      -71.5709991      0.590643883    
          65          35  -31.0419998      -71.7289963      0.537397861    
          68          37  -30.9860001      -71.7659988       1.00000000    
          68          38  -30.9850006      -71.7860031      0.995651126    
          82          38  -30.7329998      -71.7720032      0.618111193    
          89          47  -30.5990009      -71.9469986      0.611707449    
          89          53  -30.5939999      -72.0670013      0.524967194    
          95          45  -30.4930000      -71.9000015      0.567180157    
          97          17  -30.4790001      -71.3359985      0.583170593    
         101          42  -30.3869991      -71.8339996      0.582610965    
         110          47  -30.2210007      -71.9250031      0.585729480    
