          10          32  -32.0349998      -71.7220001      0.751908183    
          12          52  -31.9820004      -72.1279984      0.813865304    
          14          52  -31.9459991      -72.1259995      0.630895078    
          24          62  -31.7570000      -72.3190002      0.743737340    
          25          61  -31.7399998      -72.2979965      0.849413395    
          30          37  -31.6709995      -71.8040009      0.795711040    
          49          18  -31.3430004      -71.4000015      0.780325830    
          64          71  -31.0279999      -72.4570007      0.580927014    
          68          10  -31.0070000      -71.2210007      0.720417142    
          84          62  -30.6760006      -72.2539978      0.558541179    
          88          60  -30.6060009      -72.2089996       1.00000000    
          92          22  -30.5650005      -71.4410019      0.570920050    
          93          13  -30.5540009      -71.2590027      0.685377061    
          95           6  -30.5230007      -71.1159973      0.756078303    
         101          20  -30.4050007      -71.3919983      0.650765479    
         105          37  -30.3190002      -71.7300034      0.786195397    
         106           2  -30.3279991      -71.0260010      0.636947632    
         110           9  -30.2509995      -71.1630020      0.716653883    
         120          39  -30.0470009      -71.7549973      0.666024208    
         121          54  -30.0160007      -72.0540009      0.914013863    
