           4          31  -32.1440010      -71.7080002      0.948635459    
           5          17  -32.1370010      -71.4199982      0.853906274    
          12          64  -31.9710007      -72.3730011      0.622895896    
          21          48  -31.8230000      -72.0370026       1.00000000    
          30          63  -31.6480007      -72.3330002      0.830590785    
          33          24  -31.6270008      -71.5370026      0.660984099    
          35          69  -31.5520000      -72.4489975      0.602604091    
          44          50  -31.4069996      -72.0540009      0.799740970    
          56          20  -31.2159996      -71.4339981      0.795593262    
          62           3  -31.1200008      -71.0839996      0.668409765    
          71          37  -30.9319992      -71.7630005      0.716329217    
          78          38  -30.8050003      -71.7760010      0.863227665    
          82          70  -30.7049999      -72.4169998      0.724456847    
          86          44  -30.6560001      -71.8889999      0.773954988    
          87          16  -30.6599998      -71.3249969      0.925155103    
          88          57  -30.6079998      -72.1490021      0.764701903    
          89          50  -30.5970001      -72.0070038      0.668148100    
          92          46  -30.5459995      -71.9229965      0.568485439    
         104          69  -30.3090000      -72.3730011      0.673319101    
         120          38  -30.0480003      -71.7350006      0.757858336    
