          15          14  -31.9589996      -71.3499985      0.815068364    
          19          69  -31.8400002      -72.4670029      0.701449692    
          42          48  -31.4449997      -72.0149994      0.900423825    
          46          23  -31.3939991      -71.5039978      0.729304194    
          49          43  -31.3230000      -71.9069977      0.961721539    
          52          24  -31.2849998      -71.5189972      0.610593915    
          61          49  -31.1019993      -72.0159988      0.649845302    
          67          45  -30.9969997      -71.9290009      0.949682653    
          75          41  -30.8560009      -71.8399963      0.565566123    
          80           8  -30.7919998      -71.1699982      0.688232481    
          80          33  -30.7730007      -71.6740036      0.690068364    
          82          58  -30.7159996      -72.1750031      0.690174580    
          88          70  -30.5970001      -72.4100037      0.761855304    
          89           2  -30.6340008      -71.0410004      0.629978597    
          93          15  -30.5529995      -71.2990036      0.689707160    
          99          34  -30.4300003      -71.6750031      0.760095954    
         109           3  -30.2730007      -71.0439987      0.819757700    
         112           7  -30.2159996      -71.1220016      0.567584217    
         115          38  -30.1380005      -71.7399979       1.00000000    
         118          20  -30.0979996      -71.3769989      0.855007172    
