           8           4  -32.0929985      -71.1520004      0.772573709    
          23          63  -31.7740002      -72.3410034      0.497638017    
          25          27  -31.7689991      -71.6050034      0.855814338    
          29          23  -31.7000008      -71.5199966      0.779704809    
          36          37  -31.5620003      -71.7979965      0.772369325    
          42          14  -31.4729996      -71.3249969      0.648207963    
          45          37  -31.3999996      -71.7890015      0.547811031    
          48           4  -31.3719997      -71.1169968      0.756773293    
          53          33  -31.2590008      -71.6999969      0.642356932    
          53          58  -31.2380009      -72.2060013      0.987160981    
          53          67  -31.2299995      -72.3889999      0.905791819    
          54          59  -31.2189999      -72.2259979      0.933702588    
          55          57  -31.2029991      -72.1839981      0.915248334    
          55          59  -31.2010002      -72.2239990      0.826865017    
          61          27  -31.1200008      -71.5709991      0.739080906    
          68          54  -30.9710007      -72.1090012      0.608002305    
          74          23  -30.8889999      -71.4779968      0.505457580    
          84          11  -30.7180004      -71.2269974      0.677967131    
          87          29  -30.6499996      -71.5859985      0.638866067    
          94           9  -30.5389996      -71.1770020      0.719811738    
