           3          12  -32.1769981      -71.3199997      0.743621826    
          10          32  -32.0349998      -71.7220001      0.652073920    
          23          34  -31.7989998      -71.7500000      0.782608211    
          30          37  -31.6709995      -71.8040009      0.795159638    
          35          47  -31.5720005      -72.0019989      0.709463716    
          49          18  -31.3430004      -71.4000015      0.809408367    
          59           7  -31.1709995      -71.1679993      0.844555616    
          67          63  -30.9810009      -72.2919998      0.909191489    
          68          10  -31.0070000      -71.2210007      0.756376982    
          68          49  -30.9759998      -72.0080032      0.952946603    
          84          69  -30.6700001      -72.3949966      0.552876770    
          91          59  -30.5529995      -72.1859970      0.701674223    
          93          13  -30.5540009      -71.2590027      0.748235941    
          95           6  -30.5230007      -71.1159973      0.735019624    
          98          59  -30.4260006      -72.1780014      0.971070349    
         101          20  -30.4050007      -71.3919983      0.743695080    
         106           2  -30.3279991      -71.0260010      0.638660431    
         106          42  -30.2970009      -71.8290024      0.895907521    
         110           9  -30.2509995      -71.1630020      0.676878393    
         121          54  -30.0160007      -72.0540009       1.00000000    
