           3          37  -32.1570015      -71.8310013      0.786817014    
          13          48  -31.9669991      -72.0459976      0.920041025    
          17           2  -31.9319992      -71.1029968      0.684796631    
          26          53  -31.7290001      -72.1340027       1.00000000    
          27          13  -31.7439995      -71.3180008      0.754189014    
          40          46  -31.4829998      -71.9769974      0.757122993    
          41          51  -31.4599991      -72.0770035      0.739418626    
          47          51  -31.3519993      -72.0709991      0.847016156    
          49          54  -31.3139992      -72.1299973      0.967070639    
          54          53  -31.2240009      -72.1039963      0.876758814    
          56          69  -31.1739998      -72.4260025      0.894541740    
          73          28  -30.9029999      -71.5800018      0.746390104    
          79          35  -30.7889996      -71.7149963      0.753789961    
          79          64  -30.7639999      -72.2990036      0.749352872    
          80          62  -30.7479992      -72.2580032      0.724171162    
          82          31  -30.7380009      -71.6309967      0.801424980    
          92          35  -30.5550003      -71.7020035      0.874350727    
         104          17  -30.3530006      -71.3290024      0.716071367    
         109           5  -30.2719994      -71.0839996      0.751589835    
         117          69  -30.0750008      -72.3580017      0.676724732    
