          11          20  -32.0270004      -71.4759979      0.745865107    
          11          52  -32.0000000      -72.1299973      0.593303561    
          24           1  -31.8059998      -71.0759964      0.770940423    
          25          57  -31.7430000      -72.2160034      0.856484652    
          31           2  -31.6800003      -71.0910034      0.822920620    
          34          37  -31.5979996      -71.8000031      0.883387089    
          42          38  -31.4540005      -71.8119965      0.876933336    
          49          22  -31.3400002      -71.4810028      0.860917985    
          61          65  -31.0879993      -72.3389969      0.704436541    
          62          14  -31.1119995      -71.3069992      0.836844981    
          62          22  -31.1060009      -71.4690018      0.813560724    
          67          39  -31.0020008      -71.8069992      0.790822923    
          75          16  -30.8759995      -71.3349991      0.623809159    
          78          21  -30.8180008      -71.4339981      0.960501969    
          84          47  -30.6889992      -71.9520035      0.897223771    
          89          30  -30.6130009      -71.6050034      0.967129350    
          94          53  -30.5039997      -72.0619965      0.659440577    
         105          60  -30.2989998      -72.1910019      0.793098271    
         116          43  -30.1159992      -71.8389969      0.867633641    
         117          62  -30.0809994      -72.2180023       1.00000000    
