           7          14  -32.1030006      -71.3570023      0.642932475    
           8          20  -32.0810013      -71.4789963      0.762878656    
          26          23  -31.7539997      -71.5230026      0.562232792    
          38          26  -31.5349998      -71.5719986      0.593646586    
          50          28  -31.3180008      -71.6019974      0.664843142    
          52          22  -31.2859993      -71.4779968      0.904009879    
          53          19  -31.2709999      -71.4160004      0.984774232    
          53          20  -31.2700005      -71.4369965       1.00000000    
          54          16  -31.2549992      -71.3550034      0.662907600    
          60          48  -31.1210003      -71.9970016      0.601578116    
          62          53  -31.0799999      -72.0960007      0.734284878    
          85          21  -30.6919994      -71.4270020      0.632551014    
          89          25  -30.6170006      -71.5039978      0.683076084    
          94          42  -30.5130005      -71.8410034      0.598159671    
          99          31  -30.4319992      -71.6149979      0.537686467    
         102          32  -30.3770008      -71.6320038      0.508011043    
         103          34  -30.3579998      -71.6709976      0.434821904    
         105          64  -30.2959995      -72.2710037      0.646899939    
         106          56  -30.2849998      -72.1100006      0.649916589    
         111          24  -30.2210007      -71.4629974      0.477856725    
