           9          17  -32.0649986      -71.4169998      0.753001988    
          13          43  -31.9720001      -71.9440002      0.759429932    
          16          27  -31.9309998      -71.6139984      0.728543639    
          17          60  -31.8850002      -72.2860031      0.872769713    
          29          68  -31.6609993      -72.4359970      0.653846145    
          41          29  -31.4790001      -71.6309967      0.721913278    
          50          12  -31.3299999      -71.2770004      0.721418142    
          52          65  -31.2500000      -72.3489990       1.00000000    
          55          64  -31.1970005      -72.3259964      0.924390197    
          60          55  -31.1149998      -72.1380005      0.662757277    
          66          47  -31.0130005      -71.9700012      0.793784618    
          72          22  -30.9260006      -71.4589996      0.528885663    
          83          16  -30.7320004      -71.3280029      0.616496623    
          85          56  -30.6630001      -72.1320038      0.785568953    
          90          29  -30.5960007      -71.5830002      0.773040056    
          93          68  -30.5079994      -72.3649979      0.474397689    
         101          48  -30.3820000      -71.9540024      0.748966694    
         113          69  -30.1469994      -72.3629990      0.538446963    
         114          33  -30.1599998      -71.6409988      0.759562850    
         121          56  -30.0149994      -72.0940018      0.776797593    
