           1          34  -32.1959991      -71.7720032      0.688875437    
          11          38  -32.0120010      -71.8440018       1.00000000    
          17          59  -31.8859997      -72.2659988      0.722822368    
          19          56  -31.8519993      -72.2020035      0.606406748    
          21          33  -31.8360004      -71.7320023      0.639432728    
          26          40  -31.7399998      -71.8690033      0.800289214    
          28          17  -31.7229996      -71.3990021      0.843285441    
          31          19  -31.6669998      -71.4369965      0.858464539    
          52          63  -31.2520008      -72.3089981      0.487246007    
          55          53  -31.2059994      -72.1029968      0.847477078    
          60          23  -31.1410007      -71.4909973      0.641655624    
          72          68  -30.8869991      -72.3880005      0.560716450    
          83          64  -30.6919994      -72.2949982      0.942381561    
          85          34  -30.6819992      -71.6890030      0.819226921    
          92           9  -30.5750008      -71.1790009      0.666137040    
         109           3  -30.2730007      -71.0439987      0.808458507    
         110          69  -30.2010002      -72.3659973      0.787671745    
         114          60  -30.1369991      -72.1809998      0.765535772    
         118          53  -30.0709991      -72.0370026      0.808984458    
         118          60  -30.0650005      -72.1770020      0.627557814    
