           3          26  -32.1660004      -71.6060028      0.694506586    
           6          42  -32.0989990      -71.9300003      0.600050390    
           7          13  -32.1040001      -71.3369980      0.705992460    
          27          48  -31.7150002      -72.0309982      0.871799707    
          51          21  -31.3050003      -71.4589996      0.865383387    
          60          40  -31.1280003      -71.8349991      0.769729614    
          72          14  -30.9319992      -71.2979965      0.564640760    
          72          22  -30.9260006      -71.4589996      0.649046659    
          74          37  -30.8780003      -71.7600021      0.724360764    
          92          57  -30.5359993      -72.1449966      0.704717219    
          98           5  -30.4699993      -71.0940018      0.691827059    
         105          63  -30.2970009      -72.2509995      0.877198756    
         108          18  -30.2800007      -71.3460007      0.783643544    
         109           8  -30.2689991      -71.1439972      0.746830285    
         110          12  -30.2479992      -71.2239990      0.777225494    
         114          51  -30.1450005      -72.0009995      0.896094024    
         116          63  -30.0990009      -72.2389984      0.693267882    
         119           4  -30.0919991      -71.0559998      0.865274012    
         120          59  -30.0300007      -72.1549988      0.793873966    
         121          36  -30.0319996      -71.6940002      0.724688172    
