           4          25  -32.1489983      -71.5849991      0.577415824    
          10          59  -32.0120010      -72.2740021      0.862471581    
          18          28  -31.8939991      -71.6330032      0.825119555    
          26          45  -31.7360001      -71.9710007      0.672247410    
          29          47  -31.6800003      -72.0090027      0.697704375    
          29          60  -31.6690006      -72.2730026       1.00000000    
          36          63  -31.5400009      -72.3259964      0.916477084    
          39          53  -31.4950008      -72.1200027      0.824862003    
          40          48  -31.4810009      -72.0169983      0.734974742    
          42          24  -31.4650002      -71.5279999      0.710158885    
          55          46  -31.2129993      -71.9609985      0.757785738    
          63          33  -31.0790005      -71.6900024      0.703352273    
          65          13  -31.0590000      -71.2839966      0.792676985    
          72          30  -30.9190006      -71.6210022      0.881781101    
          86          46  -30.6539993      -71.9290009      0.913792789    
          88          51  -30.6140003      -72.0279999      0.859224439    
          93          40  -30.5330009      -71.8020020      0.993750393    
         108           4  -30.2900009      -71.0650024      0.874580085    
         111          40  -30.2089996      -71.7839966      0.832887053    
         114          10  -30.1779995      -71.1800003      0.894302428    
