           4          66  -32.1129990      -72.4229965      0.791788757    
          15           8  -31.9640007      -71.2269974      0.754028618    
          17          56  -31.8880005      -72.2050018       1.00000000    
          20          36  -31.8519993      -71.7939987      0.809826910    
          24          68  -31.7509995      -72.4410019      0.774652183    
          25          30  -31.7660007      -71.6660004      0.765678465    
          30          19  -31.6849995      -71.4380035      0.865924299    
          33          35  -31.6180000      -71.7600021      0.779840589    
          51          46  -31.2849998      -71.9649963      0.745420218    
          64          65  -31.0340004      -72.3359985      0.828528643    
          66          50  -31.0109997      -72.0309982      0.718600988    
          77          49  -30.8139992      -71.9990005      0.616555929    
          81          22  -30.7639999      -71.4509964      0.990685582    
          86          55  -30.6459999      -72.1110001      0.747035027    
          98          36  -30.4459991      -71.7160034      0.774401486    
         102          55  -30.3579998      -72.0940018      0.709529459    
         105          26  -30.3279991      -71.5090027      0.773506880    
         109          43  -30.2420006      -71.8460007      0.797248006    
         114           2  -30.1840000      -71.0199966      0.786296427    
         119           8  -30.0890007      -71.1360016      0.772599936    
