           1          38  -32.1920013      -71.8539963      0.910079181    
           2          31  -32.1800003      -71.7099991      0.930144548    
           2          36  -32.1759987      -71.8119965      0.727134228    
           8          22  -32.0789986      -71.5199966      0.691678107    
          27          26  -31.7339993      -71.5830002      0.758894026    
          37          22  -31.5569992      -71.4919968      0.763077796    
          44          21  -31.4309998      -71.4649963      0.822642386    
          52          34  -31.2770004      -71.7210007      0.750181794    
          54          32  -31.2420006      -71.6790009      0.712241173    
          54          56  -31.2220001      -72.1650009      0.926582515    
          65          56  -31.0240002      -72.1529999      0.625219703    
          73          16  -30.9120007      -71.3369980      0.793204844    
          75           4  -30.8850002      -71.0930023      0.720969200    
          81          23  -30.7630005      -71.4710007      0.842588067    
          82           8  -30.7560005      -71.1679993      0.764195800    
          91          23  -30.5830002      -71.4619980      0.920958221    
         103          43  -30.3500004      -71.8519974      0.694601595    
         106          14  -30.3190002      -71.2669983      0.968448102    
         116          67  -30.0949993      -72.3190002      0.768129289    
         118          42  -30.0809994      -71.8170013      0.706000865    
