          21          48  -31.8230000      -72.0370026      0.727283955    
          30          63  -31.6480007      -72.3330002      0.664599121    
          35          69  -31.5520000      -72.4489975      0.637116194    
          38          10  -31.5480003      -71.2470016      0.700833142    
          42          60  -31.4340000      -72.2590027      0.828446090    
          44          46  -31.4109993      -71.9729996      0.671691954    
          47          62  -31.3430004      -72.2939987       1.00000000    
          48           9  -31.3680000      -71.2180023      0.609013677    
          50          42  -31.3059998      -71.8850021      0.539822578    
          56          34  -31.2049999      -71.7170029      0.602683544    
          62           3  -31.1200008      -71.0839996      0.744120181    
          75          19  -30.8740005      -71.3960037      0.828141093    
          78          38  -30.8050003      -71.7760010      0.711212993    
          79          20  -30.8010006      -71.4120026      0.609343529    
          87          16  -30.6599998      -71.3249969      0.647896469    
          89          50  -30.5970001      -72.0070038      0.635624409    
          92          46  -30.5459995      -71.9229965      0.608329177    
         100          11  -30.4290009      -71.2119980      0.766076982    
         104          69  -30.3090000      -72.3730011      0.842970788    
         120          38  -30.0480003      -71.7350006      0.753185928    
