           5          12  -32.1409988      -71.3180008      0.843514383    
          14          47  -31.9500008      -72.0240021      0.940801859    
          22          48  -31.8050003      -72.0360031      0.717395484    
          30          34  -31.6730003      -71.7429962      0.925631046    
          36          12  -31.5820007      -71.2900009      0.895174384    
          44          29  -31.4249992      -71.6279984      0.938758492    
          48          48  -31.3369999      -72.0090027      0.708420932    
          64          11  -31.0779991      -71.2440033      0.938895464    
          66          71  -30.9920006      -72.4550018      0.833367288    
          75          48  -30.8500004      -71.9810028       1.00000000    
          77          49  -30.8139992      -71.9990005      0.884721220    
          85          62  -30.6580009      -72.2529984      0.957979798    
          86          25  -30.6709995      -71.5070038      0.849777997    
          91          37  -30.5709991      -71.7429962      0.757491469    
          91          64  -30.5480003      -72.2860031      0.930369735    
          97          30  -30.4689999      -71.5970001      0.738905609    
         102          67  -30.3470001      -72.3349991      0.793555558    
         110          42  -30.2250004      -71.8249969      0.974914134    
         113          38  -30.1739998      -71.7419968      0.896400511    
         116          14  -30.1389999      -71.2580032      0.717275083    
