   66    3   -71.081   -31.048    41.047    30.6719      11     5.000
   64    5   -71.123   -31.083    40.012    28.7820      11     5.000
   36    6   -71.168   -31.587    39.494    18.8475      11     5.000
   31    7   -71.193   -31.676    38.976    17.9980      11     5.000
   17   14   -71.348   -31.923    35.353    16.6617      11     5.000
   28   14   -71.338   -31.725    35.353    13.5915      11     5.000
   19   15   -71.366   -31.886    34.835    15.3520      11     5.000
   94   16   -71.318   -30.534    34.317    43.0385      11     5.000
   74   19   -71.397   -30.892    32.765    29.7332      11     5.000
   96   20   -71.397   -30.495    32.247    43.6672      11     5.000
   22   22   -71.506   -31.827    31.212    10.4265      11     5.000
   73   22   -71.458   -30.908    31.212    28.4760      11     5.000
   13   23   -71.535   -31.988    30.694    14.6350      11     5.000
   50   33   -71.703   -31.313    25.518    12.0364      11     5.000
   67   36   -71.747   -31.005    23.965    23.3610      11     5.000
   87   38   -71.767   -30.643    22.929    36.7513      11     5.000
   98   51   -72.018   -30.433    16.200    45.4553      11     5.000
  116   59   -72.159   -30.102    12.059    58.4303      11     5.000
  101   63   -72.255   -30.369     9.988    49.8868      11     5.000
   84   65   -72.314   -30.673     8.953    40.3676      11     5.000
