   65    3   -71.082   -31.066    41.047    30.1800      11     5.000
   88    8   -71.163   -30.648    38.459    41.1538      11     5.000
   40   12   -71.286   -31.510    36.388    15.6117      11     5.000
   25   15   -71.361   -31.778    34.835    13.4935      11     5.000
  115   16   -71.299   -30.155    34.317    56.6360      11     5.000
  112   17   -71.322   -30.209    33.800    54.5143      11     5.000
   36   21   -71.473   -31.575    31.729     9.0635      11     5.000
    4   24   -71.564   -32.150    30.176    19.8409      11     5.000
   42   25   -71.548   -31.464    29.659     8.9783      11     5.000
   88   29   -71.585   -30.632    27.588    37.4816      11     5.000
  116   30   -71.579   -30.127    27.071    56.0459      11     5.000
   74   34   -71.700   -30.880    25.000    28.0075      11     5.000
  119   36   -71.696   -30.068    23.965    58.0022      11     5.000
  117   44   -71.858   -30.097    19.824    57.0600      11     5.000
   86   50   -72.010   -30.651    16.718    37.5313      11     5.000
   55   56   -72.164   -31.204    13.612    21.2191      11     5.000
   96   56   -72.120   -30.465    13.612    45.1206      11     5.000
    2   62   -72.344   -32.153    10.506    27.3614      11     5.000
   54   67   -72.388   -31.212     7.918    26.4502      11     5.000
   47   70   -72.456   -31.335     6.365    25.9998      11     5.000
