   62    3   -71.084   -31.120    41.047    28.7696      11     5.000
   48    9   -71.218   -31.368    37.941    19.7923      11     5.000
   38   10   -71.247   -31.548    37.423    16.4988      11     5.000
  100   11   -71.212   -30.429    36.906    47.8769      11     5.000
   87   16   -71.325   -30.660    34.317    38.5774      11     5.000
   75   19   -71.396   -30.874    32.765    30.3620      11     5.000
   79   20   -71.412   -30.801    32.247    32.7052      11     5.000
   56   34   -71.717   -31.205    25.000    15.9844      11     5.000
   78   38   -71.776   -30.805    22.929    30.7767      11     5.000
  120   38   -71.735   -30.048    22.929    58.7268      11     5.000
   50   42   -71.885   -31.306    20.859    13.1290      11     5.000
   44   46   -71.973   -31.411    18.788    11.3140      11     5.000
   92   46   -71.923   -30.546    18.788    40.7861      11     5.000
   21   48   -72.037   -31.823    17.753    11.8546      11     5.000
   89   50   -72.007   -30.597    16.718    39.4517      11     5.000
   42   60   -72.259   -31.434    11.541    18.5822      11     5.000
   47   62   -72.294   -31.343    10.506    21.1695      11     5.000
   30   63   -72.333   -31.648     9.988    19.3802      11     5.000
   35   69   -72.449   -31.552     6.883    23.4095      11     5.000
  104   69   -72.373   -30.309     6.883    53.3864      11     5.000
