  105    3   -71.047   -30.345    41.047    52.8831      11     5.000
   23    6   -71.179   -31.821    39.494    19.6158      11     5.000
   66    7   -71.162   -31.045    38.976    28.9435      11     5.000
   92    9   -71.179   -30.575    37.941    43.3406      11     5.000
  107   21   -71.407   -30.296    31.729    50.7365      11     5.000
   21   33   -71.732   -31.836    25.518     7.3627      11     5.000
   11   38   -71.844   -32.012    22.929    14.2533      11     5.000
    1   49   -72.079   -32.183    17.235    22.9682      11     5.000
   39   50   -72.059   -31.497    16.718    11.6473      11     5.000
   55   53   -72.103   -31.206    15.165    19.9028      11     5.000
   64   54   -72.114   -31.043    14.647    25.1764      11     5.000
   19   56   -72.202   -31.852    13.612    17.0167      11     5.000
  114   60   -72.181   -30.137    11.541    57.3557      11     5.000
  118   60   -72.177   -30.065    11.541    59.9024      11     5.000
   52   63   -72.309   -31.252     9.988    23.4824      11     5.000
   30   64   -72.353   -31.647     9.471    20.0348      11     5.000
   83   64   -72.295   -30.692     9.471    39.4524      11     5.000
  121   65   -72.274   -30.007     8.953    62.8180      11     5.000
   86   66   -72.332   -30.636     8.436    41.8570      11     5.000
   72   68   -72.388   -30.887     7.400    34.9948      11     5.000
