   28   17   -71.399   -31.723    33.800    11.6426      11     5.000
   97   17   -71.336   -30.479    33.800    44.7897      11     5.000
   26   21   -71.482   -31.756    31.729     9.5584      11     5.000
   61   27   -71.571   -31.120    28.623    19.8901      11     5.000
   23   28   -71.628   -31.804    28.106     7.2053      11     5.000
   65   35   -71.729   -31.042    24.482    21.9943      11     5.000
   68   37   -71.766   -30.986    23.447    24.0785      11     5.000
   68   38   -71.786   -30.985    22.929    24.1489      11     5.000
   82   38   -71.772   -30.733    22.929    33.4313      11     5.000
  101   42   -71.834   -30.387    20.859    46.3111      11     5.000
   40   43   -71.916   -31.485    20.341     8.0401      11     5.000
   95   45   -71.900   -30.493    19.306    42.6224      11     5.000
   57   46   -71.959   -31.177    18.788    18.4682      11     5.000
   89   47   -71.947   -30.599    18.271    38.9812      11     5.000
  110   47   -71.925   -30.221    18.271    52.7048      11     5.000
   89   53   -72.067   -30.594    15.165    40.0500      11     5.000
   40   54   -72.139   -31.476    14.647    14.3519      11     5.000
   24   57   -72.217   -31.761    13.094    16.2176      11     5.000
   20   63   -72.344   -31.828     9.988    20.9214      11     5.000
   27   64   -72.357   -31.701     9.471    20.2867      11     5.000
