  114    2   -71.020   -30.184    41.564    58.6653      11     5.000
   38   11   -71.268   -31.547    36.906    15.8347      11     5.000
   37   12   -71.289   -31.564    36.388    15.0376      11     5.000
  118   12   -71.217   -30.104    36.388    59.1859      11     5.000
   36   16   -71.371   -31.579    34.317    12.2967      11     5.000
   75   17   -71.356   -30.876    33.800    30.8063      11     5.000
   31   19   -71.437   -31.667    32.765    10.0154      11     5.000
   28   25   -71.562   -31.716    29.659     6.5536      11     5.000
   85   26   -71.528   -30.688    29.141    35.7465      11     5.000
   32   27   -71.599   -31.643    28.623     4.6550      11     5.000
   10   30   -71.681   -32.037    27.071    14.9212      11     5.000
  120   33   -71.635   -30.052    25.518    58.6723      11     5.000
   62   34   -71.711   -31.096    25.000    20.0172      11     5.000
   92   34   -71.682   -30.556    25.000    39.9946      11     5.000
   88   38   -71.766   -30.625    22.929    37.4155      11     5.000
  103   43   -71.852   -30.350    20.341    47.7193      11     5.000
   72   53   -72.085   -30.900    15.165    29.5281      11     5.000
  115   55   -72.080   -30.124    14.130    57.0637      11     5.000
   64   58   -72.195   -31.040    12.577    26.6717      11     5.000
   54   59   -72.226   -31.219    12.059    22.2153      11     5.000
