  102    3   -71.050   -30.399    41.047    51.0447      11     5.000
   31    6   -71.172   -31.677    39.494    18.6847      11     5.000
    2   16   -71.403   -32.192    34.317    23.3241      11     5.000
  102   18   -71.351   -30.388    33.282    47.8784      11     5.000
   54   19   -71.415   -31.252    32.765    17.7727      11     5.000
  101   24   -71.473   -30.402    30.176    46.4636      11     5.000
  118   31   -71.597   -30.090    26.553    57.3568      11     5.000
   51   35   -71.742   -31.294    24.482    12.6782      11     5.000
   69   38   -71.785   -30.967    22.929    24.8110      11     5.000
   49   41   -71.866   -31.325    21.377    12.2517      11     5.000
   15   44   -71.962   -31.935    19.824    13.1519      11     5.000
    7   52   -72.134   -32.072    15.683    20.5394      11     5.000
   71   55   -72.126   -30.916    14.130    29.5385      11     5.000
   89   61   -72.228   -30.587    11.024    42.0394      11     5.000
   17   62   -72.327   -31.883    10.506    21.1771      11     5.000
   26   63   -72.337   -31.720     9.988    19.7310      11     5.000
    4   67   -72.444   -32.112     7.918    28.8495      11     5.000
   10   67   -72.437   -32.004     7.918    26.4363      11     5.000
   82   70   -72.417   -30.705     6.365    41.0663      11     5.000
   84   70   -72.415   -30.669     6.365    42.1581      11     5.000
