   46    9   -71.220   -31.404    37.941    19.1012      11     5.000
   91   16   -71.321   -30.588    34.317    41.1212      11     5.000
   38   17   -71.390   -31.542    33.800    12.0103      11     5.000
  100   18   -71.353   -30.424    33.282    46.5798      11     5.000
   45   19   -71.424   -31.415    32.765    13.2188      11     5.000
   37   31   -71.675   -31.549    26.553     3.8995      11     5.000
   65   35   -71.729   -31.042    24.482    21.9943      11     5.000
   68   37   -71.766   -30.986    23.447    24.0785      11     5.000
   68   38   -71.786   -30.985    22.929    24.1489      11     5.000
   82   38   -71.772   -30.733    22.929    33.4313      11     5.000
   76   39   -71.798   -30.840    22.412    29.5236      11     5.000
  101   42   -71.834   -30.387    20.859    46.3111      11     5.000
  117   42   -71.818   -30.099    20.859    56.9076      11     5.000
   95   45   -71.900   -30.493    19.306    42.6224      11     5.000
   88   47   -71.948   -30.617    18.271    38.3321      11     5.000
   89   53   -72.067   -30.594    15.165    40.0500      11     5.000
   40   54   -72.139   -31.476    14.647    14.3519      11     5.000
   20   63   -72.344   -31.828     9.988    20.9214      11     5.000
   27   64   -72.357   -31.701     9.471    20.2867      11     5.000
   13   68   -72.454   -31.949     7.400    25.9619      11     5.000
