   52    1   -71.052   -31.302    42.082    25.7310      11     5.000
   39    3   -71.104   -31.535    41.047    21.1896      11     5.000
   47    3   -71.097   -31.391    41.047    22.9577      11     5.000
   88    8   -71.163   -30.648    38.459    41.1538      11     5.000
   40   12   -71.286   -31.510    36.388    15.6117      11     5.000
  112   17   -71.322   -30.209    33.800    54.5143      11     5.000
   91   20   -71.401   -30.585    32.247    40.4263      11     5.000
   68   23   -71.483   -30.997    30.694    25.1016      11     5.000
   42   25   -71.548   -31.464    29.659     8.9783      11     5.000
  107   25   -71.487   -30.293    29.659    50.3475      11     5.000
   30   26   -71.580   -31.680    29.141     5.5079      11     5.000
   88   29   -71.585   -30.632    27.588    37.4816      11     5.000
  116   30   -71.579   -30.127    27.071    56.0459      11     5.000
   27   31   -71.685   -31.730    26.553     3.9008      11     5.000
   86   50   -72.010   -30.651    16.718    37.5313      11     5.000
   97   52   -72.039   -30.451    15.683    44.9520      11     5.000
   89   53   -72.067   -30.594    15.165    40.0500      11     5.000
   96   56   -72.120   -30.465    13.612    45.1206      11     5.000
   54   67   -72.388   -31.212     7.918    26.4502      11     5.000
   47   70   -72.456   -31.335     6.365    25.9998      11     5.000
