   29    2   -71.092   -31.716    41.564    21.4431      11     5.000
   38    2   -71.085   -31.553    41.564    21.6980      11     5.000
  115    2   -71.019   -30.166    41.564    59.2879      11     5.000
   76    8   -71.173   -30.864    38.459    34.0812      11     5.000
   60   11   -71.248   -31.150    36.906    24.1660      11     5.000
  100   15   -71.293   -30.426    34.835    47.0847      11     5.000
   89   17   -71.343   -30.623    33.800    39.6616      11     5.000
   29   27   -71.601   -31.697    28.623     5.0953      11     5.000
   40   34   -71.733   -31.493    25.000     5.3282      11     5.000
   32   41   -71.883   -31.631    21.377     4.6553      11     5.000
  102   47   -71.933   -30.365    18.271    47.4574      11     5.000
   46   48   -72.011   -31.373    17.753    13.1962      11     5.000
   79   48   -71.977   -30.778    17.753    32.7091      11     5.000
   66   56   -72.152   -31.006    13.612    26.9871      11     5.000
   35   58   -72.226   -31.562    12.577    16.1313      11     5.000
   74   59   -72.204   -30.859    12.059    32.5804      11     5.000
   46   60   -72.254   -31.362    11.541    19.6810      11     5.000
   71   60   -72.227   -30.912    11.541    31.2420      11     5.000
  102   65   -72.295   -30.349     8.953    51.0433      11     5.000
   87   70   -72.411   -30.615     6.365    43.8052      11     5.000
