    8    4   -71.152   -32.093    40.529    25.6135      11     5.000
   48    4   -71.117   -31.372    40.529    22.6531      11     5.000
   94    9   -71.177   -30.539    37.941    44.5758      11     5.000
   84   11   -71.227   -30.718    36.906    37.8952      11     5.000
   42   14   -71.325   -31.473    35.353    14.8995      11     5.000
   29   23   -71.520   -31.700    30.694     7.6045      11     5.000
   74   23   -71.478   -30.889    30.694    28.9403      11     5.000
   25   27   -71.605   -31.769    28.623     6.6127      11     5.000
   61   27   -71.571   -31.120    28.623    19.8901      11     5.000
   87   29   -71.586   -30.650    27.588    36.8182      11     5.000
   53   33   -71.700   -31.259    25.518    14.0318      11     5.000
   36   37   -71.798   -31.562    23.447     3.3471      11     5.000
   45   37   -71.789   -31.400    23.447     8.9053      11     5.000
   68   54   -72.109   -30.971    14.647    27.4615      11     5.000
   55   57   -72.184   -31.203    13.094    21.6835      11     5.000
   53   58   -72.206   -31.238    12.577    21.2540      11     5.000
   54   59   -72.226   -31.219    12.059    22.2153      11     5.000
   55   59   -72.224   -31.201    12.059    22.6411      11     5.000
   23   63   -72.341   -31.774     9.988    20.2514      11     5.000
   53   67   -72.389   -31.230     7.918    26.0840      11     5.000
