   50    6   -71.155   -31.334    39.494    22.2086      11     5.000
   30   13   -71.316   -31.690    35.870    14.0523      11     5.000
   10   14   -71.354   -32.049    35.353    19.8216      11     5.000
   60   21   -71.450   -31.143    31.729    20.5789      11     5.000
   35   23   -71.514   -31.592    30.694     7.6103      11     5.000
   86   23   -71.466   -30.673    30.694    36.7324      11     5.000
  102   23   -71.452   -30.384    30.694    47.2495      11     5.000
   13   25   -71.576   -31.987    29.659    14.0315      11     5.000
   56   33   -71.697   -31.205    25.518    16.0280      11     5.000
   25   35   -71.768   -31.762    24.482     4.7013      11     5.000
   52   36   -71.762   -31.275    23.965    13.4002      11     5.000
  119   37   -71.716   -30.067    23.447    58.0282      11     5.000
   45   39   -71.830   -31.399    22.412     9.2769      11     5.000
   77   48   -71.979   -30.814    17.753    31.4343      11     5.000
   18   50   -72.081   -31.876    16.718    14.1756      11     5.000
   25   52   -72.115   -31.748    15.683    12.8907      11     5.000
   86   56   -72.131   -30.645    13.612    38.8866      11     5.000
    3   69   -72.486   -32.129     6.883    30.3183      11     5.000
   41   70   -72.463   -31.443     6.365    24.7447      11     5.000
