   17    2   -71.103   -31.932    41.564    23.5603      11     5.000
  109    5   -71.084   -30.272    40.012    54.8415      11     5.000
   27   13   -71.318   -31.744    35.870    14.4039      11     5.000
    2   17   -71.423   -32.191    33.800    22.9874      11     5.000
   42   18   -71.406   -31.470    33.282    12.5751      11     5.000
  121   19   -71.354   -30.045    32.765    60.1691      11     5.000
  117   25   -71.478   -30.112    29.659    56.9988      11     5.000
   79   35   -71.715   -30.789    24.482    31.3515      11     5.000
   10   36   -71.804   -32.032    23.965    14.7385      11     5.000
    3   37   -71.831   -32.157    23.447    19.4354      11     5.000
   43   44   -71.933   -31.430    19.824     9.9222      11     5.000
   40   46   -71.977   -31.483    18.788     9.6159      11     5.000
   91   48   -71.965   -30.562    17.753    40.4346      11     5.000
   47   51   -72.071   -31.352    16.200    15.1254      11     5.000
   54   53   -72.104   -31.224    15.165    19.3925      11     5.000
   69   56   -72.149   -30.952    13.612    28.6878      11     5.000
   59   61   -72.261   -31.127    11.024    25.4721      11     5.000
   80   62   -72.258   -30.748    10.506    37.0486      11     5.000
   79   64   -72.299   -30.764     9.471    37.1750      11     5.000
   45   66   -72.377   -31.375     8.436    23.0182      11     5.000
