   64   11   -71.244   -31.078    36.906    26.2874      11     5.000
    5   12   -71.318   -32.141    36.388    23.2245      11     5.000
   36   12   -71.290   -31.582    36.388    14.9010      11     5.000
  116   14   -71.258   -30.139    35.353    57.5636      11     5.000
   86   25   -71.507   -30.671    29.659    36.5003      11     5.000
   44   29   -71.628   -31.425    27.588     8.6565      11     5.000
   97   30   -71.597   -30.469    27.071    43.4135      11     5.000
   30   34   -71.743   -31.673    25.000     1.3321      11     5.000
   91   37   -71.743   -30.571    23.447    39.3997      11     5.000
  113   38   -71.742   -30.174    22.929    54.0710      11     5.000
  110   42   -71.825   -30.225    20.859    52.2688      11     5.000
   14   47   -72.024   -31.950    18.271    14.7879      11     5.000
   22   48   -72.036   -31.805    17.753    11.4566      11     5.000
   48   48   -72.009   -31.337    17.753    14.1712      11     5.000
   75   48   -71.981   -30.850    17.753    30.1645      11     5.000
   77   49   -71.999   -30.814    17.235    31.6068      11     5.000
   85   62   -72.253   -30.658    10.506    39.9657      11     5.000
   91   64   -72.286   -30.548     9.471    44.1245      11     5.000
  102   67   -72.335   -30.347     7.918    51.6025      11     5.000
   66   71   -72.455   -30.992     5.847    33.5001      11     5.000
