  114    2   -71.020   -30.184    41.564    58.6653      11     5.000
   15    8   -71.227   -31.964    38.459    20.7232      11     5.000
  119    8   -71.136   -30.089    38.459    60.5374      11     5.000
   30   19   -71.438   -31.685    32.765    10.0795      11     5.000
   81   22   -71.451   -30.764    31.212    33.6174      11     5.000
  105   26   -71.509   -30.328    29.141    48.9561      11     5.000
   25   30   -71.666   -31.766    27.071     5.3690      11     5.000
   33   35   -71.760   -31.618    24.482     0.9403      11     5.000
   20   36   -71.794   -31.852    23.965     8.1283      11     5.000
   98   36   -71.716   -30.446    23.965    44.0240      11     5.000
  109   43   -71.846   -30.242    20.341    51.6855      11     5.000
   51   46   -71.965   -31.285    18.788    14.9631      11     5.000
   77   49   -71.999   -30.814    17.235    31.6068      11     5.000
   66   50   -72.031   -31.011    16.718    25.0508      11     5.000
   86   55   -72.111   -30.646    14.130    38.6370      11     5.000
  102   55   -72.094   -30.358    14.130    48.7197      11     5.000
   17   56   -72.205   -31.888    13.612    17.7531      11     5.000
   64   65   -72.336   -31.034     8.953    29.6906      11     5.000
    4   66   -72.423   -32.113     8.436    28.3322      11     5.000
   24   68   -72.441   -31.751     7.400    23.2707      11     5.000
