   83    2   -71.046   -30.742    41.564    40.1514      11     5.000
   15    3   -71.125   -31.967    41.047    23.5681      11     5.000
   75    9   -71.194   -30.882    37.941    33.1478      11     5.000
   50   12   -71.277   -31.330    36.388    18.9508      11     5.000
   83   16   -71.328   -30.732    34.317    36.0625      11     5.000
   30   17   -71.397   -31.687    33.800    11.4139      11     5.000
   72   22   -71.459   -30.926    31.212    27.8369      11     5.000
   23   26   -71.587   -31.806    29.141     8.0370      11     5.000
   16   27   -71.614   -31.931    28.623    11.6455      11     5.000
   77   35   -71.717   -30.825    24.482    30.0199      11     5.000
   44   46   -71.973   -31.411    18.788    11.3140      11     5.000
   66   47   -71.970   -31.013    18.271    24.2831      11     5.000
  101   48   -71.954   -30.382    17.753    46.9356      11     5.000
   50   55   -72.149   -31.295    14.130    18.4379      11     5.000
  121   56   -72.094   -30.015    13.612    61.1078      11     5.000
   17   60   -72.286   -31.885    11.541    20.0089      11     5.000
   55   64   -72.326   -31.197     9.471    25.1999      11     5.000
   20   66   -72.405   -31.825     8.436    22.7756      11     5.000
   93   68   -72.365   -30.508     7.400    46.5760      11     5.000
  113   69   -72.363   -30.147     6.883    58.8342      11     5.000
