   15    2   -71.105   -31.968    41.564    24.1490      11     5.000
   59    4   -71.107   -31.174    40.529    26.8981      11     5.000
    4    6   -71.196   -32.163    39.494    26.3939      11     5.000
   30    8   -71.214   -31.693    38.459    17.3767      11     5.000
   47   11   -71.260   -31.385    36.906    18.2881      11     5.000
   67   13   -71.282   -31.023    35.870    27.2050      11     5.000
   79   31   -71.634   -30.793    26.553    31.3812      11     5.000
   80   34   -71.694   -30.772    25.000    32.0032      11     5.000
   24   36   -71.790   -31.779    23.965     5.4829      11     5.000
  120   37   -71.715   -30.049    23.447    58.6936      11     5.000
  117   40   -71.778   -30.100    21.894    56.8226      11     5.000
  115   48   -71.940   -30.130    17.753    56.1045      11     5.000
   24   49   -72.055   -31.768    17.235    11.3398      11     5.000
   89   50   -72.007   -30.597    16.718    39.4517      11     5.000
   30   51   -72.089   -31.659    16.200    11.4161      11     5.000
  118   51   -71.997   -30.073    16.200    58.4457      11     5.000
   78   62   -72.260   -30.784    10.506    35.9017      11     5.000
   51   63   -72.310   -31.270     9.988    23.1087      11     5.000
   35   66   -72.388   -31.555     8.436    21.4150      11     5.000
   99   66   -72.318   -30.402     8.436    49.5062      11     5.000
