   35    4   -71.128   -31.606    40.529    20.0988      11     5.000
   82    8   -71.168   -30.756    38.459    37.5716      11     5.000
   30   13   -71.316   -31.690    35.870    14.0523      11     5.000
  106   14   -71.267   -30.319    35.353    51.1098      11     5.000
   73   16   -71.337   -30.912    34.317    29.8673      11     5.000
   94   19   -71.379   -30.532    32.765    42.5084      11     5.000
    8   22   -71.520   -32.079    31.212    17.8826      11     5.000
   37   22   -71.492   -31.557    31.212     8.6649      11     5.000
   79   25   -71.513   -30.797    29.659    31.9157      11     5.000
   27   26   -71.583   -31.734    29.141     6.3003      11     5.000
    2   31   -71.710   -32.180    26.553    20.1007      11     5.000
  109   32   -71.626   -30.251    26.035    51.3532      11     5.000
   66   36   -71.748   -31.023    23.965    22.6961      11     5.000
  118   42   -71.817   -30.081    20.859    57.5707      11     5.000
   60   44   -71.916   -31.124    19.824    19.8303      11     5.000
   67   44   -71.908   -30.998    19.824    24.2649      11     5.000
   92   53   -72.064   -30.540    15.165    41.9514      11     5.000
   54   56   -72.165   -31.222    13.612    20.7417      11     5.000
   87   58   -72.170   -30.626    12.577    39.9899      11     5.000
  116   67   -72.319   -30.095     7.918    60.1605      11     5.000
