  120    4   -71.055   -30.074    40.529    61.9799      11     5.000
    4    5   -71.176   -32.164    40.012    26.8672      11     5.000
   84    6   -71.126   -30.722    39.494    39.3539      11     5.000
    8   10   -71.274   -32.088    37.423    22.6282      11     5.000
   28   10   -71.256   -31.728    37.423    16.2307      11     5.000
   86   10   -71.205   -30.683    37.423    39.3751      11     5.000
  101   12   -71.232   -30.411    36.388    48.2671      11     5.000
   22   13   -71.323   -31.834    35.870    15.5075      11     5.000
   79   13   -71.271   -30.806    35.870    34.3391      11     5.000
   61   14   -71.308   -31.130    35.353    23.4842      11     5.000
  116   15   -71.278   -30.138    34.835    57.4220      11     5.000
   71   24   -71.501   -30.942    30.176    26.8470      11     5.000
   92   24   -71.481   -30.564    30.176    40.5445      11     5.000
  113   25   -71.482   -30.185    29.659    54.3132      11     5.000
   37   26   -71.573   -31.553    29.141     6.3080      11     5.000
  111   31   -71.604   -30.216    26.553    52.6982      11     5.000
   22   33   -71.731   -31.818    25.518     6.6996      11     5.000
  106   42   -71.829   -30.297    20.859    49.6199      11     5.000
  102   62   -72.234   -30.352    10.506    50.2482      11     5.000
    8   63   -72.357   -32.044     9.988    25.0818      11     5.000
