   66    3   -71.081   -31.048    41.047    30.6719      11     5.000
   36    6   -71.168   -31.587    39.494    18.8475      11     5.000
   64   12   -71.265   -31.078    36.388    25.8678      11     5.000
   94   16   -71.318   -30.534    34.317    43.0385      11     5.000
   74   19   -71.397   -30.892    32.765    29.7332      11     5.000
   79   20   -71.412   -30.801    32.247    32.7052      11     5.000
  102   21   -71.411   -30.386    31.729    47.4639      11     5.000
   73   22   -71.458   -30.908    31.212    28.4760      11     5.000
  117   22   -71.418   -30.115    31.212    57.2187      11     5.000
   13   23   -71.535   -31.988    30.694    14.6350      11     5.000
   74   26   -71.538   -30.887    29.141    28.4913      11     5.000
   18   30   -71.673   -31.893    27.071     9.7271      11     5.000
   26   31   -71.686   -31.748    26.553     4.4856      11     5.000
   67   36   -71.747   -31.005    23.965    23.3610      11     5.000
   87   38   -71.767   -30.643    22.929    36.7513      11     5.000
   27   43   -71.929   -31.720    20.341     6.8653      11     5.000
   16   45   -71.981   -31.916    19.306    12.9370      11     5.000
   49   58   -72.211   -31.310    12.577    19.6178      11     5.000
  101   63   -72.255   -30.369     9.988    49.8868      11     5.000
   84   65   -72.314   -30.673     8.953    40.3676      11     5.000
