   16    3   -71.124   -31.949    41.047    23.2587      11     5.000
   94    7   -71.137   -30.541    38.976    45.0706      11     5.000
  118   10   -71.177   -30.106    37.423    59.5110      11     5.000
   29   11   -71.276   -31.709    36.906    15.4553      11     5.000
  100   15   -71.293   -30.426    34.835    47.0847      11     5.000
   84   23   -71.468   -30.709    30.694    35.4275      11     5.000
  117   27   -71.518   -30.111    28.623    56.8535      11     5.000
  119   28   -71.536   -30.074    28.106    58.1395      11     5.000
  113   30   -71.582   -30.181    27.071    54.0503      11     5.000
   34   32   -71.698   -31.603    26.035     1.8836      11     5.000
   41   32   -71.691   -31.476    26.035     6.1670      11     5.000
   20   34   -71.753   -31.853    25.000     7.9925      11     5.000
   14   41   -71.902   -31.955    21.377    12.8622      11     5.000
   75   46   -71.941   -30.852    18.788    29.7710      11     5.000
   45   47   -71.992   -31.392    18.271    12.2549      11     5.000
   14   49   -72.065   -31.949    17.235    15.6300      11     5.000
   16   58   -72.247   -31.905    12.577    19.2495      11     5.000
  120   59   -72.155   -30.030    12.059    60.9899      11     5.000
  102   68   -72.355   -30.346     7.400    51.8926      11     5.000
   45   70   -72.458   -31.371     6.365    25.5094      11     5.000
