   18    2   -71.102   -31.914    41.564    23.2889      11     5.000
   59    2   -71.067   -31.175    41.564    27.9017      11     5.000
   56    5   -71.130   -31.227    40.012    25.0914      11     5.000
   18    6   -71.184   -31.911    39.494    20.8617      11     5.000
   20   17   -71.406   -31.867    33.800    13.8856      11     5.000
   68   20   -71.423   -30.999    32.247    25.7609      11     5.000
   48   24   -71.522   -31.357    30.176    12.5765      11     5.000
   54   24   -71.517   -31.249    30.176    16.0933      11     5.000
   36   25   -71.554   -31.572    29.659     6.5706      11     5.000
   31   27   -71.600   -31.661    28.623     4.7031      11     5.000
   84   35   -71.710   -30.699    24.482    34.6805      11     5.000
   53   39   -71.822   -31.254    22.412    14.4120      11     5.000
   88   42   -71.847   -30.621    20.859    37.7247      11     5.000
   65   48   -71.991   -31.031    17.753    23.8819      11     5.000
   98   52   -72.038   -30.433    15.683    45.5944      11     5.000
   38   61   -72.284   -31.506    11.024    18.4492      11     5.000
   88   61   -72.229   -30.605    11.024    41.4375      11     5.000
   70   62   -72.269   -30.928    10.506    31.4771      11     5.000
   41   68   -72.422   -31.445     7.400    23.4400      11     5.000
  109   70   -72.387   -30.218     6.365    56.6757      11     5.000
