   15    2   -71.105   -31.968    41.564    24.1490      11     5.000
    4    6   -71.196   -32.163    39.494    26.3939      11     5.000
   47   11   -71.260   -31.385    36.906    18.2881      11     5.000
   67   13   -71.282   -31.023    35.870    27.2050      11     5.000
  110   13   -71.244   -30.248    35.870    53.8398      11     5.000
   80   21   -71.432   -30.782    31.729    33.1641      11     5.000
   92   21   -71.421   -30.566    31.729    40.9297      11     5.000
    7   22   -71.521   -32.097    31.212    18.4803      11     5.000
   75   28   -71.578   -30.867    28.106    28.9429      11     5.000
   79   31   -71.634   -30.793    26.553    31.3812      11     5.000
  100   32   -71.634   -30.413    26.035    45.3642      11     5.000
   87   33   -71.667   -30.647    25.518    36.6637      11     5.000
   80   34   -71.694   -30.772    25.000    32.0032      11     5.000
   22   35   -71.771   -31.816    24.482     6.6857      11     5.000
  117   40   -71.778   -30.100    21.894    56.8226      11     5.000
   44   43   -71.912   -31.413    20.341    10.0131      11     5.000
   24   49   -72.055   -31.768    17.235    11.3398      11     5.000
   30   51   -72.089   -31.659    16.200    11.4161      11     5.000
   90   61   -72.227   -30.569    11.024    42.6431      11     5.000
   99   66   -72.318   -30.402     8.436    49.5062      11     5.000
