  119    4   -71.056   -30.092    40.529    61.3485      11     5.000
    6   13   -71.338   -32.122    35.870    22.2718      11     5.000
   58   15   -71.331   -31.183    34.835    21.4753      11     5.000
   37   16   -71.370   -31.561    34.317    12.4608      11     5.000
  111   21   -71.403   -30.224    31.729    53.3646      11     5.000
   41   24   -71.529   -31.483    30.176     8.9659      11     5.000
   89   25   -71.504   -30.617    29.659    38.4733      11     5.000
    8   27   -71.622   -32.075    28.623    16.6625      11     5.000
   40   29   -71.632   -31.497    27.588     6.2781      11     5.000
  100   29   -71.574   -30.416    27.588    45.4442      11     5.000
   42   40   -71.853   -31.452    21.894     7.7711      11     5.000
    3   46   -72.015   -32.149    18.788    20.9063      11     5.000
   60   50   -72.037   -31.119    16.718    21.4995      11     5.000
   36   51   -72.083   -31.551    16.200    11.6519      11     5.000
  110   51   -72.005   -30.217    16.200    53.2282      11     5.000
   56   53   -72.102   -31.188    15.165    20.4219      11     5.000
    3   55   -72.199   -32.141    14.130    23.8486      11     5.000
   94   63   -72.263   -30.495     9.988    45.6292      11     5.000
   12   69   -72.475   -31.967     6.883    26.8706      11     5.000
   75   70   -72.425   -30.831     6.365    37.3862      11     5.000
