  109    3   -71.044   -30.273    41.047    55.3386      11     5.000
  112    7   -71.122   -30.216    38.976    56.2881      11     5.000
   80    8   -71.170   -30.792    38.459    36.3913      11     5.000
   19   15   -71.366   -31.886    34.835    15.3520      11     5.000
  118   20   -71.377   -30.098    32.247    58.0967      11     5.000
   87   22   -71.445   -30.655    31.212    37.5489      11     5.000
  121   23   -71.434   -30.042    30.694    59.7816      11     5.000
   80   30   -71.613   -30.775    27.071    32.1234      11     5.000
  109   31   -71.606   -30.252    26.553    51.3672      11     5.000
   74   33   -71.679   -30.881    25.518    28.0100      11     5.000
   80   33   -71.674   -30.773    25.518    32.0027      11     5.000
   32   35   -71.761   -31.636    24.482     0.6567      11     5.000
   49   43   -71.907   -31.323    20.341    12.8350      11     5.000
  118   44   -71.857   -30.079    19.824    57.7214      11     5.000
   67   45   -71.929   -30.997    19.306    24.4676      11     5.000
   74   49   -72.002   -30.868    17.235    29.7170      11     5.000
   82   58   -72.175   -30.716    12.577    36.9581      11     5.000
   67   64   -72.312   -30.980     9.471    30.7355      11     5.000
   19   69   -72.467   -31.840     6.883    24.8725      11     5.000
   88   70   -72.410   -30.597     6.365    44.3657      11     5.000
