   38    2   -71.085   -31.553    41.564    21.6980      11     5.000
  115    2   -71.019   -30.166    41.564    59.2879      11     5.000
  114   11   -71.200   -30.177    36.906    56.7814      11     5.000
  113   12   -71.221   -30.194    36.388    55.9707      11     5.000
  100   15   -71.293   -30.426    34.835    47.0847      11     5.000
   17   17   -71.409   -31.921    33.800    15.1218      11     5.000
   89   17   -71.343   -30.623    33.800    39.6616      11     5.000
   29   27   -71.601   -31.697    28.623     5.0953      11     5.000
   14   32   -71.718   -31.963    26.035    12.0761      11     5.000
   19   34   -71.754   -31.871    25.000     8.6586      11     5.000
   40   34   -71.733   -31.493    25.000     5.3282      11     5.000
   50   42   -71.885   -31.306    20.859    13.1290      11     5.000
   75   42   -71.860   -30.856    20.859    29.1431      11     5.000
   20   44   -71.957   -31.845    19.824    10.4224      11     5.000
  109   45   -71.886   -30.240    19.306    51.8687      11     5.000
   46   48   -72.011   -31.373    17.753    13.1962      11     5.000
   46   60   -72.254   -31.362    11.541    19.6810      11     5.000
   71   60   -72.227   -30.912    11.541    31.2420      11     5.000
    4   67   -72.444   -32.112     7.918    28.8495      11     5.000
   87   70   -72.411   -30.615     6.365    43.8052      11     5.000
