   89    2   -71.041   -30.634    41.564    43.5854      11     5.000
   89   12   -71.242   -30.627    36.388    40.7350      11     5.000
   15   14   -71.350   -31.959    35.353    17.4898      11     5.000
   93   15   -71.299   -30.553    34.835    42.5823      11     5.000
  115   19   -71.359   -30.153    32.765    56.2370      11     5.000
   46   23   -71.504   -31.394    30.694    11.8564      11     5.000
   52   24   -71.519   -31.285    30.176    14.8893      11     5.000
   67   29   -71.605   -31.010    27.588    23.5869      11     5.000
  115   31   -71.600   -30.144    26.553    55.3603      11     5.000
  120   33   -71.635   -30.052    25.518    58.6723      11     5.000
   99   34   -71.675   -30.430    25.000    44.6561      11     5.000
   12   36   -71.802   -31.996    23.965    13.4125      11     5.000
  115   38   -71.740   -30.138    22.929    55.4011      11     5.000
   75   41   -71.840   -30.856    21.377    29.0598      11     5.000
   91   45   -71.904   -30.565    19.306    40.0007      11     5.000
   42   48   -72.015   -31.445    17.753    11.4636      11     5.000
   61   49   -72.016   -31.102    17.235    21.7650      11     5.000
  121   49   -71.954   -30.021    17.235    60.1609      11     5.000
   86   53   -72.070   -30.648    15.165    38.1585      11     5.000
   91   65   -72.306   -30.547     8.953    44.4322      11     5.000
