  105    3   -71.047   -30.345    41.047    52.8831      11     5.000
   23    6   -71.179   -31.821    39.494    19.6158      11     5.000
   66    7   -71.162   -31.045    38.976    28.9435      11     5.000
   64   12   -71.265   -31.078    36.388    25.8678      11     5.000
   79   20   -71.412   -30.801    32.247    32.7052      11     5.000
  102   21   -71.411   -30.386    31.729    47.4639      11     5.000
  107   21   -71.407   -30.296    31.729    50.7365      11     5.000
  117   22   -71.418   -30.115    31.212    57.2187      11     5.000
   74   26   -71.538   -30.887    29.141    28.4913      11     5.000
   18   30   -71.673   -31.893    27.071     9.7271      11     5.000
   26   31   -71.686   -31.748    26.553     4.4856      11     5.000
   27   43   -71.929   -31.720    20.341     6.8653      11     5.000
   16   45   -71.981   -31.916    19.306    12.9370      11     5.000
    1   49   -72.079   -32.183    17.235    22.9682      11     5.000
   39   50   -72.059   -31.497    16.718    11.6473      11     5.000
   64   54   -72.114   -31.043    14.647    25.1764      11     5.000
   49   58   -72.211   -31.310    12.577    19.6178      11     5.000
   30   64   -72.353   -31.647     9.471    20.0348      11     5.000
  121   65   -72.274   -30.007     8.953    62.8180      11     5.000
   86   66   -72.332   -30.636     8.436    41.8570      11     5.000
