   52    7   -71.174   -31.298    38.976    22.3897      11     5.000
   28    8   -71.216   -31.729    38.459    17.5217      11     5.000
   75   15   -71.315   -30.877    34.835    31.3465      11     5.000
   27   17   -71.400   -31.741    33.800    11.8118      11     5.000
   31   23   -71.518   -31.664    30.694     7.3695      11     5.000
  118   26   -71.497   -30.094    29.141    57.5673      11     5.000
    9   29   -71.662   -32.055    27.588    15.6734      11     5.000
   15   29   -71.656   -31.947    27.588    11.7995      11     5.000
   11   36   -71.803   -32.014    23.965    14.0753      11     5.000
   81   37   -71.753   -30.752    23.447    32.7138      11     5.000
   17   40   -71.878   -31.902    21.894    10.7574      11     5.000
   38   41   -71.877   -31.523    21.377     6.1423      11     5.000
   25   46   -71.992   -31.753    18.788     9.2512      11     5.000
  109   47   -71.926   -30.239    18.271    52.0480      11     5.000
  105   56   -72.111   -30.303    13.612    50.8300      11     5.000
    6   61   -72.319   -32.082    11.024    24.9938      11     5.000
  103   62   -72.233   -30.334    10.506    50.8679      11     5.000
   24   63   -72.340   -31.756     9.988    20.0671      11     5.000
   91   63   -72.266   -30.549     9.988    43.8246      11     5.000
  120   63   -72.235   -30.026     9.988    61.7872      11     5.000
