   19    9   -71.244   -31.891    37.941    18.7897      11     5.000
  112   14   -71.262   -30.211    35.353    54.9727      11     5.000
  119   14   -71.256   -30.085    35.353    59.5029      11     5.000
   98   16   -71.315   -30.462    34.317    45.5963      11     5.000
    9   20   -71.478   -32.063    32.247    17.9612      11     5.000
   43   22   -71.486   -31.448    31.212    10.8735      11     5.000
   24   23   -71.525   -31.790    30.694     9.0640      11     5.000
   93   24   -71.480   -30.546    30.176    41.2018      11     5.000
   32   25   -71.558   -31.644    29.659     5.9969      11     5.000
   80   34   -71.694   -30.772    25.000    32.0032      11     5.000
    6   36   -71.808   -32.104    23.965    17.3933      11     5.000
   90   44   -71.885   -30.584    19.824    39.2223      11     5.000
  106   45   -71.889   -30.294    19.306    49.8917      11     5.000
   35   54   -72.145   -31.566    14.647    13.4950      11     5.000
   76   54   -72.101   -30.827    14.647    32.2299      11     5.000
   96   64   -72.281   -30.458     9.471    47.1224      11     5.000
   35   68   -72.429   -31.553     7.400    22.7547      11     5.000
  100   68   -72.357   -30.382     7.400    50.6954      11     5.000
   16   70   -72.491   -31.894     6.365    26.2622      11     5.000
   30   71   -72.496   -31.640     5.847    24.7128      11     5.000
