   18    6   -71.184   -31.911    39.494    20.8617      11     5.000
   28    8   -71.216   -31.729    38.459    17.5217      11     5.000
   20   17   -71.406   -31.867    33.800    13.8856      11     5.000
   27   17   -71.400   -31.741    33.800    11.8118      11     5.000
   31   23   -71.518   -31.664    30.694     7.3695      11     5.000
   48   24   -71.522   -31.357    30.176    12.5765      11     5.000
   36   25   -71.554   -31.572    29.659     6.5706      11     5.000
  118   26   -71.497   -30.094    29.141    57.5673      11     5.000
   11   36   -71.803   -32.014    23.965    14.0753      11     5.000
   88   42   -71.847   -30.621    20.859    37.7247      11     5.000
   25   46   -71.992   -31.753    18.788     9.2512      11     5.000
   65   48   -71.991   -31.031    17.753    23.8819      11     5.000
   98   52   -72.038   -30.433    15.683    45.5944      11     5.000
    6   61   -72.319   -32.082    11.024    24.9938      11     5.000
   88   61   -72.229   -30.605    11.024    41.4375      11     5.000
   70   62   -72.269   -30.928    10.506    31.4771      11     5.000
  103   62   -72.233   -30.334    10.506    50.8679      11     5.000
   24   63   -72.340   -31.756     9.988    20.0671      11     5.000
  120   63   -72.235   -30.026     9.988    61.7872      11     5.000
   41   68   -72.422   -31.445     7.400    23.4400      11     5.000
