    8    4   -71.152   -32.093    40.529    25.6135      11     5.000
   48    4   -71.117   -31.372    40.529    22.6531      11     5.000
   84   11   -71.227   -30.718    36.906    37.8952      11     5.000
   13   27   -71.617   -31.985    28.623    13.4989      11     5.000
   25   27   -71.605   -31.769    28.623     6.6127      11     5.000
   11   30   -71.680   -32.019    27.071    14.2666      11     5.000
   53   33   -71.700   -31.259    25.518    14.0318      11     5.000
   45   37   -71.789   -31.400    23.447     8.9053      11     5.000
    8   44   -71.969   -32.061    19.824    17.3298      11     5.000
  110   52   -72.025   -30.216    15.683    53.3787      11     5.000
   78   53   -72.079   -30.792    15.165    33.1855      11     5.000
   30   58   -72.231   -31.652    12.577    16.0466      11     5.000
   53   58   -72.206   -31.238    12.577    21.2540      11     5.000
   31   59   -72.251   -31.633    12.059    16.6947      11     5.000
   54   59   -72.226   -31.219    12.059    22.2153      11     5.000
   55   59   -72.224   -31.201    12.059    22.6411      11     5.000
   49   62   -72.292   -31.307    10.506    21.8343      11     5.000
   63   62   -72.276   -31.054    10.506    27.8492      11     5.000
   23   63   -72.341   -31.774     9.988    20.2514      11     5.000
    7   71   -72.522   -32.055     5.847    29.7762      11     5.000
