  114    2   -71.020   -30.184    41.564    58.6653      11     5.000
   66    3   -71.081   -31.048    41.047    30.6719      11     5.000
   98    5   -71.094   -30.470    40.012    48.0505      11     5.000
   15    8   -71.227   -31.964    38.459    20.7232      11     5.000
   67    8   -71.181   -31.026    38.459    29.0803      11     5.000
   33   12   -71.292   -31.636    36.388    14.6967      11     5.000
   20   14   -71.345   -31.869    35.353    15.5514      11     5.000
   30   19   -71.438   -31.685    32.765    10.0795      11     5.000
   81   22   -71.451   -30.764    31.212    33.6174      11     5.000
  105   26   -71.509   -30.328    29.141    48.9561      11     5.000
   35   34   -71.738   -31.583    25.000     1.9981      11     5.000
   20   36   -71.794   -31.852    23.965     8.1283      11     5.000
   41   41   -71.874   -31.469    21.377     7.5982      11     5.000
  109   43   -71.846   -30.242    20.341    51.6855      11     5.000
   77   49   -71.999   -30.814    17.235    31.6068      11     5.000
   38   54   -72.141   -31.512    14.647    13.9086      11     5.000
  100   59   -72.176   -30.390    12.059    48.3128      11     5.000
   70   64   -72.309   -30.926     9.471    32.2848      11     5.000
    4   66   -72.423   -32.113     8.436    28.3322      11     5.000
   24   68   -72.441   -31.751     7.400    23.2707      11     5.000
