  117    1   -70.997   -30.130    42.082    60.7976      11     5.000
   27    2   -71.094   -31.752    41.564    21.6009      11     5.000
  111    6   -71.102   -30.235    39.494    55.8766      11     5.000
   82   14   -71.289   -30.752    35.353    35.8871      11     5.000
  120   15   -71.275   -30.066    34.835    60.0177      11     5.000
   42   18   -71.406   -31.470    33.282    12.5751      11     5.000
   37   21   -71.472   -31.557    31.729     9.2838      11     5.000
  104   23   -71.450   -30.348    30.694    48.5665      11     5.000
   32   27   -71.599   -31.643    28.623     4.6550      11     5.000
   92   37   -71.742   -30.553    23.447    40.0648      11     5.000
   42   44   -71.934   -31.448    19.824     9.4388      11     5.000
  110   46   -71.905   -30.222    18.788    52.5940      11     5.000
  113   49   -71.962   -30.165    17.235    54.9141      11     5.000
  114   51   -72.001   -30.145    16.200    55.8344      11     5.000
   90   53   -72.066   -30.576    15.165    40.6828      11     5.000
   75   54   -72.102   -30.845    14.647    31.6241      11     5.000
   84   63   -72.274   -30.675     9.988    39.6991      11     5.000
   98   64   -72.279   -30.422     9.471    48.3337      11     5.000
   85   67   -72.353   -30.653     7.918    41.6331      11     5.000
   56   69   -72.426   -31.174     6.883    28.2981      11     5.000
