  102    3   -71.050   -30.399    41.047    51.0447      11     5.000
   89    4   -71.081   -30.633    40.529    42.9392      11     5.000
   57    6   -71.149   -31.208    39.494    25.0352      11     5.000
  102   13   -71.251   -30.392    35.870    48.7173      11     5.000
    2   16   -71.403   -32.192    34.317    23.3241      11     5.000
  102   18   -71.351   -30.388    33.282    47.8784      11     5.000
  101   24   -71.473   -30.402    30.176    46.4636      11     5.000
   58   31   -71.655   -31.171    26.553    17.4449      11     5.000
   91   39   -71.784   -30.570    22.412    39.4664      11     5.000
   64   42   -71.871   -31.054    20.859    21.9812      11     5.000
   15   44   -71.962   -31.935    19.824    13.1519      11     5.000
   50   47   -71.987   -31.302    18.271    14.8005      11     5.000
   81   49   -71.995   -30.742    17.235    34.1454      11     5.000
    7   52   -72.134   -32.072    15.683    20.5394      11     5.000
   44   55   -72.155   -31.403    14.130    16.1162      11     5.000
   71   55   -72.126   -30.916    14.130    29.5385      11     5.000
   89   58   -72.168   -30.589    12.577    41.2502      11     5.000
   89   61   -72.228   -30.587    11.024    42.0394      11     5.000
   17   62   -72.327   -31.883    10.506    21.1771      11     5.000
   82   70   -72.417   -30.705     6.365    41.0663      11     5.000
