   35    3   -71.108   -31.607    41.047    20.7513      11     5.000
    8    4   -71.152   -32.093    40.529    25.6135      11     5.000
   82    5   -71.107   -30.758    40.012    38.5490      11     5.000
  106   11   -71.207   -30.321    36.906    51.6737      11     5.000
   29   13   -71.316   -31.708    35.870    14.1592      11     5.000
    9   17   -71.417   -32.065    33.800    19.0615      11     5.000
   23   17   -71.403   -31.813    33.800    12.8428      11     5.000
   41   29   -71.631   -31.479    27.588     6.8531      11     5.000
   90   29   -71.583   -30.596    27.588    38.8086      11     5.000
  114   33   -71.641   -30.160    25.518    54.6771      11     5.000
  116   37   -71.719   -30.121    23.447    56.0318      11     5.000
   27   41   -71.888   -31.721    21.377     5.7171      11     5.000
   21   42   -71.915   -31.829    20.859     9.0816      11     5.000
   13   43   -71.944   -31.972    20.341    14.0279      11     5.000
   35   52   -72.104   -31.568    15.683    12.1655      11     5.000
   60   55   -72.138   -31.115    14.130    23.3194      11     5.000
   85   56   -72.132   -30.663    13.612    38.2701      11     5.000
   17   60   -72.286   -31.885    11.541    20.0089      11     5.000
   52   65   -72.349   -31.250     8.953    24.5834      11     5.000
   29   68   -72.436   -31.661     7.400    22.7607      11     5.000
