   18    2   -71.102   -31.914    41.564    23.2889      11     5.000
   59    2   -71.067   -31.175    41.564    27.9017      11     5.000
  114    2   -71.020   -30.184    41.564    58.6653      11     5.000
   56    5   -71.130   -31.227    40.012    25.0914      11     5.000
   38   11   -71.268   -31.547    36.906    15.8347      11     5.000
   75   17   -71.356   -30.876    33.800    30.8063      11     5.000
   31   19   -71.437   -31.667    32.765    10.0154      11     5.000
   68   20   -71.423   -30.999    32.247    25.7609      11     5.000
   54   24   -71.517   -31.249    30.176    16.0933      11     5.000
   28   25   -71.562   -31.716    29.659     6.5536      11     5.000
   85   26   -71.528   -30.688    29.141    35.7465      11     5.000
   31   27   -71.600   -31.661    28.623     4.7031      11     5.000
   32   27   -71.599   -31.643    28.623     4.6550      11     5.000
  120   33   -71.635   -30.052    25.518    58.6723      11     5.000
   84   35   -71.710   -30.699    24.482    34.6805      11     5.000
   53   39   -71.822   -31.254    22.412    14.4120      11     5.000
  103   43   -71.852   -30.350    20.341    47.7193      11     5.000
  115   55   -72.080   -30.124    14.130    57.0637      11     5.000
   38   61   -72.284   -31.506    11.024    18.4492      11     5.000
  109   70   -72.387   -30.218     6.365    56.6757      11     5.000
