   83    2   -71.046   -30.742    41.564    40.1514      11     5.000
   15    3   -71.125   -31.967    41.047    23.5681      11     5.000
   99    8   -71.153   -30.450    38.459    47.9014      11     5.000
   75    9   -71.194   -30.882    37.941    33.1478      11     5.000
  119   11   -71.196   -30.087    36.906    59.9896      11     5.000
   35   13   -71.311   -31.599    35.870    14.1442      11     5.000
   16   15   -71.369   -31.940    34.835    16.5556      11     5.000
   30   17   -71.397   -31.687    33.800    11.4139      11     5.000
   87   24   -71.486   -30.654    30.176    37.2622      11     5.000
   23   26   -71.587   -31.806    29.141     8.0370      11     5.000
   15   34   -71.758   -31.943    25.000    11.3228      11     5.000
   77   35   -71.717   -30.825    24.482    30.0199      11     5.000
    5   42   -71.932   -32.117    20.859    18.7872      11     5.000
   18   43   -71.938   -31.882    20.341    11.0958      11     5.000
   44   46   -71.973   -31.411    18.788    11.3140      11     5.000
   50   55   -72.149   -31.295    14.130    18.4379      11     5.000
   30   58   -72.231   -31.652    12.577    16.0466      11     5.000
   17   60   -72.286   -31.885    11.541    20.0089      11     5.000
   20   66   -72.405   -31.825     8.436    22.7756      11     5.000
   60   67   -72.381   -31.104     7.918    28.8504      11     5.000
