   81    1   -71.028   -30.779    42.082    39.3811      11     5.000
   75    3   -71.073   -30.886    41.047    35.3372      11     5.000
  119    8   -71.136   -30.089    38.459    60.5374      11     5.000
   46   12   -71.281   -31.402    36.388    17.3769      11     5.000
   67   15   -71.323   -31.021    34.835    26.5501      11     5.000
   22   17   -71.404   -31.831    33.800    13.1659      11     5.000
   25   30   -71.666   -31.766    27.071     5.3690      11     5.000
   33   35   -71.760   -31.618    24.482     0.9403      11     5.000
   98   36   -71.716   -30.446    23.965    44.0240      11     5.000
   22   38   -71.832   -31.814    22.929     7.1791      11     5.000
   44   40   -71.851   -31.416    21.894     8.9396      11     5.000
   57   40   -71.838   -31.182    21.894    17.1264      11     5.000
   51   46   -71.965   -31.285    18.788    14.9631      11     5.000
   57   48   -72.000   -31.175    17.753    19.0996      11     5.000
   66   50   -72.031   -31.011    16.718    25.0508      11     5.000
   86   55   -72.111   -30.646    14.130    38.6370      11     5.000
  102   55   -72.094   -30.358    14.130    48.7197      11     5.000
   17   56   -72.205   -31.888    13.612    17.7531      11     5.000
   39   60   -72.262   -31.488    11.541    17.9527      11     5.000
   64   65   -72.336   -31.034     8.953    29.6906      11     5.000
