   48    9   -71.218   -31.368    37.941    19.7923      11     5.000
   38   10   -71.247   -31.548    37.423    16.4988      11     5.000
  100   11   -71.212   -30.429    36.906    47.8769      11     5.000
   37   16   -71.370   -31.561    34.317    12.4608      11     5.000
   75   19   -71.396   -30.874    32.765    30.3620      11     5.000
   79   20   -71.412   -30.801    32.247    32.7052      11     5.000
  111   21   -71.403   -30.224    31.729    53.3646      11     5.000
   41   24   -71.529   -31.483    30.176     8.9659      11     5.000
    8   27   -71.622   -32.075    28.623    16.6625      11     5.000
  100   29   -71.574   -30.416    27.588    45.4442      11     5.000
   56   34   -71.717   -31.205    25.000    15.9844      11     5.000
   42   40   -71.853   -31.452    21.894     7.7711      11     5.000
   50   42   -71.885   -31.306    20.859    13.1290      11     5.000
   44   46   -71.973   -31.411    18.788    11.3140      11     5.000
  110   51   -72.005   -30.217    16.200    53.2282      11     5.000
   56   53   -72.102   -31.188    15.165    20.4219      11     5.000
    3   55   -72.199   -32.141    14.130    23.8486      11     5.000
   42   60   -72.259   -31.434    11.541    18.5822      11     5.000
   47   62   -72.294   -31.343    10.506    21.1695      11     5.000
   12   69   -72.475   -31.967     6.883    26.8706      11     5.000
