   64    5   -71.123   -31.083    40.012    28.7820      11     5.000
   84    5   -71.106   -30.722    40.012    39.6946      11     5.000
   31    7   -71.193   -31.676    38.976    17.9980      11     5.000
   92   10   -71.199   -30.574    37.423    43.0991      11     5.000
   55   11   -71.252   -31.241    36.906    21.6810      11     5.000
   17   14   -71.348   -31.923    35.353    16.6617      11     5.000
   28   14   -71.338   -31.725    35.353    13.5915      11     5.000
   19   15   -71.366   -31.886    34.835    15.3520      11     5.000
   28   16   -71.378   -31.723    34.317    12.3038      11     5.000
   96   20   -71.397   -30.495    32.247    43.6672      11     5.000
   22   22   -71.506   -31.827    31.212    10.4265      11     5.000
   77   24   -71.495   -30.834    30.176    30.7365      11     5.000
  101   29   -71.573   -30.398    27.588    46.1084      11     5.000
   49   32   -71.684   -31.332    26.035    11.4214      11     5.000
   50   33   -71.703   -31.313    25.518    12.0364      11     5.000
   98   51   -72.018   -30.433    16.200    45.4553      11     5.000
   18   52   -72.122   -31.874    15.683    15.2038      11     5.000
  114   58   -72.141   -30.139    12.577    56.9594      11     5.000
  116   59   -72.159   -30.102    12.059    58.4303      11     5.000
   87   67   -72.351   -30.617     7.918    42.7728      11     5.000
