   26    3   -71.115   -31.769    41.047    21.0641      11     5.000
  101    3   -71.051   -30.417    41.047    50.4346      11     5.000
   65    4   -71.102   -31.065    40.529    29.7401      11     5.000
  117    6   -71.097   -30.127    39.494    59.6544      11     5.000
   30   10   -71.254   -31.692    37.423    16.0713      11     5.000
   67   10   -71.221   -31.025    37.423    28.2998      11     5.000
   77   15   -71.313   -30.841    34.835    32.5715      11     5.000
   93   18   -71.359   -30.550    33.282    42.0598      11     5.000
   51   21   -71.459   -31.305    31.729    15.3425      11     5.000
   76   27   -71.556   -30.850    28.623    29.6977      11     5.000
   98   31   -71.616   -30.450    26.553    44.0506      11     5.000
   17   34   -71.756   -31.907    25.000     9.9907      11     5.000
   46   37   -71.788   -31.382    23.447     9.5555      11     5.000
   67   42   -71.868   -31.000    20.859    23.9246      11     5.000
  120   42   -71.815   -30.045    20.859    58.8968      11     5.000
   46   44   -71.930   -31.376    19.824    11.4825      11     5.000
   13   46   -72.005   -31.969    18.788    14.9769      11     5.000
  100   48   -71.955   -30.400    17.753    46.2830      11     5.000
   45   58   -72.215   -31.382    12.577    18.1998      11     5.000
  105   66   -72.311   -30.294     8.436    53.1349      11     5.000
