   29   12   -71.296   -31.708    36.388    14.8038      11     5.000
   81   13   -71.270   -30.770    35.870    35.5485      11     5.000
  112   17   -71.322   -30.209    33.800    54.5143      11     5.000
  118   18   -71.337   -30.100    33.282    58.3079      11     5.000
   55   19   -71.414   -31.234    32.765    18.3282      11     5.000
   83   29   -71.590   -30.722    27.588    34.1657      11     5.000
   40   30   -71.652   -31.496    27.071     5.9638      11     5.000
  120   32   -71.615   -30.053    26.035    58.6764      11     5.000
  117   44   -71.858   -30.097    19.824    57.0600      11     5.000
   46   45   -71.950   -31.376    19.306    11.8513      11     5.000
   96   45   -71.899   -30.475    19.306    43.2787      11     5.000
   25   46   -71.992   -31.753    18.788     9.2512      11     5.000
   52   47   -71.985   -31.266    18.271    15.9000      11     5.000
   49   51   -72.069   -31.316    16.200    16.0405      11     5.000
   55   51   -72.062   -31.208    16.200    19.0656      11     5.000
  109   52   -72.026   -30.234    15.683    52.7298      11     5.000
   82   58   -72.175   -30.716    12.577    36.9581      11     5.000
   32   63   -72.331   -31.612     9.988    19.3404      11     5.000
   95   66   -72.322   -30.474     8.436    47.1117      11     5.000
    3   68   -72.465   -32.130     7.400    29.7960      11     5.000
