    3    4   -71.156   -32.183    40.529    27.8254      11     5.000
  107   13   -71.246   -30.302    35.870    51.9200      11     5.000
   46   14   -71.321   -31.400    35.353    16.2931      11     5.000
   68   14   -71.301   -31.004    35.353    27.4609      11     5.000
   10   15   -71.375   -32.048    34.835    19.3615      11     5.000
   59   31   -71.654   -31.153    26.553    18.1068      11     5.000
   18   38   -71.837   -31.886    22.929     9.7142      11     5.000
   61   38   -71.793   -31.111    22.929    19.5223      11     5.000
   67   41   -71.848   -31.001    21.377    23.7801      11     5.000
   32   46   -71.985   -31.627    18.788     7.9976      11     5.000
   13   47   -72.025   -31.968    18.271    15.3319      11     5.000
   73   47   -71.963   -30.887    18.271    28.6883      11     5.000
   63   51   -72.054   -31.064    16.200    23.5720      11     5.000
   96   51   -72.020   -30.470    16.200    44.1302      11     5.000
   37   53   -72.122   -31.531    15.165    13.0923      11     5.000
    8   56   -72.214   -32.050    13.612    21.6827      11     5.000
   71   57   -72.167   -30.915    13.094    30.1765      11     5.000
   99   65   -72.298   -30.403     8.953    49.2203      11     5.000
   81   66   -72.337   -30.726     8.436    39.0211      11     5.000
   81   68   -72.378   -30.725     7.400    39.7506      11     5.000
