    4    5   -71.176   -32.164    40.012    26.8672      11     5.000
   48    6   -71.157   -31.370    39.494    21.5109      11     5.000
   84    6   -71.126   -30.722    39.494    39.3539      11     5.000
    7    7   -71.214   -32.108    38.976    24.5168      11     5.000
    8   10   -71.274   -32.088    37.423    22.6282      11     5.000
   61   14   -71.308   -31.130    35.353    23.4842      11     5.000
   92   24   -71.481   -30.564    30.176    40.5445      11     5.000
   95   24   -71.478   -30.510    30.176    42.5173      11     5.000
  113   25   -71.482   -30.185    29.659    54.3132      11     5.000
   37   26   -71.573   -31.553    29.141     6.3080      11     5.000
   38   26   -71.572   -31.535    29.141     6.6863      11     5.000
   38   27   -71.593   -31.535    28.623     6.1315      11     5.000
  111   31   -71.604   -30.216    26.553    52.6982      11     5.000
   22   33   -71.731   -31.818    25.518     6.6996      11     5.000
   89   34   -71.685   -30.610    25.000    37.9968      11     5.000
   91   45   -71.904   -30.565    19.306    40.0007      11     5.000
   12   49   -72.067   -31.985    17.235    16.6737      11     5.000
   84   55   -72.113   -30.682    14.130    37.3977      11     5.000
    8   63   -72.357   -32.044     9.988    25.0818      11     5.000
   83   70   -72.416   -30.687     6.365    41.6105      11     5.000
