  120    4   -71.055   -30.074    40.529    61.9799      11     5.000
   56    9   -71.211   -31.224    37.941    23.1021      11     5.000
   21   14   -71.344   -31.851    35.353    15.2217      11     5.000
   84   15   -71.307   -30.715    34.835    36.9055      11     5.000
   83   32   -71.651   -30.720    26.035    34.0123      11     5.000
   56   37   -71.778   -31.202    23.447    16.1282      11     5.000
   48   44   -71.928   -31.340    19.824    12.5915      11     5.000
   75   45   -71.921   -30.853    19.306    29.5942      11     5.000
   59   46   -71.957   -31.140    18.788    19.7126      11     5.000
   77   51   -72.039   -30.812    16.200    32.0598      11     5.000
   69   52   -72.068   -30.955    15.683    27.4346      11     5.000
   46   56   -72.173   -31.366    13.612    17.3745      11     5.000
   37   61   -72.285   -31.524    11.024    18.3143      11     5.000
   42   63   -72.320   -31.432     9.988    20.4545      11     5.000
   90   67   -72.348   -30.563     7.918    44.5025      11     5.000
   28   68   -72.437   -31.679     7.400    22.8248      11     5.000
   54   68   -72.408   -31.211     7.400    27.0031      11     5.000
   79   68   -72.380   -30.761     7.400    38.6603      11     5.000
   34   70   -72.471   -31.569     6.365    24.0444      11     5.000
   68   71   -72.453   -30.956     5.847    34.4206      11     5.000
