   46    9   -71.220   -31.404    37.941    19.1012      11     5.000
   91   16   -71.321   -30.588    34.317    41.1212      11     5.000
   38   17   -71.390   -31.542    33.800    12.0103      11     5.000
  100   18   -71.353   -30.424    33.282    46.5798      11     5.000
  118   18   -71.337   -30.100    33.282    58.3079      11     5.000
   45   19   -71.424   -31.415    32.765    13.2188      11     5.000
   37   31   -71.675   -31.549    26.553     3.8995      11     5.000
  120   32   -71.615   -30.053    26.035    58.6764      11     5.000
   76   39   -71.798   -30.840    22.412    29.5236      11     5.000
  117   42   -71.818   -30.099    20.859    56.9076      11     5.000
  117   44   -71.858   -30.097    19.824    57.0600      11     5.000
   46   45   -71.950   -31.376    19.306    11.8513      11     5.000
   25   46   -71.992   -31.753    18.788     9.2512      11     5.000
   88   47   -71.948   -30.617    18.271    38.3321      11     5.000
   49   51   -72.069   -31.316    16.200    16.0405      11     5.000
  109   52   -72.026   -30.234    15.683    52.7298      11     5.000
   82   58   -72.175   -30.716    12.577    36.9581      11     5.000
   32   63   -72.331   -31.612     9.988    19.3404      11     5.000
    3   68   -72.465   -32.130     7.400    29.7960      11     5.000
   13   68   -72.454   -31.949     7.400    25.9619      11     5.000
