  120    4   -71.055   -30.074    40.529    61.9799      11     5.000
   52    7   -71.174   -31.298    38.976    22.3897      11     5.000
   75   15   -71.315   -30.877    34.835    31.3465      11     5.000
    9   29   -71.662   -32.055    27.588    15.6734      11     5.000
   15   29   -71.656   -31.947    27.588    11.7995      11     5.000
   81   37   -71.753   -30.752    23.447    32.7138      11     5.000
   17   40   -71.878   -31.902    21.894    10.7574      11     5.000
   38   41   -71.877   -31.523    21.377     6.1423      11     5.000
   75   45   -71.921   -30.853    19.306    29.5942      11     5.000
   59   46   -71.957   -31.140    18.788    19.7126      11     5.000
  109   47   -71.926   -30.239    18.271    52.0480      11     5.000
   77   51   -72.039   -30.812    16.200    32.0598      11     5.000
   69   52   -72.068   -30.955    15.683    27.4346      11     5.000
   46   56   -72.173   -31.366    13.612    17.3745      11     5.000
  105   56   -72.111   -30.303    13.612    50.8300      11     5.000
   42   63   -72.320   -31.432     9.988    20.4545      11     5.000
   91   63   -72.266   -30.549     9.988    43.8246      11     5.000
   90   67   -72.348   -30.563     7.918    44.5025      11     5.000
   28   68   -72.437   -31.679     7.400    22.8248      11     5.000
   68   71   -72.453   -30.956     5.847    34.4206      11     5.000
