   62    3   -71.084   -31.120    41.047    28.7696      11     5.000
   87   16   -71.325   -30.660    34.317    38.5774      11     5.000
    5   17   -71.420   -32.137    33.800    21.2750      11     5.000
   56   20   -71.434   -31.216    32.247    18.5096      11     5.000
   33   24   -71.537   -31.627    30.176     6.6879      11     5.000
    4   31   -71.708   -32.144    26.553    18.7756      11     5.000
   71   37   -71.763   -30.932    23.447    26.0700      11     5.000
   78   38   -71.776   -30.805    22.929    30.7767      11     5.000
  120   38   -71.735   -30.048    22.929    58.7268      11     5.000
   86   44   -71.889   -30.656    19.824    36.5997      11     5.000
   92   46   -71.923   -30.546    18.788    40.7861      11     5.000
   21   48   -72.037   -31.823    17.753    11.8546      11     5.000
   44   50   -72.054   -31.407    16.718    13.3448      11     5.000
   89   50   -72.007   -30.597    16.718    39.4517      11     5.000
   88   57   -72.149   -30.608    13.094    40.3759      11     5.000
   30   63   -72.333   -31.648     9.988    19.3802      11     5.000
   12   64   -72.373   -31.971     9.471    24.0239      11     5.000
   35   69   -72.449   -31.552     6.883    23.4095      11     5.000
  104   69   -72.373   -30.309     6.883    53.3864      11     5.000
   82   70   -72.417   -30.705     6.365    41.0663      11     5.000
