   75    4   -71.093   -30.885    40.529    34.9632      11     5.000
   82    8   -71.168   -30.756    38.459    37.5716      11     5.000
  106   14   -71.267   -30.319    35.353    51.1098      11     5.000
   73   16   -71.337   -30.912    34.317    29.8673      11     5.000
   44   21   -71.465   -31.431    31.729    11.8041      11     5.000
    8   22   -71.520   -32.079    31.212    17.8826      11     5.000
   37   22   -71.492   -31.557    31.212     8.6649      11     5.000
   81   23   -71.471   -30.763    30.694    33.4742      11     5.000
   91   23   -71.462   -30.583    30.694    39.9953      11     5.000
   27   26   -71.583   -31.734    29.141     6.3003      11     5.000
    2   31   -71.710   -32.180    26.553    20.1007      11     5.000
   54   32   -71.679   -31.242    26.035    14.7344      11     5.000
   52   34   -71.721   -31.277    25.000    13.3203      11     5.000
    2   36   -71.812   -32.176    23.965    20.0507      11     5.000
    1   38   -71.854   -32.192    22.929    20.8323      11     5.000
  118   42   -71.817   -30.081    20.859    57.5707      11     5.000
  103   43   -71.852   -30.350    20.341    47.7193      11     5.000
   54   56   -72.165   -31.222    13.612    20.7417      11     5.000
   65   56   -72.153   -31.024    13.612    26.4294      11     5.000
  116   67   -72.319   -30.095     7.918    60.1605      11     5.000
