  109    3   -71.044   -30.273    41.047    55.3386      11     5.000
   92    9   -71.179   -30.575    37.941    43.3406      11     5.000
   28   17   -71.399   -31.723    33.800    11.6426      11     5.000
   31   19   -71.437   -31.667    32.765    10.0154      11     5.000
   60   23   -71.491   -31.141    30.694    20.0617      11     5.000
   21   33   -71.732   -31.836    25.518     7.3627      11     5.000
    1   34   -71.772   -32.196    25.000    20.6847      11     5.000
   85   34   -71.689   -30.682    25.000    35.3330      11     5.000
   11   38   -71.844   -32.012    22.929    14.2533      11     5.000
   26   40   -71.869   -31.740    21.894     5.6506      11     5.000
   55   53   -72.103   -31.206    15.165    19.9028      11     5.000
  118   53   -72.037   -30.071    15.165    58.7285      11     5.000
   19   56   -72.202   -31.852    13.612    17.0167      11     5.000
   17   59   -72.266   -31.886    12.059    19.4465      11     5.000
  114   60   -72.181   -30.137    11.541    57.3557      11     5.000
  118   60   -72.177   -30.065    11.541    59.9024      11     5.000
   52   63   -72.309   -31.252     9.988    23.4824      11     5.000
   83   64   -72.295   -30.692     9.471    39.4524      11     5.000
   72   68   -72.388   -30.887     7.400    34.9948      11     5.000
  110   69   -72.366   -30.201     6.883    57.0024      11     5.000
