   99    8   -71.153   -30.450    38.459    47.9014      11     5.000
   94    9   -71.177   -30.539    37.941    44.5758      11     5.000
  119   11   -71.196   -30.087    36.906    59.9896      11     5.000
   35   13   -71.311   -31.599    35.870    14.1442      11     5.000
   42   14   -71.325   -31.473    35.353    14.8995      11     5.000
   16   15   -71.369   -31.940    34.835    16.5556      11     5.000
   29   23   -71.520   -31.700    30.694     7.6045      11     5.000
   74   23   -71.478   -30.889    30.694    28.9403      11     5.000
   87   24   -71.486   -30.654    30.176    37.2622      11     5.000
   61   27   -71.571   -31.120    28.623    19.8901      11     5.000
   87   29   -71.586   -30.650    27.588    36.8182      11     5.000
   15   34   -71.758   -31.943    25.000    11.3228      11     5.000
   36   37   -71.798   -31.562    23.447     3.3471      11     5.000
    5   42   -71.932   -32.117    20.859    18.7872      11     5.000
   18   43   -71.938   -31.882    20.341    11.0958      11     5.000
   68   54   -72.109   -30.971    14.647    27.4615      11     5.000
   55   57   -72.184   -31.203    13.094    21.6835      11     5.000
   30   58   -72.231   -31.652    12.577    16.0466      11     5.000
   53   67   -72.389   -31.230     7.918    26.0840      11     5.000
   60   67   -72.381   -31.104     7.918    28.8504      11     5.000
