  106    8   -71.147   -30.324    38.459    52.2721      11     5.000
   42   14   -71.325   -31.473    35.353    14.8995      11     5.000
   18   15   -71.367   -31.904    34.835    15.7353      11     5.000
   47   16   -71.361   -31.381    34.317    15.6188      11     5.000
    6   17   -71.419   -32.119    33.800    20.7155      11     5.000
  115   20   -71.379   -30.152    32.247    56.1309      11     5.000
   70   23   -71.481   -30.961    30.694    26.3793      11     5.000
   97   26   -71.517   -30.472    29.141    43.6623      11     5.000
   84   27   -71.549   -30.706    28.623    34.9650      11     5.000
    8   32   -71.724   -32.071    26.035    16.0539      11     5.000
   69   39   -71.805   -30.966    22.412    24.8970      11     5.000
   18   45   -71.979   -31.880    19.306    11.8641      11     5.000
   49   45   -71.947   -31.321    19.306    13.5122      11     5.000
   17   48   -72.042   -31.895    17.753    13.6788      11     5.000
   51   48   -72.006   -31.283    17.753    15.7320      11     5.000
   86   49   -71.990   -30.651    17.235    37.3793      11     5.000
   24   50   -72.075   -31.768    16.718    11.9353      11     5.000
    1   54   -72.181   -32.178    14.647    24.5808      11     5.000
  106   56   -72.110   -30.285    13.612    51.4684      11     5.000
   20   71   -72.507   -31.821     5.847    25.9336      11     5.000
