    3    4   -71.156   -32.183    40.529    27.8254      11     5.000
   46   14   -71.321   -31.400    35.353    16.2931      11     5.000
   10   15   -71.375   -32.048    34.835    19.3615      11     5.000
   39   20   -71.450   -31.522    32.247    10.4250      11     5.000
   76   24   -71.496   -30.852    30.176    30.0864      11     5.000
   15   31   -71.697   -31.946    26.553    11.5167      11     5.000
    7   33   -71.745   -32.088    25.518    16.6710      11     5.000
  115   34   -71.660   -30.141    25.000    55.3462      11     5.000
   61   38   -71.793   -31.111    22.929    19.5223      11     5.000
   67   41   -71.848   -31.001    21.377    23.7801      11     5.000
   27   42   -71.909   -31.720    20.859     6.2858      11     5.000
   13   43   -71.944   -31.972    20.341    14.0279      11     5.000
   32   46   -71.985   -31.627    18.788     7.9976      11     5.000
   13   47   -72.025   -31.968    18.271    15.3319      11     5.000
   15   49   -72.064   -31.931    17.235    15.1252      11     5.000
   96   51   -72.020   -30.470    16.200    44.1302      11     5.000
   81   66   -72.337   -30.726     8.436    39.0211      11     5.000
   73   68   -72.387   -30.869     7.400    35.5068      11     5.000
   81   68   -72.378   -30.725     7.400    39.7506      11     5.000
   94   70   -72.404   -30.489     6.365    47.7855      11     5.000
