   98    5   -71.094   -30.470    40.012    48.0505      11     5.000
  110   12   -71.224   -30.248    36.388    54.0424      11     5.000
   28   17   -71.399   -31.723    33.800    11.6426      11     5.000
   97   17   -71.336   -30.479    33.800    44.7897      11     5.000
   26   21   -71.482   -31.756    31.729     9.5584      11     5.000
   51   21   -71.459   -31.305    31.729    15.3425      11     5.000
   72   22   -71.459   -30.926    31.212    27.8369      11     5.000
   61   27   -71.571   -31.120    28.623    19.8901      11     5.000
   23   28   -71.628   -31.804    28.106     7.2053      11     5.000
   60   40   -71.835   -31.128    21.894    19.0747      11     5.000
    6   42   -71.930   -32.099    20.859    18.1395      11     5.000
   40   43   -71.916   -31.485    20.341     8.0401      11     5.000
   57   46   -71.959   -31.177    18.788    18.4682      11     5.000
   89   47   -71.947   -30.599    18.271    38.9812      11     5.000
  110   47   -71.925   -30.221    18.271    52.7048      11     5.000
   27   48   -72.031   -31.715    17.753     9.9079      11     5.000
   24   57   -72.217   -31.761    13.094    16.2176      11     5.000
   92   57   -72.145   -30.536    13.094    42.8544      11     5.000
  120   59   -72.155   -30.030    12.059    60.9899      11     5.000
  105   63   -72.251   -30.297     9.988    52.3561      11     5.000
