   26    3   -71.115   -31.769    41.047    21.0641      11     5.000
  101    3   -71.051   -30.417    41.047    50.4346      11     5.000
   67   10   -71.221   -31.025    37.423    28.2998      11     5.000
   29   12   -71.296   -31.708    36.388    14.8038      11     5.000
   81   13   -71.270   -30.770    35.870    35.5485      11     5.000
  112   17   -71.322   -30.209    33.800    54.5143      11     5.000
   55   19   -71.414   -31.234    32.765    18.3282      11     5.000
   76   27   -71.556   -30.850    28.623    29.6977      11     5.000
   83   29   -71.590   -30.722    27.588    34.1657      11     5.000
   40   30   -71.652   -31.496    27.071     5.9638      11     5.000
   46   37   -71.788   -31.382    23.447     9.5555      11     5.000
   67   42   -71.868   -31.000    20.859    23.9246      11     5.000
   96   45   -71.899   -30.475    19.306    43.2787      11     5.000
   13   46   -72.005   -31.969    18.788    14.9769      11     5.000
   52   47   -71.985   -31.266    18.271    15.9000      11     5.000
  100   48   -71.955   -30.400    17.753    46.2830      11     5.000
   55   51   -72.062   -31.208    16.200    19.0656      11     5.000
   45   58   -72.215   -31.382    12.577    18.1998      11     5.000
   95   66   -72.322   -30.474     8.436    47.1117      11     5.000
  105   66   -72.311   -30.294     8.436    53.1349      11     5.000
