   66    3   -71.081   -31.048    41.047    30.6719      11     5.000
   98    5   -71.094   -30.470    40.012    48.0505      11     5.000
   67    8   -71.181   -31.026    38.459    29.0803      11     5.000
  114   11   -71.200   -30.177    36.906    56.7814      11     5.000
   33   12   -71.292   -31.636    36.388    14.6967      11     5.000
  113   12   -71.221   -30.194    36.388    55.9707      11     5.000
   20   14   -71.345   -31.869    35.353    15.5514      11     5.000
   17   17   -71.409   -31.921    33.800    15.1218      11     5.000
   14   32   -71.718   -31.963    26.035    12.0761      11     5.000
   19   34   -71.754   -31.871    25.000     8.6586      11     5.000
   35   34   -71.738   -31.583    25.000     1.9981      11     5.000
   41   41   -71.874   -31.469    21.377     7.5982      11     5.000
   50   42   -71.885   -31.306    20.859    13.1290      11     5.000
   75   42   -71.860   -30.856    20.859    29.1431      11     5.000
   20   44   -71.957   -31.845    19.824    10.4224      11     5.000
  109   45   -71.886   -30.240    19.306    51.8687      11     5.000
   38   54   -72.141   -31.512    14.647    13.9086      11     5.000
  100   59   -72.176   -30.390    12.059    48.3128      11     5.000
   70   64   -72.309   -30.926     9.471    32.2848      11     5.000
    4   67   -72.444   -32.112     7.918    28.8495      11     5.000
