   89   12   -71.242   -30.627    36.388    40.7350      11     5.000
  107   13   -71.246   -30.302    35.870    51.9200      11     5.000
   68   14   -71.301   -31.004    35.353    27.4609      11     5.000
  115   19   -71.359   -30.153    32.765    56.2370      11     5.000
   67   29   -71.605   -31.010    27.588    23.5869      11     5.000
   59   31   -71.654   -31.153    26.553    18.1068      11     5.000
  115   31   -71.600   -30.144    26.553    55.3603      11     5.000
  120   33   -71.635   -30.052    25.518    58.6723      11     5.000
   12   36   -71.802   -31.996    23.965    13.4125      11     5.000
   18   38   -71.837   -31.886    22.929     9.7142      11     5.000
   91   45   -71.904   -30.565    19.306    40.0007      11     5.000
   73   47   -71.963   -30.887    18.271    28.6883      11     5.000
  121   49   -71.954   -30.021    17.235    60.1609      11     5.000
   63   51   -72.054   -31.064    16.200    23.5720      11     5.000
   37   53   -72.122   -31.531    15.165    13.0923      11     5.000
   86   53   -72.070   -30.648    15.165    38.1585      11     5.000
    8   56   -72.214   -32.050    13.612    21.6827      11     5.000
   71   57   -72.167   -30.915    13.094    30.1765      11     5.000
   91   65   -72.306   -30.547     8.953    44.4322      11     5.000
   99   65   -72.298   -30.403     8.953    49.2203      11     5.000
