  106    2   -71.026   -30.328    41.564    53.7490      11     5.000
   95    6   -71.116   -30.523    39.494    45.9729      11     5.000
   59    7   -71.168   -31.171    38.976    25.4608      11     5.000
  110    9   -71.163   -30.251    37.941    54.6000      11     5.000
   68   10   -71.221   -31.007    37.423    28.8351      11     5.000
    3   12   -71.320   -32.177    36.388    24.2688      11     5.000
   93   13   -71.259   -30.554    35.870    43.0122      11     5.000
   49   18   -71.400   -31.343    33.282    15.5668      11     5.000
  101   20   -71.392   -30.405    32.247    46.9280      11     5.000
   10   32   -71.722   -32.035    26.035    14.7269      11     5.000
   23   34   -71.750   -31.799    25.000     5.9944      11     5.000
   30   37   -71.804   -31.671    23.447     2.4113      11     5.000
  106   42   -71.829   -30.297    20.859    49.6199      11     5.000
   35   47   -72.002   -31.572    18.271     8.8861      11     5.000
   68   49   -72.008   -30.976    17.235    25.9862      11     5.000
  121   54   -72.054   -30.016    14.647    60.8287      11     5.000
   91   59   -72.186   -30.553    12.059    42.7060      11     5.000
   98   59   -72.178   -30.426    12.059    47.0635      11     5.000
   67   63   -72.292   -30.981     9.988    30.3072      11     5.000
   84   69   -72.395   -30.670     6.883    41.7817      11     5.000
