    7   14   -71.357   -32.103    35.353    21.3373      11     5.000
   54   16   -71.355   -31.255    34.317    18.9357      11     5.000
   53   19   -71.416   -31.271    32.765    17.1961      11     5.000
    8   20   -71.479   -32.081    32.247    18.5328      11     5.000
   53   20   -71.437   -31.270    32.247    16.8103      11     5.000
   85   21   -71.427   -30.692    31.729    36.3916      11     5.000
   52   22   -71.478   -31.286    31.212    15.5564      11     5.000
   26   23   -71.523   -31.754    30.694     8.3523      11     5.000
  111   24   -71.463   -30.221    30.176    53.1020      11     5.000
   89   25   -71.504   -30.617    29.659    38.4733      11     5.000
   38   26   -71.572   -31.535    29.141     6.6863      11     5.000
   50   28   -71.602   -31.318    28.106    12.6278      11     5.000
   99   31   -71.615   -30.432    26.553    44.7160      11     5.000
  102   32   -71.632   -30.377    26.035    46.6956      11     5.000
  103   34   -71.671   -30.358    25.000    47.3198      11     5.000
   94   42   -71.841   -30.513    20.859    41.6840      11     5.000
   60   48   -71.997   -31.121    17.753    20.8666      11     5.000
   62   53   -72.096   -31.080    15.165    23.6915      11     5.000
  106   56   -72.110   -30.285    13.612    51.4684      11     5.000
  105   64   -72.271   -30.296     9.471    52.6088      11     5.000
