   65    1   -71.041   -31.068    42.082    31.1058      11     5.000
   18    5   -71.163   -31.912    40.012    21.4806      11     5.000
   57   10   -71.230   -31.205    37.423    23.1163      11     5.000
   18   15   -71.367   -31.904    34.835    15.7353      11     5.000
   47   16   -71.361   -31.381    34.317    15.6188      11     5.000
    6   20   -71.481   -32.117    32.247    19.6937      11     5.000
  115   20   -71.379   -30.152    32.247    56.1309      11     5.000
   70   23   -71.481   -30.961    30.694    26.3793      11     5.000
   20   27   -71.610   -31.859    28.623     9.2684      11     5.000
   84   27   -71.549   -30.706    28.623    34.9650      11     5.000
   93   30   -71.601   -30.541    27.071    40.7547      11     5.000
   67   34   -71.706   -31.006    25.000    23.3471      11     5.000
   49   45   -71.947   -31.321    19.306    13.5122      11     5.000
   17   48   -72.042   -31.895    17.753    13.6788      11     5.000
   86   49   -71.990   -30.651    17.235    37.3793      11     5.000
   24   50   -72.075   -31.768    16.718    11.9353      11     5.000
   21   53   -72.139   -31.819    15.165    14.6314      11     5.000
   95   54   -72.081   -30.485    14.647    44.0622      11     5.000
   38   57   -72.202   -31.509    13.094    15.8406      11     5.000
   20   71   -72.507   -31.821     5.847    25.9336      11     5.000
