   65    4   -71.102   -31.065    40.529    29.7401      11     5.000
  117    6   -71.097   -30.127    39.494    59.6544      11     5.000
   30   10   -71.254   -31.692    37.423    16.0713      11     5.000
  106   12   -71.227   -30.321    36.388    51.4547      11     5.000
  121   12   -71.214   -30.050    36.388    61.1262      11     5.000
   31   14   -71.335   -31.671    35.353    13.3510      11     5.000
   80   14   -71.291   -30.788    35.353    34.6516      11     5.000
   77   15   -71.313   -30.841    34.835    32.5715      11     5.000
   93   18   -71.359   -30.550    33.282    42.0598      11     5.000
   51   21   -71.459   -31.305    31.729    15.3425      11     5.000
   15   28   -71.635   -31.948    28.106    12.0167      11     5.000
   45   31   -71.667   -31.405    26.553     8.9040      11     5.000
   98   31   -71.616   -30.450    26.553    44.0506      11     5.000
   17   34   -71.756   -31.907    25.000     9.9907      11     5.000
   30   34   -71.743   -31.673    25.000     1.3321      11     5.000
   48   35   -71.745   -31.348    24.482    10.6834      11     5.000
   23   36   -71.791   -31.798    23.965     6.1664      11     5.000
  120   42   -71.815   -30.045    20.859    58.8968      11     5.000
   46   44   -71.930   -31.376    19.824    11.4825      11     5.000
   99   49   -71.977   -30.417    17.235    45.7816      11     5.000
