   89    2   -71.041   -30.634    41.564    43.5854      11     5.000
  109    3   -71.044   -30.273    41.047    55.3386      11     5.000
  112    7   -71.122   -30.216    38.976    56.2881      11     5.000
   80    8   -71.170   -30.792    38.459    36.3913      11     5.000
   15   14   -71.350   -31.959    35.353    17.4898      11     5.000
   93   15   -71.299   -30.553    34.835    42.5823      11     5.000
  118   20   -71.377   -30.098    32.247    58.0967      11     5.000
   46   23   -71.504   -31.394    30.694    11.8564      11     5.000
   52   24   -71.519   -31.285    30.176    14.8893      11     5.000
   80   33   -71.674   -30.773    25.518    32.0027      11     5.000
   99   34   -71.675   -30.430    25.000    44.6561      11     5.000
  115   38   -71.740   -30.138    22.929    55.4011      11     5.000
   75   41   -71.840   -30.856    21.377    29.0598      11     5.000
   49   43   -71.907   -31.323    20.341    12.8350      11     5.000
   67   45   -71.929   -30.997    19.306    24.4676      11     5.000
   42   48   -72.015   -31.445    17.753    11.4636      11     5.000
   61   49   -72.016   -31.102    17.235    21.7650      11     5.000
   82   58   -72.175   -30.716    12.577    36.9581      11     5.000
   19   69   -72.467   -31.840     6.883    24.8725      11     5.000
   88   70   -72.410   -30.597     6.365    44.3657      11     5.000
