   24    1   -71.076   -31.806    42.082    22.6456      11     5.000
   31    2   -71.091   -31.680    41.564    21.3370      11     5.000
   62   14   -71.307   -31.112    35.353    24.0372      11     5.000
   75   16   -71.335   -30.876    34.317    31.0936      11     5.000
   11   20   -71.476   -32.027    32.247    16.8389      11     5.000
   78   21   -71.434   -30.818    31.729    31.8790      11     5.000
   49   22   -71.481   -31.340    31.212    13.8775      11     5.000
   62   22   -71.469   -31.106    31.212    21.5365      11     5.000
   89   30   -71.605   -30.613    27.071    38.0966      11     5.000
   34   37   -71.800   -31.598    23.447     2.4142      11     5.000
   42   38   -71.812   -31.454    22.929     7.1605      11     5.000
   67   39   -71.807   -31.002    22.412    23.5775      11     5.000
  116   43   -71.839   -30.116    20.341    56.3179      11     5.000
   84   47   -71.952   -30.689    18.271    35.7421      11     5.000
   11   52   -72.130   -32.000    15.683    18.4492      11     5.000
   94   53   -72.062   -30.504    15.165    43.2237      11     5.000
   25   57   -72.216   -31.743    13.094    16.0140      11     5.000
  105   60   -72.191   -30.299    11.541    51.6772      11     5.000
  117   62   -72.218   -30.081    10.506    59.6757      11     5.000
   61   65   -72.339   -31.088     8.953    28.2836      11     5.000
