   16    3   -71.124   -31.949    41.047    23.2587      11     5.000
  116    3   -71.038   -30.147    41.047    59.6876      11     5.000
   29   11   -71.276   -31.709    36.906    15.4553      11     5.000
   65   14   -71.304   -31.058    35.353    25.7284      11     5.000
   81   17   -71.350   -30.767    33.800    34.5935      11     5.000
   89   19   -71.383   -30.622    32.765    39.2855      11     5.000
  107   25   -71.487   -30.293    29.659    50.3475      11     5.000
  119   28   -71.536   -30.074    28.106    58.1395      11     5.000
   85   29   -71.588   -30.686    27.588    35.4917      11     5.000
  113   30   -71.582   -30.181    27.071    54.0503      11     5.000
   20   34   -71.753   -31.853    25.000     7.9925      11     5.000
   91   34   -71.683   -30.574    25.000    39.3287      11     5.000
   78   41   -71.837   -30.802    21.377    31.0335      11     5.000
   45   47   -71.992   -31.392    18.271    12.2549      11     5.000
  116   53   -72.039   -30.107    15.165    57.4283      11     5.000
   16   58   -72.247   -31.905    12.577    19.2495      11     5.000
  120   59   -72.155   -30.030    12.059    60.9899      11     5.000
   59   66   -72.362   -31.123     8.436    27.9119      11     5.000
  102   68   -72.355   -30.346     7.400    51.8926      11     5.000
   45   70   -72.458   -31.371     6.365    25.5094      11     5.000
