   65    8   -71.183   -31.063    38.459    27.9894      11     5.000
   18   10   -71.265   -31.908    37.423    18.5303      11     5.000
   85   14   -71.286   -30.698    35.353    37.7528      11     5.000
  119   16   -71.296   -30.083    34.317    59.2368      11     5.000
   23   17   -71.403   -31.813    33.800    12.8428      11     5.000
   45   22   -71.485   -31.412    31.212    11.7952      11     5.000
   44   35   -71.749   -31.420    24.482     8.0261      11     5.000
   65   35   -71.729   -31.042    24.482    21.9943      11     5.000
    2   36   -71.812   -32.176    23.965    20.0507      11     5.000
   47   38   -71.807   -31.363    22.929    10.3633      11     5.000
   67   42   -71.868   -31.000    20.859    23.9246      11     5.000
   83   43   -71.872   -30.711    20.341    34.5098      11     5.000
  120   51   -71.995   -30.037    16.200    59.7531      11     5.000
   75   56   -72.142   -30.844    13.612    32.1789      11     5.000
   17   57   -72.225   -31.887    13.094    18.2957      11     5.000
   23   59   -72.259   -31.778    12.059    17.7105      11     5.000
   25   59   -72.257   -31.742    12.059    17.3090      11     5.000
  114   61   -72.201   -30.136    11.024    57.5641      11     5.000
   60   66   -72.361   -31.105     8.436    28.3481      11     5.000
  100   66   -72.317   -30.384     8.436    50.1091      11     5.000
