   65    1   -71.041   -31.068    42.082    31.1058      11     5.000
   18    5   -71.163   -31.912    40.012    21.4806      11     5.000
   59    7   -71.168   -31.171    38.976    25.4608      11     5.000
   57   10   -71.230   -31.205    37.423    23.1163      11     5.000
    3   12   -71.320   -32.177    36.388    24.2688      11     5.000
    6   20   -71.481   -32.117    32.247    19.6937      11     5.000
   20   27   -71.610   -31.859    28.623     9.2684      11     5.000
   93   30   -71.601   -30.541    27.071    40.7547      11     5.000
   23   34   -71.750   -31.799    25.000     5.9944      11     5.000
   67   34   -71.706   -31.006    25.000    23.3471      11     5.000
  106   42   -71.829   -30.297    20.859    49.6199      11     5.000
   35   47   -72.002   -31.572    18.271     8.8861      11     5.000
   68   49   -72.008   -30.976    17.235    25.9862      11     5.000
   21   53   -72.139   -31.819    15.165    14.6314      11     5.000
   95   54   -72.081   -30.485    14.647    44.0622      11     5.000
   38   57   -72.202   -31.509    13.094    15.8406      11     5.000
   91   59   -72.186   -30.553    12.059    42.7060      11     5.000
   98   59   -72.178   -30.426    12.059    47.0635      11     5.000
   67   63   -72.292   -30.981     9.988    30.3072      11     5.000
   84   69   -72.395   -30.670     6.883    41.7817      11     5.000
