  108    4   -71.065   -30.290    40.529    54.4819      11     5.000
  114   10   -71.180   -30.178    37.423    56.9554      11     5.000
   65   13   -71.284   -31.059    35.870    26.0687      11     5.000
   42   24   -71.528   -31.465    30.176     9.4253      11     5.000
    4   25   -71.585   -32.149    29.659    19.6148      11     5.000
   18   28   -71.633   -31.894    28.106    10.1455      11     5.000
   72   30   -71.621   -30.919    27.071    26.8167      11     5.000
   63   33   -71.690   -31.079    25.518    20.6869      11     5.000
   93   40   -71.802   -30.533    21.894    40.8597      11     5.000
  111   40   -71.784   -30.209    21.894    52.8012      11     5.000
   26   45   -71.971   -31.736    19.306     8.3564      11     5.000
   55   46   -71.961   -31.213    18.788    17.2763      11     5.000
   86   46   -71.929   -30.654    18.788    36.8754      11     5.000
   29   47   -72.009   -31.680    18.271     8.9074      11     5.000
   40   48   -72.017   -31.481    17.753    10.7412      11     5.000
   88   51   -72.028   -30.614    16.200    39.0031      11     5.000
   39   53   -72.120   -31.495    15.165    13.4959      11     5.000
   10   59   -72.274   -32.012    12.059    22.2180      11     5.000
   29   60   -72.273   -31.669    11.541    17.4478      11     5.000
   36   63   -72.326   -31.540     9.988    19.5047      11     5.000
