   19   15   -71.366   -31.886    34.835    15.3520      11     5.000
  104   17   -71.329   -30.353    33.800    49.3187      11     5.000
   87   22   -71.445   -30.655    31.212    37.5489      11     5.000
  121   23   -71.434   -30.042    30.694    59.7816      11     5.000
   73   28   -71.580   -30.903    28.106    27.6239      11     5.000
   80   30   -71.613   -30.775    27.071    32.1234      11     5.000
   82   31   -71.631   -30.738    26.553    33.4121      11     5.000
  109   31   -71.606   -30.252    26.553    51.3672      11     5.000
   74   33   -71.679   -30.881    25.518    28.0100      11     5.000
   32   35   -71.761   -31.636    24.482     0.6567      11     5.000
   92   35   -71.702   -30.555    24.482    40.0071      11     5.000
  118   44   -71.857   -30.079    19.824    57.7214      11     5.000
   13   48   -72.046   -31.967    17.753    15.7255      11     5.000
   74   49   -72.002   -30.868    17.235    29.7170      11     5.000
   41   51   -72.077   -31.460    16.200    12.8258      11     5.000
   26   53   -72.134   -31.729    15.165    13.2888      11     5.000
   49   54   -72.130   -31.314    14.647    17.4999      11     5.000
   67   64   -72.312   -30.980     9.471    30.7355      11     5.000
   56   69   -72.426   -31.174     6.883    28.2981      11     5.000
  117   69   -72.358   -30.075     6.883    61.2824      11     5.000
