  108    4   -71.065   -30.290    40.529    54.4819      11     5.000
  118    4   -71.056   -30.110    40.529    60.7292      11     5.000
  114   10   -71.180   -30.178    37.423    56.9554      11     5.000
   65   13   -71.284   -31.059    35.870    26.0687      11     5.000
   54   23   -71.496   -31.249    30.694    16.4167      11     5.000
   42   24   -71.528   -31.465    30.176     9.4253      11     5.000
   56   26   -71.555   -31.211    29.141    16.8684      11     5.000
   18   28   -71.633   -31.894    28.106    10.1455      11     5.000
   94   30   -71.600   -30.523    27.071    41.4193      11     5.000
  103   30   -71.591   -30.361    27.071    47.4026      11     5.000
   77   31   -71.636   -30.829    26.553    30.0519      11     5.000
   63   33   -71.690   -31.079    25.518    20.6869      11     5.000
   88   39   -71.787   -30.624    22.412    37.4761      11     5.000
   93   40   -71.802   -30.533    21.894    40.8597      11     5.000
   88   45   -71.907   -30.619    19.306    38.0382      11     5.000
   39   53   -72.120   -31.495    15.165    13.4959      11     5.000
   19   57   -72.223   -31.851    13.094    17.6091      11     5.000
   29   60   -72.273   -31.669    11.541    17.4478      11     5.000
   36   63   -72.326   -31.540     9.988    19.5047      11     5.000
  105   65   -72.291   -30.295     8.953    52.8684      11     5.000
