   51    9   -71.215   -31.314    37.941    20.9458      11     5.000
   56    9   -71.211   -31.224    37.941    23.1021      11     5.000
   94   10   -71.198   -30.538    37.423    44.3287      11     5.000
   21   14   -71.344   -31.851    35.353    15.2217      11     5.000
   70   15   -71.320   -30.967    34.835    28.3265      11     5.000
   84   15   -71.307   -30.715    34.835    36.9055      11     5.000
   24   17   -71.403   -31.795    33.800    12.5198      11     5.000
   26   30   -71.666   -31.748    27.071     4.7881      11     5.000
   83   32   -71.651   -30.720    26.035    34.0123      11     5.000
   56   37   -71.778   -31.202    23.447    16.1282      11     5.000
   84   37   -71.750   -30.698    23.447    34.7081      11     5.000
   48   44   -71.928   -31.340    19.824    12.5915      11     5.000
   94   48   -71.962   -30.508    17.753    42.3813      11     5.000
   18   50   -72.081   -31.876    16.718    14.1756      11     5.000
   80   50   -72.016   -30.759    16.718    33.7174      11     5.000
   18   52   -72.122   -31.874    15.683    15.2038      11     5.000
   37   61   -72.285   -31.524    11.024    18.3143      11     5.000
   54   68   -72.408   -31.211     7.400    27.0031      11     5.000
   79   68   -72.380   -30.761     7.400    38.6603      11     5.000
   34   70   -72.471   -31.569     6.365    24.0444      11     5.000
