  108    4   -71.065   -30.290    40.529    54.4819      11     5.000
   63   15   -71.326   -31.093    34.835    24.2525      11     5.000
  119   16   -71.296   -30.083    34.317    59.2368      11     5.000
   23   17   -71.403   -31.813    33.800    12.8428      11     5.000
   25   21   -71.483   -31.774    31.729     9.8554      11     5.000
   44   35   -71.749   -31.420    24.482     8.0261      11     5.000
    2   36   -71.812   -32.176    23.965    20.0507      11     5.000
   32   40   -71.863   -31.632    21.894     3.9986      11     5.000
   33   42   -71.903   -31.612    20.859     5.3859      11     5.000
  108   42   -71.827   -30.261    20.859    50.9442      11     5.000
   83   43   -71.872   -30.711    20.341    34.5098      11     5.000
  120   51   -71.995   -30.037    16.200    59.7531      11     5.000
    3   57   -72.240   -32.140    13.094    24.6785      11     5.000
   23   59   -72.259   -31.778    12.059    17.7105      11     5.000
   25   59   -72.257   -31.742    12.059    17.3090      11     5.000
  106   59   -72.170   -30.282    12.059    52.0850      11     5.000
  114   61   -72.201   -30.136    11.024    57.5641      11     5.000
   45   62   -72.296   -31.379    10.506    20.5696      11     5.000
   60   66   -72.361   -31.105     8.436    28.3481      11     5.000
  119   68   -72.336   -30.040     7.400    62.2695      11     5.000
