   59    4   -71.107   -31.174    40.529    26.8981      11     5.000
   50    6   -71.155   -31.334    39.494    22.2086      11     5.000
   30    8   -71.214   -31.693    38.459    17.3767      11     5.000
   86   23   -71.466   -30.673    30.694    36.7324      11     5.000
   13   25   -71.576   -31.987    29.659    14.0315      11     5.000
   56   33   -71.697   -31.205    25.518    16.0280      11     5.000
   24   36   -71.790   -31.779    23.965     5.4829      11     5.000
   52   36   -71.762   -31.275    23.965    13.4002      11     5.000
  119   37   -71.716   -30.067    23.447    58.0282      11     5.000
  120   37   -71.715   -30.049    23.447    58.6936      11     5.000
   45   39   -71.830   -31.399    22.412     9.2769      11     5.000
   77   48   -71.979   -30.814    17.753    31.4343      11     5.000
  115   48   -71.940   -30.130    17.753    56.1045      11     5.000
   18   50   -72.081   -31.876    16.718    14.1756      11     5.000
   89   50   -72.007   -30.597    16.718    39.4517      11     5.000
  118   51   -71.997   -30.073    16.200    58.4457      11     5.000
   25   52   -72.115   -31.748    15.683    12.8907      11     5.000
   78   62   -72.260   -30.784    10.506    35.9017      11     5.000
   51   63   -72.310   -31.270     9.988    23.1087      11     5.000
   35   66   -72.388   -31.555     8.436    21.4150      11     5.000
