   24    1   -71.076   -31.806    42.082    22.6456      11     5.000
   31    2   -71.091   -31.680    41.564    21.3370      11     5.000
   66    9   -71.202   -31.044    37.941    28.1292      11     5.000
   93   11   -71.219   -30.556    36.906    43.4439      11     5.000
   62   14   -71.307   -31.112    35.353    24.0372      11     5.000
  106   18   -71.348   -30.316    33.282    50.4732      11     5.000
   78   21   -71.434   -30.818    31.729    31.8790      11     5.000
   62   22   -71.469   -31.106    31.212    21.5365      11     5.000
   34   37   -71.800   -31.598    23.447     2.4142      11     5.000
   67   39   -71.807   -31.002    22.412    23.5775      11     5.000
  116   43   -71.839   -30.116    20.341    56.3179      11     5.000
   56   45   -71.940   -31.195    19.306    17.6138      11     5.000
   41   47   -71.996   -31.464    18.271    10.5382      11     5.000
   17   53   -72.143   -31.891    15.165    16.1254      11     5.000
   94   53   -72.062   -30.504    15.165    43.2237      11     5.000
   25   57   -72.216   -31.743    13.094    16.0140      11     5.000
   33   57   -72.208   -31.599    13.094    15.3583      11     5.000
   98   59   -72.178   -30.426    12.059    47.0635      11     5.000
  117   62   -72.218   -30.081    10.506    59.6757      11     5.000
   13   64   -72.372   -31.953     9.471    23.6639      11     5.000
