   75   16   -71.335   -30.876    34.317    31.0936      11     5.000
   11   20   -71.476   -32.027    32.247    16.8389      11     5.000
   78   21   -71.434   -30.818    31.729    31.8790      11     5.000
   49   22   -71.481   -31.340    31.212    13.8775      11     5.000
    4   25   -71.585   -32.149    29.659    19.6148      11     5.000
   72   30   -71.621   -30.919    27.071    26.8167      11     5.000
   89   30   -71.605   -30.613    27.071    38.0966      11     5.000
   42   38   -71.812   -31.454    22.929     7.1605      11     5.000
  111   40   -71.784   -30.209    21.894    52.8012      11     5.000
   26   45   -71.971   -31.736    19.306     8.3564      11     5.000
   55   46   -71.961   -31.213    18.788    17.2763      11     5.000
   86   46   -71.929   -30.654    18.788    36.8754      11     5.000
   29   47   -72.009   -31.680    18.271     8.9074      11     5.000
   84   47   -71.952   -30.689    18.271    35.7421      11     5.000
   40   48   -72.017   -31.481    17.753    10.7412      11     5.000
   88   51   -72.028   -30.614    16.200    39.0031      11     5.000
   11   52   -72.130   -32.000    15.683    18.4492      11     5.000
   10   59   -72.274   -32.012    12.059    22.2180      11     5.000
  105   60   -72.191   -30.299    11.541    51.6772      11     5.000
   61   65   -72.339   -31.088     8.953    28.2836      11     5.000
