   17    2   -71.103   -31.932    41.564    23.5603      11     5.000
  109    5   -71.084   -30.272    40.012    54.8415      11     5.000
   27   13   -71.318   -31.744    35.870    14.4039      11     5.000
  104   17   -71.329   -30.353    33.800    49.3187      11     5.000
   73   28   -71.580   -30.903    28.106    27.6239      11     5.000
   82   31   -71.631   -30.738    26.553    33.4121      11     5.000
   79   35   -71.715   -30.789    24.482    31.3515      11     5.000
   92   35   -71.702   -30.555    24.482    40.0071      11     5.000
    3   37   -71.831   -32.157    23.447    19.4354      11     5.000
   40   46   -71.977   -31.483    18.788     9.6159      11     5.000
   13   48   -72.046   -31.967    17.753    15.7255      11     5.000
   41   51   -72.077   -31.460    16.200    12.8258      11     5.000
   47   51   -72.071   -31.352    16.200    15.1254      11     5.000
   26   53   -72.134   -31.729    15.165    13.2888      11     5.000
   54   53   -72.104   -31.224    15.165    19.3925      11     5.000
   49   54   -72.130   -31.314    14.647    17.4999      11     5.000
   80   62   -72.258   -30.748    10.506    37.0486      11     5.000
   79   64   -72.299   -30.764     9.471    37.1750      11     5.000
   56   69   -72.426   -31.174     6.883    28.2981      11     5.000
  117   69   -72.358   -30.075     6.883    61.2824      11     5.000
