  103    1   -71.009   -30.383    42.082    52.1825      11     5.000
   29    2   -71.092   -31.716    41.564    21.4431      11     5.000
   76    8   -71.173   -30.864    38.459    34.0812      11     5.000
   60   11   -71.248   -31.150    36.906    24.1660      11     5.000
   47   32   -71.686   -31.368    26.035    10.0994      11     5.000
   78   39   -71.796   -30.804    22.412    30.8474      11     5.000
   87   40   -71.808   -30.641    21.894    36.8855      11     5.000
  118   40   -71.777   -30.082    21.894    57.4869      11     5.000
   32   41   -71.883   -31.631    21.377     4.6553      11     5.000
  102   47   -71.933   -30.365    18.271    47.4574      11     5.000
   68   48   -71.988   -30.977    17.753    25.7344      11     5.000
   79   48   -71.977   -30.778    17.753    32.7091      11     5.000
   44   49   -72.033   -31.408    17.235    12.7983      11     5.000
   32   55   -72.168   -31.619    14.130    13.9970      11     5.000
   66   56   -72.152   -31.006    13.612    26.9871      11     5.000
   16   58   -72.247   -31.905    12.577    19.2495      11     5.000
   35   58   -72.226   -31.562    12.577    16.1313      11     5.000
   74   59   -72.204   -30.859    12.059    32.5804      11     5.000
   49   64   -72.332   -31.305     9.471    22.9748      11     5.000
  102   65   -72.295   -30.349     8.953    51.0433      11     5.000
