   50   12   -71.277   -31.330    36.388    18.9508      11     5.000
   83   16   -71.328   -30.732    34.317    36.0625      11     5.000
    9   17   -71.417   -32.065    33.800    19.0615      11     5.000
   72   22   -71.459   -30.926    31.212    27.8369      11     5.000
   16   27   -71.614   -31.931    28.623    11.6455      11     5.000
   41   29   -71.631   -31.479    27.588     6.8531      11     5.000
   90   29   -71.583   -30.596    27.588    38.8086      11     5.000
  114   33   -71.641   -30.160    25.518    54.6771      11     5.000
   13   43   -71.944   -31.972    20.341    14.0279      11     5.000
   66   47   -71.970   -31.013    18.271    24.2831      11     5.000
  101   48   -71.954   -30.382    17.753    46.9356      11     5.000
   60   55   -72.138   -31.115    14.130    23.3194      11     5.000
   85   56   -72.132   -30.663    13.612    38.2701      11     5.000
  121   56   -72.094   -30.015    13.612    61.1078      11     5.000
   17   60   -72.286   -31.885    11.541    20.0089      11     5.000
   55   64   -72.326   -31.197     9.471    25.1999      11     5.000
   52   65   -72.349   -31.250     8.953    24.5834      11     5.000
   29   68   -72.436   -31.661     7.400    22.7607      11     5.000
   93   68   -72.365   -30.508     7.400    46.5760      11     5.000
  113   69   -72.363   -30.147     6.883    58.8342      11     5.000
