  120    4   -71.055   -30.074    40.529    61.9799      11     5.000
   28   10   -71.256   -31.728    37.423    16.2307      11     5.000
   86   10   -71.205   -30.683    37.423    39.3751      11     5.000
   64   11   -71.244   -31.078    36.906    26.2874      11     5.000
    5   12   -71.318   -32.141    36.388    23.2245      11     5.000
  101   12   -71.232   -30.411    36.388    48.2671      11     5.000
   22   13   -71.323   -31.834    35.870    15.5075      11     5.000
   79   13   -71.271   -30.806    35.870    34.3391      11     5.000
  116   15   -71.278   -30.138    34.835    57.4220      11     5.000
   71   24   -71.501   -30.942    30.176    26.8470      11     5.000
   86   25   -71.507   -30.671    29.659    36.5003      11     5.000
   97   30   -71.597   -30.469    27.071    43.4135      11     5.000
   30   34   -71.743   -31.673    25.000     1.3321      11     5.000
   91   37   -71.743   -30.571    23.447    39.3997      11     5.000
  106   42   -71.829   -30.297    20.859    49.6199      11     5.000
   14   47   -72.024   -31.950    18.271    14.7879      11     5.000
   48   48   -72.009   -31.337    17.753    14.1712      11     5.000
   85   62   -72.253   -30.658    10.506    39.9657      11     5.000
  102   62   -72.234   -30.352    10.506    50.2482      11     5.000
   91   64   -72.286   -30.548     9.471    44.1245      11     5.000
