  108    4   -71.065   -30.290    40.529    54.4819      11     5.000
  119    4   -71.056   -30.092    40.529    61.3485      11     5.000
  109    8   -71.144   -30.269    38.459    54.1994      11     5.000
    7   13   -71.337   -32.104    35.870    21.7590      11     5.000
   72   14   -71.298   -30.932    35.353    29.8077      11     5.000
   63   15   -71.326   -31.093    34.835    24.2525      11     5.000
  108   18   -71.346   -30.280    33.282    51.7769      11     5.000
   25   21   -71.483   -31.774    31.729     9.8554      11     5.000
    3   26   -71.606   -32.166    29.141    20.0583      11     5.000
  121   36   -71.694   -30.032    23.965    59.3336      11     5.000
   74   37   -71.760   -30.878    23.447    28.0624      11     5.000
   32   40   -71.863   -31.632    21.894     3.9986      11     5.000
   33   42   -71.903   -31.612    20.859     5.3859      11     5.000
  108   42   -71.827   -30.261    20.859    50.9442      11     5.000
  114   51   -72.001   -30.145    16.200    55.8344      11     5.000
    3   57   -72.240   -32.140    13.094    24.6785      11     5.000
  106   59   -72.170   -30.282    12.059    52.0850      11     5.000
   45   62   -72.296   -31.379    10.506    20.5696      11     5.000
  116   63   -72.239   -30.099     9.988    59.2249      11     5.000
  119   68   -72.336   -30.040     7.400    62.2695      11     5.000
