  106   12   -71.227   -30.321    36.388    51.4547      11     5.000
  121   12   -71.214   -30.050    36.388    61.1262      11     5.000
   31   14   -71.335   -31.671    35.353    13.3510      11     5.000
   80   14   -71.291   -30.788    35.353    34.6516      11     5.000
   54   16   -71.355   -31.255    34.317    18.9357      11     5.000
    8   20   -71.479   -32.081    32.247    18.5328      11     5.000
   53   20   -71.437   -31.270    32.247    16.8103      11     5.000
   85   21   -71.427   -30.692    31.729    36.3916      11     5.000
   26   23   -71.523   -31.754    30.694     8.3523      11     5.000
  111   24   -71.463   -30.221    30.176    53.1020      11     5.000
   15   28   -71.635   -31.948    28.106    12.0167      11     5.000
   45   31   -71.667   -31.405    26.553     8.9040      11     5.000
   30   34   -71.743   -31.673    25.000     1.3321      11     5.000
  103   34   -71.671   -30.358    25.000    47.3198      11     5.000
   48   35   -71.745   -31.348    24.482    10.6834      11     5.000
   23   36   -71.791   -31.798    23.965     6.1664      11     5.000
   94   42   -71.841   -30.513    20.859    41.6840      11     5.000
   60   48   -71.997   -31.121    17.753    20.8666      11     5.000
   99   49   -71.977   -30.417    17.235    45.7816      11     5.000
   62   53   -72.096   -31.080    15.165    23.6915      11     5.000
