   51    2   -71.073   -31.319    41.564    24.8256      11     5.000
   35    3   -71.108   -31.607    41.047    20.7513      11     5.000
    8    4   -71.152   -32.093    40.529    25.6135      11     5.000
   76    5   -71.113   -30.866    40.012    35.1362      11     5.000
   82    5   -71.107   -30.758    40.012    38.5490      11     5.000
  106   11   -71.207   -30.321    36.906    51.6737      11     5.000
   29   13   -71.316   -31.708    35.870    14.1592      11     5.000
   71   16   -71.339   -30.948    34.317    28.6504      11     5.000
   23   17   -71.403   -31.813    33.800    12.8428      11     5.000
   91   17   -71.341   -30.587    33.800    40.9413      11     5.000
   28   21   -71.480   -31.719    31.729     9.0702      11     5.000
   22   28   -71.629   -31.822    28.106     7.7682      11     5.000
    1   34   -71.772   -32.196    25.000    20.6847      11     5.000
  116   37   -71.719   -30.121    23.447    56.0318      11     5.000
   81   39   -71.794   -30.750    22.412    32.8359      11     5.000
   27   41   -71.888   -31.721    21.377     5.7171      11     5.000
   21   42   -71.915   -31.829    20.859     9.0816      11     5.000
   35   52   -72.104   -31.568    15.683    12.1655      11     5.000
    7   54   -72.175   -32.070    14.647    21.3427      11     5.000
  100   59   -72.176   -30.390    12.059    48.3128      11     5.000
