   30   13   -71.316   -31.690    35.870    14.0523      11     5.000
   10   14   -71.354   -32.049    35.353    19.8216      11     5.000
  112   14   -71.262   -30.211    35.353    54.9727      11     5.000
  119   14   -71.256   -30.085    35.353    59.5029      11     5.000
   60   21   -71.450   -31.143    31.729    20.5789      11     5.000
   35   23   -71.514   -31.592    30.694     7.6103      11     5.000
  102   23   -71.452   -30.384    30.694    47.2495      11     5.000
   32   25   -71.558   -31.644    29.659     5.9969      11     5.000
   25   35   -71.768   -31.762    24.482     4.7013      11     5.000
   90   44   -71.885   -30.584    19.824    39.2223      11     5.000
  106   45   -71.889   -30.294    19.306    49.8917      11     5.000
   35   54   -72.145   -31.566    14.647    13.4950      11     5.000
   76   54   -72.101   -30.827    14.647    32.2299      11     5.000
   86   56   -72.131   -30.645    13.612    38.8866      11     5.000
   35   68   -72.429   -31.553     7.400    22.7547      11     5.000
  100   68   -72.357   -30.382     7.400    50.6954      11     5.000
    3   69   -72.486   -32.129     6.883    30.3183      11     5.000
   16   70   -72.491   -31.894     6.365    26.2622      11     5.000
   41   70   -72.463   -31.443     6.365    24.7447      11     5.000
