   65    8   -71.183   -31.063    38.459    27.9894      11     5.000
   18   10   -71.265   -31.908    37.423    18.5303      11     5.000
  110   13   -71.244   -30.248    35.870    53.8398      11     5.000
   85   14   -71.286   -30.698    35.353    37.7528      11     5.000
   80   21   -71.432   -30.782    31.729    33.1641      11     5.000
   92   21   -71.421   -30.566    31.729    40.9297      11     5.000
    7   22   -71.521   -32.097    31.212    18.4803      11     5.000
   45   22   -71.485   -31.412    31.212    11.7952      11     5.000
   75   28   -71.578   -30.867    28.106    28.9429      11     5.000
  100   32   -71.634   -30.413    26.035    45.3642      11     5.000
   87   33   -71.667   -30.647    25.518    36.6637      11     5.000
   22   35   -71.771   -31.816    24.482     6.6857      11     5.000
   65   35   -71.729   -31.042    24.482    21.9943      11     5.000
   47   38   -71.807   -31.363    22.929    10.3633      11     5.000
   67   42   -71.868   -31.000    20.859    23.9246      11     5.000
   44   43   -71.912   -31.413    20.341    10.0131      11     5.000
   75   56   -72.142   -30.844    13.612    32.1789      11     5.000
   17   57   -72.225   -31.887    13.094    18.2957      11     5.000
   90   61   -72.227   -30.569    11.024    42.6431      11     5.000
  100   66   -72.317   -30.384     8.436    50.1091      11     5.000
