  106    2   -71.026   -30.328    41.564    53.7490      11     5.000
   95    6   -71.116   -30.523    39.494    45.9729      11     5.000
  110    9   -71.163   -30.251    37.941    54.6000      11     5.000
   68   10   -71.221   -31.007    37.423    28.8351      11     5.000
   93   13   -71.259   -30.554    35.870    43.0122      11     5.000
   49   18   -71.400   -31.343    33.282    15.5668      11     5.000
  101   20   -71.392   -30.405    32.247    46.9280      11     5.000
   92   22   -71.441   -30.565    31.212    40.8030      11     5.000
   10   32   -71.722   -32.035    26.035    14.7269      11     5.000
   30   37   -71.804   -31.671    23.447     2.4113      11     5.000
  105   37   -71.730   -30.319    23.447    48.7125      11     5.000
  120   39   -71.755   -30.047    22.412    58.7674      11     5.000
   12   52   -72.128   -31.982    15.683    17.9289      11     5.000
   14   52   -72.126   -31.946    15.683    16.9647      11     5.000
  121   54   -72.054   -30.016    14.647    60.8287      11     5.000
   88   60   -72.209   -30.606    11.541    41.1503      11     5.000
   25   61   -72.298   -31.740    11.024    18.6029      11     5.000
   24   62   -72.319   -31.757    10.506    19.4070      11     5.000
   84   62   -72.254   -30.676    10.506    39.3770      11     5.000
   64   71   -72.457   -31.028     5.847    32.6080      11     5.000
