           1           1  -31.7269993      -71.7409973       6.5397674115956761E-003
           1           2  -31.7269993      -71.7409973       5.1744758966378868E-003
           1           3  -31.7269993      -71.7409973       5.8936957502737641E-003
           1           4  -31.7269993      -71.7409973       3.4185491676907986E-003
           1           5  -31.7269993      -71.7409973       2.8926855884492397E-004
           1           6  -31.7269993      -71.7409973       4.5336345210671425E-003
           1           7  -31.7269993      -71.7409973       4.9984281649813056E-003
           1           8  -31.7269993      -71.7409973       4.9984281649813056E-003
           1           9  -31.7269993      -71.7409973       6.1305465824261773E-003
           1          10  -31.7269993      -71.7409973       4.3343247380107641E-003
           1          11  -31.7269993      -71.7409973       1.6165134729817510E-004
           2           1  -31.7089996      -71.7409973       2.7533585089258850E-003
           2           2  -31.7089996      -71.7409973       2.2431233082897961E-003
           2           3  -31.7089996      -71.7409973       3.3041847054846585E-003
           2           4  -31.7089996      -71.7409973       3.6980069126002491E-003
           2           5  -31.7089996      -71.7409973       3.4518256143201143E-003
           2           6  -31.7089996      -71.7409973       1.0381279629655182E-002
           2           7  -31.7089996      -71.7409973       8.8247386738657951E-003
           2           8  -31.7089996      -71.7409973       8.8247386738657951E-003
           2           9  -31.7089996      -71.7409973       9.3302296882029623E-003
           2          10  -31.7089996      -71.7409973       1.0334262740798295E-002
           2          11  -31.7089996      -71.7409973       8.3235320635139942E-003
           3           1  -31.6910000      -71.7409973       9.5343225621036254E-003
           3           2  -31.6910000      -71.7409973       7.6406762746046297E-003
           3           3  -31.6910000      -71.7409973       9.5610910793766379E-003
           3           4  -31.6910000      -71.7409973       6.9044674746692181E-003
           3           5  -31.6910000      -71.7409973       1.3623081787955016E-002
           3           6  -31.6910000      -71.7409973       1.5055415104143322E-002
           3           7  -31.6910000      -71.7409973       1.7018821265082806E-002
           3           8  -31.6910000      -71.7409973       1.6572907945374027E-002
           3           9  -31.6910000      -71.7409973       9.8711355531122535E-003
           3          10  -31.6910000      -71.7409973       1.1780515778809786E-002
           3          11  -31.6910000      -71.7409973       1.0349069663789123E-002
           4           1  -31.6730003      -71.7409973       1.1748625314794481E-002
           4           2  -31.6730003      -71.7409973       1.2459330726414919E-002
           4           3  -31.6730003      -71.7409973       1.2439477141015232E-002
           4           4  -31.6730003      -71.7409973       1.2602546252310276E-002
           4           5  -31.6730003      -71.7409973       2.0830996509175748E-002
           4           6  -31.6730003      -71.7409973       2.0925323024130194E-002
           4           7  -31.6730003      -71.7409973       2.0891475734970300E-002
           4           8  -31.6730003      -71.7409973       2.0891475734970300E-002
           4           9  -31.6730003      -71.7409973       1.0646999202435836E-002
           4          10  -31.6730003      -71.7409973       1.2354877835605294E-002
           4          11  -31.6730003      -71.7409973       1.2531493382994086E-002
           5           1  -31.6550007      -71.7409973       1.4752207498531789E-002
           5           2  -31.6550007      -71.7409973       1.3321662263479084E-002
           5           3  -31.6550007      -71.7409973       1.4201961545040831E-002
           5           4  -31.6550007      -71.7409973       1.4025106851477176E-002
           5           5  -31.6550007      -71.7409973       2.5168533669784665E-002
           5           6  -31.6550007      -71.7409973       2.5181693723425269E-002
           5           7  -31.6550007      -71.7409973       2.5168533669784665E-002
           5           8  -31.6550007      -71.7409973       2.4141120957210660E-002
           5           9  -31.6550007      -71.7409973       1.1056417599320412E-002
           5          10  -31.6550007      -71.7409973       1.2807175749912858E-002
           5          11  -31.6550007      -71.7409973       1.1718554073013365E-002
           6           1  -31.6369991      -71.7409973       1.3883956358768046E-002
           6           2  -31.6369991      -71.7409973       1.3881181250326335E-002
           6           3  -31.6369991      -71.7409973       1.4151160838082433E-002
           6           4  -31.6369991      -71.7409973       1.4031471335329115E-002
           6           5  -31.6369991      -71.7409973       2.5180579861626029E-002
           6           6  -31.6369991      -71.7409973       2.5150162400677800E-002
           6           7  -31.6369991      -71.7409973       2.5180579861626029E-002
           6           8  -31.6369991      -71.7409973       2.5069801835343242E-002
           6           9  -31.6369991      -71.7409973       1.1734143830835819E-002
           6          10  -31.6369991      -71.7409973       1.2254401575773954E-002
           6          11  -31.6369991      -71.7409973       1.2207941850647330E-002
           7           1  -31.6189995      -71.7409973       1.1143672163598239E-002
           7           2  -31.6189995      -71.7409973       1.0340678389184177E-002
           7           3  -31.6189995      -71.7409973       1.0538067901507020E-002
           7           4  -31.6189995      -71.7409973       1.0889393044635653E-002
           7           5  -31.6189995      -71.7409973       2.3878428852185607E-002
           7           6  -31.6189995      -71.7409973       2.4714104132726789E-002
           7           7  -31.6189995      -71.7409973       2.3497962160035968E-002
           7           8  -31.6189995      -71.7409973       2.2894942201673985E-002
           7           9  -31.6189995      -71.7409973       1.1830913950689137E-002
           7          10  -31.6189995      -71.7409973       1.2251624022610486E-002
           7          11  -31.6189995      -71.7409973       1.2326415395364165E-002
           8           1  -31.6009998      -71.7409973       6.6282094048801810E-003
           8           2  -31.6009998      -71.7409973       5.5871609802125022E-003
           8           3  -31.6009998      -71.7409973       5.6835610012058169E-003
           8           4  -31.6009998      -71.7409973       1.1950520565733314E-002
           8           5  -31.6009998      -71.7409973       1.9376371732505504E-002
           8           6  -31.6009998      -71.7409973       1.6317556270223577E-002
           8           7  -31.6009998      -71.7409973       1.9376371732505504E-002
           8           8  -31.6009998      -71.7409973       1.8031304818578064E-002
           8           9  -31.6009998      -71.7409973       1.1841675965115428E-002
           8          10  -31.6009998      -71.7409973       1.1110066494438797E-002
           8          11  -31.6009998      -71.7409973       1.1322487116558477E-002
           9           1  -31.5830002      -71.7409973       3.8547243166249245E-003
           9           2  -31.5830002      -71.7409973       3.3105698821600527E-003
           9           3  -31.5830002      -71.7409973       3.8547243166249245E-003
           9           4  -31.5830002      -71.7409973       1.0399594902992249E-002
           9           5  -31.5830002      -71.7409973       1.2322873459197581E-002
           9           6  -31.5830002      -71.7409973       1.1840530671179295E-002
           9           7  -31.5830002      -71.7409973       1.2835585861466825E-002
           9           8  -31.5830002      -71.7409973       1.1805399844888598E-002
           9           9  -31.5830002      -71.7409973       1.0390071915026056E-002
           9          10  -31.5830002      -71.7409973       1.0390071915026056E-002
           9          11  -31.5830002      -71.7409973       1.1034908256988274E-002
          10           1  -31.5650005      -71.7409973       6.1332497862167656E-003
          10           2  -31.5650005      -71.7409973       6.4810533076524734E-003
          10           3  -31.5650005      -71.7409973       5.7963608996942639E-003
          10           4  -31.5650005      -71.7409973       5.9513922315090895E-003
          10           5  -31.5650005      -71.7409973       7.4776491564989556E-003
          10           6  -31.5650005      -71.7409973       8.2072192453779280E-003
          10           7  -31.5650005      -71.7409973       5.2731935284100473E-003
          10           8  -31.5650005      -71.7409973       5.1617114804685116E-003
          10           9  -31.5650005      -71.7409973       6.2642855336889625E-003
          10          10  -31.5650005      -71.7409973       6.9079055683687329E-003
          10          11  -31.5650005      -71.7409973       4.8595418775221333E-003
          11           1  -31.5470009      -71.7409973       5.9309016214683652E-003
          11           2  -31.5470009      -71.7409973       6.7977938597323373E-003
          11           3  -31.5470009      -71.7409973       5.4474259086418897E-003
          11           4  -31.5470009      -71.7409973       4.5630047097802162E-003
          11           5  -31.5470009      -71.7409973       5.1232533296570182E-003
          11           6  -31.5470009      -71.7409973       5.4417182691395283E-003
          11           7  -31.5470009      -71.7409973       4.2430070170667022E-003
          11           8  -31.5470009      -71.7409973       4.2430070170667022E-003
          11           9  -31.5470009      -71.7409973       5.4027888400014490E-003
          11          10  -31.5470009      -71.7409973       2.3030980955809355E-003
          11          11  -31.5470009      -71.7409973       1.9299670966574922E-003
