           1           1  -31.7269993      -71.7409973       1.9132407978759147E-003
           1           2  -31.7269993      -71.7409973       2.0923804413541802E-003
           1           3  -31.7269993      -71.7409973       2.1287620338625857E-003
           1           4  -31.7269993      -71.7409973       2.0478599626585492E-003
           1           5  -31.7269993      -71.7409973       1.9693587928486522E-003
           1           6  -31.7269993      -71.7409973       1.1490222095744684E-004
           1           7  -31.7269993      -71.7409973       3.3051114769477863E-004
           1           8  -31.7269993      -71.7409973       9.7124044259544462E-004
           1           9  -31.7269993      -71.7409973       1.0146504209842533E-003
           1          10  -31.7269993      -71.7409973       1.0146504209842533E-003
           1          11  -31.7269993      -71.7409973       1.0422453342471272E-003
           2           1  -31.7089996      -71.7409973       1.7584898632776458E-003
           2           2  -31.7089996      -71.7409973       2.1919963510299567E-003
           2           3  -31.7089996      -71.7409973       1.9972490713371371E-003
           2           4  -31.7089996      -71.7409973       1.6690934580765315E-003
           2           5  -31.7089996      -71.7409973       1.9656861704788753E-003
           2           6  -31.7089996      -71.7409973       0.0000000000000000     
           2           7  -31.7089996      -71.7409973       7.3817565680656116E-004
           2           8  -31.7089996      -71.7409973       7.5219927566649858E-004
           2           9  -31.7089996      -71.7409973       9.7586563242657576E-004
           2          10  -31.7089996      -71.7409973       1.3632776608574204E-003
           2          11  -31.7089996      -71.7409973       1.4019924710737541E-003
           3           1  -31.6910000      -71.7409973       2.3455254849977791E-003
           3           2  -31.6910000      -71.7409973       2.0844524187850766E-003
           3           3  -31.6910000      -71.7409973       2.3455254849977791E-003
           3           4  -31.6910000      -71.7409973       1.9384928837098414E-003
           3           5  -31.6910000      -71.7409973       1.3047041466052178E-003
           3           6  -31.6910000      -71.7409973       3.2084616395877674E-004
           3           7  -31.6910000      -71.7409973       1.2112275253457483E-003
           3           8  -31.6910000      -71.7409973       1.2164571344328579E-003
           3           9  -31.6910000      -71.7409973       1.2164571344328579E-003
           3          10  -31.6910000      -71.7409973       1.2896327752969228E-003
           3          11  -31.6910000      -71.7409973       1.2466403204598464E-003
           4           1  -31.6730003      -71.7409973       2.5640544772613794E-003
           4           2  -31.6730003      -71.7409973       2.5492603890597820E-003
           4           3  -31.6730003      -71.7409973       2.5685659784357995E-003
           4           4  -31.6730003      -71.7409973       2.3890082666184753E-003
           4           5  -31.6730003      -71.7409973       5.7690289759193547E-004
           4           6  -31.6730003      -71.7409973       1.4690010248159524E-003
           4           7  -31.6730003      -71.7409973       1.8188001704402268E-003
           4           8  -31.6730003      -71.7409973       1.8188001704402268E-003
           4           9  -31.6730003      -71.7409973       2.0911803439958021E-003
           4          10  -31.6730003      -71.7409973       1.3464710063999519E-003
           4          11  -31.6730003      -71.7409973       1.3656808587256819E-003
           5           1  -31.6550007      -71.7409973       3.0428163008764386E-003
           5           2  -31.6550007      -71.7409973       2.9550224426202476E-003
           5           3  -31.6550007      -71.7409973       2.9806306702084839E-003
           5           4  -31.6550007      -71.7409973       2.6349121762905270E-003
           5           5  -31.6550007      -71.7409973       3.3400341362721520E-004
           5           6  -31.6550007      -71.7409973       2.5211354950442910E-003
           5           7  -31.6550007      -71.7409973       2.5550255086272955E-003
           5           8  -31.6550007      -71.7409973       2.4090000370051712E-003
           5           9  -31.6550007      -71.7409973       2.3434477916453034E-003
           5          10  -31.6550007      -71.7409973       1.4179610807332210E-003
           5          11  -31.6550007      -71.7409973       1.3992103413329460E-003
           6           1  -31.6369991      -71.7409973       3.3993971592281014E-003
           6           2  -31.6369991      -71.7409973       3.3349398290738463E-003
           6           3  -31.6369991      -71.7409973       3.3502920996397734E-003
           6           4  -31.6369991      -71.7409973       2.8741070709656924E-003
           6           5  -31.6369991      -71.7409973       0.0000000000000000     
           6           6  -31.6369991      -71.7409973       2.6038662181235850E-003
           6           7  -31.6369991      -71.7409973       2.6079925883095711E-003
           6           8  -31.6369991      -71.7409973       2.6442161470185965E-003
           6           9  -31.6369991      -71.7409973       2.5765337049961090E-003
           6          10  -31.6369991      -71.7409973       1.3570860464824364E-003
           6          11  -31.6369991      -71.7409973       1.3554481847677380E-003
           7           1  -31.6189995      -71.7409973       3.5696545965038240E-003
           7           2  -31.6189995      -71.7409973       3.5021124931517988E-003
           7           3  -31.6189995      -71.7409973       3.5110092721879482E-003
           7           4  -31.6189995      -71.7409973       2.6875306502915919E-003
           7           5  -31.6189995      -71.7409973       6.9111847551539540E-006
           7           6  -31.6189995      -71.7409973       2.6210024734609760E-003
           7           7  -31.6189995      -71.7409973       2.3918697115732357E-003
           7           8  -31.6189995      -71.7409973       2.3918697115732357E-003
           7           9  -31.6189995      -71.7409973       2.0101325062569231E-003
           7          10  -31.6189995      -71.7409973       1.2506432976806536E-003
           7          11  -31.6189995      -71.7409973       1.2407523026922718E-003
           8           1  -31.6009998      -71.7409973       3.3600343285797862E-003
           8           2  -31.6009998      -71.7409973       3.3312632695015054E-003
           8           3  -31.6009998      -71.7409973       3.2925977848208277E-003
           8           4  -31.6009998      -71.7409973       2.5414804549654946E-003
           8           5  -31.6009998      -71.7409973       6.0227832000236958E-004
           8           6  -31.6009998      -71.7409973       1.4352576617966406E-003
           8           7  -31.6009998      -71.7409973       1.8803986240527593E-003
           8           8  -31.6009998      -71.7409973       1.8803986240527593E-003
           8           9  -31.6009998      -71.7409973       1.9198738991690334E-003
           8          10  -31.6009998      -71.7409973       1.1278717138338834E-003
           8          11  -31.6009998      -71.7409973       1.1465163988759741E-003
           9           1  -31.5830002      -71.7409973       2.8938229006598704E-003
           9           2  -31.5830002      -71.7409973       3.0330843583215028E-003
           9           3  -31.5830002      -71.7409973       2.8938229006598704E-003
           9           4  -31.5830002      -71.7409973       1.8404236534479423E-003
           9           5  -31.5830002      -71.7409973       5.9575877094175667E-004
           9           6  -31.5830002      -71.7409973       1.1681423202389851E-003
           9           7  -31.5830002      -71.7409973       1.1196042578376364E-003
           9           8  -31.5830002      -71.7409973       1.3041564125160221E-003
           9           9  -31.5830002      -71.7409973       1.3041564125160221E-003
           9          10  -31.5830002      -71.7409973       1.0711785580497235E-003
           9          11  -31.5830002      -71.7409973       1.1177151027368382E-003
          10           1  -31.5650005      -71.7409973       2.4266483305837028E-003
          10           2  -31.5650005      -71.7409973       2.2166396011016332E-003
          10           3  -31.5650005      -71.7409973       2.2127106130938046E-003
          10           4  -31.5650005      -71.7409973       1.5287028400052804E-003
          10           5  -31.5650005      -71.7409973       5.5997050367295742E-004
          10           6  -31.5650005      -71.7409973       9.7960378843708895E-004
          10           7  -31.5650005      -71.7409973       1.0864230680454057E-003
          10           8  -31.5650005      -71.7409973       1.0864230680454057E-003
          10           9  -31.5650005      -71.7409973       6.6228752984898165E-004
          10          10  -31.5650005      -71.7409973       8.6681988068448845E-004
          10          11  -31.5650005      -71.7409973       7.5202443440502975E-004
          11           1  -31.5470009      -71.7409973       1.6206916479859501E-003
          11           2  -31.5470009      -71.7409973       1.5577189515170176E-003
          11           3  -31.5470009      -71.7409973       1.4910360587236937E-003
          11           4  -31.5470009      -71.7409973       1.4123603141342755E-003
          11           5  -31.5470009      -71.7409973       0.0000000000000000     
          11           6  -31.5470009      -71.7409973       7.8193081208155490E-005
          11           7  -31.5470009      -71.7409973       1.1986289646301884E-003
          11           8  -31.5470009      -71.7409973       1.1986289646301884E-003
          11           9  -31.5470009      -71.7409973       1.2834021181333810E-003
          11          10  -31.5470009      -71.7409973       1.2834021181333810E-003
          11          11  -31.5470009      -71.7409973       8.3056667062919587E-004
