           1           1  -31.7269993      -71.7409973       4.8582172312308103E-003
           1           2  -31.7269993      -71.7409973       6.1969426460564137E-003
           1           3  -31.7269993      -71.7409973       6.3950957264751196E-003
           1           4  -31.7269993      -71.7409973       6.2333375099115074E-003
           1           5  -31.7269993      -71.7409973       6.1794870998710394E-003
           1           6  -31.7269993      -71.7409973       3.3649787947069854E-003
           1           7  -31.7269993      -71.7409973       0.0000000000000000     
           1           8  -31.7269993      -71.7409973       1.4345234485517722E-003
           1           9  -31.7269993      -71.7409973       1.7437022033846006E-003
           1          10  -31.7269993      -71.7409973       2.1316490892786533E-003
           1          11  -31.7269993      -71.7409973       3.8340493338182569E-003
           2           1  -31.7089996      -71.7409973       6.0250164024182595E-003
           2           2  -31.7089996      -71.7409973       7.6292206649668515E-003
           2           3  -31.7089996      -71.7409973       7.0560739259235561E-003
           2           4  -31.7089996      -71.7409973       5.9151499299332500E-003
           2           5  -31.7089996      -71.7409973       6.2232193886302412E-003
           2           6  -31.7089996      -71.7409973       3.0427800666075200E-003
           2           7  -31.7089996      -71.7409973       1.7404879799869377E-003
           2           8  -31.7089996      -71.7409973       1.9180513336323202E-003
           2           9  -31.7089996      -71.7409973       2.5230957253370434E-003
           2          10  -31.7089996      -71.7409973       2.2292623471003026E-003
           2          11  -31.7089996      -71.7409973       6.5851355393533595E-003
           3           1  -31.6910000      -71.7409973       8.3677445072680712E-003
           3           2  -31.6910000      -71.7409973       7.4867515941150486E-003
           3           3  -31.6910000      -71.7409973       8.3677445072680712E-003
           3           4  -31.6910000      -71.7409973       7.2649517096579075E-003
           3           5  -31.6910000      -71.7409973       6.5113546661450528E-003
           3           6  -31.6910000      -71.7409973       2.7210978150833398E-003
           3           7  -31.6910000      -71.7409973       3.2126085570780560E-003
           3           8  -31.6910000      -71.7409973       3.2300792954629287E-003
           3           9  -31.6910000      -71.7409973       3.2300792954629287E-003
           3          10  -31.6910000      -71.7409973       3.0324438703246415E-003
           3          11  -31.6910000      -71.7409973       5.4516328964382410E-003
           4           1  -31.6730003      -71.7409973       8.8622941402718425E-003
           4           2  -31.6730003      -71.7409973       9.0141854598186910E-003
           4           3  -31.6730003      -71.7409973       8.9792516082525253E-003
           4           4  -31.6730003      -71.7409973       8.9369707857258618E-003
           4           5  -31.6730003      -71.7409973       6.5311780563206412E-003
           4           6  -31.6730003      -71.7409973       2.7635090300464071E-003
           4           7  -31.6730003      -71.7409973       5.1681171462405473E-003
           4           8  -31.6730003      -71.7409973       5.1681171462405473E-003
           4           9  -31.6730003      -71.7409973       6.0924491845071316E-003
           4          10  -31.6730003      -71.7409973       3.4255647115060128E-003
           4          11  -31.6730003      -71.7409973       5.8788770111277699E-003
           5           1  -31.6550007      -71.7409973       1.0561420232988894E-002
           5           2  -31.6550007      -71.7409973       1.0290072532370687E-002
           5           3  -31.6550007      -71.7409973       1.0381127940490842E-002
           5           4  -31.6550007      -71.7409973       1.0369009687565267E-002
           5           5  -31.6550007      -71.7409973       6.0942839481867850E-003
           5           6  -31.6550007      -71.7409973       6.4985426433850080E-003
           5           7  -31.6550007      -71.7409973       7.6825562282465398E-003
           5           8  -31.6550007      -71.7409973       7.2287216316908598E-003
           5           9  -31.6550007      -71.7409973       6.9722459884360433E-003
           5          10  -31.6550007      -71.7409973       4.5616380521096289E-003
           5          11  -31.6550007      -71.7409973       5.6431851699016988E-003
           6           1  -31.6369991      -71.7409973       1.1998086469247937E-002
           6           2  -31.6369991      -71.7409973       1.1799671920016408E-002
           6           3  -31.6369991      -71.7409973       1.1813317192718387E-002
           6           4  -31.6369991      -71.7409973       1.2152111739851534E-002
           6           5  -31.6369991      -71.7409973       5.4353561718016863E-003
           6           6  -31.6369991      -71.7409973       7.8633897937834263E-003
           6           7  -31.6369991      -71.7409973       8.0146435648202896E-003
           6           8  -31.6369991      -71.7409973       8.0911971163004637E-003
           6           9  -31.6369991      -71.7409973       7.7941211638972163E-003
           6          10  -31.6369991      -71.7409973       5.5446904152631760E-003
           6          11  -31.6369991      -71.7409973       6.0541274724528193E-003
           7           1  -31.6189995      -71.7409973       1.2810594664188102E-002
           7           2  -31.6189995      -71.7409973       1.2665292160818353E-002
           7           3  -31.6189995      -71.7409973       1.2672151933657005E-002
           7           4  -31.6189995      -71.7409973       1.2772188667440787E-002
           7           5  -31.6189995      -71.7409973       3.8810542318969965E-003
           7           6  -31.6189995      -71.7409973       8.0184139878838323E-003
           7           7  -31.6189995      -71.7409973       7.3973963444586843E-003
           7           8  -31.6189995      -71.7409973       7.3973963444586843E-003
           7           9  -31.6189995      -71.7409973       6.2073945009615272E-003
           7          10  -31.6189995      -71.7409973       5.8448327181395143E-003
           7          11  -31.6189995      -71.7409973       6.3582516158930957E-003
           8           1  -31.6009998      -71.7409973       1.2340883578872308E-002
           8           2  -31.6009998      -71.7409973       1.2213624184369110E-002
           8           3  -31.6009998      -71.7409973       1.2147523317253217E-002
           8           4  -31.6009998      -71.7409973       1.2863105948781595E-002
           8           5  -31.6009998      -71.7409973       3.2232121302513406E-003
           8           6  -31.6009998      -71.7409973       4.4163625279907137E-003
           8           7  -31.6009998      -71.7409973       5.7040010287892073E-003
           8           8  -31.6009998      -71.7409973       5.7040010287892073E-003
           8           9  -31.6009998      -71.7409973       5.9585169219644740E-003
           8          10  -31.6009998      -71.7409973       5.6447081879014149E-003
           8          11  -31.6009998      -71.7409973       6.3034919148776680E-003
           9           1  -31.5830002      -71.7409973       1.0552105261012912E-002
           9           2  -31.5830002      -71.7409973       1.1028578563127667E-002
           9           3  -31.5830002      -71.7409973       1.0552105261012912E-002
           9           4  -31.5830002      -71.7409973       1.0433525021653622E-002
           9           5  -31.5830002      -71.7409973       3.1408637296408415E-003
           9           6  -31.5830002      -71.7409973       2.9449315115925856E-003
           9           7  -31.5830002      -71.7409973       3.3869960170704871E-003
           9           8  -31.5830002      -71.7409973       3.6526587136904709E-003
           9           9  -31.5830002      -71.7409973       3.6526587136904709E-003
           9          10  -31.5830002      -71.7409973       5.4875223868293688E-003
           9          11  -31.5830002      -71.7409973       6.3389793795067817E-003
          10           1  -31.5650005      -71.7409973       8.4895693580619991E-003
          10           2  -31.5650005      -71.7409973       7.8164842561818659E-003
          10           3  -31.5650005      -71.7409973       7.7898377203382552E-003
          10           4  -31.5650005      -71.7409973       7.9877911484800279E-003
          10           5  -31.5650005      -71.7409973       2.8783352317987010E-003
          10           6  -31.5650005      -71.7409973       1.9151113883708604E-003
          10           7  -31.5650005      -71.7409973       2.2328609920805320E-003
          10           8  -31.5650005      -71.7409973       2.2328609920805320E-003
          10           9  -31.5650005      -71.7409973       1.7890647650347091E-003
          10          10  -31.5650005      -71.7409973       4.6966369554866105E-003
          10          11  -31.5650005      -71.7409973       4.4435102136048954E-003
          11           1  -31.5470009      -71.7409973       5.4884515993762761E-003
          11           2  -31.5470009      -71.7409973       4.3732934282161295E-003
          11           3  -31.5470009      -71.7409973       4.8125121975317597E-003
          11           4  -31.5470009      -71.7409973       5.8935491133524920E-003
          11           5  -31.5470009      -71.7409973       2.6983089919667691E-003
          11           6  -31.5470009      -71.7409973       0.0000000000000000     
          11           7  -31.5470009      -71.7409973       1.7875153243949171E-003
          11           8  -31.5470009      -71.7409973       2.0412612211657688E-003
          11           9  -31.5470009      -71.7409973       2.3322461493080482E-003
          11          10  -31.5470009      -71.7409973       2.9861334023735253E-003
          11          11  -31.5470009      -71.7409973       2.8533698186947731E-003
