           1           1  -31.7269993      -71.7409973       2.2166052585816942E-003
           1           2  -31.7269993      -71.7409973       1.0600738460198045E-003
           1           3  -31.7269993      -71.7409973       6.3640065491199493E-005
           1           4  -31.7269993      -71.7409973       2.9844291566405445E-003
           1           5  -31.7269993      -71.7409973       2.9096315920469351E-003
           1           6  -31.7269993      -71.7409973       2.9377203391049989E-003
           1           7  -31.7269993      -71.7409973       3.0010674454388209E-003
           1           8  -31.7269993      -71.7409973       1.7485265852883458E-003
           1           9  -31.7269993      -71.7409973       9.2798468540422618E-004
           1          10  -31.7269993      -71.7409973       1.0082235385198146E-003
           1          11  -31.7269993      -71.7409973       1.1313967406749725E-003
           2           1  -31.7089996      -71.7409973       2.1023380104452372E-003
           2           2  -31.7089996      -71.7409973       2.0532500057015568E-003
           2           3  -31.7089996      -71.7409973       2.4952147796284407E-003
           2           4  -31.7089996      -71.7409973       3.2187062752200291E-003
           2           5  -31.7089996      -71.7409973       3.4195109910797328E-003
           2           6  -31.7089996      -71.7409973       3.9057656103977934E-003
           2           7  -31.7089996      -71.7409973       3.4766815369948745E-003
           2           8  -31.7089996      -71.7409973       9.4022453413344920E-004
           2           9  -31.7089996      -71.7409973       1.1894119525095448E-003
           2          10  -31.7089996      -71.7409973       2.0579578213073546E-003
           2          11  -31.7089996      -71.7409973       1.8232212532893755E-003
           3           1  -31.6910000      -71.7409973       2.4462249421048909E-003
           3           2  -31.6910000      -71.7409973       1.9167801365256310E-003
           3           3  -31.6910000      -71.7409973       4.5821888052159920E-003
           3           4  -31.6910000      -71.7409973       5.0556185960886069E-003
           3           5  -31.6910000      -71.7409973       5.0556185960886069E-003
           3           6  -31.6910000      -71.7409973       5.0068920318153687E-003
           3           7  -31.6910000      -71.7409973       4.3156523170182481E-003
           3           8  -31.6910000      -71.7409973       0.0000000000000000     
           3           9  -31.6910000      -71.7409973       1.0605350489640841E-003
           3          10  -31.6910000      -71.7409973       2.5360209983773530E-003
           3          11  -31.6910000      -71.7409973       2.4918434501159936E-003
           4           1  -31.6730003      -71.7409973       2.2456449369201437E-003
           4           2  -31.6730003      -71.7409973       1.8264338250446599E-003
           4           3  -31.6730003      -71.7409973       6.4656701870262623E-003
           4           4  -31.6730003      -71.7409973       6.3940127147361636E-003
           4           5  -31.6730003      -71.7409973       6.4231960277538747E-003
           4           6  -31.6730003      -71.7409973       6.4264671818818897E-003
           4           7  -31.6730003      -71.7409973       4.0541306698287372E-003
           4           8  -31.6730003      -71.7409973       0.0000000000000000     
           4           9  -31.6730003      -71.7409973       1.4420608295040438E-004
           4          10  -31.6730003      -71.7409973       3.4509587203501724E-003
           4          11  -31.6730003      -71.7409973       3.6940204663551413E-003
           5           1  -31.6550007      -71.7409973       2.3161437275120988E-003
           5           2  -31.6550007      -71.7409973       1.6268716717604548E-003
           5           3  -31.6550007      -71.7409973       7.1447333320975304E-003
           5           4  -31.6550007      -71.7409973       7.0763470139354467E-003
           5           5  -31.6550007      -71.7409973       7.3450116906315088E-003
           5           6  -31.6550007      -71.7409973       7.3560696328058839E-003
           5           7  -31.6550007      -71.7409973       3.5512972972355783E-003
           5           8  -31.6550007      -71.7409973       6.3936226433725096E-004
           5           9  -31.6550007      -71.7409973       5.6301907534361817E-004
           5          10  -31.6550007      -71.7409973       4.5168221113272011E-003
           5          11  -31.6550007      -71.7409973       3.9390229503624141E-003
           6           1  -31.6369991      -71.7409973       2.2692130878567696E-003
           6           2  -31.6369991      -71.7409973       1.5375271759694442E-003
           6           3  -31.6369991      -71.7409973       7.3141696630045772E-003
           6           4  -31.6369991      -71.7409973       7.3123646434396505E-003
           6           5  -31.6369991      -71.7409973       7.3181537445634604E-003
           6           6  -31.6369991      -71.7409973       7.3109439108520746E-003
           6           7  -31.6369991      -71.7409973       3.1788418418727815E-003
           6           8  -31.6369991      -71.7409973       1.2139758473495021E-003
           6           9  -31.6369991      -71.7409973       1.0396545112598687E-003
           6          10  -31.6369991      -71.7409973       4.2811900493688881E-003
           6          11  -31.6369991      -71.7409973       4.1732058743946254E-003
           7           1  -31.6189995      -71.7409973       2.0761967462021858E-003
           7           2  -31.6189995      -71.7409973       2.6413433006382547E-003
           7           3  -31.6189995      -71.7409973       6.7611748236231506E-003
           7           4  -31.6189995      -71.7409973       6.8186700227670372E-003
           7           5  -31.6189995      -71.7409973       7.0059898425824940E-003
           7           6  -31.6189995      -71.7409973       7.1894805296324193E-003
           7           7  -31.6189995      -71.7409973       2.0310903128120117E-003
           7           8  -31.6189995      -71.7409973       1.2361576355033321E-003
           7           9  -31.6189995      -71.7409973       1.9974667166025029E-003
           7          10  -31.6189995      -71.7409973       3.6792170722037554E-003
           7          11  -31.6189995      -71.7409973       3.5638993722386658E-003
           8           1  -31.6009998      -71.7409973       1.8678207125049084E-003
           8           2  -31.6009998      -71.7409973       3.1184524923446588E-003
           8           3  -31.6009998      -71.7409973       5.9470648848218843E-003
           8           4  -31.6009998      -71.7409973       6.8165132106514648E-003
           8           5  -31.6009998      -71.7409973       6.1027999472571537E-003
           8           6  -31.6009998      -71.7409973       5.3375492861960083E-003
           8           7  -31.6009998      -71.7409973       1.4622423914261162E-003
           8           8  -31.6009998      -71.7409973       1.1717041847987275E-003
           8           9  -31.6009998      -71.7409973       2.3580661782034440E-003
           8          10  -31.6009998      -71.7409973       2.7425771631897078E-003
           8          11  -31.6009998      -71.7409973       2.4642780053909519E-003
           9           1  -31.5830002      -71.7409973       1.5037915272841929E-003
           9           2  -31.5830002      -71.7409973       2.6870552028412931E-003
           9           3  -31.5830002      -71.7409973       4.7332912508863956E-003
           9           4  -31.5830002      -71.7409973       4.9211441946681589E-003
           9           5  -31.5830002      -71.7409973       4.6258399088401347E-003
           9           6  -31.5830002      -71.7409973       4.6467664069496095E-003
           9           7  -31.5830002      -71.7409973       1.2641801149584353E-003
           9           8  -31.5830002      -71.7409973       1.8542817342677154E-003
           9           9  -31.5830002      -71.7409973       3.0175831047927204E-003
           9          10  -31.5830002      -71.7409973       3.0175831047927204E-003
           9          11  -31.5830002      -71.7409973       3.1469155192098697E-003
          10           1  -31.5650005      -71.7409973       7.3270919438073179E-004
          10           2  -31.5650005      -71.7409973       1.6407913572038524E-003
          10           3  -31.5650005      -71.7409973       3.1858306028880179E-003
          10           4  -31.5650005      -71.7409973       3.5573134082369506E-003
          10           5  -31.5650005      -71.7409973       2.8867934306617826E-003
          10           6  -31.5650005      -71.7409973       4.1581913174013607E-003
          10           7  -31.5650005      -71.7409973       1.0735030227806419E-003
          10           8  -31.5650005      -71.7409973       2.1210705017438158E-003
          10           9  -31.5650005      -71.7409973       3.0087616514720139E-003
          10          10  -31.5650005      -71.7409973       3.0015687366358179E-003
          10          11  -31.5650005      -71.7409973       3.0129283477435820E-003
          11           1  -31.5470009      -71.7409973       8.1446005788166076E-004
          11           2  -31.5470009      -71.7409973       9.5306924777105451E-004
          11           3  -31.5470009      -71.7409973       1.7980887787416577E-003
          11           4  -31.5470009      -71.7409973       2.4618642382847611E-003
          11           5  -31.5470009      -71.7409973       2.1942357707303017E-003
          11           6  -31.5470009      -71.7409973       1.9201070172130130E-003
          11           7  -31.5470009      -71.7409973       9.0685459144879133E-004
          11           8  -31.5470009      -71.7409973       1.6993635363178328E-003
          11           9  -31.5470009      -71.7409973       2.0620242721633986E-003
          11          10  -31.5470009      -71.7409973       2.0620242721633986E-003
          11          11  -31.5470009      -71.7409973       2.0399524510139599E-003
