           1           1  -31.7269993      -71.7409973       4.0613866076455452E-003
           1           2  -31.7269993      -71.7409973       0.0000000000000000     
           1           3  -31.7269993      -71.7409973       4.1736004641279578E-003
           1           4  -31.7269993      -71.7409973       6.5601503520156257E-003
           1           5  -31.7269993      -71.7409973       6.5681986088748090E-003
           1           6  -31.7269993      -71.7409973       6.8046752639929764E-003
           1           7  -31.7269993      -71.7409973       5.9118077624589205E-003
           1           8  -31.7269993      -71.7409973       8.8428403978468850E-004
           1           9  -31.7269993      -71.7409973       7.1281427881331183E-004
           1          10  -31.7269993      -71.7409973       1.7209172747243429E-003
           1          11  -31.7269993      -71.7409973       2.9758019227301702E-003
           2           1  -31.7089996      -71.7409973       5.4262171615846455E-003
           2           2  -31.7089996      -71.7409973       1.0228540340904146E-003
           2           3  -31.7089996      -71.7409973       8.6632198799634352E-003
           2           4  -31.7089996      -71.7409973       6.9092839985387400E-003
           2           5  -31.7089996      -71.7409973       7.4673452181741595E-003
           2           6  -31.7089996      -71.7409973       8.6231731256702915E-003
           2           7  -31.7089996      -71.7409973       4.2157454881817102E-003
           2           8  -31.7089996      -71.7409973       4.8246243386529386E-004
           2           9  -31.7089996      -71.7409973       1.3165626878617331E-003
           2          10  -31.7089996      -71.7409973       2.5276574924646411E-003
           2          11  -31.7089996      -71.7409973       3.6027467431267723E-003
           3           1  -31.6910000      -71.7409973       7.4646018692874350E-003
           3           2  -31.6910000      -71.7409973       5.5424262536689639E-003
           3           3  -31.6910000      -71.7409973       1.2369028438115492E-002
           3           4  -31.6910000      -71.7409973       1.1388228094801889E-002
           3           5  -31.6910000      -71.7409973       1.1388228094801889E-002
           3           6  -31.6910000      -71.7409973       1.1097709852037951E-002
           3           7  -31.6910000      -71.7409973       2.2062715142965317E-003
           3           8  -31.6910000      -71.7409973       0.0000000000000000     
           3           9  -31.6910000      -71.7409973       2.7251973806414753E-003
           3          10  -31.6910000      -71.7409973       3.4054843854391947E-003
           3          11  -31.6910000      -71.7409973       3.6272224824642763E-003
           4           1  -31.6730003      -71.7409973       6.0155967075843364E-003
           4           2  -31.6730003      -71.7409973       1.2221273616887629E-002
           4           3  -31.6730003      -71.7409973       1.5303969732485712E-002
           4           4  -31.6730003      -71.7409973       1.4811199507676065E-002
           4           5  -31.6730003      -71.7409973       1.5021872590295970E-002
           4           6  -31.6730003      -71.7409973       1.3349481101613492E-002
           4           7  -31.6730003      -71.7409973       0.0000000000000000     
           4           8  -31.6730003      -71.7409973       0.0000000000000000     
           4           9  -31.6730003      -71.7409973       4.5636316062882543E-003
           4          10  -31.6730003      -71.7409973       5.1513839316612575E-003
           4          11  -31.6730003      -71.7409973       5.6648415084055159E-003
           5           1  -31.6550007      -71.7409973       5.6532358867116272E-003
           5           2  -31.6550007      -71.7409973       1.4007930876687169E-002
           5           3  -31.6550007      -71.7409973       1.7044655513018370E-002
           5           4  -31.6550007      -71.7409973       1.6762558370828629E-002
           5           5  -31.6550007      -71.7409973       1.7554407939314842E-002
           5           6  -31.6550007      -71.7409973       1.3652196037583053E-002
           5           7  -31.6550007      -71.7409973       1.5849125193199143E-003
           5           8  -31.6550007      -71.7409973       1.3237465318525210E-003
           5           9  -31.6550007      -71.7409973       5.6015022564679384E-003
           5          10  -31.6550007      -71.7409973       7.0670261629857123E-003
           5          11  -31.6550007      -71.7409973       6.1423560255207121E-003
           6           1  -31.6369991      -71.7409973       5.3780231974087656E-003
           6           2  -31.6369991      -71.7409973       1.6459018923342228E-002
           6           3  -31.6369991      -71.7409973       1.7516284948214889E-002
           6           4  -31.6369991      -71.7409973       1.7562575638294220E-002
           6           5  -31.6369991      -71.7409973       1.7555390251800418E-002
           6           6  -31.6369991      -71.7409973       1.1302542989142239E-002
           6           7  -31.6369991      -71.7409973       2.4122612230712548E-003
           6           8  -31.6369991      -71.7409973       2.4411065678577870E-003
           6           9  -31.6369991      -71.7409973       6.5929349511861801E-003
           6          10  -31.6369991      -71.7409973       6.7893100203946233E-003
           6          11  -31.6369991      -71.7409973       6.6497889347374439E-003
           7           1  -31.6189995      -71.7409973       6.7404600558802485E-003
           7           2  -31.6189995      -71.7409973       1.6140604624524713E-002
           7           3  -31.6189995      -71.7409973       1.6050834907218814E-002
           7           4  -31.6189995      -71.7409973       1.6313544590957463E-002
           7           5  -31.6189995      -71.7409973       1.6787678003311157E-002
           7           6  -31.6189995      -71.7409973       1.0349935386329889E-002
           7           7  -31.6189995      -71.7409973       2.3333219032792840E-003
           7           8  -31.6189995      -71.7409973       2.3333219032792840E-003
           7           9  -31.6189995      -71.7409973       4.7423872092622332E-003
           7          10  -31.6189995      -71.7409973       5.7666047941893339E-003
           7          11  -31.6189995      -71.7409973       5.5699974182061851E-003
           8           1  -31.6009998      -71.7409973       7.8589409822598100E-003
           8           2  -31.6009998      -71.7409973       1.4033615705557168E-002
           8           3  -31.6009998      -71.7409973       1.3975044363178313E-002
           8           4  -31.6009998      -71.7409973       1.6091607016278431E-002
           8           5  -31.6009998      -71.7409973       1.4346481970278546E-002
           8           6  -31.6009998      -71.7409973       7.4908604965457926E-003
           8           7  -31.6009998      -71.7409973       1.0871756712731440E-003
           8           8  -31.6009998      -71.7409973       2.5432942420593463E-003
           8           9  -31.6009998      -71.7409973       4.5843021362088621E-003
           8          10  -31.6009998      -71.7409973       3.6503254159470089E-003
           8          11  -31.6009998      -71.7409973       2.9603454240714200E-003
           9           1  -31.5830002      -71.7409973       6.5530376741662621E-003
           9           2  -31.5830002      -71.7409973       1.2177062191767618E-002
           9           3  -31.5830002      -71.7409973       1.0732720838859677E-002
           9           4  -31.5830002      -71.7409973       1.1166760930791497E-002
           9           5  -31.5830002      -71.7409973       1.0389885050244629E-002
           9           6  -31.5830002      -71.7409973       6.3403902458958328E-003
           9           7  -31.5830002      -71.7409973       8.3289874601177871E-004
           9           8  -31.5830002      -71.7409973       4.2320495558669791E-003
           9           9  -31.5830002      -71.7409973       4.2320495558669791E-003
           9          10  -31.5830002      -71.7409973       4.2320495558669791E-003
           9          11  -31.5830002      -71.7409973       4.4918671919731423E-003
          10           1  -31.5650005      -71.7409973       3.7226659478619695E-003
          10           2  -31.5650005      -71.7409973       6.4766245195642114E-003
          10           3  -31.5650005      -71.7409973       6.9737062149215490E-003
          10           4  -31.5650005      -71.7409973       7.7605585920537123E-003
          10           5  -31.5650005      -71.7409973       5.8508343645371497E-003
          10           6  -31.5650005      -71.7409973       6.6862404346466064E-003
          10           7  -31.5650005      -71.7409973       1.5611155249644071E-003
          10           8  -31.5650005      -71.7409973       4.9279889644822106E-003
          10           9  -31.5650005      -71.7409973       4.7504335379926488E-003
          10          10  -31.5650005      -71.7409973       4.6317158266901970E-003
          10          11  -31.5650005      -71.7409973       4.4635161175392568E-003
          11           1  -31.5470009      -71.7409973       1.5336656360886991E-003
          11           2  -31.5470009      -71.7409973       1.8611351842992008E-003
          11           3  -31.5470009      -71.7409973       4.3627624690998346E-003
          11           4  -31.5470009      -71.7409973       5.2460579317994416E-003
          11           5  -31.5470009      -71.7409973       4.7693720262032002E-003
          11           6  -31.5470009      -71.7409973       4.3411821825429797E-003
          11           7  -31.5470009      -71.7409973       1.5572753036394715E-003
          11           8  -31.5470009      -71.7409973       3.1707467715023085E-003
          11           9  -31.5470009      -71.7409973       3.1834218098083511E-003
          11          10  -31.5470009      -71.7409973       3.1834218098083511E-003
          11          11  -31.5470009      -71.7409973       2.5617248466005549E-003
