           1           1  -31.7269993      -71.7409973       9.4833515322534367E-004
           1           2  -31.7269993      -71.7409973       5.7185771038348321E-004
           1           3  -31.7269993      -71.7409973       7.2791008278727531E-004
           1           4  -31.7269993      -71.7409973       6.3729738758411258E-004
           1           5  -31.7269993      -71.7409973       5.5768244789078381E-004
           1           6  -31.7269993      -71.7409973       4.6796320384601131E-004
           1           7  -31.7269993      -71.7409973       0.0000000000000000     
           1           8  -31.7269993      -71.7409973       5.9897711798839737E-004
           1           9  -31.7269993      -71.7409973       6.5615993298706599E-004
           1          10  -31.7269993      -71.7409973       6.5615993298706599E-004
           1          11  -31.7269993      -71.7409973       4.8616573621984571E-004
           2           1  -31.7089996      -71.7409973       1.0163185347664694E-003
           2           2  -31.7089996      -71.7409973       9.9178424216006533E-004
           2           3  -31.7089996      -71.7409973       1.1261939271207666E-003
           2           4  -31.7089996      -71.7409973       8.7933830945985392E-004
           2           5  -31.7089996      -71.7409973       4.6410818868025672E-004
           2           6  -31.7089996      -71.7409973       0.0000000000000000     
           2           7  -31.7089996      -71.7409973       0.0000000000000000     
           2           8  -31.7089996      -71.7409973       4.0939546306617558E-004
           2           9  -31.7089996      -71.7409973       8.4317065193317831E-004
           2          10  -31.7089996      -71.7409973       1.2527693033916876E-003
           2          11  -31.7089996      -71.7409973       1.1033717601094395E-003
           3           1  -31.6910000      -71.7409973       1.5919643701636232E-003
           3           2  -31.6910000      -71.7409973       1.4282894553616643E-003
           3           3  -31.6910000      -71.7409973       1.5919643701636232E-003
           3           4  -31.6910000      -71.7409973       1.2973371121915989E-003
           3           5  -31.6910000      -71.7409973       4.7933611494954675E-004
           3           6  -31.6910000      -71.7409973       9.1103314844076522E-005
           3           7  -31.6910000      -71.7409973       9.3956225100555457E-005
           3           8  -31.6910000      -71.7409973       3.1152125666267239E-004
           3           9  -31.6910000      -71.7409973       1.5343137565650977E-003
           3          10  -31.6910000      -71.7409973       1.6104294118122198E-003
           3          11  -31.6910000      -71.7409973       1.5349667010013945E-003
           4           1  -31.6730003      -71.7409973       1.9546893654478481E-003
           4           2  -31.6730003      -71.7409973       2.0408674827194773E-003
           4           3  -31.6730003      -71.7409973       2.0077260196558200E-003
           4           4  -31.6730003      -71.7409973       1.9621783794718795E-003
           4           5  -31.6730003      -71.7409973       3.3487285668343247E-004
           4           6  -31.6730003      -71.7409973       3.3956698689507903E-004
           4           7  -31.6730003      -71.7409973       3.3487285668343247E-004
           4           8  -31.6730003      -71.7409973       1.7438092618249357E-004
           4           9  -31.6730003      -71.7409973       1.9088084809482098E-003
           4          10  -31.6730003      -71.7409973       1.9345383625477552E-003
           4          11  -31.6730003      -71.7409973       2.0336543093435466E-003
           5           1  -31.6550007      -71.7409973       2.4104456097120419E-003
           5           2  -31.6550007      -71.7409973       2.1225314703769982E-003
           5           3  -31.6550007      -71.7409973       2.2502902720589191E-003
           5           4  -31.6550007      -71.7409973       2.2171488089952618E-003
           5           5  -31.6550007      -71.7409973       5.4171502415556461E-004
           5           6  -31.6550007      -71.7409973       5.3980277880327776E-004
           5           7  -31.6550007      -71.7409973       5.4171502415556461E-004
           5           8  -31.6550007      -71.7409973       3.3394610545656178E-004
           5           9  -31.6550007      -71.7409973       2.0950423204340041E-003
           5          10  -31.6550007      -71.7409973       2.3273700062418357E-003
           5          11  -31.6550007      -71.7409973       2.1120998135302216E-003
           6           1  -31.6369991      -71.7409973       2.2711372876074165E-003
           6           2  -31.6369991      -71.7409973       2.2442562622018158E-003
           6           3  -31.6369991      -71.7409973       2.2795850527472794E-003
           6           4  -31.6369991      -71.7409973       2.2354932443704456E-003
           6           5  -31.6369991      -71.7409973       5.4899694123378140E-004
           6           6  -31.6369991      -71.7409973       5.4725057316318271E-004
           6           7  -31.6369991      -71.7409973       5.4899694123378140E-004
           6           8  -31.6369991      -71.7409973       5.6617303926032037E-004
           6           9  -31.6369991      -71.7409973       2.2687814489472657E-003
           6          10  -31.6369991      -71.7409973       2.2997178020887077E-003
           6          11  -31.6369991      -71.7409973       2.2601381060667336E-003
           7           1  -31.6189995      -71.7409973       2.0051410247106105E-003
           7           2  -31.6189995      -71.7409973       1.9540016946848482E-003
           7           3  -31.6189995      -71.7409973       1.9160009396728128E-003
           7           4  -31.6189995      -71.7409973       1.7175596585730091E-003
           7           5  -31.6189995      -71.7409973       4.9830558418761939E-004
           7           6  -31.6189995      -71.7409973       5.3586763533530757E-004
           7           7  -31.6189995      -71.7409973       4.7908416308928281E-004
           7           8  -31.6189995      -71.7409973       7.7587810892509879E-004
           7           9  -31.6189995      -71.7409973       1.9675525545608252E-003
           7          10  -31.6189995      -71.7409973       2.1497162815649062E-003
           7          11  -31.6189995      -71.7409973       2.1027736365795135E-003
           8           1  -31.6009998      -71.7409973       1.7110712542489637E-003
           8           2  -31.6009998      -71.7409973       1.4855642002657987E-003
           8           3  -31.6009998      -71.7409973       1.5749641206639353E-003
           8           4  -31.6009998      -71.7409973       1.3515015889424831E-003
           8           5  -31.6009998      -71.7409973       2.9323404123715591E-004
           8           6  -31.6009998      -71.7409973       1.6675661890985793E-004
           8           7  -31.6009998      -71.7409973       2.9323404123715591E-004
           8           8  -31.6009998      -71.7409973       1.0385628105495925E-003
           8           9  -31.6009998      -71.7409973       1.9059726910199970E-003
           8          10  -31.6009998      -71.7409973       1.6758765486883931E-003
           8          11  -31.6009998      -71.7409973       1.5826344679226168E-003
           9           1  -31.5830002      -71.7409973       1.6345767071470618E-003
           9           2  -31.5830002      -71.7409973       1.7571204625710379E-003
           9           3  -31.5830002      -71.7409973       1.6345767071470618E-003
           9           4  -31.5830002      -71.7409973       3.8790070539107546E-004
           9           5  -31.5830002      -71.7409973       2.1581694454653189E-005
           9           6  -31.5830002      -71.7409973       1.0064407160825795E-004
           9           7  -31.5830002      -71.7409973       5.2700979722430930E-005
           9           8  -31.5830002      -71.7409973       1.1355731066942099E-003
           9           9  -31.5830002      -71.7409973       1.2544031945935785E-003
           9          10  -31.5830002      -71.7409973       1.2544031945935785E-003
           9          11  -31.5830002      -71.7409973       1.2110776427789460E-003
          10           1  -31.5650005      -71.7409973       1.7260887907468714E-003
          10           2  -31.5650005      -71.7409973       1.7029610426106956E-003
          10           3  -31.5650005      -71.7409973       1.2918589636683464E-003
          10           4  -31.5650005      -71.7409973       0.0000000000000000     
          10           5  -31.5650005      -71.7409973       0.0000000000000000     
          10           6  -31.5650005      -71.7409973       1.3458431476465194E-004
          10           7  -31.5650005      -71.7409973       5.2707391296280548E-004
          10           8  -31.5650005      -71.7409973       1.0235922727588331E-003
          10           9  -31.5650005      -71.7409973       1.0573186536930734E-003
          10          10  -31.5650005      -71.7409973       1.0032326044893125E-003
          10          11  -31.5650005      -71.7409973       8.3654655463760719E-004
          11           1  -31.5470009      -71.7409973       1.1807712435256690E-003
          11           2  -31.5470009      -71.7409973       1.1581300859688781E-003
          11           3  -31.5470009      -71.7409973       7.1812425812822767E-004
          11           4  -31.5470009      -71.7409973       0.0000000000000000     
          11           5  -31.5470009      -71.7409973       0.0000000000000000     
          11           6  -31.5470009      -71.7409973       0.0000000000000000     
          11           7  -31.5470009      -71.7409973       7.2272724355570972E-004
          11           8  -31.5470009      -71.7409973       8.7729938968550414E-004
          11           9  -31.5470009      -71.7409973       9.1616599820554256E-004
          11          10  -31.5470009      -71.7409973       9.1616599820554256E-004
          11          11  -31.5470009      -71.7409973       6.6687613980320748E-004
