           1           1  -31.7269993      -71.7409973       7.0618265453958884E-004
           1           2  -31.7269993      -71.7409973       7.0618288737023249E-004
           1           3  -31.7269993      -71.7409973       7.0618274185108021E-004
           1           4  -31.7269993      -71.7409973       6.1499688308686018E-004
           1           5  -31.7269993      -71.7409973       6.1499702860601246E-004
           1           6  -31.7269993      -71.7409973       5.9728824999183416E-004
           1           7  -31.7269993      -71.7409973       5.9728807536885142E-004
           1           8  -31.7269993      -71.7409973       5.9728807536885142E-004
           1           9  -31.7269993      -71.7409973       5.9728824999183416E-004
           1          10  -31.7269993      -71.7409973       5.9728824999183416E-004
           1          11  -31.7269993      -71.7409973       5.9728842461481690E-004
           2           1  -31.7089996      -71.7409973       7.6323769462760538E-004
           2           2  -31.7089996      -71.7409973       7.6323791290633380E-004
           2           3  -31.7089996      -71.7409973       7.6323772373143584E-004
           2           4  -31.7089996      -71.7409973       6.0707140801241621E-004
           2           5  -31.7089996      -71.7409973       6.0707051306962967E-004
           2           6  -31.7089996      -71.7409973       6.0707119337166660E-004
           2           7  -31.7089996      -71.7409973       6.0707131342496723E-004
           2           8  -31.7089996      -71.7409973       6.0707131342496723E-004
           2           9  -31.7089996      -71.7409973       5.6568706349935383E-004
           2          10  -31.7089996      -71.7409973       6.0707053853548132E-004
           2          11  -31.7089996      -71.7409973       6.0707053717123927E-004
           3           1  -31.6910000      -71.7409973       5.9293719277775381E-004
           3           2  -31.6910000      -71.7409973       5.9293743106536567E-004
           3           3  -31.6910000      -71.7409973       5.9293719277775381E-004
           3           4  -31.6910000      -71.7409973       4.3477239887579344E-004
           3           5  -31.6910000      -71.7409973       4.3477239887579344E-004
           3           6  -31.6910000      -71.7409973       4.7113394612097181E-004
           3           7  -31.6910000      -71.7409973       5.3494700841838494E-004
           3           8  -31.6910000      -71.7409973       5.3494680469157174E-004
           3           9  -31.6910000      -71.7409973       5.3494680469157174E-004
           3          10  -31.6910000      -71.7409973       5.3494680469157174E-004
           3          11  -31.6910000      -71.7409973       5.3494665917241946E-004
           4           1  -31.6730003      -71.7409973       3.8339106686180457E-004
           4           2  -31.6730003      -71.7409973       3.8339110687957145E-004
           4           3  -31.6730003      -71.7409973       3.8339108868967742E-004
           4           4  -31.6730003      -71.7409973       3.8339056482072920E-004
           4           5  -31.6730003      -71.7409973       3.3440952654473222E-004
           4           6  -31.6730003      -71.7409973       3.3440935192174948E-004
           4           7  -31.6730003      -71.7409973       5.9455683367559686E-004
           4           8  -31.6730003      -71.7409973       5.9455683367559686E-004
           4           9  -31.6730003      -71.7409973       5.4472560441354290E-004
           4          10  -31.6730003      -71.7409973       5.9455715017975308E-004
           4          11  -31.6730003      -71.7409973       5.9455716109368950E-004
           5           1  -31.6550007      -71.7409973       3.0587529909098521E-004
           5           2  -31.6550007      -71.7409973       3.0587537912651896E-004
           5           3  -31.6550007      -71.7409973       3.0587538640247658E-004
           5           4  -31.6550007      -71.7409973       3.0587527726311237E-004
           5           5  -31.6550007      -71.7409973       2.2055621229810640E-004
           5           6  -31.6550007      -71.7409973       2.2055587760405615E-004
           5           7  -31.6550007      -71.7409973       3.9782640305929817E-004
           5           8  -31.6550007      -71.7409973       3.9782657040632330E-004
           5           9  -31.6550007      -71.7409973       3.9782684689271264E-004
           5          10  -31.6550007      -71.7409973       3.9782640305929817E-004
           5          11  -31.6550007      -71.7409973       3.9782630119589157E-004
           6           1  -31.6369991      -71.7409973       5.2366787713253871E-005
           6           2  -31.6369991      -71.7409973       5.2366471209097654E-005
           6           3  -31.6369991      -71.7409973       5.2366696763783693E-005
           6           4  -31.6369991      -71.7409973       7.7886721555842087E-005
           6           5  -31.6369991      -71.7409973       7.7886913459224161E-005
           6           6  -31.6369991      -71.7409973       7.7886716098873876E-005
           6           7  -31.6369991      -71.7409973       7.7886913459224161E-005
           6           8  -31.6369991      -71.7409973       7.7886837971163914E-005
           6           9  -31.6369991      -71.7409973       1.6971057993941940E-004
           6          10  -31.6369991      -71.7409973       7.7886958933959249E-005
           6          11  -31.6369991      -71.7409973       7.7886931649118196E-005
           7           1  -31.6189995      -71.7409973       5.0157250370830297E-004
           7           2  -31.6189995      -71.7409973       5.0157352234236896E-004
           7           3  -31.6189995      -71.7409973       5.0157299847342074E-004
           7           4  -31.6189995      -71.7409973       5.0157308214693330E-004
           7           5  -31.6189995      -71.7409973       4.1664649324957281E-004
           7           6  -31.6189995      -71.7409973       4.7158257439150475E-004
           7           7  -31.6189995      -71.7409973       3.6473343425313942E-004
           7           8  -31.6189995      -71.7409973       3.6473343425313942E-004
           7           9  -31.6189995      -71.7409973       3.6473353611654602E-004
           7          10  -31.6189995      -71.7409973       3.6473343425313942E-004
           7          11  -31.6189995      -71.7409973       3.6473256113822572E-004
           8           1  -31.6009998      -71.7409973       7.4288487667217851E-004
           8           2  -31.6009998      -71.7409973       7.4288395990151912E-004
           8           3  -31.6009998      -71.7409973       7.4288473115302622E-004
           8           4  -31.6009998      -71.7409973       7.4288493124186061E-004
           8           5  -31.6009998      -71.7409973       7.4288487667217851E-004
           8           6  -31.6009998      -71.7409973       6.6150014390586875E-004
           8           7  -31.6009998      -71.7409973       5.9427116866572760E-004
           8           8  -31.6009998      -71.7409973       5.9427116866572760E-004
           8           9  -31.6009998      -71.7409973       5.2588306061807089E-004
           8          10  -31.6009998      -71.7409973       5.9427124142530374E-004
           8          11  -31.6009998      -71.7409973       5.9427098312880844E-004
           9           1  -31.5830002      -71.7409973       6.5966320107690990E-004
           9           2  -31.5830002      -71.7409973       6.5966389956884086E-004
           9           3  -31.5830002      -71.7409973       6.5966320107690990E-004
           9           4  -31.5830002      -71.7409973       6.9599747075699270E-004
           9           5  -31.5830002      -71.7409973       6.9599790731444955E-004
           9           6  -31.5830002      -71.7409973       6.4113245389307849E-004
           9           7  -31.5830002      -71.7409973       6.1681781880906783E-004
           9           8  -31.5830002      -71.7409973       6.1681787701672874E-004
           9           9  -31.5830002      -71.7409973       6.1681787701672874E-004
           9          10  -31.5830002      -71.7409973       6.1681787701672874E-004
           9          11  -31.5830002      -71.7409973       6.1681758597842418E-004
          10           1  -31.5650005      -71.7409973       4.6014487452339381E-004
          10           2  -31.5650005      -71.7409973       5.0056897089234553E-004
          10           3  -31.5650005      -71.7409973       4.6014421604922973E-004
          10           4  -31.5650005      -71.7409973       4.7435922897420824E-004
          10           5  -31.5650005      -71.7409973       6.3423460233025253E-004
          10           6  -31.5650005      -71.7409973       6.3423475512536243E-004
          10           7  -31.5650005      -71.7409973       6.3423497340409085E-004
          10           8  -31.5650005      -71.7409973       6.3423497340409085E-004
          10           9  -31.5650005      -71.7409973       6.1097384968888946E-004
          10          10  -31.5650005      -71.7409973       6.2868260283721611E-004
          10          11  -31.5650005      -71.7409973       6.3423505343962461E-004
          11           1  -31.5470009      -71.7409973       4.4393273128662258E-004
          11           2  -31.5470009      -71.7409973       4.4393268035491928E-004
          11           3  -31.5470009      -71.7409973       4.4393275675247423E-004
          11           4  -31.5470009      -71.7409973       5.4736623860662803E-004
          11           5  -31.5470009      -71.7409973       5.7386263506487012E-004
          11           6  -31.5470009      -71.7409973       5.4012359032640234E-004
          11           7  -31.5470009      -71.7409973       5.4012344480725005E-004
          11           8  -31.5470009      -71.7409973       5.4012344480725005E-004
          11           9  -31.5470009      -71.7409973       5.4012359032640234E-004
          11          10  -31.5470009      -71.7409973       5.4012359032640234E-004
          11          11  -31.5470009      -71.7409973       5.4012367763789371E-004
