           1           1  -31.7269993      -71.7409973       9.1369291767477989E-003
           1           2  -31.7269993      -71.7409973       7.4268394382670522E-003
           1           3  -31.7269993      -71.7409973       8.0098258331418037E-003
           1           4  -31.7269993      -71.7409973       1.0165132582187653E-002
           1           5  -31.7269993      -71.7409973       5.7009431766346097E-003
           1           6  -31.7269993      -71.7409973       2.6685034099500626E-003
           1           7  -31.7269993      -71.7409973       2.5663422129582614E-003
           1           8  -31.7269993      -71.7409973       2.5663422129582614E-003
           1           9  -31.7269993      -71.7409973       4.2501586431171745E-003
           1          10  -31.7269993      -71.7409973       4.2501586431171745E-003
           1          11  -31.7269993      -71.7409973       3.9606974460184574E-003
           2           1  -31.7089996      -71.7409973       1.0962973145069554E-002
           2           2  -31.7089996      -71.7409973       1.2145440123276785E-002
           2           3  -31.7089996      -71.7409973       1.2249757564859465E-002
           2           4  -31.7089996      -71.7409973       1.1052513757022098E-002
           2           5  -31.7089996      -71.7409973       5.8857222320511937E-003
           2           6  -31.7089996      -71.7409973       1.6026630182750523E-003
           2           7  -31.7089996      -71.7409973       2.6114799475180916E-003
           2           8  -31.7089996      -71.7409973       3.3895548694999889E-003
           2           9  -31.7089996      -71.7409973       4.3018340074922889E-003
           2          10  -31.7089996      -71.7409973       3.6904217995470390E-003
           2          11  -31.7089996      -71.7409973       4.6290020763990469E-003
           3           1  -31.6910000      -71.7409973       1.4343382208608091E-002
           3           2  -31.6910000      -71.7409973       1.2833183282054961E-002
           3           3  -31.6910000      -71.7409973       1.4343382208608091E-002
           3           4  -31.6910000      -71.7409973       1.3204781454987824E-002
           3           5  -31.6910000      -71.7409973       5.8873512316495180E-003
           3           6  -31.6910000      -71.7409973       8.7061649537645280E-004
           3           7  -31.6910000      -71.7409973       4.8144939210033044E-003
           3           8  -31.6910000      -71.7409973       4.8640479217283428E-003
           3           9  -31.6910000      -71.7409973       4.8640479217283428E-003
           3          10  -31.6910000      -71.7409973       4.8640479217283428E-003
           3          11  -31.6910000      -71.7409973       4.3624315439956263E-003
           4           1  -31.6730003      -71.7409973       1.4094894751906395E-002
           4           2  -31.6730003      -71.7409973       1.4321231399662793E-002
           4           3  -31.6730003      -71.7409973       1.4167297049425542E-002
           4           4  -31.6730003      -71.7409973       1.3915320159867406E-002
           4           5  -31.6730003      -71.7409973       7.3292441375087947E-003
           4           6  -31.6730003      -71.7409973       1.6684226284269243E-004
           4           7  -31.6730003      -71.7409973       6.8390600790735334E-003
           4           8  -31.6730003      -71.7409973       7.3285364196635783E-003
           4           9  -31.6730003      -71.7409973       8.2584823830984533E-003
           4          10  -31.6730003      -71.7409973       7.2673268477956299E-003
           4          11  -31.6730003      -71.7409973       3.7429006770253181E-003
           5           1  -31.6550007      -71.7409973       1.4957900973968208E-002
           5           2  -31.6550007      -71.7409973       1.4727380941621959E-002
           5           3  -31.6550007      -71.7409973       1.4843887533061206E-002
           5           4  -31.6550007      -71.7409973       1.3792505604214966E-002
           5           5  -31.6550007      -71.7409973       7.9254035954363644E-003
           5           6  -31.6550007      -71.7409973       3.1660137174185365E-003
           5           7  -31.6550007      -71.7409973       9.7100689308717847E-003
           5           8  -31.6550007      -71.7409973       9.1983979800716043E-003
           5           9  -31.6550007      -71.7409973       8.9822895242832601E-003
           5          10  -31.6550007      -71.7409973       9.8909431835636497E-003
           5          11  -31.6550007      -71.7409973       3.0719672431587242E-003
           6           1  -31.6369991      -71.7409973       1.4852119609713554E-002
           6           2  -31.6369991      -71.7409973       1.4776762342080474E-002
           6           3  -31.6369991      -71.7409973       1.4870160026475787E-002
           6           4  -31.6369991      -71.7409973       1.4421789324842393E-002
           6           5  -31.6369991      -71.7409973       7.4451109394431114E-003
           6           6  -31.6369991      -71.7409973       4.0908500814111903E-003
           6           7  -31.6369991      -71.7409973       9.7120059654116631E-003
           6           8  -31.6369991      -71.7409973       9.6740245353430510E-003
           6           9  -31.6369991      -71.7409973       9.6046011894941330E-003
           6          10  -31.6369991      -71.7409973       9.6392910927534103E-003
           6          11  -31.6369991      -71.7409973       3.3698580809868872E-003
           7           1  -31.6189995      -71.7409973       1.4450300368480384E-002
           7           2  -31.6189995      -71.7409973       1.4286783291026950E-002
           7           3  -31.6189995      -71.7409973       1.4322628150694072E-002
           7           4  -31.6189995      -71.7409973       1.4426945592276752E-002
           7           5  -31.6189995      -71.7409973       4.2162061290582642E-003
           7           6  -31.6189995      -71.7409973       4.2845829739235342E-003
           7           7  -31.6189995      -71.7409973       8.6613675812259316E-003
           7           8  -31.6189995      -71.7409973       8.6613675812259316E-003
           7           9  -31.6189995      -71.7409973       7.4119142809649929E-003
           7          10  -31.6189995      -71.7409973       8.6613675812259316E-003
           7          11  -31.6189995      -71.7409973       2.8193794641993009E-003
           8           1  -31.6009998      -71.7409973       1.4395768055692315E-002
           8           2  -31.6009998      -71.7409973       1.4584280084818602E-002
           8           3  -31.6009998      -71.7409973       1.4520996017381549E-002
           8           4  -31.6009998      -71.7409973       1.3943081488832831E-002
           8           5  -31.6009998      -71.7409973       2.4813753916532733E-003
           8           6  -31.6009998      -71.7409973       5.6465729721821845E-003
           8           7  -31.6009998      -71.7409973       6.9104625436011702E-003
           8           8  -31.6009998      -71.7409973       6.9104625436011702E-003
           8           9  -31.6009998      -71.7409973       7.3916558685596101E-003
           8          10  -31.6009998      -71.7409973       5.3179710957920179E-003
           8          11  -31.6009998      -71.7409973       1.3296391916810535E-003
           9           1  -31.5830002      -71.7409973       1.3747982855420560E-002
           9           2  -31.5830002      -71.7409973       1.6133955912664533E-002
           9           3  -31.5830002      -71.7409973       1.3747982855420560E-002
           9           4  -31.5830002      -71.7409973       1.1852770345285535E-002
           9           5  -31.5830002      -71.7409973       1.9163241431670031E-003
           9           6  -31.5830002      -71.7409973       7.5253515242366120E-003
           9           7  -31.5830002      -71.7409973       6.8469684192677960E-003
           9           8  -31.5830002      -71.7409973       7.0602457708446309E-003
           9           9  -31.5830002      -71.7409973       7.0304765249602497E-003
           9          10  -31.5830002      -71.7409973       3.0716569199285004E-003
           9          11  -31.5830002      -71.7409973       1.8993491248693317E-003
          10           1  -31.5650005      -71.7409973       1.3651777044287883E-002
          10           2  -31.5650005      -71.7409973       1.2786434715962969E-002
          10           3  -31.5650005      -71.7409973       1.2166378728579730E-002
          10           4  -31.5650005      -71.7409973       9.6476669086769107E-003
          10           5  -31.5650005      -71.7409973       4.8297535977326334E-004
          10           6  -31.5650005      -71.7409973       7.2331501578446478E-003
          10           7  -31.5650005      -71.7409973       7.6564046466955915E-003
          10           8  -31.5650005      -71.7409973       7.6564046466955915E-003
          10           9  -31.5650005      -71.7409973       7.0882060099393129E-003
          10          10  -31.5650005      -71.7409973       1.9988807689514942E-003
          10          11  -31.5650005      -71.7409973       3.4616788325365633E-003
          11           1  -31.5470009      -71.7409973       8.2346844137646258E-003
          11           2  -31.5470009      -71.7409973       6.2065580859780312E-003
          11           3  -31.5470009      -71.7409973       7.2327848174609244E-003
          11           4  -31.5470009      -71.7409973       6.5041488123824820E-003
          11           5  -31.5470009      -71.7409973       1.6680226835887879E-003
          11           6  -31.5470009      -71.7409973       4.3386924662627280E-003
          11           7  -31.5470009      -71.7409973       4.7147245641099289E-003
          11           8  -31.5470009      -71.7409973       4.7147245641099289E-003
          11           9  -31.5470009      -71.7409973       3.8429869455285370E-003
          11          10  -31.5470009      -71.7409973       3.0771526726312004E-003
          11          11  -31.5470009      -71.7409973       3.3421331754652783E-003
