           1           1  -31.7269993      -71.7409973       2.7223636629059911E-002
           1           2  -31.7269993      -71.7409973       2.7223594952374697E-002
           1           3  -31.7269993      -71.7409973       2.7223615441471338E-002
           1           4  -31.7269993      -71.7409973       2.8208400763105601E-002
           1           5  -31.7269993      -71.7409973       2.8208385396283120E-002
           1           6  -31.7269993      -71.7409973       2.7223615441471338E-002
           1           7  -31.7269993      -71.7409973       2.7223636629059911E-002
           1           8  -31.7269993      -71.7409973       2.7223636629059911E-002
           1           9  -31.7269993      -71.7409973       2.7223615441471338E-002
           1          10  -31.7269993      -71.7409973       2.7223615441471338E-002
           1          11  -31.7269993      -71.7409973       2.7223594952374697E-002
           2           1  -31.7089996      -71.7409973       3.3636041916906834E-002
           2           2  -31.7089996      -71.7409973       3.3636029809713364E-002
           2           3  -31.7089996      -71.7409973       3.3636024221777916E-002
           2           4  -31.7089996      -71.7409973       3.3636039122939110E-002
           2           5  -31.7089996      -71.7409973       3.3636011183261871E-002
           2           6  -31.7089996      -71.7409973       3.3636045642197132E-002
           2           7  -31.7089996      -71.7409973       3.3636041916906834E-002
           2           8  -31.7089996      -71.7409973       3.3636041916906834E-002
           2           9  -31.7089996      -71.7409973       3.6527820862829685E-002
           2          10  -31.7089996      -71.7409973       3.3636008389294147E-002
           2          11  -31.7089996      -71.7409973       3.3636029809713364E-002
           3           1  -31.6910000      -71.7409973       3.9651597384363413E-002
           3           2  -31.6910000      -71.7409973       3.9651606697589159E-002
           3           3  -31.6910000      -71.7409973       3.9651597384363413E-002
           3           4  -31.6910000      -71.7409973       4.0111490990966558E-002
           3           5  -31.6910000      -71.7409973       4.0111490990966558E-002
           3           6  -31.6910000      -71.7409973       3.9651601109653711E-002
           3           7  -31.6910000      -71.7409973       3.9651597384363413E-002
           3           8  -31.6910000      -71.7409973       3.9651602040976286E-002
           3           9  -31.6910000      -71.7409973       3.9651602040976286E-002
           3          10  -31.6910000      -71.7409973       3.9651602040976286E-002
           3          11  -31.6910000      -71.7409973       3.9651606697589159E-002
           4           1  -31.6730003      -71.7409973       3.8046122062951326E-002
           4           2  -31.6730003      -71.7409973       3.8046137429773808E-002
           4           3  -31.6730003      -71.7409973       3.8046129979193211E-002
           4           4  -31.6730003      -71.7409973       3.8046120200306177E-002
           4           5  -31.6730003      -71.7409973       3.8046122062951326E-002
           4           6  -31.6730003      -71.7409973       3.8046120665967464E-002
           4           7  -31.6730003      -71.7409973       3.8046122062951326E-002
           4           8  -31.6730003      -71.7409973       3.8046122062951326E-002
           4           9  -31.6730003      -71.7409973       3.3758327830582857E-002
           4          10  -31.6730003      -71.7409973       3.8046120665967464E-002
           4          11  -31.6730003      -71.7409973       3.8046137429773808E-002
           5           1  -31.6550007      -71.7409973       2.3859035805799067E-002
           5           2  -31.6550007      -71.7409973       2.3859073990024626E-002
           5           3  -31.6550007      -71.7409973       2.3859057691879570E-002
           5           4  -31.6550007      -71.7409973       2.3859050241298974E-002
           5           5  -31.6550007      -71.7409973       2.3859035805799067E-002
           5           6  -31.6550007      -71.7409973       2.3859041393734515E-002
           5           7  -31.6550007      -71.7409973       2.3859035805799067E-002
           5           8  -31.6550007      -71.7409973       2.3859057691879570E-002
           5           9  -31.6550007      -71.7409973       2.3859048378653824E-002
           5          10  -31.6550007      -71.7409973       2.3859035805799067E-002
           5          11  -31.6550007      -71.7409973       2.3859073990024626E-002
           6           1  -31.6369991      -71.7409973       2.1918911952525377E-002
           6           2  -31.6369991      -71.7409973       2.1918926853686571E-002
           6           3  -31.6369991      -71.7409973       2.1918911952525377E-002
           6           4  -31.6369991      -71.7409973       2.1918923128396273E-002
           6           5  -31.6369991      -71.7409973       2.1918911952525377E-002
           6           6  -31.6369991      -71.7409973       2.1918923128396273E-002
           6           7  -31.6369991      -71.7409973       2.1918911952525377E-002
           6           8  -31.6369991      -71.7409973       2.1918921265751123E-002
           6           9  -31.6369991      -71.7409973       2.0958344452083111E-002
           6          10  -31.6369991      -71.7409973       3.2973839406622574E-003
           6          11  -31.6369991      -71.7409973       3.2973872002912685E-003
           7           1  -31.6189995      -71.7409973       2.8089375700801611E-002
           7           2  -31.6189995      -71.7409973       2.8089370811358094E-002
           7           3  -31.6189995      -71.7409973       2.8089378494769335E-002
           7           4  -31.6189995      -71.7409973       2.8089384548366070E-002
           7           5  -31.6189995      -71.7409973       2.3570565739646554E-002
           7           6  -31.6189995      -71.7409973       2.8089364292100072E-002
           7           7  -31.6189995      -71.7409973       2.8089375700801611E-002
           7           8  -31.6189995      -71.7409973       2.8089375700801611E-002
           7           9  -31.6189995      -71.7409973       2.8089387342333794E-002
           7          10  -31.6189995      -71.7409973       2.8089375700801611E-002
           7          11  -31.6189995      -71.7409973       2.8089370811358094E-002
           8           1  -31.6009998      -71.7409973       4.0160187054425478E-002
           8           2  -31.6009998      -71.7409973       4.0160171221941710E-002
           8           3  -31.6009998      -71.7409973       4.0160180767998099E-002
           8           4  -31.6009998      -71.7409973       4.0160187520086765E-002
           8           5  -31.6009998      -71.7409973       4.0160187054425478E-002
           8           6  -31.6009998      -71.7409973       4.0160186355933547E-002
           8           7  -31.6009998      -71.7409973       4.0160187054425478E-002
           8           8  -31.6009998      -71.7409973       4.0160187054425478E-002
           8           9  -31.6009998      -71.7409973       3.7390606943517923E-002
           8          10  -31.6009998      -71.7409973       4.0160182630643249E-002
           8          11  -31.6009998      -71.7409973       4.0160174947232008E-002
           9           1  -31.5830002      -71.7409973       3.8266215007752180E-002
           9           2  -31.5830002      -71.7409973       3.8266222458332777E-002
           9           3  -31.5830002      -71.7409973       3.8266215007752180E-002
           9           4  -31.5830002      -71.7409973       3.9077798603102565E-002
           9           5  -31.5830002      -71.7409973       3.9077806053683162E-002
           9           6  -31.5830002      -71.7409973       3.8266224320977926E-002
           9           7  -31.5830002      -71.7409973       3.8266215007752180E-002
           9           8  -31.5830002      -71.7409973       3.8266216870397329E-002
           9           9  -31.5830002      -71.7409973       3.8266216870397329E-002
           9          10  -31.5830002      -71.7409973       3.8266216870397329E-002
           9          11  -31.5830002      -71.7409973       3.8266222458332777E-002
          10           1  -31.5650005      -71.7409973       3.3081755042076111E-002
          10           2  -31.5650005      -71.7409973       3.4302327781915665E-002
          10           3  -31.5650005      -71.7409973       3.3081745728850365E-002
          10           4  -31.5650005      -71.7409973       3.3081757836043835E-002
          10           5  -31.5650005      -71.7409973       3.3081744564697146E-002
          10           6  -31.5650005      -71.7409973       3.3081745728850365E-002
          10           7  -31.5650005      -71.7409973       3.3081755042076111E-002
          10           8  -31.5650005      -71.7409973       3.3081755042076111E-002
          10           9  -31.5650005      -71.7409973       3.5408165771514177E-002
          10          10  -31.5650005      -71.7409973       3.4302326850593090E-002
          10          11  -31.5650005      -71.7409973       3.3081744797527790E-002
          11           1  -31.5470009      -71.7409973       2.6643212942872196E-002
          11           2  -31.5470009      -71.7409973       2.6643219462130219E-002
          11           3  -31.5470009      -71.7409973       2.6643215736839920E-002
          11           4  -31.5470009      -71.7409973       2.7737535187043250E-002
          11           5  -31.5470009      -71.7409973       2.7737537981010973E-002
          11           6  -31.5470009      -71.7409973       2.6643215736839920E-002
          11           7  -31.5470009      -71.7409973       2.6643212942872196E-002
          11           8  -31.5470009      -71.7409973       2.6643212942872196E-002
          11           9  -31.5470009      -71.7409973       2.6643215736839920E-002
          11          10  -31.5470009      -71.7409973       2.6643215736839920E-002
          11          11  -31.5470009      -71.7409973       2.6643219462130219E-002
