           1           1  -31.7269993      -71.7409973       4.6000661095604300E-003
           1           2  -31.7269993      -71.7409973       4.6000679139979184E-003
           1           3  -31.7269993      -71.7409973       4.6000669826753438E-003
           1           4  -31.7269993      -71.7409973       4.6376052778214216E-003
           1           5  -31.7269993      -71.7409973       4.6376064419746399E-003
           1           6  -31.7269993      -71.7409973       4.6000669826753438E-003
           1           7  -31.7269993      -71.7409973       4.6000661095604300E-003
           1           8  -31.7269993      -71.7409973       3.1721669147373177E-003
           1           9  -31.7269993      -71.7409973       3.1721668856334873E-003
           1          10  -31.7269993      -71.7409973       3.1721668856334873E-003
           1          11  -31.7269993      -71.7409973       3.1721666891826317E-003
           2           1  -31.7089996      -71.7409973       4.6152758877724409E-003
           2           2  -31.7089996      -71.7409973       4.3583967199083418E-003
           2           3  -31.7089996      -71.7409973       4.3583967490121722E-003
           2           4  -31.7089996      -71.7409973       4.3583979131653905E-003
           2           5  -31.7089996      -71.7409973       4.3583969818428159E-003
           2           6  -31.7089996      -71.7409973       4.3583979131653905E-003
           2           7  -31.7089996      -71.7409973       4.3583980295807123E-003
           2           8  -31.7089996      -71.7409973       4.1504121618345380E-003
           2           9  -31.7089996      -71.7409973       4.6885902993381023E-003
           2          10  -31.7089996      -71.7409973       4.1504155378788710E-003
           2          11  -31.7089996      -71.7409973       4.1504156179144047E-003
           3           1  -31.6910000      -71.7409973       4.9118349270429462E-003
           3           2  -31.6910000      -71.7409973       4.9118379538413137E-003
           3           3  -31.6910000      -71.7409973       3.3389569871360436E-003
           3           4  -31.6910000      -71.7409973       3.2144757788046263E-003
           3           5  -31.6910000      -71.7409973       4.6382684959098697E-003
           3           6  -31.6910000      -71.7409973       5.3269207346602343E-003
           3           7  -31.6910000      -71.7409973       5.3269228301360272E-003
           3           8  -31.6910000      -71.7409973       5.3269214331521653E-003
           3           9  -31.6910000      -71.7409973       5.3269214331521653E-003
           3          10  -31.6910000      -71.7409973       5.3269214331521653E-003
           3          11  -31.6910000      -71.7409973       5.3269191048457287E-003
           4           1  -31.6730003      -71.7409973       4.8399677616544068E-003
           4           2  -31.6730003      -71.7409973       4.8399698644061573E-003
           4           3  -31.6730003      -71.7409973       2.8574312909768196E-003
           4           4  -31.6730003      -71.7409973       2.8574314655998023E-003
           4           5  -31.6730003      -71.7409973       4.7437180764973164E-003
           4           6  -31.6730003      -71.7409973       5.2388080512173474E-003
           4           7  -31.6730003      -71.7409973       5.2388052790774964E-003
           4           8  -31.6730003      -71.7409973       5.2388052790774964E-003
           4           9  -31.6730003      -71.7409973       4.6764460275880992E-003
           4          10  -31.6730003      -71.7409973       5.2388080512173474E-003
           4          11  -31.6730003      -71.7409973       5.2388074109330773E-003
           5           1  -31.6550007      -71.7409973       3.3054594241548330E-003
           5           2  -31.6550007      -71.7409973       3.3054609957616776E-003
           5           3  -31.6550007      -71.7409973       1.8938809516839683E-003
           5           4  -31.6550007      -71.7409973       1.8938809516839683E-003
           5           5  -31.6550007      -71.7409973       3.3102954621426761E-003
           5           6  -31.6550007      -71.7409973       3.3382881811121479E-003
           5           7  -31.6550007      -71.7409973       3.3382889378117397E-003
           5           8  -31.6550007      -71.7409973       3.3382920664735138E-003
           5           9  -31.6550007      -71.7409973       3.3382934634573758E-003
           5          10  -31.6550007      -71.7409973       3.3382889378117397E-003
           5          11  -31.6550007      -71.7409973       3.3382937544956803E-003
           6           1  -31.6369991      -71.7409973       7.0760651215096004E-004
           6           2  -31.6369991      -71.7409973       7.0760719609097578E-004
           6           3  -31.6369991      -71.7409973       7.0760659582447261E-004
           6           4  -31.6369991      -71.7409973       7.0760647940915078E-004
           6           5  -31.6369991      -71.7409973       7.0760651215096004E-004
           6           6  -31.6369991      -71.7409973       7.0760644666734152E-004
           6           7  -31.6369991      -71.7409973       7.0760651215096004E-004
           6           8  -31.6369991      -71.7409973       7.0760671223979443E-004
           6           9  -31.6369991      -71.7409973       1.4704646528116427E-003
           6          10  -31.6369991      -71.7409973       5.9825702919624746E-004
           6          11  -31.6369991      -71.7409973       5.9825697098858654E-004
           7           1  -31.6189995      -71.7409973       4.0987249230965972E-003
           7           2  -31.6189995      -71.7409973       4.0987277170643210E-003
           7           3  -31.6189995      -71.7409973       4.0987269021570683E-003
           7           4  -31.6189995      -71.7409973       4.0987280372064561E-003
           7           5  -31.6189995      -71.7409973       2.1241825597826391E-003
           7           6  -31.6189995      -71.7409973       2.5312765792477876E-003
           7           7  -31.6189995      -71.7409973       2.5312773941550404E-003
           7           8  -31.6189995      -71.7409973       2.5312773941550404E-003
           7           9  -31.6189995      -71.7409973       2.5312791985925287E-003
           7          10  -31.6189995      -71.7409973       2.5312773941550404E-003
           7          11  -31.6189995      -71.7409973       2.5312782090622932E-003
           8           1  -31.6009998      -71.7409973       6.5370665106456727E-003
           8           2  -31.6009998      -71.7409973       6.5370638621971011E-003
           8           3  -31.6009998      -71.7409973       6.5370653755962849E-003
           8           4  -31.6009998      -71.7409973       6.5370667725801468E-003
           8           5  -31.6009998      -71.7409973       3.8431456196121871E-003
           8           6  -31.6009998      -71.7409973       3.8431452994700521E-003
           8           7  -31.6009998      -71.7409973       3.8431456196121871E-003
           8           8  -31.6009998      -71.7409973       3.8431456196121871E-003
           8           9  -31.6009998      -71.7409973       3.4631056828402507E-003
           8          10  -31.6009998      -71.7409973       3.8431443681474775E-003
           8          11  -31.6009998      -71.7409973       3.8431444700108841E-003
           9           1  -31.5830002      -71.7409973       6.4665304671507329E-003
           9           2  -31.5830002      -71.7409973       6.4665272075217217E-003
           9           3  -31.5830002      -71.7409973       6.4665304671507329E-003
           9           4  -31.5830002      -71.7409973       6.6620225552469492E-003
           9           5  -31.5830002      -71.7409973       4.2014513164758682E-003
           9           6  -31.5830002      -71.7409973       4.2612783872755244E-003
           9           7  -31.5830002      -71.7409973       4.2612769320840016E-003
           9           8  -31.5830002      -71.7409973       4.2612776887835935E-003
           9           9  -31.5830002      -71.7409973       4.2612776887835935E-003
           9          10  -31.5830002      -71.7409973       4.2612776887835935E-003
           9          11  -31.5830002      -71.7409973       4.2612782126525417E-003
          10           1  -31.5650005      -71.7409973       4.6403276501223445E-003
          10           2  -31.5650005      -71.7409973       5.0691171782091260E-003
          10           3  -31.5650005      -71.7409973       4.6403267187997699E-003
          10           4  -31.5650005      -71.7409973       4.6403286978602409E-003
          10           5  -31.5650005      -71.7409973       4.1845774394460022E-003
          10           6  -31.5650005      -71.7409973       4.1845768864732236E-003
          10           7  -31.5650005      -71.7409973       4.1845791856758296E-003
          10           8  -31.5650005      -71.7409973       4.1845791856758296E-003
          10           9  -31.5650005      -71.7409973       4.3082260335722822E-003
          10          10  -31.5650005      -71.7409973       4.2624852503649890E-003
          10          11  -31.5650005      -71.7409973       4.1845773812383413E-003
          11           1  -31.5470009      -71.7409973       3.0691670035594143E-003
          11           2  -31.5470009      -71.7409973       3.0691669671796262E-003
          11           3  -31.5470009      -71.7409973       3.5962688561994582E-003
          11           4  -31.5470009      -71.7409973       3.7054590357001871E-003
          11           5  -31.5470009      -71.7409973       3.7054601998534054E-003
          11           6  -31.5470009      -71.7409973       3.5962688561994582E-003
          11           7  -31.5470009      -71.7409973       3.5962676920462400E-003
          11           8  -31.5470009      -71.7409973       3.5962676920462400E-003
          11           9  -31.5470009      -71.7409973       3.5962688561994582E-003
          11          10  -31.5470009      -71.7409973       3.5962688561994582E-003
          11          11  -31.5470009      -71.7409973       3.5962697875220329E-003
