           1           1  -31.7269993      -71.7409973       1.0399866150692105E-003
           1           2  -31.7269993      -71.7409973       1.0662500280886889E-003
           1           3  -31.7269993      -71.7409973       5.9522599913179874E-003
           1           4  -31.7269993      -71.7409973       4.2111662914976478E-003
           1           5  -31.7269993      -71.7409973       5.3628745954483747E-003
           1           6  -31.7269993      -71.7409973       6.1305465824261773E-003
           1           7  -31.7269993      -71.7409973       3.7017033901065588E-003
           1           8  -31.7269993      -71.7409973       3.7017033901065588E-003
           1           9  -31.7269993      -71.7409973       1.3437240122584626E-003
           1          10  -31.7269993      -71.7409973       0.0000000000000000     
           1          11  -31.7269993      -71.7409973       5.6278618285432458E-003
           2           1  -31.7089996      -71.7409973       1.4616889238823205E-003
           2           2  -31.7089996      -71.7409973       9.6955609042197466E-003
           2           3  -31.7089996      -71.7409973       9.7334742313250899E-003
           2           4  -31.7089996      -71.7409973       7.1275271475315094E-003
           2           5  -31.7089996      -71.7409973       6.8426503275986761E-003
           2           6  -31.7089996      -71.7409973       7.4277643871027976E-003
           2           7  -31.7089996      -71.7409973       7.1920830523595214E-003
           2           8  -31.7089996      -71.7409973       7.1920830523595214E-003
           2           9  -31.7089996      -71.7409973       6.3663164619356394E-003
           2          10  -31.7089996      -71.7409973       4.0659925580257550E-003
           2          11  -31.7089996      -71.7409973       1.2145440123276785E-002
           3           1  -31.6910000      -71.7409973       9.5610910793766379E-003
           3           2  -31.6910000      -71.7409973       1.5547300368780270E-002
           3           3  -31.6910000      -71.7409973       1.7018821265082806E-002
           3           4  -31.6910000      -71.7409973       1.5011950163170695E-002
           3           5  -31.6910000      -71.7409973       1.5011950163170695E-002
           3           6  -31.6910000      -71.7409973       9.7018102533183992E-003
           3           7  -31.6910000      -71.7409973       1.3199451903346926E-002
           3           8  -31.6910000      -71.7409973       1.1780515778809786E-002
           3           9  -31.6910000      -71.7409973       1.1780515778809786E-002
           3          10  -31.6910000      -71.7409973       9.4165499322116375E-003
           3          11  -31.6910000      -71.7409973       1.2833183282054961E-002
           4           1  -31.6730003      -71.7409973       1.2879119487479329E-002
           4           2  -31.6730003      -71.7409973       2.1986117597407429E-002
           4           3  -31.6730003      -71.7409973       2.1678530156350462E-002
           4           4  -31.6730003      -71.7409973       2.0797149220015854E-002
           4           5  -31.6730003      -71.7409973       2.0891475734970300E-002
           4           6  -31.6730003      -71.7409973       1.1680701689328998E-002
           4           7  -31.6730003      -71.7409973       1.2389884534059092E-002
           4           8  -31.6730003      -71.7409973       1.2389884534059092E-002
           4           9  -31.6730003      -71.7409973       1.2613268307177350E-002
           4          10  -31.6730003      -71.7409973       1.3362713856622577E-002
           4          11  -31.6730003      -71.7409973       1.4321231399662793E-002
           5           1  -31.6550007      -71.7409973       1.9680604571476579E-002
           5           2  -31.6550007      -71.7409973       2.3151057073846459E-002
           5           3  -31.6550007      -71.7409973       2.4141120957210660E-002
           5           4  -31.6550007      -71.7409973       2.3833533516153693E-002
           5           5  -31.6550007      -71.7409973       2.3803398362360895E-002
           5           6  -31.6550007      -71.7409973       1.2033209204673767E-002
           5           7  -31.6550007      -71.7409973       1.2807175749912858E-002
           5           8  -31.6550007      -71.7409973       1.2270341510884464E-002
           5           9  -31.6550007      -71.7409973       1.2224014033563435E-002
           5          10  -31.6550007      -71.7409973       1.4957900973968208E-002
           5          11  -31.6550007      -71.7409973       1.4727380941621959E-002
           6           1  -31.6369991      -71.7409973       2.1268219919875264E-002
           6           2  -31.6369991      -71.7409973       2.4800417013466358E-002
           6           3  -31.6369991      -71.7409973       2.5125506799668074E-002
           6           4  -31.6369991      -71.7409973       2.5183402001857758E-002
           6           5  -31.6369991      -71.7409973       2.2703968919813633E-002
           6           6  -31.6369991      -71.7409973       1.2294960906729102E-002
           6           7  -31.6369991      -71.7409973       1.2292773695662618E-002
           6           8  -31.6369991      -71.7409973       1.2277047848328948E-002
           6           9  -31.6369991      -71.7409973       1.2208422180265188E-002
           6          10  -31.6369991      -71.7409973       1.4883137540891767E-002
           6          11  -31.6369991      -71.7409973       1.4776762342080474E-002
           7           1  -31.6189995      -71.7409973       2.2599476389586926E-002
           7           2  -31.6189995      -71.7409973       2.3186444537714124E-002
           7           3  -31.6189995      -71.7409973       2.2720231674611568E-002
           7           4  -31.6189995      -71.7409973       2.3045313311740756E-002
           7           5  -31.6189995      -71.7409973       1.8600376322865486E-002
           7           6  -31.6189995      -71.7409973       1.2495509232394397E-002
           7           7  -31.6189995      -71.7409973       1.2251624022610486E-002
           7           8  -31.6189995      -71.7409973       1.2251624022610486E-002
           7           9  -31.6189995      -71.7409973       1.1677807895466685E-002
           7          10  -31.6189995      -71.7409973       1.4051153324544430E-002
           7          11  -31.6189995      -71.7409973       1.4286783291026950E-002
           8           1  -31.6009998      -71.7409973       1.9376371732505504E-002
           8           2  -31.6009998      -71.7409973       1.8577331560663879E-002
           8           3  -31.6009998      -71.7409973       1.8550361768575385E-002
           8           4  -31.6009998      -71.7409973       2.2349686478264630E-002
           8           5  -31.6009998      -71.7409973       1.2586952914716676E-002
           8           6  -31.6009998      -71.7409973       1.0861499409656972E-002
           8           7  -31.6009998      -71.7409973       1.1938346986426041E-002
           8           8  -31.6009998      -71.7409973       1.1938346986426041E-002
           8           9  -31.6009998      -71.7409973       1.1536317761056125E-002
           8          10  -31.6009998      -71.7409973       1.3513758080080152E-002
           8          11  -31.6009998      -71.7409973       1.4674930367618799E-002
           9           1  -31.5830002      -71.7409973       1.2835585861466825E-002
           9           2  -31.5830002      -71.7409973       1.4145235509204213E-002
           9           3  -31.5830002      -71.7409973       1.2835585861466825E-002
           9           4  -31.5830002      -71.7409973       1.3823721208609641E-002
           9           5  -31.5830002      -71.7409973       8.2716330653056502E-003
           9           6  -31.5830002      -71.7409973       9.9027898395434022E-003
           9           7  -31.5830002      -71.7409973       9.5065205823630095E-003
           9           8  -31.5830002      -71.7409973       1.0390071915026056E-002
           9           9  -31.5830002      -71.7409973       6.1882687441539019E-003
           9          10  -31.5830002      -71.7409973       1.4842422446236014E-002
           9          11  -31.5830002      -71.7409973       1.6133955912664533E-002
          10           1  -31.5650005      -71.7409973       5.1809204160235822E-003
          10           2  -31.5650005      -71.7409973       4.2927826289087534E-003
          10           3  -31.5650005      -71.7409973       4.3304104474373162E-003
          10           4  -31.5650005      -71.7409973       6.2315493123605847E-003
          10           5  -31.5650005      -71.7409973       5.4105177987366915E-003
          10           6  -31.5650005      -71.7409973       6.9806898100068793E-003
          10           7  -31.5650005      -71.7409973       6.3860696973279119E-003
          10           8  -31.5650005      -71.7409973       6.3860696973279119E-003
          10           9  -31.5650005      -71.7409973       1.9434142595855519E-003
          10          10  -31.5650005      -71.7409973       1.2745297339279205E-002
          10          11  -31.5650005      -71.7409973       1.2255736146471463E-002
          11           1  -31.5470009      -71.7409973       4.5812587486580014E-003
          11           2  -31.5470009      -71.7409973       6.3026063144207001E-003
          11           3  -31.5470009      -71.7409973       5.4027888400014490E-003
          11           4  -31.5470009      -71.7409973       2.6330560212954879E-003
          11           5  -31.5470009      -71.7409973       3.6815654311794788E-003
          11           6  -31.5470009      -71.7409973       5.4027888400014490E-003
          11           7  -31.5470009      -71.7409973       1.2540950665425044E-003
          11           8  -31.5470009      -71.7409973       1.1612778034759685E-003
          11           9  -31.5470009      -71.7409973       6.3471788598690182E-004
          11          10  -31.5470009      -71.7409973       7.2084576822817326E-003
          11          11  -31.5470009      -71.7409973       6.2065580859780312E-003
