           1           1  -31.7269993      -71.7409973       1.0575669264653698E-002
           1           2  -31.7269993      -71.7409973       1.0575673833955079E-002
           1           3  -31.7269993      -71.7409973       1.0575671476544812E-002
           1           4  -31.7269993      -71.7409973       9.7170254157390445E-003
           1           5  -31.7269993      -71.7409973       7.2232086095027626E-003
           1           6  -31.7269993      -71.7409973       6.8498647888191044E-003
           1           7  -31.7269993      -71.7409973       6.8498650216497481E-003
           1           8  -31.7269993      -71.7409973       6.8498650216497481E-003
           1           9  -31.7269993      -71.7409973       6.8498647888191044E-003
           1          10  -31.7269993      -71.7409973       6.8498647888191044E-003
           1          11  -31.7269993      -71.7409973       5.3265765454852954E-003
           2           1  -31.7089996      -71.7409973       8.9672774774953723E-003
           2           2  -31.7089996      -71.7409973       8.9672795147635043E-003
           2           3  -31.7089996      -71.7409973       8.9672787580639124E-003
           2           4  -31.7089996      -71.7409973       8.9672767790034413E-003
           2           5  -31.7089996      -71.7409973       8.9672795729711652E-003
           2           6  -31.7089996      -71.7409973       8.9672780595719814E-003
           2           7  -31.7089996      -71.7409973       8.9672774774953723E-003
           2           8  -31.7089996      -71.7409973       8.9672774774953723E-003
           2           9  -31.7089996      -71.7409973       9.5705627463757992E-003
           2          10  -31.7089996      -71.7409973       8.5867396555840969E-003
           2          11  -31.7089996      -71.7409973       4.7170981997624040E-003
           3           1  -31.6910000      -71.7409973       1.0050555982161313E-002
           3           2  -31.6910000      -71.7409973       1.0050555749330670E-002
           3           3  -31.6910000      -71.7409973       1.0050555982161313E-002
           3           4  -31.6910000      -71.7409973       1.0096344223711640E-002
           3           5  -31.6910000      -71.7409973       1.0096344223711640E-002
           3           6  -31.6910000      -71.7409973       1.0050555749330670E-002
           3           7  -31.6910000      -71.7409973       1.0050555982161313E-002
           3           8  -31.6910000      -71.7409973       1.0050554818008095E-002
           3           9  -31.6910000      -71.7409973       1.0050554818008095E-002
           3          10  -31.6910000      -71.7409973       8.2025058800354600E-003
           3          11  -31.6910000      -71.7409973       5.7468645391054451E-003
           4           1  -31.6730003      -71.7409973       9.6620575059205294E-003
           4           2  -31.6730003      -71.7409973       9.6620593685656786E-003
           4           3  -31.6730003      -71.7409973       9.6620582044124603E-003
           4           4  -31.6730003      -71.7409973       9.6620566328056157E-003
           4           5  -31.6730003      -71.7409973       9.6620575059205294E-003
           4           6  -31.6730003      -71.7409973       9.6620596013963223E-003
           4           7  -31.6730003      -71.7409973       9.6620575059205294E-003
           4           8  -31.6730003      -71.7409973       9.6620575059205294E-003
           4           9  -31.6730003      -71.7409973       8.7455086177214980E-003
           4          10  -31.6730003      -71.7409973       7.8125600703060627E-003
           4          11  -31.6730003      -71.7409973       7.8125614672899246E-003
           5           1  -31.6550007      -71.7409973       6.4731000747997314E-003
           5           2  -31.6550007      -71.7409973       6.4731008897069842E-003
           5           3  -31.6550007      -71.7409973       6.4731011225376278E-003
           5           4  -31.6550007      -71.7409973       6.4731004240456969E-003
           5           5  -31.6550007      -71.7409973       6.4731000747997314E-003
           5           6  -31.6550007      -71.7409973       6.4730984449852258E-003
           5           7  -31.6550007      -71.7409973       6.4731000747997314E-003
           5           8  -31.6550007      -71.7409973       6.4731011225376278E-003
           5           9  -31.6550007      -71.7409973       6.4731011225376278E-003
           5          10  -31.6550007      -71.7409973       5.9479039919096977E-003
           5          11  -31.6550007      -71.7409973       5.9479068731889129E-003
           6           1  -31.6369991      -71.7409973       2.1520266309380531E-003
           6           2  -31.6369991      -71.7409973       1.7973484937101603E-003
           6           3  -31.6369991      -71.7409973       1.7062956467270851E-003
           6           4  -31.6369991      -71.7409973       1.7062942497432232E-003
           6           5  -31.6369991      -71.7409973       1.7062956467270851E-003
           6           6  -31.6369991      -71.7409973       1.7062947154045105E-003
           6           7  -31.6369991      -71.7409973       1.7062956467270851E-003
           6           8  -31.6369991      -71.7409973       1.7062947154045105E-003
           6           9  -31.6369991      -71.7409973       3.4373202361166477E-003
           6          10  -31.6369991      -71.7409973       1.3780748704448342E-003
           6          11  -31.6369991      -71.7409973       1.3780755689367652E-003
           7           1  -31.6189995      -71.7409973       9.0611028717830777E-003
           7           2  -31.6189995      -71.7409973       9.0611036866903305E-003
           7           3  -31.6189995      -71.7409973       9.0611052000895143E-003
           7           4  -31.6189995      -71.7409973       9.0611071791499853E-003
           7           5  -31.6189995      -71.7409973       7.4947398388758302E-003
           7           6  -31.6189995      -71.7409973       9.0610999614000320E-003
           7           7  -31.6189995      -71.7409973       9.0611028717830777E-003
           7           8  -31.6189995      -71.7409973       5.6792898103594780E-003
           7           9  -31.6189995      -71.7409973       5.0701683030638378E-003
           7          10  -31.6189995      -71.7409973       5.0701649270195048E-003
           7          11  -31.6189995      -71.7409973       5.5467839811171871E-003
           8           1  -31.6009998      -71.7409973       1.3559109414927661E-002
           8           2  -31.6009998      -71.7409973       1.3559104176238179E-002
           8           3  -31.6009998      -71.7409973       1.3559107435867190E-002
           8           4  -31.6009998      -71.7409973       1.3559109065681696E-002
           8           5  -31.6009998      -71.7409973       1.3559109414927661E-002
           8           6  -31.6009998      -71.7409973       1.3559108832851052E-002
           8           7  -31.6009998      -71.7409973       1.3559109414927661E-002
           8           8  -31.6009998      -71.7409973       9.3454589368775487E-003
           8           9  -31.6009998      -71.7409973       6.9202300037431996E-003
           8          10  -31.6009998      -71.7409973       7.4850726523436606E-003
           8          11  -31.6009998      -71.7409973       8.6649772711098194E-003
           9           1  -31.5830002      -71.7409973       1.2365218019112945E-002
           9           2  -31.5830002      -71.7409973       1.2365218484774232E-002
           9           3  -31.5830002      -71.7409973       1.2365218019112945E-002
           9           4  -31.5830002      -71.7409973       1.2939224368892610E-002
           9           5  -31.5830002      -71.7409973       1.2939224368892610E-002
           9           6  -31.5830002      -71.7409973       1.2365218484774232E-002
           9           7  -31.5830002      -71.7409973       1.2365218019112945E-002
           9           8  -31.5830002      -71.7409973       7.6161997858434916E-003
           9           9  -31.5830002      -71.7409973       6.7315689520910382E-003
           9          10  -31.5830002      -71.7409973       6.7315689520910382E-003
           9          11  -31.5830002      -71.7409973       8.1945640959020238E-003
          10           1  -31.5650005      -71.7409973       9.0128683805232868E-003
          10           2  -31.5650005      -71.7409973       8.8376442436128855E-003
          10           3  -31.5650005      -71.7409973       8.0259850947186351E-003
          10           4  -31.5650005      -71.7409973       8.0259904498234391E-003
          10           5  -31.5650005      -71.7409973       8.0259832902811468E-003
          10           6  -31.5650005      -71.7409973       8.0259860260412097E-003
          10           7  -31.5650005      -71.7409973       8.0259883543476462E-003
          10           8  -31.5650005      -71.7409973       5.3156154172029346E-003
          10           9  -31.5650005      -71.7409973       5.3156966823735274E-003
          10          10  -31.5650005      -71.7409973       4.7916899275151081E-003
          10          11  -31.5650005      -71.7409973       4.6244396362453699E-003
          11           1  -31.5470009      -71.7409973       8.1102442345581949E-003
          11           2  -31.5470009      -71.7409973       7.9381012474186718E-003
          11           3  -31.5470009      -71.7409973       6.3677215075585991E-003
          11           4  -31.5470009      -71.7409973       6.3453016628045589E-003
          11           5  -31.5470009      -71.7409973       6.3453039911109954E-003
          11           6  -31.5470009      -71.7409973       6.3677215075585991E-003
          11           7  -31.5470009      -71.7409973       4.5957714555697748E-003
          11           8  -31.5470009      -71.7409973       4.5957714555697748E-003
          11           9  -31.5470009      -71.7409973       4.5957737092976458E-003
          11          10  -31.5470009      -71.7409973       4.5957737092976458E-003
          11          11  -31.5470009      -71.7409973       4.5957755719427951E-003
