           1           1  -31.7269993      -71.7409973       2.1424638830467302E-003
           1           2  -31.7269993      -71.7409973       1.6781806480139494E-003
           1           3  -31.7269993      -71.7409973       0.0000000000000000     
           1           4  -31.7269993      -71.7409973       6.9883936157566495E-004
           1           5  -31.7269993      -71.7409973       9.4710671692155302E-004
           1           6  -31.7269993      -71.7409973       1.0146504209842533E-003
           1           7  -31.7269993      -71.7409973       1.2152655945101287E-003
           1           8  -31.7269993      -71.7409973       1.2152655945101287E-003
           1           9  -31.7269993      -71.7409973       1.0023755130532663E-003
           1          10  -31.7269993      -71.7409973       1.0023755130532663E-003
           1          11  -31.7269993      -71.7409973       0.0000000000000000     
           2           1  -31.7089996      -71.7409973       1.8042058254650328E-003
           2           2  -31.7089996      -71.7409973       1.8696509323490318E-003
           2           3  -31.7089996      -71.7409973       0.0000000000000000     
           2           4  -31.7089996      -71.7409973       6.8978931994934101E-004
           2           5  -31.7089996      -71.7409973       8.7944864571909420E-004
           2           6  -31.7089996      -71.7409973       8.7307675676129293E-004
           2           7  -31.7089996      -71.7409973       1.2056427949573845E-003
           2           8  -31.7089996      -71.7409973       1.2056427949573845E-003
           2           9  -31.7089996      -71.7409973       1.0725118336267769E-003
           2          10  -31.7089996      -71.7409973       1.5614727585671062E-003
           2          11  -31.7089996      -71.7409973       3.2483805262017995E-004
           3           1  -31.6910000      -71.7409973       1.6997737366182264E-003
           3           2  -31.6910000      -71.7409973       1.0694315451473813E-003
           3           3  -31.6910000      -71.7409973       9.5720211538719013E-004
           3           4  -31.6910000      -71.7409973       1.1665969977912027E-003
           3           5  -31.6910000      -71.7409973       1.1665969977912027E-003
           3           6  -31.6910000      -71.7409973       1.1926013430638704E-003
           3           7  -31.6910000      -71.7409973       1.4437352438108064E-003
           3           8  -31.6910000      -71.7409973       1.3551871888921596E-003
           3           9  -31.6910000      -71.7409973       1.3551871888921596E-003
           3          10  -31.6910000      -71.7409973       1.3551871888921596E-003
           3          11  -31.6910000      -71.7409973       7.2787014505593106E-004
           4           1  -31.6730003      -71.7409973       1.5077437274158001E-003
           4           2  -31.6730003      -71.7409973       3.4987589151569409E-004
           4           3  -31.6730003      -71.7409973       1.9177139911334962E-003
           4           4  -31.6730003      -71.7409973       1.7539386135467794E-003
           4           5  -31.6730003      -71.7409973       1.8188001704402268E-003
           4           6  -31.6730003      -71.7409973       1.8521617457736284E-003
           4           7  -31.6730003      -71.7409973       1.3559217477450147E-003
           4           8  -31.6730003      -71.7409973       1.3559217477450147E-003
           4           9  -31.6730003      -71.7409973       1.3847059381077997E-003
           4          10  -31.6730003      -71.7409973       1.3190976023906842E-003
           4          11  -31.6730003      -71.7409973       2.2017841693013906E-003
           5           1  -31.6550007      -71.7409973       1.2942743414896540E-003
           5           2  -31.6550007      -71.7409973       5.1261893077025888E-005
           5           3  -31.6550007      -71.7409973       2.4090000370051712E-003
           5           4  -31.6550007      -71.7409973       2.3348593967966735E-003
           5           5  -31.6550007      -71.7409973       2.5550255086272955E-003
           5           6  -31.6550007      -71.7409973       2.5335906539112329E-003
           5           7  -31.6550007      -71.7409973       1.4179610807332210E-003
           5           8  -31.6550007      -71.7409973       1.4076240695430897E-003
           5           9  -31.6550007      -71.7409973       1.4019583686604165E-003
           5          10  -31.6550007      -71.7409973       1.3505940660252236E-003
           5          11  -31.6550007      -71.7409973       2.6502513937884942E-003
           6           1  -31.6369991      -71.7409973       1.1169833160238340E-003
           6           2  -31.6369991      -71.7409973       3.0443296054727398E-004
           6           3  -31.6369991      -71.7409973       2.5944731605704874E-003
           6           4  -31.6369991      -71.7409973       2.6209622155874968E-003
           6           5  -31.6369991      -71.7409973       2.6079925883095711E-003
           6           6  -31.6369991      -71.7409973       2.3679410514887422E-003
           6           7  -31.6369991      -71.7409973       1.3545574765885249E-003
           6           8  -31.6369991      -71.7409973       1.3454082218231633E-003
           6           9  -31.6369991      -71.7409973       1.3794115511700511E-003
           6          10  -31.6369991      -71.7409973       1.2990205650567077E-003
           6          11  -31.6369991      -71.7409973       3.5398228501435369E-003
           7           1  -31.6189995      -71.7409973       5.9145167961105471E-004
           7           2  -31.6189995      -71.7409973       8.6789640772622079E-004
           7           3  -31.6189995      -71.7409973       2.2900384719832800E-003
           7           4  -31.6189995      -71.7409973       2.3534794090664946E-003
           7           5  -31.6189995      -71.7409973       2.4573970149504021E-003
           7           6  -31.6189995      -71.7409973       2.2560574579983950E-003
           7           7  -31.6189995      -71.7409973       1.2506432976806536E-003
           7           8  -31.6189995      -71.7409973       1.2506432976806536E-003
           7           9  -31.6189995      -71.7409973       1.2235893809702247E-003
           7          10  -31.6189995      -71.7409973       1.2280394003028050E-003
           7          11  -31.6189995      -71.7409973       3.8052563832025044E-003
           8           1  -31.6009998      -71.7409973       6.7362818663241342E-004
           8           2  -31.6009998      -71.7409973       8.7977822113316506E-004
           8           3  -31.6009998      -71.7409973       1.7812975020206068E-003
           8           4  -31.6009998      -71.7409973       2.2898794013599399E-003
           8           5  -31.6009998      -71.7409973       1.8803986240527593E-003
           8           6  -31.6009998      -71.7409973       1.2848447768192273E-003
           8           7  -31.6009998      -71.7409973       1.1543184664333239E-003
           8           8  -31.6009998      -71.7409973       1.1543184664333239E-003
           8           9  -31.6009998      -71.7409973       1.1689832172123715E-003
           8          10  -31.6009998      -71.7409973       1.0373320037615485E-003
           8          11  -31.6009998      -71.7409973       3.4554264275357127E-003
           9           1  -31.5830002      -71.7409973       8.6878141883062199E-004
           9           2  -31.5830002      -71.7409973       3.4176283224951476E-004
           9           3  -31.5830002      -71.7409973       1.1196042578376364E-003
           9           4  -31.5830002      -71.7409973       1.1858685029437765E-003
           9           5  -31.5830002      -71.7409973       1.0122466374014039E-003
           9           6  -31.5830002      -71.7409973       1.1826954360003583E-003
           9           7  -31.5830002      -71.7409973       1.0176575597142801E-003
           9           8  -31.5830002      -71.7409973       1.0711785580497235E-003
           9           9  -31.5830002      -71.7409973       1.0711785580497235E-003
           9          10  -31.5830002      -71.7409973       7.0364716520998627E-004
           9          11  -31.5830002      -71.7409973       3.1032704573590308E-003
          10           1  -31.5650005      -71.7409973       1.1869541049236432E-003
          10           2  -31.5650005      -71.7409973       0.0000000000000000     
          10           3  -31.5650005      -71.7409973       8.3961906966578681E-004
          10           4  -31.5650005      -71.7409973       9.1044057262479328E-004
          10           5  -31.5650005      -71.7409973       6.4699395807110704E-004
          10           6  -31.5650005      -71.7409973       1.2151297742093448E-003
          10           7  -31.5650005      -71.7409973       8.4155797776475083E-004
          10           8  -31.5650005      -71.7409973       8.4155797776475083E-004
          10           9  -31.5650005      -71.7409973       7.8020902401476633E-004
          10          10  -31.5650005      -71.7409973       4.8086978495121002E-004
          10          11  -31.5650005      -71.7409973       1.6579876100877300E-003
          11           1  -31.5470009      -71.7409973       8.8298909031436779E-004
          11           2  -31.5470009      -71.7409973       0.0000000000000000     
          11           3  -31.5470009      -71.7409973       5.5282617540797219E-004
          11           4  -31.5470009      -71.7409973       1.0898476202783058E-003
          11           5  -31.5470009      -71.7409973       1.1780283421103377E-003
          11           6  -31.5470009      -71.7409973       1.2834021181333810E-003
          11           7  -31.5470009      -71.7409973       1.1595693213166669E-003
          11           8  -31.5470009      -71.7409973       4.5991998376848642E-004
          11           9  -31.5470009      -71.7409973       4.1844268889690284E-004
          11          10  -31.5470009      -71.7409973       6.5323813760187477E-004
          11          11  -31.5470009      -71.7409973       7.2746805244605639E-004
