           1           1  -31.7269993      -71.7409973       4.7705029137432575E-003
           1           2  -31.7269993      -71.7409973       4.7705068718641996E-003
           1           3  -31.7269993      -71.7409973       4.7705045435577631E-003
           1           4  -31.7269993      -71.7409973       5.1354786846786737E-003
           1           5  -31.7269993      -71.7409973       5.6004031212069094E-003
           1           6  -31.7269993      -71.7409973       5.4119447304401547E-003
           1           7  -31.7269993      -71.7409973       5.4119461856316775E-003
           1           8  -31.7269993      -71.7409973       5.4119461856316775E-003
           1           9  -31.7269993      -71.7409973       5.4119447304401547E-003
           1          10  -31.7269993      -71.7409973       5.4119447304401547E-003
           1          11  -31.7269993      -71.7409973       5.4119441210787045E-003
           2           1  -31.7089996      -71.7409973       4.5202265027910471E-003
           2           2  -31.7089996      -71.7409973       4.5202258042991161E-003
           2           3  -31.7089996      -71.7409973       4.5202259207144380E-003
           2           4  -31.7089996      -71.7409973       6.5264937002211809E-003
           2           5  -31.7089996      -71.7409973       6.5264967270195484E-003
           2           6  -31.7089996      -71.7409973       6.5264948643743992E-003
           2           7  -31.7089996      -71.7409973       6.5264939330518246E-003
           2           8  -31.7089996      -71.7409973       6.5264939330518246E-003
           2           9  -31.7089996      -71.7409973       7.1816232521086931E-003
           2          10  -31.7089996      -71.7409973       6.5264957956969738E-003
           2          11  -31.7089996      -71.7409973       6.5264969016425312E-003
           3           1  -31.6910000      -71.7409973       4.7602233244106174E-003
           3           2  -31.6910000      -71.7409973       4.7602315898984671E-003
           3           3  -31.6910000      -71.7409973       5.5468847858719528E-003
           3           4  -31.6910000      -71.7409973       8.2523826858960092E-003
           3           5  -31.6910000      -71.7409973       8.2523826858960092E-003
           3           6  -31.6910000      -71.7409973       8.0502619384787977E-003
           3           7  -31.6910000      -71.7409973       8.0502647324465215E-003
           3           8  -31.6910000      -71.7409973       8.0502624041400850E-003
           3           9  -31.6910000      -71.7409973       8.0502624041400850E-003
           3          10  -31.6910000      -71.7409973       8.0502624041400850E-003
           3          11  -31.6910000      -71.7409973       8.0502598430030048E-003
           4           1  -31.6730003      -71.7409973       4.1132064070552588E-003
           4           2  -31.6730003      -71.7409973       4.1132066835416481E-003
           4           3  -31.6730003      -71.7409973       6.9612592342309654E-003
           4           4  -31.6730003      -71.7409973       8.0734029761515558E-003
           4           5  -31.6730003      -71.7409973       8.0734060029499233E-003
           4           6  -31.6730003      -71.7409973       8.0734094372019172E-003
           4           7  -31.6730003      -71.7409973       8.0734060029499233E-003
           4           8  -31.6730003      -71.7409973       8.0734060029499233E-003
           4           9  -31.6730003      -71.7409973       7.2949655004777014E-003
           4          10  -31.6730003      -71.7409973       8.0734094372019172E-003
           4          11  -31.6730003      -71.7409973       8.0734081566333771E-003
           5           1  -31.6550007      -71.7409973       1.9895370351150632E-003
           5           2  -31.6550007      -71.7409973       1.9895375007763505E-003
           5           3  -31.6550007      -71.7409973       4.6018064313102514E-003
           5           4  -31.6550007      -71.7409973       5.2961682667955756E-003
           5           5  -31.6550007      -71.7409973       5.2961667533963919E-003
           5           6  -31.6550007      -71.7409973       5.2961650071665645E-003
           5           7  -31.6550007      -71.7409973       5.2961667533963919E-003
           5           8  -31.6550007      -71.7409973       5.2961693727411330E-003
           5           9  -31.6550007      -71.7409973       5.2961714682169259E-003
           5          10  -31.6550007      -71.7409973       5.2961667533963919E-003
           5          11  -31.6550007      -71.7409973       5.2961696637794375E-003
           6           1  -31.6369991      -71.7409973       9.5106675144052133E-004
           6           2  -31.6369991      -71.7409973       9.5106672233669087E-004
           6           3  -31.6369991      -71.7409973       9.5106724984361790E-004
           6           4  -31.6369991      -71.7409973       9.5106640947051346E-004
           6           5  -31.6369991      -71.7409973       9.5106675144052133E-004
           6           6  -31.6369991      -71.7409973       9.5106553635559976E-004
           6           7  -31.6369991      -71.7409973       9.5106675144052133E-004
           6           8  -31.6369991      -71.7409973       8.6732818454038352E-004
           6           9  -31.6369991      -71.7409973       2.4506745976395905E-003
           6          10  -31.6369991      -71.7409973       8.6732818454038352E-004
           6          11  -31.6369991      -71.7409973       8.6732783529441804E-004
           7           1  -31.6189995      -71.7409973       4.9529248062754050E-003
           7           2  -31.6189995      -71.7409973       4.9529245588928461E-003
           7           3  -31.6189995      -71.7409973       4.1667060795589350E-003
           7           4  -31.6189995      -71.7409973       4.1667074765427969E-003
           7           5  -31.6189995      -71.7409973       3.4243071568198502E-003
           7           6  -31.6189995      -71.7409973       4.1667038094601594E-003
           7           7  -31.6189995      -71.7409973       4.1667044497444294E-003
           7           8  -31.6189995      -71.7409973       4.1667044497444294E-003
           7           9  -31.6189995      -71.7409973       4.1667061959742568E-003
           7          10  -31.6189995      -71.7409973       4.1667044497444294E-003
           7          11  -31.6189995      -71.7409973       4.1667063705972396E-003
           8           1  -31.6009998      -71.7409973       7.2384995291940868E-003
           8           2  -31.6009998      -71.7409973       7.2384995874017477E-003
           8           3  -31.6009998      -71.7409973       6.3164208258967847E-003
           8           4  -31.6009998      -71.7409973       6.3164231250993907E-003
           8           5  -31.6009998      -71.7409973       6.3164220191538334E-003
           8           6  -31.6009998      -71.7409973       6.3164216408040375E-003
           8           7  -31.6009998      -71.7409973       6.3164220191538334E-003
           8           8  -31.6009998      -71.7409973       6.3164220191538334E-003
           8           9  -31.6009998      -71.7409973       5.7693512644618750E-003
           8          10  -31.6009998      -71.7409973       6.3164207094814628E-003
           8          11  -31.6009998      -71.7409973       6.3164195671561174E-003
           9           1  -31.5830002      -71.7409973       6.9376870524138212E-003
           9           2  -31.5830002      -71.7409973       6.9376849569380283E-003
           9           3  -31.5830002      -71.7409973       6.2958002599771135E-003
           9           4  -31.5830002      -71.7409973       6.3672754040453583E-003
           9           5  -31.5830002      -71.7409973       6.3672754040453583E-003
           9           6  -31.5830002      -71.7409973       6.2958006092230789E-003
           9           7  -31.5830002      -71.7409973       6.2958002599771135E-003
           9           8  -31.5830002      -71.7409973       6.2958006092230789E-003
           9           9  -31.5830002      -71.7409973       6.2958006092230789E-003
           9          10  -31.5830002      -71.7409973       6.2958006092230789E-003
           9          11  -31.5830002      -71.7409973       6.2957996196928434E-003
          10           1  -31.5650005      -71.7409973       7.2282105684280396E-003
          10           2  -31.5650005      -71.7409973       7.2180678835138679E-003
          10           3  -31.5650005      -71.7409973       6.8731561768800020E-003
          10           4  -31.5650005      -71.7409973       6.0983819421380758E-003
          10           5  -31.5650005      -71.7409973       6.0983801959082484E-003
          10           6  -31.5650005      -71.7409973       6.0983762959949672E-003
          10           7  -31.5650005      -71.7409973       6.0983812436461449E-003
          10           8  -31.5650005      -71.7409973       6.0983812436461449E-003
          10           9  -31.5650005      -71.7409973       6.1288258293643594E-003
          10          10  -31.5650005      -71.7409973       6.1099361628293991E-003
          10          11  -31.5650005      -71.7409973       6.0983795556239784E-003
          11           1  -31.5470009      -71.7409973       5.9090823051519692E-003
          11           2  -31.5470009      -71.7409973       5.9090848662890494E-003
          11           3  -31.5470009      -71.7409973       5.9090839349664748E-003
          11           4  -31.5470009      -71.7409973       5.9765541809611022E-003
          11           5  -31.5470009      -71.7409973       5.9765570913441479E-003
          11           6  -31.5470009      -71.7409973       5.9090839349664748E-003
          11           7  -31.5470009      -71.7409973       5.9090823051519692E-003
          11           8  -31.5470009      -71.7409973       5.9090823051519692E-003
          11           9  -31.5470009      -71.7409973       5.9090839349664748E-003
          11          10  -31.5470009      -71.7409973       5.9090839349664748E-003
          11          11  -31.5470009      -71.7409973       5.9090848662890494E-003
