           1           1  -31.7269993      -71.7409973       4.6381350693991408E-004
           1           2  -31.7269993      -71.7409973       3.9253255818039179E-004
           1           3  -31.7269993      -71.7409973       3.9253245995496400E-004
           1           4  -31.7269993      -71.7409973       3.7847166640858632E-004
           1           5  -31.7269993      -71.7409973       5.0450210255803540E-004
           1           6  -31.7269993      -71.7409973       4.9620107893133536E-004
           1           7  -31.7269993      -71.7409973       4.9620090430835262E-004
           1           8  -31.7269993      -71.7409973       4.9620090430835262E-004
           1           9  -31.7269993      -71.7409973       4.9620107893133536E-004
           1          10  -31.7269993      -71.7409973       4.9620107893133536E-004
           1          11  -31.7269993      -71.7409973       4.9620119534665719E-004
           2           1  -31.7089996      -71.7409973       4.9431735897087492E-004
           2           2  -31.7089996      -71.7409973       3.7407052150228992E-004
           2           3  -31.7089996      -71.7409973       3.7407024501590058E-004
           2           4  -31.7089996      -71.7409973       3.7406964111141860E-004
           2           5  -31.7089996      -71.7409973       5.0269945859326981E-004
           2           6  -31.7089996      -71.7409973       5.3277844926924445E-004
           2           7  -31.7089996      -71.7409973       5.3277833285392262E-004
           2           8  -31.7089996      -71.7409973       5.3277833285392262E-004
           2           9  -31.7089996      -71.7409973       5.0246492173755541E-004
           2          10  -31.7089996      -71.7409973       5.3277803090168163E-004
           2          11  -31.7089996      -71.7409973       5.3277835831977427E-004
           3           1  -31.6910000      -71.7409973       5.3494700841838494E-004
           3           2  -31.6910000      -71.7409973       5.3494665917241946E-004
           3           3  -31.6910000      -71.7409973       5.3494700841838494E-004
           3           4  -31.6910000      -71.7409973       5.6396310537820682E-004
           3           5  -31.6910000      -71.7409973       5.6396310537820682E-004
           3           6  -31.6910000      -71.7409973       5.3494684834731743E-004
           3           7  -31.6910000      -71.7409973       5.1664561033248901E-004
           3           8  -31.6910000      -71.7409973       4.8728318506618962E-004
           3           9  -31.6910000      -71.7409973       4.8728318506618962E-004
           3          10  -31.6910000      -71.7409973       4.8728318506618962E-004
           3          11  -31.6910000      -71.7409973       4.8728295223554596E-004
           4           1  -31.6730003      -71.7409973       5.9455683367559686E-004
           4           2  -31.6730003      -71.7409973       5.9455716109368950E-004
           4           3  -31.6730003      -71.7409973       5.9455696100485511E-004
           4           4  -31.6730003      -71.7409973       5.9455653536133468E-004
           4           5  -31.6730003      -71.7409973       5.9455683367559686E-004
           4           6  -31.6730003      -71.7409973       5.9455715017975308E-004
           4           7  -31.6730003      -71.7409973       5.5799665278755128E-004
           4           8  -31.6730003      -71.7409973       4.6420701983151957E-004
           4           9  -31.6730003      -71.7409973       4.0696614451007918E-004
           4          10  -31.6730003      -71.7409973       4.6420737817243207E-004
           4          11  -31.6730003      -71.7409973       4.6420754370046780E-004
           5           1  -31.6550007      -71.7409973       3.9782640305929817E-004
           5           2  -31.6550007      -71.7409973       3.9782630119589157E-004
           5           3  -31.6550007      -71.7409973       3.9782657040632330E-004
           5           4  -31.6550007      -71.7409973       3.9782644307706505E-004
           5           5  -31.6550007      -71.7409973       3.9782640305929817E-004
           5           6  -31.6550007      -71.7409973       3.9782608291716315E-004
           5           7  -31.6550007      -71.7409973       3.1411495729116723E-004
           5           8  -31.6550007      -71.7409973       2.8275806289457250E-004
           5           9  -31.6550007      -71.7409973       2.8275812110223342E-004
           5          10  -31.6550007      -71.7409973       2.8275784097786527E-004
           5          11  -31.6550007      -71.7409973       2.8275818294787314E-004
           6           1  -31.6369991      -71.7409973       7.7886913459224161E-005
           6           2  -31.6369991      -71.7409973       7.7886931649118196E-005
           6           3  -31.6369991      -71.7409973       7.7886992585263215E-005
           6           4  -31.6369991      -71.7409973       6.5875232394319028E-005
           6           5  -31.6369991      -71.7409973       5.2755865908693522E-005
           6           6  -31.6369991      -71.7409973       5.2755691285710782E-005
           6           7  -31.6369991      -71.7409973       5.2755865908693522E-005
           6           8  -31.6369991      -71.7409973       5.2755764045286924E-005
           6           9  -31.6369991      -71.7409973       1.2421459177858196E-004
           6          10  -31.6369991      -71.7409973       5.2755909564439207E-005
           6          11  -31.6369991      -71.7409973       5.2755967772100121E-005
           7           1  -31.6189995      -71.7409973       2.5680242879388970E-004
           7           2  -31.6189995      -71.7409973       2.5680277076389757E-004
           7           3  -31.6189995      -71.7409973       2.5680259614091483E-004
           7           4  -31.6189995      -71.7409973       2.1152626140974462E-004
           7           5  -31.6189995      -71.7409973       1.7985615704674274E-004
           7           6  -31.6189995      -71.7409973       2.1152623776288237E-004
           7           7  -31.6189995      -71.7409973       2.1152618683117907E-004
           7           8  -31.6189995      -71.7409973       3.5986698276246898E-004
           7           9  -31.6189995      -71.7409973       3.5986739021609537E-004
           7          10  -31.6189995      -71.7409973       3.5986698276246898E-004
           7          11  -31.6189995      -71.7409973       3.5986718648928218E-004
           8           1  -31.6009998      -71.7409973       3.4955026967509184E-004
           8           2  -31.6009998      -71.7409973       3.4954970578837674E-004
           8           3  -31.6009998      -71.7409973       3.4955001501657534E-004
           8           4  -31.6009998      -71.7409973       3.4955039336637128E-004
           8           5  -31.6009998      -71.7409973       3.4337473061896162E-004
           8           6  -31.6009998      -71.7409973       2.8950837076990865E-004
           8           7  -31.6009998      -71.7409973       2.8950842170161195E-004
           8           8  -31.6009998      -71.7409973       5.3828332602279261E-004
           8           9  -31.6009998      -71.7409973       4.9478169967187569E-004
           8          10  -31.6009998      -71.7409973       5.3828328600502573E-004
           8          11  -31.6009998      -71.7409973       5.3828307136427611E-004
           9           1  -31.5830002      -71.7409973       5.2879836493957555E-004
           9           2  -31.5830002      -71.7409973       5.2879821669193916E-004
           9           3  -31.5830002      -71.7409973       5.2879836493957555E-004
           9           4  -31.5830002      -71.7409973       4.9067188137996709E-004
           9           5  -31.5830002      -71.7409973       3.7186001463851426E-004
           9           6  -31.5830002      -71.7409973       3.9808218753023539E-004
           9           7  -31.5830002      -71.7409973       3.9808185283618513E-004
           9           8  -31.5830002      -71.7409973       4.8718349353293888E-004
           9           9  -31.5830002      -71.7409973       4.8718349353293888E-004
           9          10  -31.5830002      -71.7409973       4.8718349353293888E-004
           9          11  -31.5830002      -71.7409973       4.8718318794271909E-004
          10           1  -31.5650005      -71.7409973       6.3423497340409085E-004
          10           2  -31.5650005      -71.7409973       6.2868286477169022E-004
          10           3  -31.5650005      -71.7409973       6.3423488609259948E-004
          10           4  -31.5650005      -71.7409973       6.3423494066228159E-004
          10           5  -31.5650005      -71.7409973       4.7630899098294321E-004
          10           6  -31.5650005      -71.7409973       4.7630877543269889E-004
          10           7  -31.5650005      -71.7409973       4.7630902008677367E-004
          10           8  -31.5650005      -71.7409973       4.7630902008677367E-004
          10           9  -31.5650005      -71.7409973       4.5657751070393715E-004
          10          10  -31.5650005      -71.7409973       4.6964504326751921E-004
          10          11  -31.5650005      -71.7409973       4.7630894550820813E-004
          11           1  -31.5470009      -71.7409973       5.4012344480725005E-004
          11           2  -31.5470009      -71.7409973       5.4012367763789371E-004
          11           3  -31.5470009      -71.7409973       5.4012359032640234E-004
          11           4  -31.5470009      -71.7409973       5.7386248954571784E-004
          11           5  -31.5470009      -71.7409973       4.5343655256147031E-004
          11           6  -31.5470009      -71.7409973       4.3341963646525983E-004
          11           7  -31.5470009      -71.7409973       4.3341957825759891E-004
          11           8  -31.5470009      -71.7409973       4.3341957825759891E-004
          11           9  -31.5470009      -71.7409973       4.3341963646525983E-004
          11          10  -31.5470009      -71.7409973       4.3341963646525983E-004
          11          11  -31.5470009      -71.7409973       4.3341969467292074E-004
