           1           1  -31.7269993      -71.7409973       3.5702348977793008E-003
           1           2  -31.7269993      -71.7409973       3.0204471549950540E-003
           1           3  -31.7269993      -71.7409973       1.6023413045331836E-003
           1           4  -31.7269993      -71.7409973       3.7663125258404762E-003
           1           5  -31.7269993      -71.7409973       3.9546564876218326E-003
           1           6  -31.7269993      -71.7409973       4.2796842608368024E-003
           1           7  -31.7269993      -71.7409973       4.1758356455829926E-003
           1           8  -31.7269993      -71.7409973       2.0824377425014973E-003
           1           9  -31.7269993      -71.7409973       0.0000000000000000     
           1          10  -31.7269993      -71.7409973       7.5882859528064728E-004
           1          11  -31.7269993      -71.7409973       9.8531601543072611E-004
           2           1  -31.7089996      -71.7409973       6.6456037893658504E-003
           2           2  -31.7089996      -71.7409973       5.7020835229195654E-003
           2           3  -31.7089996      -71.7409973       3.7415732604131335E-003
           2           4  -31.7089996      -71.7409973       3.3486569009255618E-003
           2           5  -31.7089996      -71.7409973       3.5455135803204030E-003
           2           6  -31.7089996      -71.7409973       3.8933566320338286E-003
           2           7  -31.7089996      -71.7409973       3.4223992988700047E-003
           2           8  -31.7089996      -71.7409973       1.9441694312263280E-003
           2           9  -31.7089996      -71.7409973       6.5805976191768423E-005
           2          10  -31.7089996      -71.7409973       3.9267203828785568E-004
           2          11  -31.7089996      -71.7409973       7.8537539229728281E-004
           3           1  -31.6910000      -71.7409973       1.1713549014530145E-002
           3           2  -31.6910000      -71.7409973       6.1390676419250667E-003
           3           3  -31.6910000      -71.7409973       5.0608276214916259E-003
           3           4  -31.6910000      -71.7409973       4.4961790263187140E-003
           3           5  -31.6910000      -71.7409973       4.4961790263187140E-003
           3           6  -31.6910000      -71.7409973       4.3895252747461200E-003
           3           7  -31.6910000      -71.7409973       3.0097079652477987E-003
           3           8  -31.6910000      -71.7409973       1.2031333112645370E-003
           3           9  -31.6910000      -71.7409973       1.0523158562136814E-003
           3          10  -31.6910000      -71.7409973       1.0523158562136814E-003
           3          11  -31.6910000      -71.7409973       1.0716270771808922E-003
           4           1  -31.6730003      -71.7409973       1.3742750219535083E-002
           4           2  -31.6730003      -71.7409973       4.3770032352767885E-003
           4           3  -31.6730003      -71.7409973       5.7064336724579334E-003
           4           4  -31.6730003      -71.7409973       5.8179989282507449E-003
           4           5  -31.6730003      -71.7409973       5.6933417217805982E-003
           4           6  -31.6730003      -71.7409973       5.5227950215339661E-003
           4           7  -31.6730003      -71.7409973       2.4452126817777753E-003
           4           8  -31.6730003      -71.7409973       7.1911694976733997E-004
           4           9  -31.6730003      -71.7409973       2.7525491168489680E-003
           4          10  -31.6730003      -71.7409973       2.2421513822337147E-003
           4          11  -31.6730003      -71.7409973       2.5600650369597133E-003
           5           1  -31.6550007      -71.7409973       1.5461898874491453E-002
           5           2  -31.6550007      -71.7409973       4.9967822578764753E-003
           5           3  -31.6550007      -71.7409973       6.7637112224474549E-003
           5           4  -31.6550007      -71.7409973       6.7942566238343716E-003
           5           5  -31.6550007      -71.7409973       6.7775128409266472E-003
           5           6  -31.6550007      -71.7409973       6.6047969739884138E-003
           5           7  -31.6550007      -71.7409973       1.9728764673345722E-003
           5           8  -31.6550007      -71.7409973       2.7346604911144823E-003
           5           9  -31.6550007      -71.7409973       3.2787391974125057E-003
           5          10  -31.6550007      -71.7409973       3.6969305365346372E-003
           5          11  -31.6550007      -71.7409973       3.1598725181538612E-003
           6           1  -31.6369991      -71.7409973       1.4146815985441208E-002
           6           2  -31.6369991      -71.7409973       5.9910598647547886E-003
           6           3  -31.6369991      -71.7409973       7.3687494732439518E-003
           6           4  -31.6369991      -71.7409973       7.4993219168391079E-003
           6           5  -31.6369991      -71.7409973       7.4492569838184863E-003
           6           6  -31.6369991      -71.7409973       7.1335837128572166E-003
           6           7  -31.6369991      -71.7409973       1.6416815051343292E-003
           6           8  -31.6369991      -71.7409973       3.6578401050064713E-003
           6           9  -31.6369991      -71.7409973       3.7305254372768104E-003
           6          10  -31.6369991      -71.7409973       3.8286105263978243E-003
           6          11  -31.6369991      -71.7409973       3.7046063807792962E-003
           7           1  -31.6189995      -71.7409973       9.9563632393255830E-003
           7           2  -31.6189995      -71.7409973       5.9850069228559732E-003
           7           3  -31.6189995      -71.7409973       7.6038223633076996E-003
           7           4  -31.6189995      -71.7409973       7.5907304126303643E-003
           7           5  -31.6189995      -71.7409973       7.6525923504959792E-003
           7           6  -31.6189995      -71.7409973       7.6454291993286461E-003
           7           7  -31.6189995      -71.7409973       6.0502079577418044E-004
           7           8  -31.6189995      -71.7409973       3.3256803435506299E-003
           7           9  -31.6189995      -71.7409973       2.5947051108232699E-003
           7          10  -31.6189995      -71.7409973       3.3256803435506299E-003
           7          11  -31.6189995      -71.7409973       3.2849961135070771E-003
           8           1  -31.6009998      -71.7409973       6.0460915265139192E-003
           8           2  -31.6009998      -71.7409973       5.9681937564164400E-003
           8           3  -31.6009998      -71.7409973       7.2967788219102658E-003
           8           4  -31.6009998      -71.7409973       7.6162450641277246E-003
           8           5  -31.6009998      -71.7409973       7.3273242232971825E-003
           8           6  -31.6009998      -71.7409973       6.6536496015032753E-003
           8           7  -31.6009998      -71.7409973       8.7051753234845819E-004
           8           8  -31.6009998      -71.7409973       2.3168709885794669E-003
           8           9  -31.6009998      -71.7409973       2.4834901851136237E-003
           8          10  -31.6009998      -71.7409973       1.8608539539854974E-003
           8          11  -31.6009998      -71.7409973       1.9560373493732186E-003
           9           1  -31.5830002      -71.7409973       2.7861528797075152E-003
           9           2  -31.5830002      -71.7409973       5.7101599231828004E-003
           9           3  -31.5830002      -71.7409973       6.3348719268105924E-003
           9           4  -31.5830002      -71.7409973       6.4475520048290491E-003
           9           5  -31.5830002      -71.7409973       6.1922988388687372E-003
           9           6  -31.5830002      -71.7409973       5.5357695018756203E-003
           9           7  -31.5830002      -71.7409973       1.4237720642995555E-003
           9           8  -31.5830002      -71.7409973       1.0511317614145810E-003
           9           9  -31.5830002      -71.7409973       1.1896848081960343E-003
           9          10  -31.5830002      -71.7409973       1.1896848081960343E-003
           9          11  -31.5830002      -71.7409973       1.9233050716138678E-003
          10           1  -31.5650005      -71.7409973       9.7968780391965993E-004
          10           2  -31.5650005      -71.7409973       4.2073127697221935E-003
          10           3  -31.5650005      -71.7409973       4.8038824752438813E-003
          10           4  -31.5650005      -71.7409973       5.3558462823275477E-003
          10           5  -31.5650005      -71.7409973       4.1575969080440700E-003
          10           6  -31.5650005      -71.7409973       4.9932496913243085E-003
          10           7  -31.5650005      -71.7409973       2.2958218760322779E-003
          10           8  -31.5650005      -71.7409973       0.0000000000000000     
          10           9  -31.5650005      -71.7409973       3.2742358598625287E-004
          10          10  -31.5650005      -71.7409973       6.0817290795966983E-004
          10          11  -31.5650005      -71.7409973       1.8806499483616790E-003
          11           1  -31.5470009      -71.7409973       2.0678610962931998E-004
          11           2  -31.5470009      -71.7409973       1.9468045793473721E-003
          11           3  -31.5470009      -71.7409973       3.0150750826578587E-003
          11           4  -31.5470009      -71.7409973       3.8980764802545309E-003
          11           5  -31.5470009      -71.7409973       3.5011825384572148E-003
          11           6  -31.5470009      -71.7409973       3.2495738851139322E-003
          11           7  -31.5470009      -71.7409973       2.1331224143068539E-003
          11           8  -31.5470009      -71.7409973       0.0000000000000000     
          11           9  -31.5470009      -71.7409973       1.1582826264202595E-003
          11          10  -31.5470009      -71.7409973       1.9874958525178954E-003
          11          11  -31.5470009      -71.7409973       2.2029695828678086E-003
