           1           1  -31.7269993      -71.7409973       5.8952992094418732E-004
           1           2  -31.7269993      -71.7409973       8.2481736717454623E-004
           1           3  -31.7269993      -71.7409973       1.0090077848872170E-003
           1           4  -31.7269993      -71.7409973       9.7394443764642347E-004
           1           5  -31.7269993      -71.7409973       9.6476707585679833E-004
           1           6  -31.7269993      -71.7409973       8.8582994794705883E-004
           1           7  -31.7269993      -71.7409973       0.0000000000000000     
           1           8  -31.7269993      -71.7409973       4.8752548627817305E-004
           1           9  -31.7269993      -71.7409973       6.5469914079585578E-004
           1          10  -31.7269993      -71.7409973       6.5469914079585578E-004
           1          11  -31.7269993      -71.7409973       6.5912817990465555E-004
           2           1  -31.7089996      -71.7409973       8.1707838580769021E-004
           2           2  -31.7089996      -71.7409973       1.0483140649739653E-003
           2           3  -31.7089996      -71.7409973       9.9611804034793749E-004
           2           4  -31.7089996      -71.7409973       8.1733117076510098E-004
           2           5  -31.7089996      -71.7409973       9.3926048793946393E-004
           2           6  -31.7089996      -71.7409973       7.8624839079566300E-004
           2           7  -31.7089996      -71.7409973       1.2412435125952470E-004
           2           8  -31.7089996      -71.7409973       5.6467363538104109E-004
           2           9  -31.7089996      -71.7409973       6.7710347866523080E-004
           2          10  -31.7089996      -71.7409973       6.0175561429787194E-004
           2          11  -31.7089996      -71.7409973       7.3685009920154698E-004
           3           1  -31.6910000      -71.7409973       1.2282363895792514E-003
           3           2  -31.6910000      -71.7409973       1.1331490968586877E-003
           3           3  -31.6910000      -71.7409973       1.2514204281615093E-003
           3           4  -31.6910000      -71.7409973       1.0907621544902213E-003
           3           5  -31.6910000      -71.7409973       1.0006495467678178E-003
           3           6  -31.6910000      -71.7409973       5.6503872110624798E-004
           3           7  -31.6910000      -71.7409973       7.9243095619574433E-004
           3           8  -31.6910000      -71.7409973       8.9711027067096438E-004
           3           9  -31.6910000      -71.7409973       8.9711027067096438E-004
           3          10  -31.6910000      -71.7409973       8.9711027067096438E-004
           3          11  -31.6910000      -71.7409973       6.5722458566597197E-004
           4           1  -31.6730003      -71.7409973       1.3781772868242115E-003
           4           2  -31.6730003      -71.7409973       1.4127427130006254E-003
           4           3  -31.6730003      -71.7409973       1.4048782613826916E-003
           4           4  -31.6730003      -71.7409973       1.4167360932333395E-003
           4           5  -31.6730003      -71.7409973       1.1608894565142691E-003
           4           6  -31.6730003      -71.7409973       2.2949220146983862E-004
           4           7  -31.6730003      -71.7409973       1.2657686820602976E-003
           4           8  -31.6730003      -71.7409973       1.2657686820602976E-003
           4           9  -31.6730003      -71.7409973       1.4192166127031669E-003
           4          10  -31.6730003      -71.7409973       1.2798209354514256E-003
           4          11  -31.6730003      -71.7409973       4.3477421741044964E-004
           5           1  -31.6550007      -71.7409973       1.6506109968759120E-003
           5           2  -31.6550007      -71.7409973       1.5678149211453274E-003
           5           3  -31.6550007      -71.7409973       1.6111867444124073E-003
           5           4  -31.6550007      -71.7409973       1.6015275614336133E-003
           5           5  -31.6550007      -71.7409973       1.2295819324208423E-003
           5           6  -31.6550007      -71.7409973       0.0000000000000000     
           5           7  -31.6550007      -71.7409973       1.6704107838450000E-003
           5           8  -31.6550007      -71.7409973       1.5889751521172002E-003
           5           9  -31.6550007      -71.7409973       1.5425043675350025E-003
           5          10  -31.6550007      -71.7409973       1.6704107838450000E-003
           5          11  -31.6550007      -71.7409973       3.8970891910139471E-004
           6           1  -31.6369991      -71.7409973       1.7875448684208095E-003
           6           2  -31.6369991      -71.7409973       1.7587562615517527E-003
           6           3  -31.6369991      -71.7409973       1.7690236272756010E-003
           6           4  -31.6369991      -71.7409973       1.8019396084127948E-003
           6           5  -31.6369991      -71.7409973       1.1966185993514955E-003
           6           6  -31.6369991      -71.7409973       1.7017532718455186E-004
           6           7  -31.6369991      -71.7409973       1.6995977784972638E-003
           6           8  -31.6369991      -71.7409973       1.7078797682188451E-003
           6           9  -31.6369991      -71.7409973       1.6611563041806221E-003
           6          10  -31.6369991      -71.7409973       1.6386208008043468E-003
           6          11  -31.6369991      -71.7409973       3.7918063026154414E-004
           7           1  -31.6189995      -71.7409973       1.8232383299618959E-003
           7           2  -31.6189995      -71.7409973       1.7897727448143996E-003
           7           3  -31.6189995      -71.7409973       1.7866219859570265E-003
           7           4  -31.6189995      -71.7409973       1.8052976738545112E-003
           7           5  -31.6189995      -71.7409973       9.5187788247130811E-004
           7           6  -31.6189995      -71.7409973       4.4722425081999972E-004
           7           7  -31.6189995      -71.7409973       1.5758974477648735E-003
           7           8  -31.6189995      -71.7409973       1.5758974477648735E-003
           7           9  -31.6189995      -71.7409973       1.3630169560201466E-003
           7          10  -31.6189995      -71.7409973       1.4784794329898432E-003
           7          11  -31.6189995      -71.7409973       3.3269489904341754E-004
           8           1  -31.6009998      -71.7409973       1.6811890855024103E-003
           8           2  -31.6009998      -71.7409973       1.6411010110459756E-003
           8           3  -31.6009998      -71.7409973       1.6331215047102887E-003
           8           4  -31.6009998      -71.7409973       1.7770970916899387E-003
           8           5  -31.6009998      -71.7409973       7.3305696787429042E-004
           8           6  -31.6009998      -71.7409973       5.8139058091910556E-004
           8           7  -31.6009998      -71.7409973       1.2815060545108281E-003
           8           8  -31.6009998      -71.7409973       1.2815060545108281E-003
           8           9  -31.6009998      -71.7409973       1.3127051179253613E-003
           8          10  -31.6009998      -71.7409973       1.0093993405462243E-003
           8          11  -31.6009998      -71.7409973       2.8078109971829690E-004
           9           1  -31.5830002      -71.7409973       1.4246181235648692E-003
           9           2  -31.5830002      -71.7409973       1.4538159230141900E-003
           9           3  -31.5830002      -71.7409973       1.4246181235648692E-003
           9           4  -31.5830002      -71.7409973       1.4558664206560934E-003
           9           5  -31.5830002      -71.7409973       5.8761755281011574E-004
           9           6  -31.5830002      -71.7409973       4.4404657819541171E-004
           9           7  -31.5830002      -71.7409973       8.2878350076498464E-004
           9           8  -31.5830002      -71.7409973       8.8991677603189601E-004
           9           9  -31.5830002      -71.7409973       8.8991677603189601E-004
           9          10  -31.5830002      -71.7409973       8.5401111437022337E-004
           9          11  -31.5830002      -71.7409973       2.9344128051889129E-004
          10           1  -31.5650005      -71.7409973       1.1813666569651105E-003
          10           2  -31.5650005      -71.7409973       1.0715973403421231E-003
          10           3  -31.5650005      -71.7409973       1.0805783749674447E-003
          10           4  -31.5650005      -71.7409973       1.1385562465875410E-003
          10           5  -31.5650005      -71.7409973       4.7782704132259823E-004
          10           6  -31.5650005      -71.7409973       2.0207896159263328E-004
          10           7  -31.5650005      -71.7409973       6.0953474167035893E-004
          10           8  -31.5650005      -71.7409973       6.6233434881723952E-004
          10           9  -31.5650005      -71.7409973       4.1590084583731368E-004
          10          10  -31.5650005      -71.7409973       5.6548008433310315E-004
          10          11  -31.5650005      -71.7409973       5.3283997749531409E-004
          11           1  -31.5470009      -71.7409973       7.9789735900703818E-004
          11           2  -31.5470009      -71.7409973       6.2019829056225717E-004
          11           3  -31.5470009      -71.7409973       7.0974564005155116E-004
          11           4  -31.5470009      -71.7409973       8.4084297031949973E-004
          11           5  -31.5470009      -71.7409973       5.2037976968222210E-004
          11           6  -31.5470009      -71.7409973       2.4449533157167025E-005
          11           7  -31.5470009      -71.7409973       3.8340091487043537E-004
          11           8  -31.5470009      -71.7409973       6.3862348815746373E-004
          11           9  -31.5470009      -71.7409973       6.7944878992420854E-004
          11          10  -31.5470009      -71.7409973       6.7944878992420854E-004
          11          11  -31.5470009      -71.7409973       7.1369450961356051E-004
