           1           1  -31.7269993      -71.7409973       9.8461367451818660E-004
           1           2  -31.7269993      -71.7409973       9.8461400921223685E-004
           1           3  -31.7269993      -71.7409973       9.8461382003733888E-004
           1           4  -31.7269993      -71.7409973       1.0271476785419509E-003
           1           5  -31.7269993      -71.7409973       1.0271478240611032E-003
           1           6  -31.7269993      -71.7409973       9.8461382003733888E-004
           1           7  -31.7269993      -71.7409973       9.8461367451818660E-004
           1           8  -31.7269993      -71.7409973       9.8461367451818660E-004
           1           9  -31.7269993      -71.7409973       9.8461382003733888E-004
           1          10  -31.7269993      -71.7409973       9.8461382003733888E-004
           1          11  -31.7269993      -71.7409973       9.8461400921223685E-004
           2           1  -31.7089996      -71.7409973       1.0788362778839655E-003
           2           2  -31.7089996      -71.7409973       1.0788364234031178E-003
           2           3  -31.7089996      -71.7409973       1.0788363142637536E-003
           2           4  -31.7089996      -71.7409973       1.0788361832965165E-003
           2           5  -31.7089996      -71.7409973       1.0788362560560927E-003
           2           6  -31.7089996      -71.7409973       1.0788363651954569E-003
           2           7  -31.7089996      -71.7409973       1.0788362778839655E-003
           2           8  -31.7089996      -71.7409973       1.0788362778839655E-003
           2           9  -31.7089996      -71.7409973       1.1511872144183144E-003
           2          10  -31.7089996      -71.7409973       1.0788362051243894E-003
           2          11  -31.7089996      -71.7409973       1.0788364234031178E-003
           3           1  -31.6910000      -71.7409973       1.3056700045126490E-003
           3           2  -31.6910000      -71.7409973       1.3056692478130572E-003
           3           3  -31.6910000      -71.7409973       1.3056700045126490E-003
           3           4  -31.6910000      -71.7409973       1.3316850454430096E-003
           3           5  -31.6910000      -71.7409973       1.3316850454430096E-003
           3           6  -31.6910000      -71.7409973       1.3056693933322094E-003
           3           7  -31.6910000      -71.7409973       1.3056700045126490E-003
           3           8  -31.6910000      -71.7409973       1.3056696843705140E-003
           3           9  -31.6910000      -71.7409973       1.3056696843705140E-003
           3          10  -31.6910000      -71.7409973       1.3056696843705140E-003
           3          11  -31.6910000      -71.7409973       1.3056692478130572E-003
           4           1  -31.6730003      -71.7409973       1.2521590906544589E-003
           4           2  -31.6730003      -71.7409973       1.2521594326244667E-003
           4           3  -31.6730003      -71.7409973       1.2521592361736111E-003
           4           4  -31.6730003      -71.7409973       1.2521588505478576E-003
           4           5  -31.6730003      -71.7409973       1.2521590906544589E-003
           4           6  -31.6730003      -71.7409973       1.2521593816927634E-003
           4           7  -31.6730003      -71.7409973       1.2521590906544589E-003
           4           8  -31.6730003      -71.7409973       1.2521590906544589E-003
           4           9  -31.6730003      -71.7409973       1.1104216318926774E-003
           4          10  -31.6730003      -71.7409973       1.2521593816927634E-003
           4          11  -31.6730003      -71.7409973       1.2521594326244667E-003
           5           1  -31.6550007      -71.7409973       7.7167780909803696E-004
           5           2  -31.6550007      -71.7409973       7.7167851850390434E-004
           5           3  -31.6550007      -71.7409973       7.7167821291368455E-004
           5           4  -31.6550007      -71.7409973       7.7167801646282896E-004
           5           5  -31.6550007      -71.7409973       7.7167780909803696E-004
           5           6  -31.6550007      -71.7409973       7.7167766357888468E-004
           5           7  -31.6550007      -71.7409973       7.7167780909803696E-004
           5           8  -31.6550007      -71.7409973       7.7167821291368455E-004
           5           9  -31.6550007      -71.7409973       7.7167835843283683E-004
           5          10  -31.6550007      -71.7409973       7.7167780909803696E-004
           5          11  -31.6550007      -71.7409973       7.7167851850390434E-004
           6           1  -31.6369991      -71.7409973       1.3991826563142240E-004
           6           2  -31.6369991      -71.7409973       1.3991835294291377E-004
           6           3  -31.6369991      -71.7409973       1.3991829473525286E-004
           6           4  -31.6369991      -71.7409973       1.3991823652759194E-004
           6           5  -31.6369991      -71.7409973       1.3991826563142240E-004
           6           6  -31.6369991      -71.7409973       1.3991823652759194E-004
           6           7  -31.6369991      -71.7409973       1.3991826563142240E-004
           6           8  -31.6369991      -71.7409973       1.3991832383908331E-004
           6           9  -31.6369991      -71.7409973       3.3633691055001691E-004
           6          10  -31.6369991      -71.7409973       1.3991829473525286E-004
           6          11  -31.6369991      -71.7409973       1.3991835294291377E-004
           7           1  -31.6189995      -71.7409973       5.7269247190561146E-004
           7           2  -31.6189995      -71.7409973       5.7269254466518760E-004
           7           3  -31.6189995      -71.7409973       5.7269264652859420E-004
           7           4  -31.6189995      -71.7409973       6.8954248763475334E-004
           7           5  -31.6189995      -71.7409973       5.7468340583000099E-004
           7           6  -31.6189995      -71.7409973       6.8954156449763104E-004
           7           7  -31.6189995      -71.7409973       6.8954182643210515E-004
           7           8  -31.6189995      -71.7409973       6.8954182643210515E-004
           7           9  -31.6189995      -71.7409973       6.8954228481743485E-004
           7          10  -31.6189995      -71.7409973       6.8954182643210515E-004
           7          11  -31.6189995      -71.7409973       6.8954248854424804E-004
           8           1  -31.6009998      -71.7409973       7.8145729276002385E-004
           8           2  -31.6009998      -71.7409973       7.8145682709873654E-004
           8           3  -31.6009998      -71.7409973       7.8145710358512588E-004
           8           4  -31.6009998      -71.7409973       1.0048428812297061E-003
           8           5  -31.6009998      -71.7409973       1.0048426329376525E-003
           8           6  -31.6009998      -71.7409973       1.0048423428088427E-003
           8           7  -31.6009998      -71.7409973       1.0048426329376525E-003
           8           8  -31.6009998      -71.7409973       1.0048426329376525E-003
           8           9  -31.6009998      -71.7409973       9.3390169695339864E-004
           8          10  -31.6009998      -71.7409973       1.0048420517705381E-003
           8          11  -31.6009998      -71.7409973       1.0048422846011817E-003
           9           1  -31.5830002      -71.7409973       9.0755978089873679E-004
           9           2  -31.5830002      -71.7409973       9.0756027566385455E-004
           9           3  -31.5830002      -71.7409973       9.0755978089873679E-004
           9           4  -31.5830002      -71.7409973       9.2804984797112411E-004
           9           5  -31.5830002      -71.7409973       9.2804976065963274E-004
           9           6  -31.5830002      -71.7409973       9.0756004283321090E-004
           9           7  -31.5830002      -71.7409973       9.0755978089873679E-004
           9           8  -31.5830002      -71.7409973       9.0755992641788907E-004
           9           9  -31.5830002      -71.7409973       9.0755992641788907E-004
           9          10  -31.5830002      -71.7409973       9.0755992641788907E-004
           9          11  -31.5830002      -71.7409973       9.0756027566385455E-004
          10           1  -31.5650005      -71.7409973       1.0726031541707925E-003
          10           2  -31.5650005      -71.7409973       1.0556946108408738E-003
          10           3  -31.5650005      -71.7409973       1.0726030341174919E-003
          10           4  -31.5650005      -71.7409973       1.0726032196544111E-003
          10           5  -31.5650005      -71.7409973       1.0726034452090971E-003
          10           6  -31.5650005      -71.7409973       1.0726028594945092E-003
          10           7  -31.5650005      -71.7409973       1.0726031541707925E-003
          10           8  -31.5650005      -71.7409973       1.0726031541707925E-003
          10           9  -31.5650005      -71.7409973       1.0296797190676443E-003
          10          10  -31.5650005      -71.7409973       1.0556946399447042E-003
          10          11  -31.5650005      -71.7409973       1.0726028885983396E-003
          11           1  -31.5470009      -71.7409973       9.7401264793006703E-004
          11           2  -31.5470009      -71.7409973       9.7401288076071069E-004
          11           3  -31.5470009      -71.7409973       9.7401282255304977E-004
          11           4  -31.5470009      -71.7409973       1.0188636588281952E-003
          11           5  -31.5470009      -71.7409973       1.0188637461396866E-003
          11           6  -31.5470009      -71.7409973       9.7401282255304977E-004
          11           7  -31.5470009      -71.7409973       9.7401264793006703E-004
          11           8  -31.5470009      -71.7409973       9.7401264793006703E-004
          11           9  -31.5470009      -71.7409973       9.7401282255304977E-004
          11          10  -31.5470009      -71.7409973       9.7401282255304977E-004
          11          11  -31.5470009      -71.7409973       9.7401288076071069E-004
