           1           1  -31.7269993      -71.7409973       5.0304438627790660E-004
           1           2  -31.7269993      -71.7409973       4.9795450286183041E-004
           1           3  -31.7269993      -71.7409973       5.0265271420357749E-004
           1           4  -31.7269993      -71.7409973       4.3544168875087053E-004
           1           5  -31.7269993      -71.7409973       1.2377369876048760E-004
           1           6  -31.7269993      -71.7409973       8.6574386841675732E-005
           1           7  -31.7269993      -71.7409973       1.7649726942181587E-006
           1           8  -31.7269993      -71.7409973       3.6843275847786572E-004
           1           9  -31.7269993      -71.7409973       5.1339482888579369E-004
           1          10  -31.7269993      -71.7409973       5.1339482888579369E-004
           1          11  -31.7269993      -71.7409973       4.7385058132931590E-004
           2           1  -31.7089996      -71.7409973       4.5744676299364073E-004
           2           2  -31.7089996      -71.7409973       5.9171910470467992E-004
           2           3  -31.7089996      -71.7409973       5.1266427090013167E-004
           2           4  -31.7089996      -71.7409973       3.0883585532137658E-004
           2           5  -31.7089996      -71.7409973       2.1018500910940929E-004
           2           6  -31.7089996      -71.7409973       1.4778789545744075E-004
           2           7  -31.7089996      -71.7409973       6.5194530179724097E-005
           2           8  -31.7089996      -71.7409973       5.9005685307056410E-004
           2           9  -31.7089996      -71.7409973       6.4119391754502431E-004
           2          10  -31.7089996      -71.7409973       7.4597559250833001E-004
           2          11  -31.7089996      -71.7409973       7.4884848072542809E-004
           3           1  -31.6910000      -71.7409973       7.1437182486988604E-004
           3           2  -31.6910000      -71.7409973       7.0643640037815203E-004
           3           3  -31.6910000      -71.7409973       6.4571861912554596E-004
           3           4  -31.6910000      -71.7409973       1.8516761610953836E-004
           3           5  -31.6910000      -71.7409973       1.8516761610953836E-004
           3           6  -31.6910000      -71.7409973       1.7209124962391797E-004
           3           7  -31.6910000      -71.7409973       2.1170431136852130E-004
           3           8  -31.6910000      -71.7409973       8.7791782425483689E-004
           3           9  -31.6910000      -71.7409973       8.7791782425483689E-004
           3          10  -31.6910000      -71.7409973       8.7791782425483689E-004
           3          11  -31.6910000      -71.7409973       8.4835356756229885E-004
           4           1  -31.6730003      -71.7409973       9.9287453485885635E-004
           4           2  -31.6730003      -71.7409973       1.0581025489955209E-003
           4           3  -31.6730003      -71.7409973       5.7701288005773677E-004
           4           4  -31.6730003      -71.7409973       2.0232484348525759E-004
           4           5  -31.6730003      -71.7409973       1.8317710748760874E-004
           4           6  -31.6730003      -71.7409973       1.7152670261566527E-004
           4           7  -31.6730003      -71.7409973       4.2277661486878060E-004
           4           8  -31.6730003      -71.7409973       1.0131389208254404E-003
           4           9  -31.6730003      -71.7409973       1.0618857995723374E-003
           4          10  -31.6730003      -71.7409973       1.0168178414460272E-003
           4          11  -31.6730003      -71.7409973       1.0459955374244601E-003
           5           1  -31.6550007      -71.7409973       1.2815515219699591E-003
           5           2  -31.6550007      -71.7409973       1.1631492088781670E-003
           5           3  -31.6550007      -71.7409973       4.9310522535961354E-004
           5           4  -31.6550007      -71.7409973       2.2046773347028648E-004
           5           5  -31.6550007      -71.7409973       2.3771039559505880E-004
           5           6  -31.6550007      -71.7409973       2.4013584334170446E-004
           5           7  -31.6550007      -71.7409973       6.8040892801946029E-004
           5           8  -31.6550007      -71.7409973       1.1035187781089917E-003
           5           9  -31.6550007      -71.7409973       1.0878160683205351E-003
           5          10  -31.6550007      -71.7409973       1.1289711983408779E-003
           5          11  -31.6550007      -71.7409973       1.0700847778934985E-003
           6           1  -31.6369991      -71.7409973       1.3072479923721403E-003
           6           2  -31.6369991      -71.7409973       1.2824559235014021E-003
           6           3  -31.6369991      -71.7409973       4.5114903696230613E-004
           6           4  -31.6369991      -71.7409973       2.6820862058229977E-004
           6           5  -31.6369991      -71.7409973       2.6501293086766964E-004
           6           6  -31.6369991      -71.7409973       2.6443795195518760E-004
           6           7  -31.6369991      -71.7409973       7.7184838301036507E-004
           6           8  -31.6369991      -71.7409973       1.1222579341847450E-003
           6           9  -31.6369991      -71.7409973       1.1143914016429335E-003
           6          10  -31.6369991      -71.7409973       1.1221402237424627E-003
           6          11  -31.6369991      -71.7409973       1.0715382086345926E-003
           7           1  -31.6189995      -71.7409973       1.2194004448247142E-003
           7           2  -31.6189995      -71.7409973       1.2030334582959767E-003
           7           3  -31.6189995      -71.7409973       1.6502401740581263E-004
           7           4  -31.6189995      -71.7409973       2.3522394531028112E-004
           7           5  -31.6189995      -71.7409973       2.5025400373124285E-004
           7           6  -31.6189995      -71.7409973       2.5848276618489763E-004
           7           7  -31.6189995      -71.7409973       9.1039201288367622E-004
           7           8  -31.6189995      -71.7409973       1.0760754812508821E-003
           7           9  -31.6189995      -71.7409973       1.0058745829155669E-003
           7          10  -31.6189995      -71.7409973       1.0760754812508821E-003
           7          11  -31.6189995      -71.7409973       9.8634490859694779E-004
           8           1  -31.6009998      -71.7409973       9.9542298448795918E-004
           8           2  -31.6009998      -71.7409973       9.5519467322446872E-004
           8           3  -31.6009998      -71.7409973       1.2170736772532109E-004
           8           4  -31.6009998      -71.7409973       1.5798320509929908E-004
           8           5  -31.6009998      -71.7409973       1.4383880261448212E-004
           8           6  -31.6009998      -71.7409973       1.3394828874879749E-004
           8           7  -31.6009998      -71.7409973       8.8045592019625474E-004
           8           8  -31.6009998      -71.7409973       9.7623142391967122E-004
           8           9  -31.6009998      -71.7409973       9.8546888330020010E-004
           8          10  -31.6009998      -71.7409973       9.1124191749258898E-004
           8          11  -31.6009998      -71.7409973       7.9315604671137407E-004
           9           1  -31.5830002      -71.7409973       6.6133077416452579E-004
           9           2  -31.5830002      -71.7409973       7.5331687366997357E-004
           9           3  -31.5830002      -71.7409973       2.4932567066571210E-004
           9           4  -31.5830002      -71.7409973       1.0738467426563147E-004
           9           5  -31.5830002      -71.7409973       1.0386721442046110E-004
           9           6  -31.5830002      -71.7409973       9.7674378594092559E-005
           9           7  -31.5830002      -71.7409973       7.0638558827340603E-004
           9           8  -31.5830002      -71.7409973       8.2641548033279832E-004
           9           9  -31.5830002      -71.7409973       8.2641548033279832E-004
           9          10  -31.5830002      -71.7409973       8.2641548033279832E-004
           9          11  -31.5830002      -71.7409973       7.8206192301877309E-004
          10           1  -31.5650005      -71.7409973       4.9686708553053904E-004
          10           2  -31.5650005      -71.7409973       4.9684273290040437E-004
          10           3  -31.5650005      -71.7409973       3.9701508103462402E-004
          10           4  -31.5650005      -71.7409973       8.3998146465091850E-005
          10           5  -31.5650005      -71.7409973       3.4165078204750898E-005
          10           6  -31.5650005      -71.7409973       5.1814463404298294E-005
          10           7  -31.5650005      -71.7409973       5.0547269347589463E-004
          10           8  -31.5650005      -71.7409973       6.0522742751345504E-004
          10           9  -31.5650005      -71.7409973       5.1263008936075494E-004
          10          10  -31.5650005      -71.7409973       6.2402528965321835E-004
          10          11  -31.5650005      -71.7409973       5.2050856902496889E-004
          11           1  -31.5470009      -71.7409973       4.5481852430384606E-004
          11           2  -31.5470009      -71.7409973       5.0618907152966131E-004
          11           3  -31.5470009      -71.7409973       4.8290788345184410E-004
          11           4  -31.5470009      -71.7409973       8.6031500359240454E-006
          11           5  -31.5470009      -71.7409973       2.4937678972491995E-005
          11           6  -31.5470009      -71.7409973       2.5789077290028217E-004
          11           7  -31.5470009      -71.7409973       2.6721574613475241E-004
          11           8  -31.5470009      -71.7409973       3.6882920721836854E-004
          11           9  -31.5470009      -71.7409973       3.2745326734584523E-004
          11          10  -31.5470009      -71.7409973       3.2745326734584523E-004
          11          11  -31.5470009      -71.7409973       2.8827073219872545E-004
