           1           1  -31.7269993      -71.7409973       2.2821861057309434E-004
           1           2  -31.7269993      -71.7409973       0.0000000000000000     
           1           3  -31.7269993      -71.7409973       7.9102568270172924E-004
           1           4  -31.7269993      -71.7409973       7.5934641790809110E-004
           1           5  -31.7269993      -71.7409973       7.8576464875368401E-004
           1           6  -31.7269993      -71.7409973       8.3312942297197878E-004
           1           7  -31.7269993      -71.7409973       6.5087588882306591E-004
           1           8  -31.7269993      -71.7409973       6.5087588882306591E-004
           1           9  -31.7269993      -71.7409973       4.3222223030170426E-004
           1          10  -31.7269993      -71.7409973       0.0000000000000000     
           1          11  -31.7269993      -71.7409973       8.1455901090521365E-004
           2           1  -31.7089996      -71.7409973       2.9010690104769310E-004
           2           2  -31.7089996      -71.7409973       5.5122583580669016E-004
           2           3  -31.7089996      -71.7409973       7.5995001679984853E-004
           2           4  -31.7089996      -71.7409973       6.1320877375692362E-004
           2           5  -31.7089996      -71.7409973       7.6137758242111886E-004
           2           6  -31.7089996      -71.7409973       6.6849693394033238E-004
           2           7  -31.7089996      -71.7409973       6.6983915894525126E-004
           2           8  -31.7089996      -71.7409973       6.6983915894525126E-004
           2           9  -31.7089996      -71.7409973       5.8418820117367432E-004
           2          10  -31.7089996      -71.7409973       8.9246629067929462E-004
           2          11  -31.7089996      -71.7409973       1.8333766201976687E-003
           3           1  -31.6910000      -71.7409973       4.1837030221358873E-004
           3           2  -31.6910000      -71.7409973       1.0599673544788857E-003
           3           3  -31.6910000      -71.7409973       1.0707719982292474E-003
           3           4  -31.6910000      -71.7409973       1.0337342271213856E-003
           3           5  -31.6910000      -71.7409973       1.0337342271213856E-003
           3           6  -31.6910000      -71.7409973       7.0692222288926132E-004
           3           7  -31.6910000      -71.7409973       8.4291946768644266E-004
           3           8  -31.6910000      -71.7409973       7.7253493145690300E-004
           3           9  -31.6910000      -71.7409973       7.6332590833771974E-004
           3          10  -31.6910000      -71.7409973       1.5585138025926426E-003
           3          11  -31.6910000      -71.7409973       2.1494246466318145E-003
           4           1  -31.6730003      -71.7409973       1.0307640404789709E-003
           4           2  -31.6730003      -71.7409973       1.6910060876398347E-003
           4           3  -31.6730003      -71.7409973       1.6512423389940523E-003
           4           4  -31.6730003      -71.7409973       1.5268531278707087E-003
           4           5  -31.6730003      -71.7409973       1.4721591196575901E-003
           4           6  -31.6730003      -71.7409973       7.6856949090142734E-004
           4           7  -31.6730003      -71.7409973       7.7506144225480966E-004
           4           8  -31.6730003      -71.7409973       7.7506144225480966E-004
           4           9  -31.6730003      -71.7409973       7.3329094630025793E-004
           4          10  -31.6730003      -71.7409973       2.1491850930033252E-003
           4          11  -31.6730003      -71.7409973       2.7233647560933605E-003
           5           1  -31.6550007      -71.7409973       1.8795758223859593E-003
           5           2  -31.6550007      -71.7409973       1.8924548639915884E-003
           5           3  -31.6550007      -71.7409973       1.9932281866203994E-003
           5           4  -31.6550007      -71.7409973       1.9534644379746169E-003
           5           5  -31.6550007      -71.7409973       1.6034233995014802E-003
           5           6  -31.6550007      -71.7409973       7.7570080975419842E-004
           5           7  -31.6550007      -71.7409973       7.7633696128032170E-004
           5           8  -31.6550007      -71.7409973       7.7732058343826793E-004
           5           9  -31.6550007      -71.7409973       7.1021473922883160E-004
           5          10  -31.6550007      -71.7409973       2.6565283769741654E-003
           5          11  -31.6550007      -71.7409973       2.8138867055531591E-003
           6           1  -31.6369991      -71.7409973       2.0369493577163666E-003
           6           2  -31.6369991      -71.7409973       2.1081489976495504E-003
           6           3  -31.6369991      -71.7409973       2.1506364573724568E-003
           6           4  -31.6369991      -71.7409973       2.1665401873178780E-003
           6           5  -31.6369991      -71.7409973       1.4955691003706306E-003
           6           6  -31.6369991      -71.7409973       7.3608115508250194E-004
           6           7  -31.6369991      -71.7409973       7.3602418433438288E-004
           6           8  -31.6369991      -71.7409973       7.3607601734693162E-004
           6           9  -31.6369991      -71.7409973       7.2987916792044416E-004
           6          10  -31.6369991      -71.7409973       2.8933775029145181E-003
           6          11  -31.6369991      -71.7409973       2.9325188661459833E-003
           7           1  -31.6189995      -71.7409973       1.9945660606026649E-003
           7           2  -31.6189995      -71.7409973       1.9694068250828423E-003
           7           3  -31.6189995      -71.7409973       1.9064038642682135E-003
           7           4  -31.6189995      -71.7409973       1.9395109411561862E-003
           7           5  -31.6189995      -71.7409973       1.1060200267820619E-003
           7           6  -31.6189995      -71.7409973       6.9348459874163382E-004
           7           7  -31.6189995      -71.7409973       6.9250097658368759E-004
           7           8  -31.6189995      -71.7409973       6.9250097658368759E-004
           7           9  -31.6189995      -71.7409973       6.5041872039728332E-004
           7          10  -31.6189995      -71.7409973       2.8048663807567209E-003
           7          11  -31.6189995      -71.7409973       2.8153305465821177E-003
           8           1  -31.6009998      -71.7409973       1.5880275504969177E-003
           8           2  -31.6009998      -71.7409973       1.5332096954807639E-003
           8           3  -31.6009998      -71.7409973       1.4989629025876638E-003
           8           4  -31.6009998      -71.7409973       1.9133433279421297E-003
           8           5  -31.6009998      -71.7409973       8.1708197467378341E-004
           8           6  -31.6009998      -71.7409973       5.8712910686153919E-004
           8           7  -31.6009998      -71.7409973       6.0032656620023772E-004
           8           8  -31.6009998      -71.7409973       6.0032656620023772E-004
           8           9  -31.6009998      -71.7409973       5.9455577502376400E-004
           8          10  -31.6009998      -71.7409973       2.3498204536736012E-003
           8          11  -31.6009998      -71.7409973       2.3577857209602371E-003
           9           1  -31.5830002      -71.7409973       9.9296703592699487E-004
           9           2  -31.5830002      -71.7409973       1.2326637697697151E-003
           9           3  -31.5830002      -71.7409973       9.9296703592699487E-004
           9           4  -31.5830002      -71.7409973       1.0511569998925552E-003
           9           5  -31.5830002      -71.7409973       6.1872673541074619E-004
           9           6  -31.5830002      -71.7409973       5.5705493650748394E-004
           9           7  -31.5830002      -71.7409973       5.2896698980475776E-004
           9           8  -31.5830002      -71.7409973       5.7228637160733342E-004
           9           9  -31.5830002      -71.7409973       8.7463710224255919E-004
           9          10  -31.5830002      -71.7409973       2.1028931514592841E-003
           9          11  -31.5830002      -71.7409973       2.1986830106470734E-003
          10           1  -31.5650005      -71.7409973       4.7831047231738921E-004
          10           2  -31.5650005      -71.7409973       8.4165444786776789E-004
          10           3  -31.5650005      -71.7409973       7.5016504706582054E-004
          10           4  -31.5650005      -71.7409973       7.1298351758741774E-004
          10           5  -31.5650005      -71.7409973       4.5115588363842107E-004
          10           6  -31.5650005      -71.7409973       4.7920364750098088E-004
          10           7  -31.5650005      -71.7409973       4.4262072765377525E-004
          10           8  -31.5650005      -71.7409973       4.4262072765377525E-004
          10           9  -31.5650005      -71.7409973       8.8551896624267101E-004
          10          10  -31.5650005      -71.7409973       1.5562716798740439E-003
          10          11  -31.5650005      -71.7409973       1.3137612913851626E-003
          11           1  -31.5470009      -71.7409973       1.0663078501238488E-004
          11           2  -31.5470009      -71.7409973       6.1836540407966822E-004
          11           3  -31.5470009      -71.7409973       9.3950391237740405E-004
          11           4  -31.5470009      -71.7409973       8.0650699783291202E-004
          11           5  -31.5470009      -71.7409973       8.6908050434431061E-004
          11           6  -31.5470009      -71.7409973       8.1295160634908825E-004
          11           7  -31.5470009      -71.7409973       1.6511558169440832E-004
          11           8  -31.5470009      -71.7409973       2.2315161550068296E-004
          11           9  -31.5470009      -71.7409973       4.9345931074640248E-004
          11          10  -31.5470009      -71.7409973       6.8704569275723770E-004
          11          11  -31.5470009      -71.7409973       7.1418318839278072E-004
