           1           1  -31.7269993      -71.7409973       3.0010674454388209E-003
           1           2  -31.7269993      -71.7409973       2.8985661992919631E-003
           1           3  -31.7269993      -71.7409973       2.9377203391049989E-003
           1           4  -31.7269993      -71.7409973       2.9905325573054142E-003
           1           5  -31.7269993      -71.7409973       8.3864698535762727E-004
           1           6  -31.7269993      -71.7409973       9.9747158674290404E-004
           1           7  -31.7269993      -71.7409973       1.3972622691653669E-003
           1           8  -31.7269993      -71.7409973       1.3972622691653669E-003
           1           9  -31.7269993      -71.7409973       1.4527817911584862E-003
           1          10  -31.7269993      -71.7409973       1.4527817911584862E-003
           1          11  -31.7269993      -71.7409973       1.4573045427823672E-003
           2           1  -31.7089996      -71.7409973       3.5711168457055464E-003
           2           2  -31.7089996      -71.7409973       4.2653550044633448E-003
           2           3  -31.7089996      -71.7409973       3.9307062397710979E-003
           2           4  -31.7089996      -71.7409973       2.9279997761477716E-003
           2           5  -31.7089996      -71.7409973       4.4170711771585047E-004
           2           6  -31.7089996      -71.7409973       1.2087283557775663E-003
           2           7  -31.7089996      -71.7409973       1.5061997969496588E-003
           2           8  -31.7089996      -71.7409973       1.5061997969496588E-003
           2           9  -31.7089996      -71.7409973       1.5176920423982665E-003
           2          10  -31.7089996      -71.7409973       1.3890664922655560E-003
           2          11  -31.7089996      -71.7409973       1.5347943408414721E-003
           3           1  -31.6910000      -71.7409973       5.4451982141472399E-003
           3           2  -31.6910000      -71.7409973       5.1656767100212164E-003
           3           3  -31.6910000      -71.7409973       5.4451982141472399E-003
           3           4  -31.6910000      -71.7409973       2.7439106997917406E-003
           3           5  -31.6910000      -71.7409973       0.0000000000000000     
           3           6  -31.6910000      -71.7409973       1.2742057201649004E-003
           3           7  -31.6910000      -71.7409973       2.6251642484567128E-003
           3           8  -31.6910000      -71.7409973       2.5360209983773530E-003
           3           9  -31.6910000      -71.7409973       2.5360209983773530E-003
           3          10  -31.6910000      -71.7409973       2.5070889387279749E-003
           3          11  -31.6910000      -71.7409973       7.2477056528441608E-004
           4           1  -31.6730003      -71.7409973       6.4231960277538747E-003
           4           2  -31.6730003      -71.7409973       6.6536381782498211E-003
           4           3  -31.6730003      -71.7409973       6.5852518600877374E-003
           4           4  -31.6730003      -71.7409973       2.4363475940845092E-003
           4           5  -31.6730003      -71.7409973       0.0000000000000000     
           4           6  -31.6730003      -71.7409973       1.1434472185101185E-003
           4           7  -31.6730003      -71.7409973       3.5068348151980899E-003
           4           8  -31.6730003      -71.7409973       3.5068348151980899E-003
           4           9  -31.6730003      -71.7409973       3.8903328932065051E-003
           4          10  -31.6730003      -71.7409973       3.4198365465272218E-003
           4          11  -31.6730003      -71.7409973       7.2105143317457987E-004
           5           1  -31.6550007      -71.7409973       7.3450116906315088E-003
           5           2  -31.6550007      -71.7409973       6.9421711377799511E-003
           5           3  -31.6550007      -71.7409973       7.1001717587932944E-003
           5           4  -31.6550007      -71.7409973       1.7769789155863691E-003
           5           5  -31.6550007      -71.7409973       7.4197983849444427E-004
           5           6  -31.6550007      -71.7409973       1.1043102422263473E-003
           5           7  -31.6550007      -71.7409973       4.5168221113272011E-003
           5           8  -31.6550007      -71.7409973       4.2306394316256046E-003
           5           9  -31.6550007      -71.7409973       4.1200967389158905E-003
           5          10  -31.6550007      -71.7409973       4.3124617368448526E-003
           5          11  -31.6550007      -71.7409973       8.2378860042808810E-004
           6           1  -31.6369991      -71.7409973       7.3181537445634604E-003
           6           2  -31.6369991      -71.7409973       7.2417082265019417E-003
           6           3  -31.6369991      -71.7409973       7.1996415499597788E-003
           6           4  -31.6369991      -71.7409973       1.0523174350964837E-003
           6           5  -31.6369991      -71.7409973       1.1693838096107356E-003
           6           6  -31.6369991      -71.7409973       2.0933624764438719E-003
           6           7  -31.6369991      -71.7409973       4.2558670975267887E-003
           6           8  -31.6369991      -71.7409973       4.2634356068447232E-003
           6           9  -31.6369991      -71.7409973       4.2523386073298752E-003
           6          10  -31.6369991      -71.7409973       3.4520964254625142E-003
           6          11  -31.6369991      -71.7409973       9.5481756761728320E-004
           7           1  -31.6189995      -71.7409973       6.9209864013828337E-003
           7           2  -31.6189995      -71.7409973       6.8865869543515146E-003
           7           3  -31.6189995      -71.7409973       6.1114827985875309E-003
           7           4  -31.6189995      -71.7409973       5.4020931565901265E-004
           7           5  -31.6189995      -71.7409973       1.2308540381127386E-003
           7           6  -31.6189995      -71.7409973       2.5555323081789538E-003
           7           7  -31.6189995      -71.7409973       3.6792170722037554E-003
           7           8  -31.6189995      -71.7409973       3.6792170722037554E-003
           7           9  -31.6189995      -71.7409973       3.2222114678006619E-003
           7          10  -31.6189995      -71.7409973       2.5232203042833135E-003
           7          11  -31.6189995      -71.7409973       8.4875228640157729E-004
           8           1  -31.6009998      -71.7409973       6.1027999472571537E-003
           8           2  -31.6009998      -71.7409973       5.9616528742481023E-003
           8           3  -31.6009998      -71.7409973       4.9427367048338056E-003
           8           4  -31.6009998      -71.7409973       3.0252548367570853E-004
           8           5  -31.6009998      -71.7409973       1.5470228609046899E-003
           8           6  -31.6009998      -71.7409973       2.7151991071150405E-003
           8           7  -31.6009998      -71.7409973       3.0123814440230490E-003
           8           8  -31.6009998      -71.7409973       3.0123814440230490E-003
           8           9  -31.6009998      -71.7409973       3.1711915435153060E-003
           8          10  -31.6009998      -71.7409973       9.5040765882004052E-004
           8          11  -31.6009998      -71.7409973       4.2856193886109395E-004
           9           1  -31.5830002      -71.7409973       4.7332912508863956E-003
           9           2  -31.5830002      -71.7409973       5.3359134471975267E-003
           9           3  -31.5830002      -71.7409973       4.2166536950389855E-003
           9           4  -31.5830002      -71.7409973       0.0000000000000000     
           9           5  -31.5830002      -71.7409973       2.4376171422773041E-003
           9           6  -31.5830002      -71.7409973       3.1524201740467106E-003
           9           7  -31.5830002      -71.7409973       2.9038180837233085E-003
           9           8  -31.5830002      -71.7409973       3.0175831047927204E-003
           9           9  -31.5830002      -71.7409973       2.4452730522170896E-003
           9          10  -31.5830002      -71.7409973       4.1120161768049002E-004
           9          11  -31.5830002      -71.7409973       1.4826035476289690E-004
          10           1  -31.5650005      -71.7409973       3.5175957091269083E-003
          10           2  -31.5650005      -71.7409973       3.2032741655712016E-003
          10           3  -31.5650005      -71.7409973       2.9834879569534678E-003
          10           4  -31.5650005      -71.7409973       6.0088183090556413E-005
          10           5  -31.5650005      -71.7409973       2.3214307657326572E-003
          10           6  -31.5650005      -71.7409973       2.9676405947611784E-003
          10           7  -31.5650005      -71.7409973       3.1564826613248442E-003
          10           8  -31.5650005      -71.7409973       3.1564826613248442E-003
          10           9  -31.5650005      -71.7409973       2.0148301991866902E-003
          10          10  -31.5650005      -71.7409973       5.6505654356442392E-005
          10          11  -31.5650005      -71.7409973       5.6395503634121269E-005
          11           1  -31.5470009      -71.7409973       2.1337738144211471E-003
          11           2  -31.5470009      -71.7409973       1.7716111833578907E-003
          11           3  -31.5470009      -71.7409973       1.9201070172130130E-003
          11           4  -31.5470009      -71.7409973       0.0000000000000000     
          11           5  -31.5470009      -71.7409973       2.2846272840979509E-003
          11           6  -31.5470009      -71.7409973       2.0620242721633986E-003
          11           7  -31.5470009      -71.7409973       2.0671199818025343E-003
          11           8  -31.5470009      -71.7409973       2.0671199818025343E-003
          11           9  -31.5470009      -71.7409973       8.6975179146975279E-004
          11          10  -31.5470009      -71.7409973       5.2232797679607756E-004
          11          11  -31.5470009      -71.7409973       5.4247391381068155E-004
