           1           1  -31.7269993      -71.7409973       3.4525365663284902E-004
           1           2  -31.7269993      -71.7409973       1.8874138459068490E-004
           1           3  -31.7269993      -71.7409973       2.1359729453251930E-004
           1           4  -31.7269993      -71.7409973       5.5615634119021706E-004
           1           5  -31.7269993      -71.7409973       6.4923831769192475E-004
           1           6  -31.7269993      -71.7409973       6.7662058427231386E-004
           1           7  -31.7269993      -71.7409973       6.8530989619830507E-004
           1           8  -31.7269993      -71.7409973       6.0164657770656049E-004
           1           9  -31.7269993      -71.7409973       0.0000000000000000     
           1          10  -31.7269993      -71.7409973       3.8189845508895814E-004
           1          11  -31.7269993      -71.7409973       4.9795450286183041E-004
           2           1  -31.7089996      -71.7409973       5.8303499281464610E-004
           2           2  -31.7089996      -71.7409973       5.0999651284655556E-004
           2           3  -31.7089996      -71.7409973       5.1809221258736216E-004
           2           4  -31.7089996      -71.7409973       5.7412471204543181E-004
           2           5  -31.7089996      -71.7409973       6.3468174630543217E-004
           2           6  -31.7089996      -71.7409973       7.0499219873454422E-004
           2           7  -31.7089996      -71.7409973       6.2521413201466203E-004
           2           8  -31.7089996      -71.7409973       5.2125715956208296E-004
           2           9  -31.7089996      -71.7409973       2.1270471734169405E-005
           2          10  -31.7089996      -71.7409973       4.8662489280104637E-004
           2          11  -31.7089996      -71.7409973       5.9171910470467992E-004
           3           1  -31.6910000      -71.7409973       1.0000423080782639E-003
           3           2  -31.6910000      -71.7409973       6.1896409170003608E-004
           3           3  -31.6910000      -71.7409973       6.9413121008210510E-004
           3           4  -31.6910000      -71.7409973       7.7284236795094330E-004
           3           5  -31.6910000      -71.7409973       7.7284236795094330E-004
           3           6  -31.6910000      -71.7409973       7.7302354839048348E-004
           3           7  -31.6910000      -71.7409973       8.1671884277056961E-004
           3           8  -31.6910000      -71.7409973       3.1331434001913294E-004
           3           9  -31.6910000      -71.7409973       6.4117210740732844E-004
           3          10  -31.6910000      -71.7409973       7.1739191025699256E-004
           3          11  -31.6910000      -71.7409973       7.0643640037815203E-004
           4           1  -31.6730003      -71.7409973       1.1829417198896408E-003
           4           2  -31.6730003      -71.7409973       5.5467875063186511E-004
           4           3  -31.6730003      -71.7409973       8.6334711522795260E-004
           4           4  -31.6730003      -71.7409973       1.0083557426696643E-003
           4           5  -31.6730003      -71.7409973       9.9422097991919145E-004
           4           6  -31.6730003      -71.7409973       9.7974284290103242E-004
           4           7  -31.6730003      -71.7409973       8.8208493434649426E-004
           4           8  -31.6730003      -71.7409973       6.2613889895146713E-005
           4           9  -31.6730003      -71.7409973       1.0874988147406839E-003
           4          10  -31.6730003      -71.7409973       9.9365195819700602E-004
           4          11  -31.6730003      -71.7409973       1.0581025489955209E-003
           5           1  -31.6550007      -71.7409973       1.3903134167776443E-003
           5           2  -31.6550007      -71.7409973       4.3905532220378518E-004
           5           3  -31.6550007      -71.7409973       9.9543803662527353E-004
           5           4  -31.6550007      -71.7409973       1.1393683089409024E-003
           5           5  -31.6550007      -71.7409973       1.1900731769856066E-003
           5           6  -31.6550007      -71.7409973       1.1924861173611134E-003
           5           7  -31.6550007      -71.7409973       9.5542391500202939E-004
           5           8  -31.6550007      -71.7409973       0.0000000000000000     
           5           9  -31.6550007      -71.7409973       1.1944683210458606E-003
           5          10  -31.6550007      -71.7409973       1.2815515219699591E-003
           5          11  -31.6550007      -71.7409973       1.1631492088781670E-003
           6           1  -31.6369991      -71.7409973       1.3350309600355104E-003
           6           2  -31.6369991      -71.7409973       2.9885644653404597E-004
           6           3  -31.6369991      -71.7409973       1.0800957388710231E-003
           6           4  -31.6369991      -71.7409973       1.2719542428385466E-003
           6           5  -31.6369991      -71.7409973       1.2620041234185919E-003
           6           6  -31.6369991      -71.7409973       1.2607232638401911E-003
           6           7  -31.6369991      -71.7409973       9.3245807511266321E-004
           6           8  -31.6369991      -71.7409973       2.5855491685433662E-004
           6           9  -31.6369991      -71.7409973       1.2859315756941214E-003
           6          10  -31.6369991      -71.7409973       1.2983158958377317E-003
           6          11  -31.6369991      -71.7409973       1.2824559235014021E-003
           7           1  -31.6189995      -71.7409973       1.0443972787470557E-003
           7           2  -31.6189995      -71.7409973       3.8100526626294595E-004
           7           3  -31.6189995      -71.7409973       1.2119522289140150E-003
           7           4  -31.6189995      -71.7409973       1.2662907174672000E-003
           7           5  -31.6189995      -71.7409973       1.2768594460794702E-003
           7           6  -31.6189995      -71.7409973       1.3052860813331790E-003
           7           7  -31.6189995      -71.7409973       7.1444114291807637E-004
           7           8  -31.6189995      -71.7409973       4.5003330887993798E-004
           7           9  -31.6189995      -71.7409973       1.0632508056005463E-003
           7          10  -31.6189995      -71.7409973       1.2194004448247142E-003
           7          11  -31.6189995      -71.7409973       1.2030334582959767E-003
           8           1  -31.6009998      -71.7409973       7.0369608147302642E-004
           8           2  -31.6009998      -71.7409973       5.0319606270932127E-004
           8           3  -31.6009998      -71.7409973       1.1271925577602815E-003
           8           4  -31.6009998      -71.7409973       1.2343336456979159E-003
           8           5  -31.6009998      -71.7409973       1.1596107760851737E-003
           8           6  -31.6009998      -71.7409973       1.0815169189299922E-003
           8           7  -31.6009998      -71.7409973       5.6677538577787345E-004
           8           8  -31.6009998      -71.7409973       5.8728483418235555E-004
           8           9  -31.6009998      -71.7409973       1.0325323419237975E-003
           8          10  -31.6009998      -71.7409973       8.7845010784803890E-004
           8          11  -31.6009998      -71.7409973       8.7441873802163173E-004
           9           1  -31.5830002      -71.7409973       3.3900459493452217E-004
           9           2  -31.5830002      -71.7409973       6.0365866920619737E-004
           9           3  -31.5830002      -71.7409973       9.7303804432158358E-004
           9           4  -31.5830002      -71.7409973       1.0067742714454653E-003
           9           5  -31.5830002      -71.7409973       9.6467795447097160E-004
           9           6  -31.5830002      -71.7409973       9.2599977870122530E-004
           9           7  -31.5830002      -71.7409973       4.4816825902671553E-004
           9           8  -31.5830002      -71.7409973       4.8768330452730879E-004
           9           9  -31.5830002      -71.7409973       6.9850657382630743E-004
           9          10  -31.5830002      -71.7409973       6.9850657382630743E-004
           9          11  -31.5830002      -71.7409973       7.5331687366997357E-004
          10           1  -31.5650005      -71.7409973       4.4869673729408532E-005
          10           2  -31.5650005      -71.7409973       5.8940429698850494E-004
          10           3  -31.5650005      -71.7409973       7.3789797170320526E-004
          10           4  -31.5650005      -71.7409973       8.5039945406606421E-004
          10           5  -31.5650005      -71.7409973       7.2060144157148898E-004
          10           6  -31.5650005      -71.7409973       8.0252826228388585E-004
          10           7  -31.5650005      -71.7409973       3.9381294482154772E-004
          10           8  -31.5650005      -71.7409973       2.1327666763681918E-004
          10           9  -31.5650005      -71.7409973       3.5997586746816523E-004
          10          10  -31.5650005      -71.7409973       4.3626972001220565E-004
          10          11  -31.5650005      -71.7409973       5.1201530823163921E-004
          11           1  -31.5470009      -71.7409973       9.5643415988888592E-005
          11           2  -31.5470009      -71.7409973       4.1476277510810178E-004
          11           3  -31.5470009      -71.7409973       5.0149552407674491E-004
          11           4  -31.5470009      -71.7409973       6.4730760641396046E-004
          11           5  -31.5470009      -71.7409973       5.9624886489473283E-004
          11           6  -31.5470009      -71.7409973       4.1873816326187807E-004
          11           7  -31.5470009      -71.7409973       3.0636072551715188E-004
          11           8  -31.5470009      -71.7409973       1.0585370546323247E-004
          11           9  -31.5470009      -71.7409973       2.7227238751947880E-004
          11          10  -31.5470009      -71.7409973       4.8290788345184410E-004
          11          11  -31.5470009      -71.7409973       5.0618907152966131E-004
