           1           1  -31.7269993      -71.7409973       1.2152655945101287E-003
           1           2  -31.7269993      -71.7409973       7.7212305222928990E-004
           1           3  -31.7269993      -71.7409973       1.0023755130532663E-003
           1           4  -31.7269993      -71.7409973       8.7287939095403999E-004
           1           5  -31.7269993      -71.7409973       5.3547151037491858E-004
           1           6  -31.7269993      -71.7409973       1.7733335407683626E-003
           1           7  -31.7269993      -71.7409973       1.9667902088258415E-003
           1           8  -31.7269993      -71.7409973       1.9667902088258415E-003
           1           9  -31.7269993      -71.7409973       1.9002144981641322E-003
           1          10  -31.7269993      -71.7409973       1.2055793631589040E-003
           1          11  -31.7269993      -71.7409973       3.8051358205848373E-004
           2           1  -31.7089996      -71.7409973       1.2056427949573845E-003
           2           2  -31.7089996      -71.7409973       1.4019924710737541E-003
           2           3  -31.7089996      -71.7409973       1.3886478700442240E-003
           2           4  -31.7089996      -71.7409973       1.0260486888000742E-003
           2           5  -31.7089996      -71.7409973       1.1813285018433817E-003
           2           6  -31.7089996      -71.7409973       2.5627513750805520E-003
           2           7  -31.7089996      -71.7409973       2.3555552979814820E-003
           2           8  -31.7089996      -71.7409973       2.3555552979814820E-003
           2           9  -31.7089996      -71.7409973       2.3689837471465580E-003
           2          10  -31.7089996      -71.7409973       6.6969568433705717E-004
           2          11  -31.7089996      -71.7409973       1.0929594245681074E-003
           3           1  -31.6910000      -71.7409973       1.4731171177118085E-003
           3           2  -31.6910000      -71.7409973       1.2466403204598464E-003
           3           3  -31.6910000      -71.7409973       1.4731171177118085E-003
           3           4  -31.6910000      -71.7409973       1.0123415268026292E-003
           3           5  -31.6910000      -71.7409973       2.9499510128516704E-003
           3           6  -31.6910000      -71.7409973       3.2432903717563022E-003
           3           7  -31.6910000      -71.7409973       3.5325038334121928E-003
           3           8  -31.6910000      -71.7409973       3.4413194516673684E-003
           3           9  -31.6910000      -71.7409973       2.7083432069048285E-003
           3          10  -31.6910000      -71.7409973       0.0000000000000000     
           3          11  -31.6910000      -71.7409973       5.6143109395634383E-004
           4           1  -31.6730003      -71.7409973       1.3559217477450147E-003
           4           2  -31.6730003      -71.7409973       1.3656808587256819E-003
           4           3  -31.6730003      -71.7409973       1.3631522888317704E-003
           4           4  -31.6730003      -71.7409973       1.1236310456297360E-003
           4           5  -31.6730003      -71.7409973       4.0687512664590031E-003
           4           6  -31.6730003      -71.7409973       4.1246064211009070E-003
           4           7  -31.6730003      -71.7409973       4.1480228828731924E-003
           4           8  -31.6730003      -71.7409973       4.1480228828731924E-003
           4           9  -31.6730003      -71.7409973       2.9394010562100448E-003
           4          10  -31.6730003      -71.7409973       0.0000000000000000     
           4          11  -31.6730003      -71.7409973       4.3080899376946036E-004
           5           1  -31.6550007      -71.7409973       1.4179610807332210E-003
           5           2  -31.6550007      -71.7409973       1.3992103413329460E-003
           5           3  -31.6550007      -71.7409973       1.4076240695430897E-003
           5           4  -31.6550007      -71.7409973       1.0454153889440931E-003
           5           5  -31.6550007      -71.7409973       4.7305059852078557E-003
           5           6  -31.6550007      -71.7409973       4.7118848306126893E-003
           5           7  -31.6550007      -71.7409973       4.7305059852078557E-003
           5           8  -31.6550007      -71.7409973       4.5890373294241726E-003
           5           9  -31.6550007      -71.7409973       2.5361534790135920E-003
           5          10  -31.6550007      -71.7409973       5.5739155959599884E-004
           5          11  -31.6550007      -71.7409973       4.7686318885098444E-004
           6           1  -31.6369991      -71.7409973       1.3545574765885249E-003
           6           2  -31.6369991      -71.7409973       1.3554481847677380E-003
           6           3  -31.6369991      -71.7409973       1.3635195500683039E-003
           6           4  -31.6369991      -71.7409973       1.4253826448111795E-003
           6           5  -31.6369991      -71.7409973       4.6739482204429805E-003
           6           6  -31.6369991      -71.7409973       4.6693260665051639E-003
           6           7  -31.6369991      -71.7409973       4.6739482204429805E-003
           6           8  -31.6369991      -71.7409973       4.6953990240581334E-003
           6           9  -31.6369991      -71.7409973       2.0586145255947486E-003
           6          10  -31.6369991      -71.7409973       8.4259318555268692E-004
           6          11  -31.6369991      -71.7409973       8.1071616023109527E-004
           7           1  -31.6189995      -71.7409973       1.2506432976806536E-003
           7           2  -31.6189995      -71.7409973       1.2407523026922718E-003
           7           3  -31.6189995      -71.7409973       1.2372628843877465E-003
           7           4  -31.6189995      -71.7409973       2.1976224088575691E-003
           7           5  -31.6189995      -71.7409973       4.4951390591450036E-003
           7           6  -31.6189995      -71.7409973       4.6294626081362367E-003
           7           7  -31.6189995      -71.7409973       4.4382874621078372E-003
           7           8  -31.6189995      -71.7409973       4.4218703988008201E-003
           7           9  -31.6189995      -71.7409973       1.5203034763544565E-003
           7          10  -31.6189995      -71.7409973       9.1416348732309416E-004
           7          11  -31.6189995      -71.7409973       1.3254784571472555E-003
           8           1  -31.6009998      -71.7409973       1.1543184664333239E-003
           8           2  -31.6009998      -71.7409973       1.1649220832623541E-003
           8           3  -31.6009998      -71.7409973       1.1514433717820793E-003
           8           4  -31.6009998      -71.7409973       2.6781186170410365E-003
           8           5  -31.6009998      -71.7409973       3.9623269913136028E-003
           8           6  -31.6009998      -71.7409973       3.4866154892370105E-003
           8           7  -31.6009998      -71.7409973       3.9623269913136028E-003
           8           8  -31.6009998      -71.7409973       3.8515934138558805E-003
           8           9  -31.6009998      -71.7409973       1.4309777936603041E-003
           8          10  -31.6009998      -71.7409973       9.0795640107899089E-004
           8          11  -31.6009998      -71.7409973       1.9372104334252072E-003
           9           1  -31.5830002      -71.7409973       1.0176575597142801E-003
           9           2  -31.5830002      -71.7409973       1.1177151027368382E-003
           9           3  -31.5830002      -71.7409973       1.0176575597142801E-003
           9           4  -31.5830002      -71.7409973       2.3708114167675376E-003
           9           5  -31.5830002      -71.7409973       3.0071282526478171E-003
           9           6  -31.5830002      -71.7409973       3.0603314953623340E-003
           9           7  -31.5830002      -71.7409973       3.0877803947078064E-003
           9           8  -31.5830002      -71.7409973       3.1370980432257056E-003
           9           9  -31.5830002      -71.7409973       8.0400520528201014E-004
           9          10  -31.5830002      -71.7409973       1.2865612952737138E-003
           9          11  -31.5830002      -71.7409973       2.3670772243349347E-003
          10           1  -31.5650005      -71.7409973       8.4155797776475083E-004
          10           2  -31.5650005      -71.7409973       8.0947458081936929E-004
          10           3  -31.5650005      -71.7409973       6.7541240423452109E-004
          10           4  -31.5650005      -71.7409973       1.6646014992147684E-003
          10           5  -31.5650005      -71.7409973       1.8885681492974982E-003
          10           6  -31.5650005      -71.7409973       2.6893011720119375E-003
          10           7  -31.5650005      -71.7409973       2.2961319602643471E-003
          10           8  -31.5650005      -71.7409973       2.2961319602643471E-003
          10           9  -31.5650005      -71.7409973       5.7584897149354219E-004
          10          10  -31.5650005      -71.7409973       1.2919768851133995E-003
          10          11  -31.5650005      -71.7409973       2.2525194749505317E-003
          11           1  -31.5470009      -71.7409973       5.1056082884315401E-004
          11           2  -31.5470009      -71.7409973       3.8348124508047476E-004
          11           3  -31.5470009      -71.7409973       6.0285971130724647E-004
          11           4  -31.5470009      -71.7409973       1.0999777878168970E-003
          11           5  -31.5470009      -71.7409973       1.4380908978637308E-003
          11           6  -31.5470009      -71.7409973       1.2397591053741053E-003
          11           7  -31.5470009      -71.7409973       1.3894418952986598E-003
          11           8  -31.5470009      -71.7409973       1.3894418952986598E-003
          11           9  -31.5470009      -71.7409973       5.0265946629224345E-004
          11          10  -31.5470009      -71.7409973       1.3965486068627797E-003
          11          11  -31.5470009      -71.7409973       1.5680268916185014E-003
