           1           1  -31.7269993      -71.7409973       1.9667902088258415E-003
           1           2  -31.7269993      -71.7409973       1.8496860575396568E-003
           1           3  -31.7269993      -71.7409973       1.8304527584405150E-003
           1           4  -31.7269993      -71.7409973       3.5067911517216999E-004
           1           5  -31.7269993      -71.7409973       1.1238513980060816E-003
           1           6  -31.7269993      -71.7409973       8.8059476365742739E-004
           1           7  -31.7269993      -71.7409973       1.1811869044322520E-003
           1           8  -31.7269993      -71.7409973       1.1390068666514708E-003
           1           9  -31.7269993      -71.7409973       9.7033601377916057E-004
           1          10  -31.7269993      -71.7409973       9.7033601377916057E-004
           1          11  -31.7269993      -71.7409973       1.2297316675358161E-004
           2           1  -31.7089996      -71.7409973       2.3555552979814820E-003
           2           2  -31.7089996      -71.7409973       2.8035963478032500E-003
           2           3  -31.7089996      -71.7409973       1.8517636890464928E-003
           2           4  -31.7089996      -71.7409973       2.8325801395112649E-005
           2           5  -31.7089996      -71.7409973       1.6738230569899315E-003
           2           6  -31.7089996      -71.7409973       1.2385094159981236E-003
           2           7  -31.7089996      -71.7409973       1.2704922573902877E-003
           2           8  -31.7089996      -71.7409973       1.2704922573902877E-003
           2           9  -31.7089996      -71.7409973       1.0346917697461322E-003
           2          10  -31.7089996      -71.7409973       3.8700932323365578E-004
           2          11  -31.7089996      -71.7409973       0.0000000000000000     
           3           1  -31.6910000      -71.7409973       3.5325038334121928E-003
           3           2  -31.6910000      -71.7409973       3.3470431008026935E-003
           3           3  -31.6910000      -71.7409973       1.6589444239798468E-003
           3           4  -31.6910000      -71.7409973       2.2840896053821780E-004
           3           5  -31.6910000      -71.7409973       1.5498564243898727E-003
           3           6  -31.6910000      -71.7409973       1.7575330421095714E-003
           3           7  -31.6910000      -71.7409973       2.0967305899830535E-003
           3           8  -31.6910000      -71.7409973       1.9939605026593199E-003
           3           9  -31.6910000      -71.7409973       1.7093834467232227E-003
           3          10  -31.6910000      -71.7409973       1.6024434444261715E-004
           3          11  -31.6910000      -71.7409973       1.4929012104403228E-004
           4           1  -31.6730003      -71.7409973       4.1480228828731924E-003
           4           2  -31.6730003      -71.7409973       4.0779695700621232E-003
           4           3  -31.6730003      -71.7409973       6.0677715009660460E-004
           4           4  -31.6730003      -71.7409973       0.0000000000000000     
           4           5  -31.6730003      -71.7409973       2.0145289454376325E-003
           4           6  -31.6730003      -71.7409973       2.6267799457855290E-003
           4           7  -31.6730003      -71.7409973       2.6849640053114854E-003
           4           8  -31.6730003      -71.7409973       2.6849640053114854E-003
           4           9  -31.6730003      -71.7409973       2.4816463610477513E-003
           4          10  -31.6730003      -71.7409973       4.5695021390201873E-004
           4          11  -31.6730003      -71.7409973       5.1866022977264947E-004
           5           1  -31.6550007      -71.7409973       4.7305059852078557E-003
           5           2  -31.6550007      -71.7409973       4.1383057832717896E-003
           5           3  -31.6550007      -71.7409973       2.7982446454188903E-004
           5           4  -31.6550007      -71.7409973       4.9050558027374791E-004
           5           5  -31.6550007      -71.7409973       2.5600914086680859E-003
           5           6  -31.6550007      -71.7409973       3.3610287937335670E-003
           5           7  -31.6550007      -71.7409973       3.3420888939872384E-003
           5           8  -31.6550007      -71.7409973       3.1627791468054056E-003
           5           9  -31.6550007      -71.7409973       2.2264498529693810E-003
           5          10  -31.6550007      -71.7409973       7.0921700898907147E-004
           5          11  -31.6550007      -71.7409973       6.0168993877596222E-004
           6           1  -31.6369991      -71.7409973       4.6739482204429805E-003
           6           2  -31.6369991      -71.7409973       3.9060206618160009E-003
           6           3  -31.6369991      -71.7409973       4.4601013223655173E-004
           6           4  -31.6369991      -71.7409973       8.8505124585935846E-004
           6           5  -31.6369991      -71.7409973       2.6334863214287907E-003
           6           6  -31.6369991      -71.7409973       3.1795374816283584E-003
           6           7  -31.6369991      -71.7409973       3.1853248947300017E-003
           6           8  -31.6369991      -71.7409973       3.1523437355645001E-003
           6           9  -31.6369991      -71.7409973       1.6955420724116266E-003
           6          10  -31.6369991      -71.7409973       7.2813316633357772E-004
           6          11  -31.6369991      -71.7409973       7.0155885191525158E-004
           7           1  -31.6189995      -71.7409973       4.4382874621078372E-003
           7           2  -31.6189995      -71.7409973       3.4103748912457377E-003
           7           3  -31.6189995      -71.7409973       6.8865215598634677E-004
           7           4  -31.6189995      -71.7409973       8.5888145486023859E-004
           7           5  -31.6189995      -71.7409973       2.7889871853403747E-003
           7           6  -31.6189995      -71.7409973       2.9361365595832467E-003
           7           7  -31.6189995      -71.7409973       2.7537445421330631E-003
           7           8  -31.6189995      -71.7409973       2.7537445421330631E-003
           7           9  -31.6189995      -71.7409973       5.5619870545342565E-004
           7          10  -31.6189995      -71.7409973       6.4287762870662846E-004
           7          11  -31.6189995      -71.7409973       6.2696871464140713E-004
           8           1  -31.6009998      -71.7409973       3.9623269913136028E-003
           8           2  -31.6009998      -71.7409973       2.7836087319883518E-003
           8           3  -31.6009998      -71.7409973       5.1863684348063543E-004
           8           4  -31.6009998      -71.7409973       1.3420057402981911E-003
           8           5  -31.6009998      -71.7409973       2.3086438995960634E-003
           8           6  -31.6009998      -71.7409973       2.1182708187552635E-003
           8           7  -31.6009998      -71.7409973       2.3086438995960634E-003
           8           8  -31.6009998      -71.7409973       2.3063019871187862E-003
           8           9  -31.6009998      -71.7409973       4.3040450600528857E-004
           8          10  -31.6009998      -71.7409973       2.8783893139916472E-004
           8          11  -31.6009998      -71.7409973       3.0940786155042588E-004
           9           1  -31.5830002      -71.7409973       3.0877803947078064E-003
           9           2  -31.5830002      -71.7409973       2.5809070386628719E-003
           9           3  -31.5830002      -71.7409973       7.8749693784629926E-005
           9           4  -31.5830002      -71.7409973       2.0777424833795521E-003
           9           5  -31.5830002      -71.7409973       2.3540776419395115E-003
           9           6  -31.5830002      -71.7409973       2.3858311069488991E-003
           9           7  -31.5830002      -71.7409973       2.2110272839199752E-003
           9           8  -31.5830002      -71.7409973       1.4582817466362030E-003
           9           9  -31.5830002      -71.7409973       8.2894504885189235E-005
           9          10  -31.5830002      -71.7409973       8.2894504885189235E-005
           9          11  -31.5830002      -71.7409973       1.5077013858899591E-004
          10           1  -31.5650005      -71.7409973       2.2961319602643471E-003
          10           2  -31.5650005      -71.7409973       1.7950981782632880E-003
          10           3  -31.5650005      -71.7409973       1.5211318168439902E-004
          10           4  -31.5650005      -71.7409973       2.3336752951763629E-003
          10           5  -31.5650005      -71.7409973       2.0524377709989494E-003
          10           6  -31.5650005      -71.7409973       2.2237380035221577E-003
          10           7  -31.5650005      -71.7409973       2.3446123873327451E-003
          10           8  -31.5650005      -71.7409973       7.8076983299979474E-004
          10           9  -31.5650005      -71.7409973       0.0000000000000000     
          10          10  -31.5650005      -71.7409973       0.0000000000000000     
          10          11  -31.5650005      -71.7409973       0.0000000000000000     
          11           1  -31.5470009      -71.7409973       1.3894418952986598E-003
          11           2  -31.5470009      -71.7409973       1.1277823214186355E-003
          11           3  -31.5470009      -71.7409973       3.6835172795690596E-004
          11           4  -31.5470009      -71.7409973       1.7676263778412249E-003
          11           5  -31.5470009      -71.7409973       1.7538814718136564E-003
          11           6  -31.5470009      -71.7409973       1.5802026209712494E-003
          11           7  -31.5470009      -71.7409973       1.5796343068359420E-003
          11           8  -31.5470009      -71.7409973       5.8863257436314598E-004
          11           9  -31.5470009      -71.7409973       2.7182832309335936E-004
          11          10  -31.5470009      -71.7409973       0.0000000000000000     
          11          11  -31.5470009      -71.7409973       3.2898394965741318E-004
