           1           1  -31.7269993      -71.7409973       5.1053102288278751E-003
           1           2  -31.7269993      -71.7409973       3.7013270775787532E-003
           1           3  -31.7269993      -71.7409973       5.8280980447307229E-003
           1           4  -31.7269993      -71.7409973       9.3254498788155615E-003
           1           5  -31.7269993      -71.7409973       7.3157938313670456E-003
           1           6  -31.7269993      -71.7409973       4.2469485197216272E-003
           1           7  -31.7269993      -71.7409973       3.3074601087719202E-003
           1           8  -31.7269993      -71.7409973       5.4639692243654281E-003
           1           9  -31.7269993      -71.7409973       6.3950957264751196E-003
           1          10  -31.7269993      -71.7409973       6.3950957264751196E-003
           1          11  -31.7269993      -71.7409973       6.2628032756038010E-003
           2           1  -31.7089996      -71.7409973       2.0964978248230182E-003
           2           2  -31.7089996      -71.7409973       7.2415650938637555E-003
           2           3  -31.7089996      -71.7409973       1.0032202641014010E-002
           2           4  -31.7089996      -71.7409973       9.7541339928284287E-003
           2           5  -31.7089996      -71.7409973       9.9480241187848151E-003
           2           6  -31.7089996      -71.7409973       1.0400394734460860E-002
           2           7  -31.7089996      -71.7409973       2.7755098417401314E-003
           2           8  -31.7089996      -71.7409973       6.3126448876573704E-003
           2           9  -31.7089996      -71.7409973       6.2986855627968907E-003
           2          10  -31.7089996      -71.7409973       7.3928286510636099E-003
           2          11  -31.7089996      -71.7409973       7.6292206649668515E-003
           3           1  -31.6910000      -71.7409973       0.0000000000000000     
           3           2  -31.6910000      -71.7409973       7.6744707548641600E-003
           3           3  -31.6910000      -71.7409973       1.8043852469418198E-002
           3           4  -31.6910000      -71.7409973       1.5432411979418248E-002
           3           5  -31.6910000      -71.7409973       1.5432411979418248E-002
           3           6  -31.6910000      -71.7409973       1.5501860179938376E-002
           3           7  -31.6910000      -71.7409973       4.3326665472704917E-003
           3           8  -31.6910000      -71.7409973       7.9567265929654241E-003
           3           9  -31.6910000      -71.7409973       7.9567265929654241E-003
           3          10  -31.6910000      -71.7409973       7.9567265929654241E-003
           3          11  -31.6910000      -71.7409973       7.4867515941150486E-003
           4           1  -31.6730003      -71.7409973       0.0000000000000000     
           4           2  -31.6730003      -71.7409973       1.1234871748456499E-002
           4           3  -31.6730003      -71.7409973       2.3018099484033883E-002
           4           4  -31.6730003      -71.7409973       2.2459708881797269E-002
           4           5  -31.6730003      -71.7409973       2.2359964787028730E-002
           4           6  -31.6730003      -71.7409973       2.1909487724769861E-002
           4           7  -31.6730003      -71.7409973       6.8470634287223220E-003
           4           8  -31.6730003      -71.7409973       8.8622941402718425E-003
           4           9  -31.6730003      -71.7409973       9.4458933454006910E-003
           4          10  -31.6730003      -71.7409973       8.7843007640913129E-003
           4          11  -31.6730003      -71.7409973       9.0141854598186910E-003
           5           1  -31.6550007      -71.7409973       0.0000000000000000     
           5           2  -31.6550007      -71.7409973       1.1936396302189678E-002
           5           3  -31.6550007      -71.7409973       2.5666191708296537E-002
           5           4  -31.6550007      -71.7409973       2.5008057011291385E-002
           5           5  -31.6550007      -71.7409973       2.6926640421152115E-002
           5           6  -31.6550007      -71.7409973       2.5623322115279734E-002
           5           7  -31.6550007      -71.7409973       9.0851855347864330E-003
           5           8  -31.6550007      -71.7409973       1.0381127940490842E-002
           5           9  -31.6550007      -71.7409973       1.0186177096329629E-002
           5          10  -31.6550007      -71.7409973       1.0561420232988894E-002
           5          11  -31.6550007      -71.7409973       9.8236178746446967E-003
           6           1  -31.6369991      -71.7409973       0.0000000000000000     
           6           2  -31.6369991      -71.7409973       1.6473893774673343E-002
           6           3  -31.6369991      -71.7409973       2.5852527003735304E-002
           6           4  -31.6369991      -71.7409973       2.5752565357834101E-002
           6           5  -31.6369991      -71.7409973       2.5828533805906773E-002
           6           6  -31.6369991      -71.7409973       2.1275778533890843E-002
           6           7  -31.6369991      -71.7409973       1.0389758652308956E-002
           6           8  -31.6369991      -71.7409973       1.2084477930329740E-002
           6           9  -31.6369991      -71.7409973       1.1482492787763476E-002
           6          10  -31.6369991      -71.7409973       1.1899708653800189E-002
           6          11  -31.6369991      -71.7409973       1.0885750292800367E-002
           7           1  -31.6189995      -71.7409973       4.0858094798750244E-003
           7           2  -31.6189995      -71.7409973       1.8769675574731082E-002
           7           3  -31.6189995      -71.7409973       2.2464256733655930E-002
           7           4  -31.6189995      -71.7409973       2.3014355450868607E-002
           7           5  -31.6189995      -71.7409973       2.3722634883597493E-002
           7           6  -31.6189995      -71.7409973       1.8116266233846545E-002
           7           7  -31.6189995      -71.7409973       1.1674422523356043E-002
           7           8  -31.6189995      -71.7409973       1.2810594664188102E-002
           7           9  -31.6189995      -71.7409973       1.2325119139859453E-002
           7          10  -31.6189995      -71.7409973       1.2810594664188102E-002
           7          11  -31.6189995      -71.7409973       1.1392386513762176E-002
           8           1  -31.6009998      -71.7409973       8.9657593271113001E-003
           8           2  -31.6009998      -71.7409973       1.7127446270023938E-002
           8           3  -31.6009998      -71.7409973       1.8041776864265557E-002
           8           4  -31.6009998      -71.7409973       2.1887455390242394E-002
           8           5  -31.6009998      -71.7409973       1.9432583729212638E-002
           8           6  -31.6009998      -71.7409973       7.6321224332787097E-003
           8           7  -31.6009998      -71.7409973       1.1573714436963201E-002
           8           8  -31.6009998      -71.7409973       1.2340883578872308E-002
           8           9  -31.6009998      -71.7409973       1.2464595944038592E-002
           8          10  -31.6009998      -71.7409973       1.1984798809862696E-002
           8          11  -31.6009998      -71.7409973       9.2436306294985116E-003
           9           1  -31.5830002      -71.7409973       1.1170606907398906E-002
           9           2  -31.5830002      -71.7409973       1.3835693243891001E-002
           9           3  -31.5830002      -71.7409973       1.4725122367963195E-002
           9           4  -31.5830002      -71.7409973       1.5795129234902561E-002
           9           5  -31.5830002      -71.7409973       1.4578880392946303E-002
           9           6  -31.5830002      -71.7409973       3.6176374414935708E-003
           9           7  -31.5830002      -71.7409973       1.0267406719322025E-002
           9           8  -31.5830002      -71.7409973       1.0816908266860992E-002
           9           9  -31.5830002      -71.7409973       1.0816908266860992E-002
           9          10  -31.5830002      -71.7409973       1.0816908266860992E-002
           9          11  -31.5830002      -71.7409973       8.7718621070962399E-003
          10           1  -31.5650005      -71.7409973       1.1496526793052908E-002
          10           2  -31.5650005      -71.7409973       1.0983233980368823E-002
          10           3  -31.5650005      -71.7409973       1.0774821392260492E-002
          10           4  -31.5650005      -71.7409973       1.2629302189452574E-002
          10           5  -31.5650005      -71.7409973       9.1412049951031804E-003
          10           6  -31.5650005      -71.7409973       2.9362346031120978E-003
          10           7  -31.5650005      -71.7409973       8.4895693580619991E-003
          10           8  -31.5650005      -71.7409973       8.4895693580619991E-003
          10           9  -31.5650005      -71.7409973       7.5713152764365077E-003
          10          10  -31.5650005      -71.7409973       8.7088453001342714E-003
          10          11  -31.5650005      -71.7409973       5.9556917694862932E-003
          11           1  -31.5470009      -71.7409973       9.2182802618481219E-003
          11           2  -31.5470009      -71.7409973       1.0318907501641661E-002
          11           3  -31.5470009      -71.7409973       9.7796144546009600E-003
          11           4  -31.5470009      -71.7409973       9.7512001520954072E-003
          11           5  -31.5470009      -71.7409973       2.9480852244887501E-003
          11           6  -31.5470009      -71.7409973       2.8390050283633173E-004
          11           7  -31.5470009      -71.7409973       5.4884515993762761E-003
          11           8  -31.5470009      -71.7409973       5.4884515993762761E-003
          11           9  -31.5470009      -71.7409973       4.8125121975317597E-003
          11          10  -31.5470009      -71.7409973       4.8125121975317597E-003
          11          11  -31.5470009      -71.7409973       4.3732934282161295E-003
