           1           1  -31.7269993      -71.7409973       3.7017033901065588E-003
           1           2  -31.7269993      -71.7409973       1.6165134729817510E-004
           1           3  -31.7269993      -71.7409973       0.0000000000000000     
           1           4  -31.7269993      -71.7409973       7.8470143198501319E-003
           1           5  -31.7269993      -71.7409973       8.8230782421305776E-003
           1           6  -31.7269993      -71.7409973       8.0098258331418037E-003
           1           7  -31.7269993      -71.7409973       9.1369291767477989E-003
           1           8  -31.7269993      -71.7409973       7.8327257651835680E-003
           1           9  -31.7269993      -71.7409973       3.1928076059557498E-003
           1          10  -31.7269993      -71.7409973       1.6997664388327394E-003
           1          11  -31.7269993      -71.7409973       1.8909533246187493E-003
           2           1  -31.7089996      -71.7409973       7.1920830523595214E-003
           2           2  -31.7089996      -71.7409973       8.3235320635139942E-003
           2           3  -31.7089996      -71.7409973       6.0110920458100736E-003
           2           4  -31.7089996      -71.7409973       9.4367517158389091E-003
           2           5  -31.7089996      -71.7409973       1.2230595370056108E-002
           2           6  -31.7089996      -71.7409973       1.0858655703486875E-002
           2           7  -31.7089996      -71.7409973       1.0962973145069554E-002
           2           8  -31.7089996      -71.7409973       8.1081785028800368E-003
           2           9  -31.7089996      -71.7409973       2.0179519196972251E-003
           2          10  -31.7089996      -71.7409973       3.8242399023147300E-003
           2          11  -31.7089996      -71.7409973       3.8789983664173633E-003
           3           1  -31.6910000      -71.7409973       1.3199451903346926E-002
           3           2  -31.6910000      -71.7409973       1.0349069663789123E-002
           3           3  -31.6910000      -71.7409973       1.2696110759861767E-002
           3           4  -31.6910000      -71.7409973       1.3437154935672879E-002
           3           5  -31.6910000      -71.7409973       1.3437154935672879E-002
           3           6  -31.6910000      -71.7409973       1.2919622357003391E-002
           3           7  -31.6910000      -71.7409973       1.4343382208608091E-002
           3           8  -31.6910000      -71.7409973       9.5443032332696021E-003
           3           9  -31.6910000      -71.7409973       0.0000000000000000     
           3          10  -31.6910000      -71.7409973       3.8354534535756102E-003
           3          11  -31.6910000      -71.7409973       5.0828620442189276E-003
           4           1  -31.6730003      -71.7409973       1.2389884534059092E-002
           4           2  -31.6730003      -71.7409973       1.2531493382994086E-002
           4           3  -31.6730003      -71.7409973       1.1834375211037695E-002
           4           4  -31.6730003      -71.7409973       1.3986933743581176E-002
           4           5  -31.6730003      -71.7409973       1.4094894751906395E-002
           4           6  -31.6730003      -71.7409973       1.4222179073840380E-002
           4           7  -31.6730003      -71.7409973       1.4094894751906395E-002
           4           8  -31.6730003      -71.7409973       1.0847561352420598E-002
           4           9  -31.6730003      -71.7409973       1.2400310079101473E-003
           4          10  -31.6730003      -71.7409973       4.6525771103915758E-003
           4          11  -31.6730003      -71.7409973       7.9219781655410770E-003
           5           1  -31.6550007      -71.7409973       1.2807175749912858E-002
           5           2  -31.6550007      -71.7409973       1.1718554073013365E-002
           5           3  -31.6550007      -71.7409973       1.1844605847727507E-002
           5           4  -31.6550007      -71.7409973       1.4689953182823956E-002
           5           5  -31.6550007      -71.7409973       1.4957900973968208E-002
           5           6  -31.6550007      -71.7409973       1.4924186398275197E-002
           5           7  -31.6550007      -71.7409973       1.3791799778118730E-002
           5           8  -31.6550007      -71.7409973       1.1309165973216295E-002
           5           9  -31.6550007      -71.7409973       2.4209558905567974E-003
           5          10  -31.6550007      -71.7409973       6.5344564500264823E-003
           5          11  -31.6550007      -71.7409973       8.6043553310446441E-003
           6           1  -31.6369991      -71.7409973       1.2292773695662618E-002
           6           2  -31.6369991      -71.7409973       1.2207941850647330E-002
           6           3  -31.6369991      -71.7409973       1.2494569411501288E-002
           6           4  -31.6369991      -71.7409973       1.4811754226684570E-002
           6           5  -31.6369991      -71.7409973       1.4852119609713554E-002
           6           6  -31.6369991      -71.7409973       1.4845161000266671E-002
           6           7  -31.6369991      -71.7409973       1.4348921482451260E-002
           6           8  -31.6369991      -71.7409973       1.1384439305402339E-002
           6           9  -31.6369991      -71.7409973       3.6837915540672839E-003
           6          10  -31.6369991      -71.7409973       8.4846317768096924E-003
           6          11  -31.6369991      -71.7409973       9.4844755949452519E-003
           7           1  -31.6189995      -71.7409973       1.2251624022610486E-002
           7           2  -31.6189995      -71.7409973       1.2326415395364165E-002
           7           3  -31.6189995      -71.7409973       1.2697717582341284E-002
           7           4  -31.6189995      -71.7409973       1.4263181714341044E-002
           7           5  -31.6189995      -71.7409973       1.4440157567150891E-002
           7           6  -31.6189995      -71.7409973       1.4553104760125279E-002
           7           7  -31.6189995      -71.7409973       1.4450300368480384E-002
           7           8  -31.6189995      -71.7409973       1.0087345144711435E-002
           7           9  -31.6189995      -71.7409973       2.6575985611998476E-003
           7          10  -31.6189995      -71.7409973       8.3260198589414358E-003
           7          11  -31.6189995      -71.7409973       8.3970372215844691E-003
           8           1  -31.6009998      -71.7409973       1.1938346986426041E-002
           8           2  -31.6009998      -71.7409973       1.1549387243576348E-002
           8           3  -31.6009998      -71.7409973       1.2172086964710616E-002
           8           4  -31.6009998      -71.7409973       1.4669880911242217E-002
           8           5  -31.6009998      -71.7409973       1.4395768055692315E-002
           8           6  -31.6009998      -71.7409973       1.4248581836000085E-002
           8           7  -31.6009998      -71.7409973       1.4307153178378940E-002
           8           8  -31.6009998      -71.7409973       6.4593010320095345E-003
           8           9  -31.6009998      -71.7409973       2.7354844060027972E-003
           8          10  -31.6009998      -71.7409973       6.2871131085557863E-003
           8          11  -31.6009998      -71.7409973       5.4253128764685243E-003
           9           1  -31.5830002      -71.7409973       9.5065205823630095E-003
           9           2  -31.5830002      -71.7409973       1.1034908256988274E-002
           9           3  -31.5830002      -71.7409973       8.7779541499912739E-003
           9           4  -31.5830002      -71.7409973       1.3989163038786501E-002
           9           5  -31.5830002      -71.7409973       1.3802018889691681E-002
           9           6  -31.5830002      -71.7409973       1.4835840556770563E-002
           9           7  -31.5830002      -71.7409973       1.3377312687225640E-002
           9           8  -31.5830002      -71.7409973       1.6745390603318810E-003
           9           9  -31.5830002      -71.7409973       7.0602457708446309E-003
           9          10  -31.5830002      -71.7409973       7.0602457708446309E-003
           9          11  -31.5830002      -71.7409973       7.4017620645463467E-003
          10           1  -31.5650005      -71.7409973       6.3860696973279119E-003
          10           2  -31.5650005      -71.7409973       5.3883580112596974E-003
          10           3  -31.5650005      -71.7409973       8.1367793027311563E-003
          10           4  -31.5650005      -71.7409973       1.3526549082598649E-002
          10           5  -31.5650005      -71.7409973       9.9013018771074712E-003
          10           6  -31.5650005      -71.7409973       1.4428794835112058E-002
          10           7  -31.5650005      -71.7409973       1.1565417516976595E-002
          10           8  -31.5650005      -71.7409973       0.0000000000000000     
          10           9  -31.5650005      -71.7409973       7.1596477573621087E-003
          10          10  -31.5650005      -71.7409973       7.3166709771612659E-003
          10          11  -31.5650005      -71.7409973       7.4701226694742218E-003
          11           1  -31.5470009      -71.7409973       1.2540950665425044E-003
          11           2  -31.5470009      -71.7409973       1.9299670966574922E-003
          11           3  -31.5470009      -71.7409973       4.7114253975450993E-003
          11           4  -31.5470009      -71.7409973       9.7312807338312268E-003
          11           5  -31.5470009      -71.7409973       8.9327902533113956E-003
          11           6  -31.5470009      -71.7409973       7.2327848174609244E-003
          11           7  -31.5470009      -71.7409973       7.3105642659356818E-003
          11           8  -31.5470009      -71.7409973       0.0000000000000000     
          11           9  -31.5470009      -71.7409973       4.3386924662627280E-003
          11          10  -31.5470009      -71.7409973       4.3386924662627280E-003
          11          11  -31.5470009      -71.7409973       3.9222072882694192E-003
