           1           1  -31.7269993      -71.7409973       4.9620090430835262E-004
           1           2  -31.7269993      -71.7409973       4.9620119534665719E-004
           1           3  -31.7269993      -71.7409973       4.9620107893133536E-004
           1           4  -31.7269993      -71.7409973       5.1723775686696172E-004
           1           5  -31.7269993      -71.7409973       5.1723793148994446E-004
           1           6  -31.7269993      -71.7409973       3.8663326267851517E-004
           1           7  -31.7269993      -71.7409973       3.8663301529595628E-004
           1           8  -31.7269993      -71.7409973       3.8663301529595628E-004
           1           9  -31.7269993      -71.7409973       3.8663326267851517E-004
           1          10  -31.7269993      -71.7409973       3.8663326267851517E-004
           1          11  -31.7269993      -71.7409973       3.8663355371681973E-004
           2           1  -31.7089996      -71.7409973       5.3277833285392262E-004
           2           2  -31.7089996      -71.7409973       5.3277835831977427E-004
           2           3  -31.7089996      -71.7409973       5.3277822007657960E-004
           2           4  -31.7089996      -71.7409973       5.3277823462849483E-004
           2           5  -31.7089996      -71.7409973       5.3277800179785118E-004
           2           6  -31.7089996      -71.7409973       3.9382858085446060E-004
           2           7  -31.7089996      -71.7409973       3.9382845898217056E-004
           2           8  -31.7089996      -71.7409973       3.9382845898217056E-004
           2           9  -31.7089996      -71.7409973       3.6785079464607406E-004
           2          10  -31.7089996      -71.7409973       3.9382857357850298E-004
           2          11  -31.7089996      -71.7409973       3.9382874911098043E-004
           3           1  -31.6910000      -71.7409973       4.1085628254222684E-004
           3           2  -31.6910000      -71.7409973       4.1085656630457379E-004
           3           3  -31.6910000      -71.7409973       4.1085628254222684E-004
           3           4  -31.6910000      -71.7409973       3.7358493727879249E-004
           3           5  -31.6910000      -71.7409973       3.7358493727879249E-004
           3           6  -31.6910000      -71.7409973       3.0589918787882198E-004
           3           7  -31.6910000      -71.7409973       3.0589931157010142E-004
           3           8  -31.6910000      -71.7409973       3.0589914422307629E-004
           3           9  -31.6910000      -71.7409973       3.8870951584613067E-004
           3          10  -31.6910000      -71.7409973       3.8870951584613067E-004
           3          11  -31.6910000      -71.7409973       3.8870942853463930E-004
           4           1  -31.6730003      -71.7409973       2.5351076237711823E-004
           4           2  -31.6730003      -71.7409973       2.5351088606839767E-004
           4           3  -31.6730003      -71.7409973       2.5351079875690630E-004
           4           4  -31.6730003      -71.7409973       2.5351066415169043E-004
           4           5  -31.6730003      -71.7409973       2.5351076237711823E-004
           4           6  -31.6730003      -71.7409973       2.5351092972414335E-004
           4           7  -31.6730003      -71.7409973       2.5351076237711823E-004
           4           8  -31.6730003      -71.7409973       2.5351076237711823E-004
           4           9  -31.6730003      -71.7409973       3.9358985713988659E-004
           4          10  -31.6730003      -71.7409973       4.2875204599113204E-004
           4          11  -31.6730003      -71.7409973       4.2875202780123800E-004
           5           1  -31.6550007      -71.7409973       1.9852469995385036E-004
           5           2  -31.6550007      -71.7409973       1.9852477271342650E-004
           5           3  -31.6550007      -71.7409973       1.9852481636917219E-004
           5           4  -31.6550007      -71.7409973       1.9852475816151127E-004
           5           5  -31.6550007      -71.7409973       1.9852469995385036E-004
           5           6  -31.6550007      -71.7409973       1.9852465629810467E-004
           5           7  -31.6550007      -71.7409973       1.7611071962164715E-004
           5           8  -31.6550007      -71.7409973       1.7611084876989480E-004
           5           9  -31.6550007      -71.7409973       2.8280802871449850E-004
           5          10  -31.6550007      -71.7409973       2.8280787955736741E-004
           5          11  -31.6550007      -71.7409973       2.8280785772949457E-004
           6           1  -31.6369991      -71.7409973       5.2755865908693522E-005
           6           2  -31.6369991      -71.7409973       5.2755967772100121E-005
           6           3  -31.6369991      -71.7409973       3.9849663153290749E-005
           6           4  -31.6369991      -71.7409973       3.9343814023595769E-005
           6           5  -31.6369991      -71.7409973       3.9344065044133458E-005
           6           6  -31.6369991      -71.7409973       4.8076960418086401E-005
           6           7  -31.6369991      -71.7409973       4.8076953589770710E-005
           6           8  -31.6369991      -71.7409973       4.8076839448185638E-005
           6           9  -31.6369991      -71.7409973       1.1937801946260151E-004
           6          10  -31.6369991      -71.7409973       4.8076878108815890E-005
           6          11  -31.6369991      -71.7409973       4.8076849907374708E-005
           7           1  -31.6189995      -71.7409973       3.5986698276246898E-004
           7           2  -31.6189995      -71.7409973       3.5986718648928218E-004
           7           3  -31.6189995      -71.7409973       3.5986715738545172E-004
           7           4  -31.6189995      -71.7409973       3.5986728471470997E-004
           7           5  -31.6189995      -71.7409973       2.9983062268001959E-004
           7           6  -31.6189995      -71.7409973       3.5986686634714715E-004
           7           7  -31.6189995      -71.7409973       3.5986698276246898E-004
           7           8  -31.6189995      -71.7409973       3.1984408633434214E-004
           7           9  -31.6189995      -71.7409973       2.1850208031537477E-004
           7          10  -31.6189995      -71.7409973       2.1850162920600269E-004
           7          11  -31.6189995      -71.7409973       2.1850209850526880E-004
           8           1  -31.6009998      -71.7409973       5.3828332602279261E-004
           8           2  -31.6009998      -71.7409973       5.3828292584512383E-004
           8           3  -31.6009998      -71.7409973       5.3828319869353436E-004
           8           4  -31.6009998      -71.7409973       5.3828320233151317E-004
           8           5  -31.6009998      -71.7409973       5.3828332602279261E-004
           8           6  -31.6009998      -71.7409973       5.3828343152417801E-004
           8           7  -31.6009998      -71.7409973       5.3828332602279261E-004
           8           8  -31.6009998      -71.7409973       5.0716608529910445E-004
           8           9  -31.6009998      -71.7409973       3.1350265817309264E-004
           8          10  -31.6009998      -71.7409973       3.5305794881423935E-004
           8          11  -31.6009998      -71.7409973       3.5305801429785788E-004
           9           1  -31.5830002      -71.7409973       4.8718359539634548E-004
           9           2  -31.5830002      -71.7409973       4.8718318794271909E-004
           9           3  -31.5830002      -71.7409973       4.8718359539634548E-004
           9           4  -31.5830002      -71.7409973       5.1279403123771772E-004
           9           5  -31.5830002      -71.7409973       5.1279398758197203E-004
           9           6  -31.5830002      -71.7409973       4.8718344987719320E-004
           9           7  -31.5830002      -71.7409973       4.8718359539634548E-004
           9           8  -31.5830002      -71.7409973       4.4866533426102251E-004
           9           9  -31.5830002      -71.7409973       3.6381156860443298E-004
           9          10  -31.5830002      -71.7409973       3.6381156860443298E-004
           9          11  -31.5830002      -71.7409973       3.6381156860443298E-004
          10           1  -31.5650005      -71.7409973       4.7630902008677367E-004
          10           2  -31.5650005      -71.7409973       4.2635840873117559E-004
          10           3  -31.5650005      -71.7409973       3.0350345332408324E-004
          10           4  -31.5650005      -71.7409973       3.0350387532962486E-004
          10           5  -31.5650005      -71.7409973       3.0350335509865545E-004
          10           6  -31.5650005      -71.7409973       3.7196042831055820E-004
          10           7  -31.5650005      -71.7409973       4.3415001709945500E-004
          10           8  -31.5650005      -71.7409973       4.3415001709945500E-004
          10           9  -31.5650005      -71.7409973       4.1729646545718424E-004
          10          10  -31.5650005      -71.7409973       4.2998986464226618E-004
          10          11  -31.5650005      -71.7409973       4.3414983883849345E-004
          11           1  -31.5470009      -71.7409973       4.3341957825759891E-004
          11           2  -31.5470009      -71.7409973       4.1726696872501634E-004
          11           3  -31.5470009      -71.7409973       3.0143538515403634E-004
          11           4  -31.5470009      -71.7409973       2.8626290804822929E-004
          11           5  -31.5470009      -71.7409973       2.8626287894439884E-004
          11           6  -31.5470009      -71.7409973       3.4846290873247199E-004
          11           7  -31.5470009      -71.7409973       3.8143122947076336E-004
          11           8  -31.5470009      -71.7409973       3.8143122947076336E-004
          11           9  -31.5470009      -71.7409973       3.8143125857459381E-004
          11          10  -31.5470009      -71.7409973       3.8143125857459381E-004
          11          11  -31.5470009      -71.7409973       3.8143122947076336E-004
