           1           1  -31.7269993      -71.7409973       4.4808453822042793E-003
           1           2  -31.7269993      -71.7409973       3.9606974460184574E-003
           1           3  -31.7269993      -71.7409973       2.9353646095842123E-004
           1           4  -31.7269993      -71.7409973       0.0000000000000000     
           1           5  -31.7269993      -71.7409973       7.1199844824150205E-003
           1           6  -31.7269993      -71.7409973       5.8280980447307229E-003
           1           7  -31.7269993      -71.7409973       7.8566377633251250E-003
           1           8  -31.7269993      -71.7409973       7.8566377633251250E-003
           1           9  -31.7269993      -71.7409973       4.2469485197216272E-003
           1          10  -31.7269993      -71.7409973       4.2469485197216272E-003
           1          11  -31.7269993      -71.7409973       3.1570170422128285E-003
           2           1  -31.7089996      -71.7409973       3.5680431174114347E-003
           2           2  -31.7089996      -71.7409973       2.7741335361497477E-003
           2           3  -31.7089996      -71.7409973       2.0431403390830383E-004
           2           4  -31.7089996      -71.7409973       0.0000000000000000     
           2           5  -31.7089996      -71.7409973       8.1375195004511625E-003
           2           6  -31.7089996      -71.7409973       1.0028029500972480E-002
           2           7  -31.7089996      -71.7409973       9.4663847703486681E-003
           2           8  -31.7089996      -71.7409973       9.4663847703486681E-003
           2           9  -31.7089996      -71.7409973       8.2946212496608496E-003
           2          10  -31.7089996      -71.7409973       6.2023901264183223E-003
           2          11  -31.7089996      -71.7409973       6.3387120608240366E-003
           3           1  -31.6910000      -71.7409973       3.1259151583071798E-003
           3           2  -31.6910000      -71.7409973       1.3824914058204740E-003
           3           3  -31.6910000      -71.7409973       1.5292524985852651E-003
           3           4  -31.6910000      -71.7409973       2.5881250621750951E-004
           3           5  -31.6910000      -71.7409973       6.1183921643532813E-003
           3           6  -31.6910000      -71.7409973       1.5215771272778511E-002
           3           7  -31.6910000      -71.7409973       1.8043852469418198E-002
           3           8  -31.6910000      -71.7409973       1.7367473279591650E-002
           3           9  -31.6910000      -71.7409973       1.7367473279591650E-002
           3          10  -31.6910000      -71.7409973       6.1160893528722227E-003
           3          11  -31.6910000      -71.7409973       7.1367096970789135E-003
           4           1  -31.6730003      -71.7409973       2.5076770834857598E-003
           4           2  -31.6730003      -71.7409973       2.8087395039619878E-003
           4           3  -31.6730003      -71.7409973       2.6786101952893659E-003
           4           4  -31.6730003      -71.7409973       1.8230767454952002E-004
           4           5  -31.6730003      -71.7409973       6.1749894884997047E-003
           4           6  -31.6730003      -71.7409973       2.1965716383419931E-002
           4           7  -31.6730003      -71.7409973       2.2359964787028730E-002
           4           8  -31.6730003      -71.7409973       2.2359964787028730E-002
           4           9  -31.6730003      -71.7409973       2.4190820549847558E-002
           4          10  -31.6730003      -71.7409973       4.6620705688837916E-003
           4          11  -31.6730003      -71.7409973       8.9913698611781001E-003
           5           1  -31.6550007      -71.7409973       3.5900743023375981E-003
           5           2  -31.6550007      -71.7409973       3.0719672431587242E-003
           5           3  -31.6550007      -71.7409973       3.3593875632504933E-003
           5           4  -31.6550007      -71.7409973       0.0000000000000000     
           5           5  -31.6550007      -71.7409973       7.9732206068001688E-003
           5           6  -31.6550007      -71.7409973       2.6898180134594440E-002
           5           7  -31.6550007      -71.7409973       2.6926640421152115E-002
           5           8  -31.6550007      -71.7409973       2.5666191708296537E-002
           5           9  -31.6550007      -71.7409973       2.5104857515543699E-002
           5          10  -31.6550007      -71.7409973       6.9417952327057719E-003
           5          11  -31.6550007      -71.7409973       1.0290072532370687E-002
           6           1  -31.6369991      -71.7409973       3.5113453341182321E-003
           6           2  -31.6369991      -71.7409973       3.3698580809868872E-003
           6           3  -31.6369991      -71.7409973       3.5086344578303397E-003
           6           4  -31.6369991      -71.7409973       0.0000000000000000     
           6           5  -31.6369991      -71.7409973       1.0168426670134068E-002
           6           6  -31.6369991      -71.7409973       2.5796941947191954E-002
           6           7  -31.6369991      -71.7409973       2.5828533805906773E-002
           6           8  -31.6369991      -71.7409973       2.5792507920414209E-002
           6           9  -31.6369991      -71.7409973       2.5624980917200446E-002
           6          10  -31.6369991      -71.7409973       8.8692175195319578E-003
           6          11  -31.6369991      -71.7409973       1.1799671920016408E-002
           7           1  -31.6189995      -71.7409973       2.9122050036676228E-003
           7           2  -31.6189995      -71.7409973       2.8193794641993009E-003
           7           3  -31.6189995      -71.7409973       2.6882888341788203E-003
           7           4  -31.6189995      -71.7409973       0.0000000000000000     
           7           5  -31.6189995      -71.7409973       1.5165105753112584E-002
           7           6  -31.6189995      -71.7409973       2.4495662888512015E-002
           7           7  -31.6189995      -71.7409973       2.3108293535187840E-002
           7           8  -31.6189995      -71.7409973       2.3108293535187840E-002
           7           9  -31.6189995      -71.7409973       1.8605991033837199E-002
           7          10  -31.6189995      -71.7409973       9.2552130809053779E-003
           7          11  -31.6189995      -71.7409973       1.2665292160818353E-002
           8           1  -31.6009998      -71.7409973       1.6477169756399235E-003
           8           2  -31.6009998      -71.7409973       1.6504052910022438E-003
           8           3  -31.6009998      -71.7409973       1.4746900924365036E-003
           8           4  -31.6009998      -71.7409973       0.0000000000000000     
           8           5  -31.6009998      -71.7409973       1.7338591103907675E-002
           8           6  -31.6009998      -71.7409973       1.6889625279873144E-002
           8           7  -31.6009998      -71.7409973       1.9432583729212638E-002
           8           8  -31.6009998      -71.7409973       1.9432583729212638E-002
           8           9  -31.6009998      -71.7409973       1.7199844820424914E-002
           8          10  -31.6009998      -71.7409973       9.3259533341552014E-003
           8          11  -31.6009998      -71.7409973       1.1873403069330379E-002
           9           1  -31.5830002      -71.7409973       9.1860216343775392E-005
           9           2  -31.5830002      -71.7409973       2.7723640960175544E-004
           9           3  -31.5830002      -71.7409973       1.2010095815639943E-005
           9           4  -31.5830002      -71.7409973       3.4546953975223005E-003
           9           5  -31.5830002      -71.7409973       1.5071477973833680E-002
           9           6  -31.5830002      -71.7409973       1.3550487230531871E-002
           9           7  -31.5830002      -71.7409973       1.4725122367963195E-002
           9           8  -31.5830002      -71.7409973       1.4366291579790413E-002
           9           9  -31.5830002      -71.7409973       7.6823707204312086E-003
           9          10  -31.5830002      -71.7409973       9.5497561269439757E-003
           9          11  -31.5830002      -71.7409973       1.1028578563127667E-002
          10           1  -31.5650005      -71.7409973       2.7237425383646041E-003
          10           2  -31.5650005      -71.7409973       0.0000000000000000     
          10           3  -31.5650005      -71.7409973       0.0000000000000000     
          10           4  -31.5650005      -71.7409973       7.8118399833329022E-003
          10           5  -31.5650005      -71.7409973       1.1770488257752731E-002
          10           6  -31.5650005      -71.7409973       1.0484351740160491E-002
          10           7  -31.5650005      -71.7409973       1.1496526793052908E-002
          10           8  -31.5650005      -71.7409973       9.9462940706871450E-003
          10           9  -31.5650005      -71.7409973       7.6992108370177448E-004
          10          10  -31.5650005      -71.7409973       7.9854042269289494E-003
          10          11  -31.5650005      -71.7409973       7.4413967668078840E-003
          11           1  -31.5470009      -71.7409973       2.5007269869092852E-003
          11           2  -31.5470009      -71.7409973       7.6606252696365118E-004
          11           3  -31.5470009      -71.7409973       0.0000000000000000     
          11           4  -31.5470009      -71.7409973       8.9060767204500735E-003
          11           5  -31.5470009      -71.7409973       1.0150115529540926E-002
          11           6  -31.5470009      -71.7409973       9.7796144546009600E-003
          11           7  -31.5470009      -71.7409973       9.2182802618481219E-003
          11           8  -31.5470009      -71.7409973       4.8982405569404364E-003
          11           9  -31.5470009      -71.7409973       0.0000000000000000     
          11          10  -31.5470009      -71.7409973       4.6732253395020962E-003
          11          11  -31.5470009      -71.7409973       4.2916019037875230E-003
