           1           1  -31.7269993      -71.7409973       1.3482377435138915E-003
           1           2  -31.7269993      -71.7409973       7.7382595191011205E-004
           1           3  -31.7269993      -71.7409973       1.0490075874258764E-003
           1           4  -31.7269993      -71.7409973       9.9393462733132765E-004
           1           5  -31.7269993      -71.7409973       2.8349137573968619E-004
           1           6  -31.7269993      -71.7409973       7.7465420486078074E-004
           1           7  -31.7269993      -71.7409973       1.4999673121565138E-003
           1           8  -31.7269993      -71.7409973       1.4999673121565138E-003
           1           9  -31.7269993      -71.7409973       1.4823452074779198E-003
           1          10  -31.7269993      -71.7409973       1.4823452074779198E-003
           1          11  -31.7269993      -71.7409973       5.8311925386078656E-004
           2           1  -31.7089996      -71.7409973       1.6676887389621697E-003
           2           2  -31.7089996      -71.7409973       1.8219319208583329E-003
           2           3  -31.7089996      -71.7409973       1.7760152477421798E-003
           2           4  -31.7089996      -71.7409973       1.4557499980583088E-003
           2           5  -31.7089996      -71.7409973       3.7000654265284538E-004
           2           6  -31.7089996      -71.7409973       1.2479448741942178E-003
           2           7  -31.7089996      -71.7409973       1.2922469832119532E-003
           2           8  -31.7089996      -71.7409973       1.2922469832119532E-003
           2           9  -31.7089996      -71.7409973       1.2833369955842500E-003
           2          10  -31.7089996      -71.7409973       1.3850963196091470E-003
           2          11  -31.7089996      -71.7409973       5.2381067507667467E-004
           3           1  -31.6910000      -71.7409973       2.7908851297979709E-003
           3           2  -31.6910000      -71.7409973       2.5441554171266034E-003
           3           3  -31.6910000      -71.7409973       2.7908851297979709E-003
           3           4  -31.6910000      -71.7409973       2.3331446282099932E-003
           3           5  -31.6910000      -71.7409973       8.3901153993792832E-004
           3           6  -31.6910000      -71.7409973       1.5032884330139495E-003
           3           7  -31.6910000      -71.7409973       1.7390807915944606E-003
           3           8  -31.6910000      -71.7409973       1.6595728375250474E-003
           3           9  -31.6910000      -71.7409973       1.6595728375250474E-003
           3          10  -31.6910000      -71.7409973       1.1336709685565438E-003
           3          11  -31.6910000      -71.7409973       3.2416598332929425E-004
           4           1  -31.6730003      -71.7409973       3.2425726494693663E-003
           4           2  -31.6730003      -71.7409973       3.3609715865168255E-003
           4           3  -31.6730003      -71.7409973       3.3408651324862149E-003
           4           4  -31.6730003      -71.7409973       3.1315647320298012E-003
           4           5  -31.6730003      -71.7409973       1.2846706486016046E-003
           4           6  -31.6730003      -71.7409973       1.8868834013119340E-003
           4           7  -31.6730003      -71.7409973       1.9287693139631301E-003
           4           8  -31.6730003      -71.7409973       1.9287693139631301E-003
           4           9  -31.6730003      -71.7409973       2.0519779354799539E-003
           4          10  -31.6730003      -71.7409973       9.8693920881487429E-004
           4          11  -31.6730003      -71.7409973       7.8700006270082667E-004
           5           1  -31.6550007      -71.7409973       3.8316477439366281E-003
           5           2  -31.6550007      -71.7409973       3.4769187623169273E-003
           5           3  -31.6550007      -71.7409973       3.6563898611348122E-003
           5           4  -31.6550007      -71.7409973       3.3183842897415161E-003
           5           5  -31.6550007      -71.7409973       1.6358806024072692E-003
           5           6  -31.6550007      -71.7409973       2.2999196371529251E-003
           5           7  -31.6550007      -71.7409973       2.2949717822484672E-003
           5           8  -31.6550007      -71.7409973       2.2250826878007501E-003
           5           9  -31.6550007      -71.7409973       2.1924171596765518E-003
           5          10  -31.6550007      -71.7409973       7.0948376560409088E-004
           5          11  -31.6550007      -71.7409973       1.1821129155578092E-003
           6           1  -31.6369991      -71.7409973       3.7418606225401163E-003
           6           2  -31.6369991      -71.7409973       3.7014663685113192E-003
           6           3  -31.6369991      -71.7409973       3.7334678927436471E-003
           6           4  -31.6369991      -71.7409973       3.0708504200447351E-003
           6           5  -31.6369991      -71.7409973       1.8113696205546148E-003
           6           6  -31.6369991      -71.7409973       2.5009940145537257E-003
           6           7  -31.6369991      -71.7409973       2.5027363153640181E-003
           6           8  -31.6369991      -71.7409973       2.5256235967390239E-003
           6           9  -31.6369991      -71.7409973       2.3942605766933411E-003
           6          10  -31.6369991      -71.7409973       2.0894174576824298E-004
           6          11  -31.6369991      -71.7409973       1.7931853799382225E-003
           7           1  -31.6189995      -71.7409973       3.5249388602096587E-003
           7           2  -31.6189995      -71.7409973       3.4636515192687511E-003
           7           3  -31.6189995      -71.7409973       3.4284032590221614E-003
           7           4  -31.6189995      -71.7409973       2.2620297386310995E-003
           7           5  -31.6189995      -71.7409973       2.0262865018594312E-003
           7           6  -31.6189995      -71.7409973       2.6370711566414684E-003
           7           7  -31.6189995      -71.7409973       2.5836823042482138E-003
           7           8  -31.6189995      -71.7409973       2.5836823042482138E-003
           7           9  -31.6189995      -71.7409973       2.3349478433374316E-003
           7          10  -31.6189995      -71.7409973       1.2947636059834622E-004
           7          11  -31.6189995      -71.7409973       1.8375426443526521E-003
           8           1  -31.6009998      -71.7409973       2.9950206953799352E-003
           8           2  -31.6009998      -71.7409973       2.8090076230000705E-003
           8           3  -31.6009998      -71.7409973       2.8215079655637965E-003
           8           4  -31.6009998      -71.7409973       1.7788439436117187E-003
           8           5  -31.6009998      -71.7409973       2.1274302780511789E-003
           8           6  -31.6009998      -71.7409973       2.2722819139744388E-003
           8           7  -31.6009998      -71.7409973       2.4099501333694207E-003
           8           8  -31.6009998      -71.7409973       2.4099501333694207E-003
           8           9  -31.6009998      -71.7409973       2.3394027375616133E-003
           8          10  -31.6009998      -71.7409973       1.6524652528460138E-004
           8          11  -31.6009998      -71.7409973       1.3442635727187735E-003
           9           1  -31.5830002      -71.7409973       2.2111874750407878E-003
           9           2  -31.5830002      -71.7409973       2.1046767160441959E-003
           9           3  -31.5830002      -71.7409973       2.2111874750407878E-003
           9           4  -31.5830002      -71.7409973       5.6580208183731884E-004
           9           5  -31.5830002      -71.7409973       1.9558405820134794E-003
           9           6  -31.5830002      -71.7409973       2.0084072457393631E-003
           9           7  -31.5830002      -71.7409973       2.0591843567672186E-003
           9           8  -31.5830002      -71.7409973       2.1033645243733190E-003
           9           9  -31.5830002      -71.7409973       1.6551776370761218E-003
           9          10  -31.5830002      -71.7409973       3.9277530231629498E-004
           9          11  -31.5830002      -71.7409973       1.0066622344311327E-003
          10           1  -31.5650005      -71.7409973       1.7082576596294530E-003
          10           2  -31.5650005      -71.7409973       1.5766156429890543E-003
          10           3  -31.5650005      -71.7409973       1.1337731921230443E-003
          10           4  -31.5650005      -71.7409973       2.7838011374115013E-004
          10           5  -31.5650005      -71.7409973       1.4679816376883537E-003
          10           6  -31.5650005      -71.7409973       1.8290091011294862E-003
          10           7  -31.5650005      -71.7409973       1.7174074673675932E-003
          10           8  -31.5650005      -71.7409973       1.7174074673675932E-003
          10           9  -31.5650005      -71.7409973       1.1288780660834163E-003
          10          10  -31.5650005      -71.7409973       5.2908870566170663E-004
          10          11  -31.5650005      -71.7409973       2.0078997658856679E-004
          11           1  -31.5470009      -71.7409973       1.4043580085854046E-003
          11           2  -31.5470009      -71.7409973       1.5037424018373713E-003
          11           3  -31.5470009      -71.7409973       2.2970366990193725E-004
          11           4  -31.5470009      -71.7409973       3.3786505446187221E-004
          11           5  -31.5470009      -71.7409973       1.2207025720272213E-003
          11           6  -31.5470009      -71.7409973       1.0119616345036775E-003
          11           7  -31.5470009      -71.7409973       1.1483866474009119E-003
          11           8  -31.5470009      -71.7409973       1.1483866474009119E-003
          11           9  -31.5470009      -71.7409973       9.5532230261596851E-004
          11          10  -31.5470009      -71.7409973       3.6079482379136607E-004
          11          11  -31.5470009      -71.7409973       0.0000000000000000     
