           1           1  -31.7269993      -71.7409973       9.7124044259544462E-004
           1           2  -31.7269993      -71.7409973       1.0422453342471272E-003
           1           3  -31.7269993      -71.7409973       1.0146504209842533E-003
           1           4  -31.7269993      -71.7409973       1.3079210839350708E-003
           1           5  -31.7269993      -71.7409973       1.0950310024782084E-003
           1           6  -31.7269993      -71.7409973       1.0023755130532663E-003
           1           7  -31.7269993      -71.7409973       1.0718431003624573E-003
           1           8  -31.7269993      -71.7409973       8.5293919710238697E-005
           1           9  -31.7269993      -71.7409973       1.5831417113076895E-003
           1          10  -31.7269993      -71.7409973       1.9002144981641322E-003
           1          11  -31.7269993      -71.7409973       1.8496860575396568E-003
           2           1  -31.7089996      -71.7409973       7.5219927566649858E-004
           2           2  -31.7089996      -71.7409973       9.9533489083114546E-004
           2           3  -31.7089996      -71.7409973       8.6043379087641370E-004
           2           4  -31.7089996      -71.7409973       1.1874032352352515E-003
           2           5  -31.7089996      -71.7409973       1.3396374561125413E-003
           2           6  -31.7089996      -71.7409973       1.2189873959869146E-003
           2           7  -31.7089996      -71.7409973       1.1741995112970471E-003
           2           8  -31.7089996      -71.7409973       9.8174562299391255E-004
           2           9  -31.7089996      -71.7409973       2.3781463241903111E-003
           2          10  -31.7089996      -71.7409973       2.7240933704888448E-003
           2          11  -31.7089996      -71.7409973       2.8035963478032500E-003
           3           1  -31.6910000      -71.7409973       1.2112275253457483E-003
           3           2  -31.6910000      -71.7409973       1.2054140552208992E-003
           3           3  -31.6910000      -71.7409973       1.2112275253457483E-003
           3           4  -31.6910000      -71.7409973       1.2482306410674937E-003
           3           5  -31.6910000      -71.7409973       1.2482306410674937E-003
           3           6  -31.6910000      -71.7409973       1.2409746195771731E-003
           3           7  -31.6910000      -71.7409973       1.4731171177118085E-003
           3           8  -31.6910000      -71.7409973       2.5059643085114658E-003
           3           9  -31.6910000      -71.7409973       3.4413194516673684E-003
           3          10  -31.6910000      -71.7409973       3.4413194516673684E-003
           3          11  -31.6910000      -71.7409973       3.3470431008026935E-003
           4           1  -31.6730003      -71.7409973       1.8188001704402268E-003
           4           2  -31.6730003      -71.7409973       2.0122778951190412E-003
           4           3  -31.6730003      -71.7409973       1.7537609546707245E-003
           4           4  -31.6730003      -71.7409973       1.3544150642701425E-003
           4           5  -31.6730003      -71.7409973       1.3559217477450147E-003
           4           6  -31.6730003      -71.7409973       1.3464710063999519E-003
           4           7  -31.6730003      -71.7409973       1.2505064369179308E-003
           4           8  -31.6730003      -71.7409973       3.3160062594106421E-003
           4           9  -31.6730003      -71.7409973       4.3831773509737104E-003
           4          10  -31.6730003      -71.7409973       4.1246064211009070E-003
           4          11  -31.6730003      -71.7409973       4.2596726416377351E-003
           5           1  -31.6550007      -71.7409973       2.5550255086272955E-003
           5           2  -31.6550007      -71.7409973       2.2776401019655168E-003
           5           3  -31.6550007      -71.7409973       1.8793901108438149E-003
           5           4  -31.6550007      -71.7409973       1.4013530817464925E-003
           5           5  -31.6550007      -71.7409973       1.4179610807332210E-003
           5           6  -31.6550007      -71.7409973       1.4172518785926513E-003
           5           7  -31.6550007      -71.7409973       1.2280799492145889E-003
           5           8  -31.6550007      -71.7409973       4.2782201198861003E-003
           5           9  -31.6550007      -71.7409973       4.5377647620625794E-003
           5          10  -31.6550007      -71.7409973       4.7305059852078557E-003
           5          11  -31.6550007      -71.7409973       4.4529880397021770E-003
           6           1  -31.6369991      -71.7409973       2.6079925883095711E-003
           6           2  -31.6369991      -71.7409973       2.5678055826574564E-003
           6           3  -31.6369991      -71.7409973       1.9266371091362089E-003
           6           4  -31.6369991      -71.7409973       1.3428796519292518E-003
           6           5  -31.6369991      -71.7409973       1.3545574765885249E-003
           6           6  -31.6369991      -71.7409973       1.3534531753975898E-003
           6           7  -31.6369991      -71.7409973       1.2308001314522699E-003
           6           8  -31.6369991      -71.7409973       4.6148666297085583E-003
           6           9  -31.6369991      -71.7409973       4.6673100441694260E-003
           6          10  -31.6369991      -71.7409973       4.6947139780968428E-003
           6          11  -31.6369991      -71.7409973       4.6452114474959671E-003
           7           1  -31.6189995      -71.7409973       2.3918697115732357E-003
           7           2  -31.6189995      -71.7409973       2.3831591024645604E-003
           7           3  -31.6189995      -71.7409973       1.2371689663268626E-003
           7           4  -31.6189995      -71.7409973       1.2338554515736178E-003
           7           5  -31.6189995      -71.7409973       1.2616105959750712E-003
           7           6  -31.6189995      -71.7409973       1.2604237563209608E-003
           7           7  -31.6189995      -71.7409973       1.1140601636725478E-003
           7           8  -31.6189995      -71.7409973       4.4382874621078372E-003
           7           9  -31.6189995      -71.7409973       4.0976013988256454E-003
           7          10  -31.6189995      -71.7409973       4.4382874621078372E-003
           7          11  -31.6189995      -71.7409973       4.4119970116298646E-003
           8           1  -31.6009998      -71.7409973       1.8803986240527593E-003
           8           2  -31.6009998      -71.7409973       1.8209285553894006E-003
           8           3  -31.6009998      -71.7409973       1.1493914935272187E-003
           8           4  -31.6009998      -71.7409973       1.2044554459862411E-003
           8           5  -31.6009998      -71.7409973       1.1543184664333239E-003
           8           6  -31.6009998      -71.7409973       1.1080333933932707E-003
           8           7  -31.6009998      -71.7409973       1.1984593948000111E-003
           8           8  -31.6009998      -71.7409973       3.9623269913136028E-003
           8           9  -31.6009998      -71.7409973       4.0088864043354988E-003
           8          10  -31.6009998      -71.7409973       3.6640568287111819E-003
           8          11  -31.6009998      -71.7409973       3.6795142805203795E-003
           9           1  -31.5830002      -71.7409973       1.1196042578376364E-003
           9           2  -31.5830002      -71.7409973       1.5141821604629513E-003
           9           3  -31.5830002      -71.7409973       1.0059814994747285E-003
           9           4  -31.5830002      -71.7409973       1.0411770635982975E-003
           9           5  -31.5830002      -71.7409973       1.0140991507796571E-003
           9           6  -31.5830002      -71.7409973       1.0441006452310830E-003
           9           7  -31.5830002      -71.7409973       1.2867735713371076E-003
           9           8  -31.5830002      -71.7409973       3.2665367325535044E-003
           9           9  -31.5830002      -71.7409973       3.2665367325535044E-003
           9          10  -31.5830002      -71.7409973       3.2665367325535044E-003
           9          11  -31.5830002      -71.7409973       3.4404678008286282E-003
          10           1  -31.5650005      -71.7409973       1.0864230680454057E-003
          10           2  -31.5650005      -71.7409973       1.0718299417931121E-003
          10           3  -31.5650005      -71.7409973       9.4416595675284043E-004
          10           4  -31.5650005      -71.7409973       8.4648495067085605E-004
          10           5  -31.5650005      -71.7409973       7.2167010876000859E-004
          10           6  -31.5650005      -71.7409973       8.9424518046143930E-004
          10           7  -31.5650005      -71.7409973       1.0277577748638578E-003
          10           8  -31.5650005      -71.7409973       2.2829966546851210E-003
          10           9  -31.5650005      -71.7409973       1.9468188111204654E-003
          10          10  -31.5650005      -71.7409973       2.3977932942216285E-003
          10          11  -31.5650005      -71.7409973       2.0207828347338364E-003
          11           1  -31.5470009      -71.7409973       1.1986289646301884E-003
          11           2  -31.5470009      -71.7409973       1.3590076996479183E-003
          11           3  -31.5470009      -71.7409973       1.2834021181333810E-003
          11           4  -31.5470009      -71.7409973       8.7910831643966958E-004
          11           5  -31.5470009      -71.7409973       5.2319805399747565E-004
          11           6  -31.5470009      -71.7409973       3.8947827852098271E-004
          11           7  -31.5470009      -71.7409973       7.1436547295888886E-004
          11           8  -31.5470009      -71.7409973       1.2503037796705030E-003
          11           9  -31.5470009      -71.7409973       1.2397591053741053E-003
          11          10  -31.5470009      -71.7409973       1.2397591053741053E-003
          11          11  -31.5470009      -71.7409973       1.1277823214186355E-003
