           1           1  -31.7269993      -71.7409973       3.2472438178956509E-003
           1           2  -31.7269993      -71.7409973       3.2472453895024955E-003
           1           3  -31.7269993      -71.7409973       3.2472446910105646E-003
           1           4  -31.7269993      -71.7409973       3.2649392960593104E-003
           1           5  -31.7269993      -71.7409973       3.2649399945512414E-003
           1           6  -31.7269993      -71.7409973       3.2472446910105646E-003
           1           7  -31.7269993      -71.7409973       3.2472438178956509E-003
           1           8  -31.7269993      -71.7409973       3.2472438178956509E-003
           1           9  -31.7269993      -71.7409973       3.2472446910105646E-003
           1          10  -31.7269993      -71.7409973       1.9807920671155443E-003
           1          11  -31.7269993      -71.7409973       1.9807918779406464E-003
           2           1  -31.7089996      -71.7409973       3.1761173740960658E-003
           2           2  -31.7089996      -71.7409973       3.1761156860738993E-003
           2           3  -31.7089996      -71.7409973       3.1761156860738993E-003
           2           4  -31.7089996      -71.7409973       3.0087694758549333E-003
           2           5  -31.7089996      -71.7409973       3.0087684281170368E-003
           2           6  -31.7089996      -71.7409973       3.0087691848166287E-003
           2           7  -31.7089996      -71.7409973       3.0087693594396114E-003
           2           8  -31.7089996      -71.7409973       3.0087693594396114E-003
           2           9  -31.7089996      -71.7409973       2.8962750802747905E-003
           2          10  -31.7089996      -71.7409973       2.5347877526655793E-003
           2          11  -31.7089996      -71.7409973       2.5347878399770707E-003
           3           1  -31.6910000      -71.7409973       3.2147460588021204E-003
           3           2  -31.6910000      -71.7409973       3.2147481833817437E-003
           3           3  -31.6910000      -71.7409973       3.2147460588021204E-003
           3           4  -31.6910000      -71.7409973       3.1552258005831391E-003
           3           5  -31.6910000      -71.7409973       2.1634220174746588E-003
           3           6  -31.6910000      -71.7409973       2.2312979272101074E-003
           3           7  -31.6910000      -71.7409973       2.8661884134635329E-003
           3           8  -31.6910000      -71.7409973       3.3031152306648437E-003
           3           9  -31.6910000      -71.7409973       3.3031152306648437E-003
           3          10  -31.6910000      -71.7409973       3.3031152306648437E-003
           3          11  -31.6910000      -71.7409973       3.3031151142495219E-003
           4           1  -31.6730003      -71.7409973       2.8351939763524570E-003
           4           2  -31.6730003      -71.7409973       2.8351949513307773E-003
           4           3  -31.6730003      -71.7409973       2.8351944711175747E-003
           4           4  -31.6730003      -71.7409973       2.8351929868222214E-003
           4           5  -31.6730003      -71.7409973       1.9693777467182372E-003
           4           6  -31.6730003      -71.7409973       1.9693775720952544E-003
           4           7  -31.6730003      -71.7409973       2.8567420376930386E-003
           4           8  -31.6730003      -71.7409973       3.2749392303230707E-003
           4           9  -31.6730003      -71.7409973       2.9303190858627204E-003
           4          10  -31.6730003      -71.7409973       3.2749399542808533E-003
           4          11  -31.6730003      -71.7409973       3.2749396632425487E-003
           5           1  -31.6550007      -71.7409973       1.7720921023283154E-003
           5           2  -31.6550007      -71.7409973       1.7720944888424128E-003
           5           3  -31.6550007      -71.7409973       1.7720933828968555E-003
           5           4  -31.6550007      -71.7409973       1.7720927426125854E-003
           5           5  -31.6550007      -71.7409973       1.3033113209530711E-003
           5           6  -31.6550007      -71.7409973       1.3033114373683929E-003
           5           7  -31.6550007      -71.7409973       2.0258190925233066E-003
           5           8  -31.6550007      -71.7409973       2.0869364088866860E-003
           5           9  -31.6550007      -71.7409973       2.0869369327556342E-003
           5          10  -31.6550007      -71.7409973       2.0869359177595470E-003
           5          11  -31.6550007      -71.7409973       2.0869365544058383E-003
           6           1  -31.6369991      -71.7409973       4.6004050000192365E-004
           6           2  -31.6369991      -71.7409973       4.6004026717127999E-004
           6           3  -31.6369991      -71.7409973       4.6004022397028166E-004
           6           4  -31.6369991      -71.7409973       4.6004090108908713E-004
           6           5  -31.6369991      -71.7409973       4.6004050000192365E-004
           6           6  -31.6369991      -71.7409973       4.6003995566934464E-004
           6           7  -31.6369991      -71.7409973       4.6004050000192365E-004
           6           8  -31.6369991      -71.7409973       4.6004047908354551E-004
           6           9  -31.6369991      -71.7409973       9.2258485165075399E-004
           6          10  -31.6369991      -71.7409973       4.6004027490198496E-004
           6          11  -31.6369991      -71.7409973       4.6004026717127999E-004
           7           1  -31.6189995      -71.7409973       2.6641679578460753E-003
           7           2  -31.6189995      -71.7409973       2.6641706353984773E-003
           7           3  -31.6189995      -71.7409973       2.6641697622835636E-003
           7           4  -31.6189995      -71.7409973       2.6641708645911422E-003
           7           5  -31.6189995      -71.7409973       2.1885278365516569E-003
           7           6  -31.6189995      -71.7409973       2.6641673175618052E-003
           7           7  -31.6189995      -71.7409973       1.5979638992575929E-003
           7           8  -31.6189995      -71.7409973       1.5979638992575929E-003
           7           9  -31.6189995      -71.7409973       1.5979645831976086E-003
           7          10  -31.6189995      -71.7409973       1.5979638992575929E-003
           7          11  -31.6189995      -71.7409973       1.5979639429133385E-003
           8           1  -31.6009998      -71.7409973       4.2427291009516921E-003
           8           2  -31.6009998      -71.7409973       4.2427257867529988E-003
           8           3  -31.6009998      -71.7409973       4.2427279986441135E-003
           8           4  -31.6009998      -71.7409973       4.2427288717590272E-003
           8           5  -31.6009998      -71.7409973       4.2427291009516921E-003
           8           6  -31.6009998      -71.7409973       4.2427288135513663E-003
           8           7  -31.6009998      -71.7409973       2.3182272125268355E-003
           8           8  -31.6009998      -71.7409973       2.3182272125268355E-003
           8           9  -31.6009998      -71.7409973       2.1450831700349227E-003
           8          10  -31.6009998      -71.7409973       2.3182261793408543E-003
           8          11  -31.6009998      -71.7409973       2.3182256263680756E-003
           9           1  -31.5830002      -71.7409973       4.2743300400616135E-003
           9           2  -31.5830002      -71.7409973       4.2743281774164643E-003
           9           3  -31.5830002      -71.7409973       4.2743300400616135E-003
           9           4  -31.5830002      -71.7409973       4.3730134457291570E-003
           9           5  -31.5830002      -71.7409973       4.3730132128985133E-003
           9           6  -31.5830002      -71.7409973       4.2743289923237171E-003
           9           7  -31.5830002      -71.7409973       2.4516959219909040E-003
           9           8  -31.5830002      -71.7409973       2.4516961257177172E-003
           9           9  -31.5830002      -71.7409973       2.4516961257177172E-003
           9          10  -31.5830002      -71.7409973       2.4516961257177172E-003
           9          11  -31.5830002      -71.7409973       2.4516963294445304E-003
          10           1  -31.5650005      -71.7409973       3.1360721914097667E-003
          10           2  -31.5650005      -71.7409973       3.4196745218650904E-003
          10           3  -31.5650005      -71.7409973       3.1360714347101748E-003
          10           4  -31.5650005      -71.7409973       3.1360727734863758E-003
          10           5  -31.5650005      -71.7409973       3.1360718421638012E-003
          10           6  -31.5650005      -71.7409973       3.1360712018795311E-003
          10           7  -31.5650005      -71.7409973       2.5012596888700500E-003
          10           8  -31.5650005      -71.7409973       2.5012596888700500E-003
          10           9  -31.5650005      -71.7409973       2.5043881541932933E-003
          10          10  -31.5650005      -71.7409973       2.5095043383771554E-003
          10          11  -31.5650005      -71.7409973       2.5012597034219652E-003
          11           1  -31.5470009      -71.7409973       1.9951080321334302E-003
          11           2  -31.5470009      -71.7409973       1.9951073772972450E-003
          11           3  -31.5470009      -71.7409973       1.9951077447331045E-003
          11           4  -31.5470009      -71.7409973       2.1283494716044515E-003
          11           5  -31.5470009      -71.7409973       2.3340651241596788E-003
          11           6  -31.5470009      -71.7409973       2.2750566131435335E-003
          11           7  -31.5470009      -71.7409973       2.2750562638975680E-003
          11           8  -31.5470009      -71.7409973       2.2750562638975680E-003
          11           9  -31.5470009      -71.7409973       2.2750566131435335E-003
          11          10  -31.5470009      -71.7409973       2.2750566131435335E-003
          11          11  -31.5470009      -71.7409973       2.2750568459741771E-003
