           1           1  -31.7269993      -71.7409973       5.1765420648735017E-003
           1           2  -31.7269993      -71.7409973       3.0059933196753263E-003
           1           3  -31.7269993      -71.7409973       3.9144031907198951E-003
           1           4  -31.7269993      -71.7409973       6.1009570908936439E-003
           1           5  -31.7269993      -71.7409973       2.5534887681715190E-003
           1           6  -31.7269993      -71.7409973       1.8752635733108036E-003
           1           7  -31.7269993      -71.7409973       3.8917581550776958E-003
           1           8  -31.7269993      -71.7409973       4.1758356455829926E-003
           1           9  -31.7269993      -71.7409973       4.2796842608368024E-003
           1          10  -31.7269993      -71.7409973       4.2796842608368024E-003
           1          11  -31.7269993      -71.7409973       3.3065483439713717E-003
           2           1  -31.7089996      -71.7409973       7.0131912652868778E-003
           2           2  -31.7089996      -71.7409973       7.6218106551095843E-003
           2           3  -31.7089996      -71.7409973       7.4779463757295161E-003
           2           4  -31.7089996      -71.7409973       7.0279947394737974E-003
           2           5  -31.7089996      -71.7409973       4.1244754684157670E-003
           2           6  -31.7089996      -71.7409973       2.8431024693418294E-003
           2           7  -31.7089996      -71.7409973       3.6137375573161989E-003
           2           8  -31.7089996      -71.7409973       3.6137375573161989E-003
           2           9  -31.7089996      -71.7409973       3.5413884324952960E-003
           2          10  -31.7089996      -71.7409973       3.8239183559198864E-003
           2          11  -31.7089996      -71.7409973       3.2501619875802135E-003
           3           1  -31.6910000      -71.7409973       1.1992546671535820E-002
           3           2  -31.6910000      -71.7409973       1.0836091008968651E-002
           3           3  -31.6910000      -71.7409973       1.1992546671535820E-002
           3           4  -31.6910000      -71.7409973       1.0220354990451597E-002
           3           5  -31.6910000      -71.7409973       7.3797485674731433E-003
           3           6  -31.6910000      -71.7409973       4.1504178680042969E-003
           3           7  -31.6910000      -71.7409973       5.0627324962988496E-003
           3           8  -31.6910000      -71.7409973       4.8169807705562562E-003
           3           9  -31.6910000      -71.7409973       4.8169807705562562E-003
           3          10  -31.6910000      -71.7409973       3.6910671624355018E-003
           3          11  -31.6910000      -71.7409973       1.6111145523609594E-003
           4           1  -31.6730003      -71.7409973       1.4070964025449939E-002
           4           2  -31.6730003      -71.7409973       1.4577515830751508E-002
           4           3  -31.6730003      -71.7409973       1.4333461585920304E-002
           4           4  -31.6730003      -71.7409973       1.4007957768626511E-002
           4           5  -31.6730003      -71.7409973       8.1405175733380020E-003
           4           6  -31.6730003      -71.7409973       5.5582817876711488E-003
           4           7  -31.6730003      -71.7409973       5.6933417217805982E-003
           4           8  -31.6730003      -71.7409973       5.6933417217805982E-003
           4           9  -31.6730003      -71.7409973       6.1000490677542984E-003
           4          10  -31.6730003      -71.7409973       3.7082068301970139E-003
           4          11  -31.6730003      -71.7409973       1.3990156003274024E-004
           5           1  -31.6550007      -71.7409973       1.6463157138787210E-002
           5           2  -31.6550007      -71.7409973       1.4930739765986800E-002
           5           3  -31.6550007      -71.7409973       1.5735481167212129E-002
           5           4  -31.6550007      -71.7409973       1.5491426922380924E-002
           5           5  -31.6550007      -71.7409973       6.6591558716027066E-003
           5           6  -31.6550007      -71.7409973       6.8600676022469997E-003
           5           7  -31.6550007      -71.7409973       6.7775128409266472E-003
           5           8  -31.6550007      -71.7409973       6.7637112224474549E-003
           5           9  -31.6550007      -71.7409973       6.6282586194574833E-003
           5          10  -31.6550007      -71.7409973       4.0223498363047838E-003
           5          11  -31.6550007      -71.7409973       2.7008705910702702E-004
           6           1  -31.6369991      -71.7409973       1.5996433096006513E-002
           6           2  -31.6369991      -71.7409973       1.5746223507449031E-002
           6           3  -31.6369991      -71.7409973       1.5998902963474393E-002
           6           4  -31.6369991      -71.7409973       1.5978103503584862E-002
           6           5  -31.6369991      -71.7409973       4.6830989303998649E-003
           6           6  -31.6369991      -71.7409973       7.4473405547905713E-003
           6           7  -31.6369991      -71.7409973       7.4492569838184863E-003
           6           8  -31.6369991      -71.7409973       7.4687765154521912E-003
           6           9  -31.6369991      -71.7409973       7.2446231497451663E-003
           6          10  -31.6369991      -71.7409973       3.3805494895204902E-003
           6          11  -31.6369991      -71.7409973       1.1881393147632480E-003
           7           1  -31.6189995      -71.7409973       1.4823308214545250E-002
           7           2  -31.6189995      -71.7409973       1.4658325933851302E-002
           7           3  -31.6189995      -71.7409973       1.4477030374109745E-002
           7           4  -31.6189995      -71.7409973       1.4880390837788582E-002
           7           5  -31.6189995      -71.7409973       5.1432527834549546E-003
           7           6  -31.6189995      -71.7409973       7.7921027259435505E-003
           7           7  -31.6189995      -71.7409973       7.7141404326539487E-003
           7           8  -31.6189995      -71.7409973       7.7141404326539487E-003
           7           9  -31.6189995      -71.7409973       7.4631866009440273E-003
           7          10  -31.6189995      -71.7409973       3.4662049147300422E-003
           7          11  -31.6189995      -71.7409973       1.8251200672239065E-003
           8           1  -31.6009998      -71.7409973       1.3039807401582948E-002
           8           2  -31.6009998      -71.7409973       1.2061486748280004E-002
           8           3  -31.6009998      -71.7409973       1.2268566139027826E-002
           8           4  -31.6009998      -71.7409973       1.4069147146074101E-002
           8           5  -31.6009998      -71.7409973       4.9881252634804696E-003
           8           6  -31.6009998      -71.7409973       6.9797989344806410E-003
           8           7  -31.6009998      -71.7409973       7.3273242232971825E-003
           8           8  -31.6009998      -71.7409973       7.3273242232971825E-003
           8           9  -31.6009998      -71.7409973       7.4198469374096021E-003
           8          10  -31.6009998      -71.7409973       2.7540502560441382E-003
           8          11  -31.6009998      -71.7409973       1.1819161300081760E-003
           9           1  -31.5830002      -71.7409973       1.0253745422232896E-002
           9           2  -31.5830002      -71.7409973       1.0065439681056887E-002
           9           3  -31.5830002      -71.7409973       1.0253745422232896E-002
           9           4  -31.5830002      -71.7409973       8.7383418522222200E-003
           9           5  -31.5830002      -71.7409973       4.2453040950931609E-003
           9           6  -31.5830002      -71.7409973       6.3461073441430926E-003
           9           7  -31.5830002      -71.7409973       6.3348719268105924E-003
           9           8  -31.5830002      -71.7409973       6.6123490105383098E-003
           9           9  -31.5830002      -71.7409973       6.3893121550790966E-003
           9          10  -31.5830002      -71.7409973       2.6160175511904527E-003
           9          11  -31.5830002      -71.7409973       1.0922501678578556E-004
          10           1  -31.5650005      -71.7409973       7.8154686489142478E-003
          10           2  -31.5650005      -71.7409973       7.2708414127191645E-003
          10           3  -31.5650005      -71.7409973       7.2288017108803615E-003
          10           4  -31.5650005      -71.7409973       4.4650347504102683E-003
          10           5  -31.5650005      -71.7409973       3.0331585439853370E-003
          10           6  -31.5650005      -71.7409973       5.8147340314462781E-003
          10           7  -31.5650005      -71.7409973       5.2750247123185545E-003
          10           8  -31.5650005      -71.7409973       5.2750247123185545E-003
          10           9  -31.5650005      -71.7409973       4.2479034163989127E-003
          10          10  -31.5650005      -71.7409973       2.7130768321512733E-003
          10          11  -31.5650005      -71.7409973       0.0000000000000000     
          11           1  -31.5470009      -71.7409973       5.5968595261219889E-003
          11           2  -31.5470009      -71.7409973       5.8874630776699632E-003
          11           3  -31.5470009      -71.7409973       4.5588239881908521E-003
          11           4  -31.5470009      -71.7409973       1.6871943371370435E-003
          11           5  -31.5470009      -71.7409973       2.6760888868011534E-003
          11           6  -31.5470009      -71.7409973       2.8852940276919981E-003
          11           7  -31.5470009      -71.7409973       3.3079356362577528E-003
          11           8  -31.5470009      -71.7409973       3.3079356362577528E-003
          11           9  -31.5470009      -71.7409973       3.2495738851139322E-003
          11          10  -31.5470009      -71.7409973       3.1166353801381774E-003
          11          11  -31.5470009      -71.7409973       0.0000000000000000     
