           1           1  -31.7269993      -71.7409973       1.6869421582669020E-002
           1           2  -31.7269993      -71.7409973       1.6869435086846352E-002
           1           3  -31.7269993      -71.7409973       2.0485931308940053E-002
           1           4  -31.7269993      -71.7409973       1.9473638385534286E-002
           1           5  -31.7269993      -71.7409973       1.9473643973469734E-002
           1           6  -31.7269993      -71.7409973       2.0485931308940053E-002
           1           7  -31.7269993      -71.7409973       2.0485925488173962E-002
           1           8  -31.7269993      -71.7409973       2.0485925488173962E-002
           1           9  -31.7269993      -71.7409973       2.4320286232978106E-002
           1          10  -31.7269993      -71.7409973       2.7223615441471338E-002
           1          11  -31.7269993      -71.7409973       2.7223594952374697E-002
           2           1  -31.7089996      -71.7409973       1.7210924183018506E-002
           2           2  -31.7089996      -71.7409973       1.7210913705639541E-002
           2           3  -31.7089996      -71.7409973       1.7210915102623403E-002
           2           4  -31.7089996      -71.7409973       1.7210923251695931E-002
           2           5  -31.7089996      -71.7409973       1.7210913705639541E-002
           2           6  -31.7089996      -71.7409973       1.7210923717357218E-002
           2           7  -31.7089996      -71.7409973       1.7210924183018506E-002
           2           8  -31.7089996      -71.7409973       1.7210924183018506E-002
           2           9  -31.7089996      -71.7409973       3.6527820862829685E-002
           2          10  -31.7089996      -71.7409973       3.3636008389294147E-002
           2          11  -31.7089996      -71.7409973       3.3636029809713364E-002
           3           1  -31.6910000      -71.7409973       2.0234856288880110E-002
           3           2  -31.6910000      -71.7409973       2.0234866067767143E-002
           3           3  -31.6910000      -71.7409973       2.0234856288880110E-002
           3           4  -31.6910000      -71.7409973       2.1183620978263207E-002
           3           5  -31.6910000      -71.7409973       2.1183620978263207E-002
           3           6  -31.6910000      -71.7409973       2.0234865602105856E-002
           3           7  -31.6910000      -71.7409973       2.0234856288880110E-002
           3           8  -31.6910000      -71.7409973       2.9476252384483814E-002
           3           9  -31.6910000      -71.7409973       3.9651602040976286E-002
           3          10  -31.6910000      -71.7409973       3.9651602040976286E-002
           3          11  -31.6910000      -71.7409973       3.9651606697589159E-002
           4           1  -31.6730003      -71.7409973       2.3089130641892552E-002
           4           2  -31.6730003      -71.7409973       2.3089138325303793E-002
           4           3  -31.6730003      -71.7409973       2.3089134905603714E-002
           4           4  -31.6730003      -71.7409973       2.3089122725650668E-002
           4           5  -31.6730003      -71.7409973       2.3089130641892552E-002
           4           6  -31.6730003      -71.7409973       2.3089137233910151E-002
           4           7  -31.6730003      -71.7409973       2.3089130641892552E-002
           4           8  -31.6730003      -71.7409973       3.2818235922604799E-002
           4           9  -31.6730003      -71.7409973       3.3758327830582857E-002
           4          10  -31.6730003      -71.7409973       3.8046120665967464E-002
           4          11  -31.6730003      -71.7409973       3.8046137429773808E-002
           5           1  -31.6550007      -71.7409973       1.6122322158480529E-002
           5           2  -31.6550007      -71.7409973       1.6122327651828527E-002
           5           3  -31.6550007      -71.7409973       1.6122328677738551E-002
           5           4  -31.6550007      -71.7409973       1.6122324253956322E-002
           5           5  -31.6550007      -71.7409973       1.6122322158480529E-002
           5           6  -31.6550007      -71.7409973       1.6122315544635057E-002
           5           7  -31.6550007      -71.7409973       1.6122322158480529E-002
           5           8  -31.6550007      -71.7409973       2.3859057691879570E-002
           5           9  -31.6550007      -71.7409973       2.3859048378653824E-002
           5          10  -31.6550007      -71.7409973       2.3859035805799067E-002
           5          11  -31.6550007      -71.7409973       2.3859073990024626E-002
           6           1  -31.6369991      -71.7409973       3.0374415218830109E-003
           6           2  -31.6369991      -71.7409973       3.0374415218830109E-003
           6           3  -31.6369991      -71.7409973       3.0374443158507347E-003
           6           4  -31.6369991      -71.7409973       3.0374377965927124E-003
           6           5  -31.6369991      -71.7409973       3.0374415218830109E-003
           6           6  -31.6369991      -71.7409973       3.0374433845281601E-003
           6           7  -31.6369991      -71.7409973       3.0374415218830109E-003
           6           8  -31.6369991      -71.7409973       3.0374396592378616E-003
           6           9  -31.6369991      -71.7409973       1.0226135607808828E-002
           6          10  -31.6369991      -71.7409973       3.0374415218830109E-003
           6          11  -31.6369991      -71.7409973       3.0374415218830109E-003
           7           1  -31.6189995      -71.7409973       1.6432990669272840E-002
           7           2  -31.6189995      -71.7409973       1.6432999167591333E-002
           7           3  -31.6189995      -71.7409973       1.6432998701930046E-002
           7           4  -31.6189995      -71.7409973       1.6433004057034850E-002
           7           5  -31.6189995      -71.7409973       1.3246810762211680E-002
           7           6  -31.6189995      -71.7409973       1.6432986943982542E-002
           7           7  -31.6189995      -71.7409973       2.8089375700801611E-002
           7           8  -31.6189995      -71.7409973       2.8089375700801611E-002
           7           9  -31.6189995      -71.7409973       2.8089387342333794E-002
           7          10  -31.6189995      -71.7409973       2.8089375700801611E-002
           7          11  -31.6189995      -71.7409973       2.8089370811358094E-002
           8           1  -31.6009998      -71.7409973       2.6497913291677833E-002
           8           2  -31.6009998      -71.7409973       2.6497899554669857E-002
           8           3  -31.6009998      -71.7409973       2.6497907936573029E-002
           8           4  -31.6009998      -71.7409973       2.6497911196202040E-002
           8           5  -31.6009998      -71.7409973       2.6497913291677833E-002
           8           6  -31.6009998      -71.7409973       2.9444879852235317E-002
           8           7  -31.6009998      -71.7409973       4.0160187054425478E-002
           8           8  -31.6009998      -71.7409973       4.0160187054425478E-002
           8           9  -31.6009998      -71.7409973       3.7390606943517923E-002
           8          10  -31.6009998      -71.7409973       4.0160182630643249E-002
           8          11  -31.6009998      -71.7409973       4.0160174947232008E-002
           9           1  -31.5830002      -71.7409973       2.5771498447284102E-002
           9           2  -31.5830002      -71.7409973       2.5771481683477759E-002
           9           3  -31.5830002      -71.7409973       2.5771498447284102E-002
           9           4  -31.5830002      -71.7409973       2.6496525621041656E-002
           9           5  -31.5830002      -71.7409973       2.6496520964428782E-002
           9           6  -31.5830002      -71.7409973       3.5480342805385590E-002
           9           7  -31.5830002      -71.7409973       3.8266215007752180E-002
           9           8  -31.5830002      -71.7409973       3.8266216870397329E-002
           9           9  -31.5830002      -71.7409973       3.8266216870397329E-002
           9          10  -31.5830002      -71.7409973       3.8266216870397329E-002
           9          11  -31.5830002      -71.7409973       3.8266222458332777E-002
          10           1  -31.5650005      -71.7409973       1.9466818310320377E-002
          10           2  -31.5650005      -71.7409973       2.0751268602907658E-002
          10           3  -31.5650005      -71.7409973       1.9466821569949389E-002
          10           4  -31.5650005      -71.7409973       1.9466819707304239E-002
          10           5  -31.5650005      -71.7409973       1.9466826692223549E-002
          10           6  -31.5650005      -71.7409973       3.3081745728850365E-002
          10           7  -31.5650005      -71.7409973       3.3081755042076111E-002
          10           8  -31.5650005      -71.7409973       3.3081755042076111E-002
          10           9  -31.5650005      -71.7409973       3.5408165771514177E-002
          10          10  -31.5650005      -71.7409973       3.4302326850593090E-002
          10          11  -31.5650005      -71.7409973       3.3081744797527790E-002
          11           1  -31.5470009      -71.7409973       1.4978243241785094E-002
          11           2  -31.5470009      -71.7409973       1.4978248829720542E-002
          11           3  -31.5470009      -71.7409973       1.4978246268583462E-002
          11           4  -31.5470009      -71.7409973       1.5485388146771584E-002
          11           5  -31.5470009      -71.7409973       2.0701170782558620E-002
          11           6  -31.5470009      -71.7409973       2.6643215736839920E-002
          11           7  -31.5470009      -71.7409973       2.6643212942872196E-002
          11           8  -31.5470009      -71.7409973       2.6643212942872196E-002
          11           9  -31.5470009      -71.7409973       2.6643215736839920E-002
          11          10  -31.5470009      -71.7409973       2.6643215736839920E-002
          11          11  -31.5470009      -71.7409973       2.6643219462130219E-002
