           1           1  -31.7269993      -71.7409973       6.8530989619830507E-004
           1           2  -31.7269993      -71.7409973       6.5875970176421106E-004
           1           3  -31.7269993      -71.7409973       6.7662058427231386E-004
           1           4  -31.7269993      -71.7409973       6.5549086502869613E-004
           1           5  -31.7269993      -71.7409973       3.8934008625801653E-004
           1           6  -31.7269993      -71.7409973       0.0000000000000000     
           1           7  -31.7269993      -71.7409973       4.8892230233832379E-004
           1           8  -31.7269993      -71.7409973       5.0304438627790660E-004
           1           9  -31.7269993      -71.7409973       5.0265271420357749E-004
           1          10  -31.7269993      -71.7409973       5.0265271420357749E-004
           1          11  -31.7269993      -71.7409973       3.6785732118005399E-004
           2           1  -31.7089996      -71.7409973       6.2521413201466203E-004
           2           2  -31.7089996      -71.7409973       7.6736837218049914E-004
           2           3  -31.7089996      -71.7409973       6.8686242593685165E-004
           2           4  -31.7089996      -71.7409973       5.4835852597534540E-004
           2           5  -31.7089996      -71.7409973       5.3183350246399641E-004
           2           6  -31.7089996      -71.7409973       3.5750039933191147E-004
           2           7  -31.7089996      -71.7409973       4.5744676299364073E-004
           2           8  -31.7089996      -71.7409973       4.5744676299364073E-004
           2           9  -31.7089996      -71.7409973       5.3221986217977246E-004
           2          10  -31.7089996      -71.7409973       4.5805195259163156E-004
           2          11  -31.7089996      -71.7409973       1.8693890206122887E-004
           3           1  -31.6910000      -71.7409973       8.8564482575748116E-004
           3           2  -31.6910000      -71.7409973       8.0738710130390245E-004
           3           3  -31.6910000      -71.7409973       8.8564482575748116E-004
           3           4  -31.6910000      -71.7409973       6.4009268680820242E-004
           3           5  -31.6910000      -71.7409973       1.7876999481813982E-004
           3           6  -31.6910000      -71.7409973       6.5393899831178715E-004
           3           7  -31.6910000      -71.7409973       7.1437182486988604E-004
           3           8  -31.6910000      -71.7409973       7.1739191025699256E-004
           3           9  -31.6910000      -71.7409973       7.1739191025699256E-004
           3          10  -31.6910000      -71.7409973       2.8792942248401232E-004
           3          11  -31.6910000      -71.7409973       1.6674847029207740E-004
           4           1  -31.6730003      -71.7409973       9.9422097991919145E-004
           4           2  -31.6730003      -71.7409973       1.0142063911189325E-003
           4           3  -31.6730003      -71.7409973       1.0124891196028329E-003
           4           4  -31.6730003      -71.7409973       6.5471120251459070E-004
           4           5  -31.6730003      -71.7409973       1.7931985712493770E-004
           4           6  -31.6730003      -71.7409973       9.9365195819700602E-004
           4           7  -31.6730003      -71.7409973       9.9287453485885635E-004
           4           8  -31.6730003      -71.7409973       9.9287453485885635E-004
           4           9  -31.6730003      -71.7409973       1.0994314070558175E-003
           4          10  -31.6730003      -71.7409973       1.7186860895890277E-004
           4          11  -31.6730003      -71.7409973       1.7149763152701780E-004
           5           1  -31.6550007      -71.7409973       1.1900731769856066E-003
           5           2  -31.6550007      -71.7409973       1.1166934418724850E-003
           5           3  -31.6550007      -71.7409973       1.1495634680613875E-003
           5           4  -31.6550007      -71.7409973       6.1129785353841726E-004
           5           5  -31.6550007      -71.7409973       5.8893253799396916E-004
           5           6  -31.6550007      -71.7409973       1.2825651210732758E-003
           5           7  -31.6550007      -71.7409973       1.2815515219699591E-003
           5           8  -31.6550007      -71.7409973       1.2162807252025232E-003
           5           9  -31.6550007      -71.7409973       1.1328897744533606E-003
           5          10  -31.6550007      -71.7409973       2.0326166213635588E-004
           5          11  -31.6550007      -71.7409973       2.0901874904666329E-004
           6           1  -31.6369991      -71.7409973       1.2620041234185919E-003
           6           2  -31.6369991      -71.7409973       1.2409113114699721E-003
           6           3  -31.6369991      -71.7409973       1.2495570845203474E-003
           6           4  -31.6369991      -71.7409973       4.8306461394531652E-004
           6           5  -31.6369991      -71.7409973       7.5441498483996838E-004
           6           6  -31.6369991      -71.7409973       1.3044290390098467E-003
           6           7  -31.6369991      -71.7409973       1.3072479923721403E-003
           6           8  -31.6369991      -71.7409973       1.3032624119659886E-003
           6           9  -31.6369991      -71.7409973       1.0846435907296836E-003
           6          10  -31.6369991      -71.7409973       2.4507428406650433E-004
           6          11  -31.6369991      -71.7409973       2.5341554555780021E-004
           7           1  -31.6189995      -71.7409973       1.2682340166065842E-003
           7           2  -31.6189995      -71.7409973       1.2493046888266690E-003
           7           3  -31.6189995      -71.7409973       1.2470136935007758E-003
           7           4  -31.6189995      -71.7409973       3.2078345884656301E-004
           7           5  -31.6189995      -71.7409973       9.8385411911294796E-004
           7           6  -31.6189995      -71.7409973       1.3016433003940620E-003
           7           7  -31.6189995      -71.7409973       1.2194004448247142E-003
           7           8  -31.6189995      -71.7409973       1.2194004448247142E-003
           7           9  -31.6189995      -71.7409973       8.0300010449718684E-004
           7          10  -31.6189995      -71.7409973       2.3365678771369858E-004
           7          11  -31.6189995      -71.7409973       2.1890360858378699E-004
           8           1  -31.6009998      -71.7409973       1.1596107760851737E-003
           8           2  -31.6009998      -71.7409973       1.1245804307691287E-003
           8           3  -31.6009998      -71.7409973       1.0991423623636365E-003
           8           4  -31.6009998      -71.7409973       2.7559705949897761E-004
           8           5  -31.6009998      -71.7409973       9.1577952844090760E-004
           8           6  -31.6009998      -71.7409973       8.0983528823708184E-004
           8           7  -31.6009998      -71.7409973       9.9542298448795918E-004
           8           8  -31.6009998      -71.7409973       9.9542298448795918E-004
           8           9  -31.6009998      -71.7409973       7.6159456875757314E-004
           8          10  -31.6009998      -71.7409973       1.4679768923997472E-004
           8          11  -31.6009998      -71.7409973       1.1986470872216159E-004
           9           1  -31.5830002      -71.7409973       9.7303804432158358E-004
           9           2  -31.5830002      -71.7409973       9.8832742150989361E-004
           9           3  -31.5830002      -71.7409973       9.3458700939663686E-004
           9           4  -31.5830002      -71.7409973       2.1137452131370082E-004
           9           5  -31.5830002      -71.7409973       6.1516932328231633E-004
           9           6  -31.5830002      -71.7409973       6.1903335154056549E-004
           9           7  -31.5830002      -71.7409973       6.6133077416452579E-004
           9           8  -31.5830002      -71.7409973       6.9850657382630743E-004
           9           9  -31.5830002      -71.7409973       5.5955404786800500E-004
           9          10  -31.5830002      -71.7409973       1.0951014519378077E-004
           9          11  -31.5830002      -71.7409973       1.2393103315844201E-004
          10           1  -31.5650005      -71.7409973       8.0424635234521702E-004
          10           2  -31.5650005      -71.7409973       7.2936987999128178E-004
          10           3  -31.5650005      -71.7409973       5.7966815393228899E-004
          10           4  -31.5650005      -71.7409973       2.6674622858990915E-004
          10           5  -31.5650005      -71.7409973       4.0779245318844914E-004
          10           6  -31.5650005      -71.7409973       5.7696608018886764E-004
          10           7  -31.5650005      -71.7409973       4.9686708553053904E-004
          10           8  -31.5650005      -71.7409973       4.9686708553053904E-004
          10           9  -31.5650005      -71.7409973       2.9055935374344699E-004
          10          10  -31.5650005      -71.7409973       1.6479472560604336E-004
          10          11  -31.5650005      -71.7409973       7.2399717055304791E-005
          11           1  -31.5470009      -71.7409973       5.5511378741357476E-004
          11           2  -31.5470009      -71.7409973       4.4445914682000875E-004
          11           3  -31.5470009      -71.7409973       3.7874183772146353E-004
          11           4  -31.5470009      -71.7409973       2.0037322610733099E-004
          11           5  -31.5470009      -71.7409973       1.5060833175084554E-004
          11           6  -31.5470009      -71.7409973       3.5590030802268302E-004
          11           7  -31.5470009      -71.7409973       4.5481852430384606E-004
          11           8  -31.5470009      -71.7409973       4.5481852430384606E-004
          11           9  -31.5470009      -71.7409973       4.8290788345184410E-004
          11          10  -31.5470009      -71.7409973       3.4483692161302315E-004
          11          11  -31.5470009      -71.7409973       0.0000000000000000     
