           1           1  -31.7269993      -71.7409973       2.9816398273396771E-004
           1           2  -31.7269993      -71.7409973       0.0000000000000000     
           1           3  -31.7269993      -71.7409973       1.3811027929477859E-004
           1           4  -31.7269993      -71.7409973       5.9047729973826790E-004
           1           5  -31.7269993      -71.7409973       4.7881485352263553E-004
           1           6  -31.7269993      -71.7409973       4.0174778496293584E-004
           1           7  -31.7269993      -71.7409973       5.1341023117856821E-004
           1           8  -31.7269993      -71.7409973       2.8258590646146331E-004
           1           9  -31.7269993      -71.7409973       9.9333345133345574E-005
           1          10  -31.7269993      -71.7409973       4.0711887049837969E-004
           1          11  -31.7269993      -71.7409973       6.5875970176421106E-004
           2           1  -31.7089996      -71.7409973       0.0000000000000000     
           2           2  -31.7089996      -71.7409973       3.1934435355651658E-005
           2           3  -31.7089996      -71.7409973       8.2516125985421240E-006
           2           4  -31.7089996      -71.7409973       5.6207690613518935E-004
           2           5  -31.7089996      -71.7409973       6.0654072694887873E-004
           2           6  -31.7089996      -71.7409973       6.1939125134813366E-004
           2           7  -31.7089996      -71.7409973       5.9507943842618261E-004
           2           8  -31.7089996      -71.7409973       5.5499861900898395E-004
           2           9  -31.7089996      -71.7409973       1.6780635633040220E-004
           2          10  -31.7089996      -71.7409973       7.1346458412335778E-004
           2          11  -31.7089996      -71.7409973       7.6736837218049914E-004
           3           1  -31.6910000      -71.7409973       8.1240777262792108E-005
           3           2  -31.6910000      -71.7409973       1.0104538341693114E-004
           3           3  -31.6910000      -71.7409973       8.1240777262792108E-005
           3           4  -31.6910000      -71.7409973       6.1030295637465315E-004
           3           5  -31.6910000      -71.7409973       8.4587197852670215E-004
           3           6  -31.6910000      -71.7409973       8.5721827781526372E-004
           3           7  -31.6910000      -71.7409973       1.0000423080782639E-003
           3           8  -31.6910000      -71.7409973       9.2516029690159485E-004
           3           9  -31.6910000      -71.7409973       3.5380392364459112E-004
           3          10  -31.6910000      -71.7409973       8.4681878070114180E-004
           3          11  -31.6910000      -71.7409973       8.0738710130390245E-004
           4           1  -31.6730003      -71.7409973       2.5810656438807200E-004
           4           2  -31.6730003      -71.7409973       2.9455434196279384E-004
           4           3  -31.6730003      -71.7409973       2.8073710632270377E-004
           4           4  -31.6730003      -71.7409973       7.5392184407974128E-004
           4           5  -31.6730003      -71.7409973       1.1829417198896408E-003
           4           6  -31.6730003      -71.7409973       1.1672412092593731E-003
           4           7  -31.6730003      -71.7409973       1.1829417198896408E-003
           4           8  -31.6730003      -71.7409973       1.1320926005282672E-003
           4           9  -31.6730003      -71.7409973       4.7241474447901055E-004
           4          10  -31.6730003      -71.7409973       9.7974284290103242E-004
           4          11  -31.6730003      -71.7409973       1.0142063911189325E-003
           5           1  -31.6550007      -71.7409973       4.1483479253656697E-004
           5           2  -31.6550007      -71.7409973       3.5567911436373834E-004
           5           3  -31.6550007      -71.7409973       3.8247546581260394E-004
           5           4  -31.6550007      -71.7409973       8.8761208462528884E-004
           5           5  -31.6550007      -71.7409973       1.4254882698878646E-003
           5           6  -31.6550007      -71.7409973       1.4235920825740322E-003
           5           7  -31.6550007      -71.7409973       1.4254882698878646E-003
           5           8  -31.6550007      -71.7409973       1.1547760514076799E-003
           5           9  -31.6550007      -71.7409973       5.9654560391209088E-004
           5          10  -31.6550007      -71.7409973       1.1900731769856066E-003
           5          11  -31.6550007      -71.7409973       1.1166934418724850E-003
           6           1  -31.6369991      -71.7409973       4.2242041763529414E-004
           6           2  -31.6369991      -71.7409973       4.1124622066490701E-004
           6           3  -31.6369991      -71.7409973       4.0991952617730476E-004
           6           4  -31.6369991      -71.7409973       1.0908999392995611E-003
           6           5  -31.6369991      -71.7409973       1.4142985164653510E-003
           6           6  -31.6369991      -71.7409973       1.4119916886556894E-003
           6           7  -31.6369991      -71.7409973       1.4142985164653510E-003
           6           8  -31.6369991      -71.7409973       1.0086057009175420E-003
           6           9  -31.6369991      -71.7409973       7.2407814150210470E-004
           6          10  -31.6369991      -71.7409973       1.2601883354363963E-003
           6          11  -31.6369991      -71.7409973       1.2409113114699721E-003
           7           1  -31.6189995      -71.7409973       3.6656557495007291E-004
           7           2  -31.6189995      -71.7409973       3.6373142575030215E-004
           7           3  -31.6189995      -71.7409973       2.7898804853521142E-004
           7           4  -31.6189995      -71.7409973       1.1745903611881658E-003
           7           5  -31.6189995      -71.7409973       1.3415479334071279E-003
           7           6  -31.6189995      -71.7409973       1.3824571651639417E-003
           7           7  -31.6189995      -71.7409973       1.3109162973705679E-003
           7           8  -31.6189995      -71.7409973       8.0225799320032820E-004
           7           9  -31.6189995      -71.7409973       8.4134232020005584E-004
           7          10  -31.6189995      -71.7409973       1.2682340166065842E-003
           7          11  -31.6189995      -71.7409973       1.2493046888266690E-003
           8           1  -31.6009998      -71.7409973       2.3584886275784811E-004
           8           2  -31.6009998      -71.7409973       2.4331822351086885E-004
           8           3  -31.6009998      -71.7409973       1.9005630565516185E-004
           8           4  -31.6009998      -71.7409973       1.1312770993754384E-003
           8           5  -31.6009998      -71.7409973       1.0606324103719089E-003
           8           6  -31.6009998      -71.7409973       9.3042509251972660E-004
           8           7  -31.6009998      -71.7409973       1.0606324103719089E-003
           8           8  -31.6009998      -71.7409973       4.8200238779827487E-004
           8           9  -31.6009998      -71.7409973       8.4925402370572556E-004
           8          10  -31.6009998      -71.7409973       1.1198030952073168E-003
           8          11  -31.6009998      -71.7409973       1.0862942544918042E-003
           9           1  -31.5830002      -71.7409973       1.0353777997806901E-004
           9           2  -31.5830002      -71.7409973       2.1908509006607346E-004
           9           3  -31.5830002      -71.7409973       3.0408489055844257E-004
           9           4  -31.5830002      -71.7409973       7.9447505959251430E-004
           9           5  -31.5830002      -71.7409973       7.3555262497393414E-004
           9           6  -31.5830002      -71.7409973       6.4663678858778439E-004
           9           7  -31.5830002      -71.7409973       7.3657372377056163E-004
           9           8  -31.5830002      -71.7409973       1.6286541358567774E-004
           9           9  -31.5830002      -71.7409973       9.4188372395365150E-004
           9          10  -31.5830002      -71.7409973       9.8303615595796145E-004
           9          11  -31.5830002      -71.7409973       9.8832742150989361E-004
          10           1  -31.5650005      -71.7409973       1.7245163053303258E-004
          10           2  -31.5650005      -71.7409973       1.6829199830681318E-004
          10           3  -31.5650005      -71.7409973       5.6210942420875654E-004
          10           4  -31.5650005      -71.7409973       6.6279292809667822E-004
          10           5  -31.5650005      -71.7409973       6.1927503401193462E-004
          10           6  -31.5650005      -71.7409973       5.2686371276422506E-004
          10           7  -31.5650005      -71.7409973       3.1893354571366217E-004
          10           8  -31.5650005      -71.7409973       2.1874086087336764E-004
          10           9  -31.5650005      -71.7409973       7.4164601392112672E-004
          10          10  -31.5650005      -71.7409973       8.1557944577070884E-004
          10          11  -31.5650005      -71.7409973       6.9209829234750941E-004
          11           1  -31.5470009      -71.7409973       8.6621057562297210E-005
          11           2  -31.5470009      -71.7409973       2.6463479071026086E-004
          11           3  -31.5470009      -71.7409973       5.7513271349307615E-004
          11           4  -31.5470009      -71.7409973       5.7233239203924313E-004
          11           5  -31.5470009      -71.7409973       5.9412437440187205E-004
          11           6  -31.5470009      -71.7409973       5.7513271349307615E-004
          11           7  -31.5470009      -71.7409973       4.9998747272184119E-005
          11           8  -31.5470009      -71.7409973       2.2212330804904923E-004
          11           9  -31.5470009      -71.7409973       5.0149552407674491E-004
          11          10  -31.5470009      -71.7409973       5.0149552407674491E-004
          11          11  -31.5470009      -71.7409973       4.4445914682000875E-004
