           1           1  -31.7269993      -71.7409973       5.1341023117856821E-004
           1           2  -31.7269993      -71.7409973       2.9634597831318388E-004
           1           3  -31.7269993      -71.7409973       4.0174778496293584E-004
           1           4  -31.7269993      -71.7409973       5.8053959219250828E-004
           1           5  -31.7269993      -71.7409973       1.9933402927563293E-004
           1           6  -31.7269993      -71.7409973       6.9325215008575469E-005
           1           7  -31.7269993      -71.7409973       5.2002822548047334E-004
           1           8  -31.7269993      -71.7409973       6.8530989619830507E-004
           1           9  -31.7269993      -71.7409973       6.7662058427231386E-004
           1          10  -31.7269993      -71.7409973       6.7662058427231386E-004
           1          11  -31.7269993      -71.7409973       6.5851855106302537E-004
           2           1  -31.7089996      -71.7409973       5.9507943842618261E-004
           2           2  -31.7089996      -71.7409973       6.5040572008001618E-004
           2           3  -31.7089996      -71.7409973       6.2871396403352264E-004
           2           4  -31.7089996      -71.7409973       6.0014369864802575E-004
           2           5  -31.7089996      -71.7409973       3.6310698487795889E-004
           2           6  -31.7089996      -71.7409973       3.2052696042228490E-004
           2           7  -31.7089996      -71.7409973       6.1679510326939635E-004
           2           8  -31.7089996      -71.7409973       6.2521413201466203E-004
           2           9  -31.7089996      -71.7409973       6.1818740505259484E-004
           2          10  -31.7089996      -71.7409973       7.1135994949145243E-004
           2          11  -31.7089996      -71.7409973       7.4910261901095510E-004
           3           1  -31.6910000      -71.7409973       9.8468058786238544E-004
           3           2  -31.6910000      -71.7409973       9.1802762472070754E-004
           3           3  -31.6910000      -71.7409973       1.0000423080782639E-003
           3           4  -31.6910000      -71.7409973       8.4587197852670215E-004
           3           5  -31.6910000      -71.7409973       7.0177092129597440E-004
           3           6  -31.6910000      -71.7409973       4.6698806909262203E-004
           3           7  -31.6910000      -71.7409973       8.8564482575748116E-004
           3           8  -31.6910000      -71.7409973       8.4681878070114180E-004
           3           9  -31.6910000      -71.7409973       8.4681878070114180E-004
           3          10  -31.6910000      -71.7409973       8.4621314636024181E-004
           3          11  -31.6910000      -71.7409973       5.1415462075965479E-004
           4           1  -31.6730003      -71.7409973       1.1664535413729027E-003
           4           2  -31.6730003      -71.7409973       1.2314729701756733E-003
           4           3  -31.6730003      -71.7409973       1.2179294571978971E-003
           4           4  -31.6730003      -71.7409973       1.1868126748595387E-003
           4           5  -31.6730003      -71.7409973       8.3269604510860518E-004
           4           6  -31.6730003      -71.7409973       6.1354954959824681E-004
           4           7  -31.6730003      -71.7409973       9.9422097991919145E-004
           4           8  -31.6730003      -71.7409973       9.9422097991919145E-004
           4           9  -31.6730003      -71.7409973       1.0652417113306001E-003
           4          10  -31.6730003      -71.7409973       9.7628762159729376E-004
           4          11  -31.6730003      -71.7409973       3.1965007656253874E-004
           5           1  -31.6550007      -71.7409973       1.4254882698878646E-003
           5           2  -31.6550007      -71.7409973       1.2908225908176973E-003
           5           3  -31.6550007      -71.7409973       1.3596442440757528E-003
           5           4  -31.6550007      -71.7409973       1.3246565067674965E-003
           5           5  -31.6550007      -71.7409973       7.5979020948580001E-004
           5           6  -31.6550007      -71.7409973       7.7335607784334570E-004
           5           7  -31.6550007      -71.7409973       1.1900731769856066E-003
           5           8  -31.6550007      -71.7409973       1.1495634680613875E-003
           5           9  -31.6550007      -71.7409973       1.1299128382233903E-003
           5          10  -31.6550007      -71.7409973       1.1697449081111699E-003
           5          11  -31.6550007      -71.7409973       1.4211556481313892E-004
           6           1  -31.6369991      -71.7409973       1.4142985164653510E-003
           6           2  -31.6369991      -71.7409973       1.3888844987377524E-003
           6           3  -31.6369991      -71.7409973       1.4092601923039183E-003
           6           4  -31.6369991      -71.7409973       1.4162944280542433E-003
           6           5  -31.6369991      -71.7409973       6.0370541905285791E-004
           6           6  -31.6369991      -71.7409973       9.5891441014828160E-004
           6           7  -31.6369991      -71.7409973       1.2620041234185919E-003
           6           8  -31.6369991      -71.7409973       1.2701384548563510E-003
           6           9  -31.6369991      -71.7409973       1.2260838120710105E-003
           6          10  -31.6369991      -71.7409973       1.1416802299208939E-003
           6          11  -31.6369991      -71.7409973       0.0000000000000000     
           7           1  -31.6189995      -71.7409973       1.3109162973705679E-003
           7           2  -31.6189995      -71.7409973       1.2844109151046723E-003
           7           3  -31.6189995      -71.7409973       1.2767721636919305E-003
           7           4  -31.6189995      -71.7409973       1.3049767148913816E-003
           7           5  -31.6189995      -71.7409973       2.5345383619423956E-004
           7           6  -31.6189995      -71.7409973       1.0341836132283788E-003
           7           7  -31.6189995      -71.7409973       1.2682340166065842E-003
           7           8  -31.6189995      -71.7409973       1.2682340166065842E-003
           7           9  -31.6189995      -71.7409973       1.2020647918689065E-003
           7          10  -31.6189995      -71.7409973       1.0979643266182393E-003
           7          11  -31.6189995      -71.7409973       0.0000000000000000     
           8           1  -31.6009998      -71.7409973       1.0606324103719089E-003
           8           2  -31.6009998      -71.7409973       1.0061355642392300E-003
           8           3  -31.6009998      -71.7409973       1.0061390239570756E-003
           8           4  -31.6009998      -71.7409973       1.1876543976541143E-003
           8           5  -31.6009998      -71.7409973       3.3232107489311602E-004
           8           6  -31.6009998      -71.7409973       1.0202676858170889E-003
           8           7  -31.6009998      -71.7409973       1.1596107760851737E-003
           8           8  -31.6009998      -71.7409973       1.1596107760851737E-003
           8           9  -31.6009998      -71.7409973       1.1983410222455859E-003
           8          10  -31.6009998      -71.7409973       8.3589988935273141E-004
           8          11  -31.6009998      -71.7409973       1.2069534568581730E-004
           9           1  -31.5830002      -71.7409973       7.3657372377056163E-004
           9           2  -31.5830002      -71.7409973       6.7273987224325538E-004
           9           3  -31.5830002      -71.7409973       7.3657372377056163E-004
           9           4  -31.5830002      -71.7409973       7.3451798743917607E-004
           9           5  -31.5830002      -71.7409973       4.1068857353820931E-004
           9           6  -31.5830002      -71.7409973       9.4004313359619118E-004
           9           7  -31.5830002      -71.7409973       9.7303804432158358E-004
           9           8  -31.5830002      -71.7409973       9.8303615595796145E-004
           9           9  -31.5830002      -71.7409973       9.8303615595796145E-004
           9          10  -31.5830002      -71.7409973       6.5312171000186936E-004
           9          11  -31.5830002      -71.7409973       1.0458503675181419E-004
          10           1  -31.5650005      -71.7409973       6.1558369270642288E-004
          10           2  -31.5650005      -71.7409973       5.6783310287755739E-004
          10           3  -31.5650005      -71.7409973       5.6568968943793152E-004
          10           4  -31.5650005      -71.7409973       2.9164543047954794E-004
          10           5  -31.5650005      -71.7409973       4.2053773177030962E-004
          10           6  -31.5650005      -71.7409973       8.3678013834287412E-004
          10           7  -31.5650005      -71.7409973       8.0424635234521702E-004
          10           8  -31.5650005      -71.7409973       8.0424635234521702E-004
          10           9  -31.5650005      -71.7409973       7.3521866579540074E-004
          10          10  -31.5650005      -71.7409973       5.0002784701064229E-004
          10          11  -31.5650005      -71.7409973       1.1641202581813559E-004
          11           1  -31.5470009      -71.7409973       5.4665087554894853E-004
          11           2  -31.5470009      -71.7409973       5.9632431111822370E-004
          11           3  -31.5470009      -71.7409973       4.7839073522482067E-004
          11           4  -31.5470009      -71.7409973       1.6958898413577117E-005
          11           5  -31.5470009      -71.7409973       4.5006202526565176E-004
          11           6  -31.5470009      -71.7409973       5.0149552407674491E-004
          11           7  -31.5470009      -71.7409973       5.5511378741357476E-004
          11           8  -31.5470009      -71.7409973       5.5511378741357476E-004
          11           9  -31.5470009      -71.7409973       4.4854865700472146E-004
          11          10  -31.5470009      -71.7409973       3.6628271845984273E-004
          11          11  -31.5470009      -71.7409973       6.9943263952154666E-005
