           1           1  -31.7269993      -71.7409973       5.6864268844947219E-004
           1           2  -31.7269993      -71.7409973       5.6864249199861661E-004
           1           3  -31.7269993      -71.7409973       6.9480560341617092E-004
           1           4  -31.7269993      -71.7409973       7.3215176234953105E-004
           1           5  -31.7269993      -71.7409973       7.3215184966102242E-004
           1           6  -31.7269993      -71.7409973       7.0618274185108021E-004
           1           7  -31.7269993      -71.7409973       7.0618265453958884E-004
           1           8  -31.7269993      -71.7409973       7.0618265453958884E-004
           1           9  -31.7269993      -71.7409973       7.0618274185108021E-004
           1          10  -31.7269993      -71.7409973       7.0618274185108021E-004
           1          11  -31.7269993      -71.7409973       7.0618288737023249E-004
           2           1  -31.7089996      -71.7409973       6.1542511684820056E-004
           2           2  -31.7089996      -71.7409973       6.1542596813524142E-004
           2           3  -31.7089996      -71.7409973       7.3151787364622578E-004
           2           4  -31.7089996      -71.7409973       7.6323754910845309E-004
           2           5  -31.7089996      -71.7409973       7.6323742541717365E-004
           2           6  -31.7089996      -71.7409973       7.6323787652654573E-004
           2           7  -31.7089996      -71.7409973       7.6323769462760538E-004
           2           8  -31.7089996      -71.7409973       7.6323769462760538E-004
           2           9  -31.7089996      -71.7409973       7.1757020486984402E-004
           2          10  -31.7089996      -71.7409973       7.6323762914398685E-004
           2          11  -31.7089996      -71.7409973       7.6323791290633380E-004
           3           1  -31.6910000      -71.7409973       8.0230338062392548E-004
           3           2  -31.6910000      -71.7409973       8.0230262392433360E-004
           3           3  -31.6910000      -71.7409973       8.0230338062392548E-004
           3           4  -31.6910000      -71.7409973       8.1517425860511139E-004
           3           5  -31.6910000      -71.7409973       8.1517425860511139E-004
           3           6  -31.6910000      -71.7409973       8.0230279854731634E-004
           3           7  -31.6910000      -71.7409973       8.0230338062392548E-004
           3           8  -31.6910000      -71.7409973       8.0230294406646863E-004
           3           9  -31.6910000      -71.7409973       8.0230294406646863E-004
           3          10  -31.6910000      -71.7409973       8.0230294406646863E-004
           3          11  -31.6910000      -71.7409973       8.0230262392433360E-004
           4           1  -31.6730003      -71.7409973       8.0947863898472860E-004
           4           2  -31.6730003      -71.7409973       8.0947876267600805E-004
           4           3  -31.6730003      -71.7409973       8.0947873357217759E-004
           4           4  -31.6730003      -71.7409973       8.0947852256940678E-004
           4           5  -31.6730003      -71.7409973       7.6481968426378444E-004
           4           6  -31.6730003      -71.7409973       7.6482008080347441E-004
           4           7  -31.6730003      -71.7409973       7.6481968426378444E-004
           4           8  -31.6730003      -71.7409973       7.6481968426378444E-004
           4           9  -31.6730003      -71.7409973       6.7087049683323130E-004
           4          10  -31.6730003      -71.7409973       7.6482008080347441E-004
           4          11  -31.6730003      -71.7409973       7.6482008444145322E-004
           5           1  -31.6550007      -71.7409973       5.4851969980518334E-004
           5           2  -31.6550007      -71.7409973       5.4851954337209463E-004
           5           3  -31.6550007      -71.7409973       5.4851973982295021E-004
           5           4  -31.6550007      -71.7409973       5.4851964523550123E-004
           5           5  -31.6550007      -71.7409973       4.6696377467014827E-004
           5           6  -31.6550007      -71.7409973       4.6696372737642378E-004
           5           7  -31.6550007      -71.7409973       4.6696377467014827E-004
           5           8  -31.6550007      -71.7409973       4.6696417484781705E-004
           5           9  -31.6550007      -71.7409973       4.6696429126313888E-004
           5          10  -31.6550007      -71.7409973       4.6696377467014827E-004
           5          11  -31.6550007      -71.7409973       4.6696441859239712E-004
           6           1  -31.6369991      -71.7409973       1.2323360533628147E-004
           6           2  -31.6369991      -71.7409973       8.6146486864890903E-005
           6           3  -31.6369991      -71.7409973       8.6146734247449785E-005
           6           4  -31.6369991      -71.7409973       8.6146195826586336E-005
           6           5  -31.6369991      -71.7409973       8.6146443209145218E-005
           6           6  -31.6369991      -71.7409973       8.6146268586162478E-005
           6           7  -31.6369991      -71.7409973       8.6146443209145218E-005
           6           8  -31.6369991      -71.7409973       8.6146123067010194E-005
           6           9  -31.6369991      -71.7409973       2.0218468489474617E-004
           6          10  -31.6369991      -71.7409973       8.6146428657229990E-005
           6          11  -31.6369991      -71.7409973       8.6146486864890903E-005
           7           1  -31.6189995      -71.7409973       3.6481150027611875E-004
           7           2  -31.6189995      -71.7409973       3.4077121381415054E-004
           7           3  -31.6189995      -71.7409973       3.4077102463925257E-004
           7           4  -31.6189995      -71.7409973       3.4077106829499826E-004
           7           5  -31.6189995      -71.7409973       2.9156781965866685E-004
           7           6  -31.6189995      -71.7409973       5.0157241639681160E-004
           7           7  -31.6189995      -71.7409973       5.0157250370830297E-004
           7           8  -31.6189995      -71.7409973       5.0157250370830297E-004
           7           9  -31.6189995      -71.7409973       5.0157310033682734E-004
           7          10  -31.6189995      -71.7409973       5.0157250370830297E-004
           7          11  -31.6189995      -71.7409973       5.0157352234236896E-004
           8           1  -31.6009998      -71.7409973       5.2730993047589436E-004
           8           2  -31.6009998      -71.7409973       5.2731005780515261E-004
           8           3  -31.6009998      -71.7409973       5.0707754553513951E-004
           8           4  -31.6009998      -71.7409973       4.3766323324234691E-004
           8           5  -31.6009998      -71.7409973       4.3766312955995090E-004
           8           6  -31.6009998      -71.7409973       7.4288473115302622E-004
           8           7  -31.6009998      -71.7409973       7.4288487667217851E-004
           8           8  -31.6009998      -71.7409973       7.4288487667217851E-004
           8           9  -31.6009998      -71.7409973       6.8652513436973095E-004
           8          10  -31.6009998      -71.7409973       7.4288411997258663E-004
           8          11  -31.6009998      -71.7409973       7.4288457108195871E-004
           9           1  -31.5830002      -71.7409973       7.7606070590263698E-004
           9           2  -31.5830002      -71.7409973       7.7606025297427550E-004
           9           3  -31.5830002      -71.7409973       6.0553189177880995E-004
           9           4  -31.5830002      -71.7409973       5.6859466349123977E-004
           9           5  -31.5830002      -71.7409973       5.6859453252400272E-004
           9           6  -31.5830002      -71.7409973       6.5966389956884086E-004
           9           7  -31.5830002      -71.7409973       6.5966320107690990E-004
           9           8  -31.5830002      -71.7409973       6.5966372494585812E-004
           9           9  -31.5830002      -71.7409973       6.5966372494585812E-004
           9          10  -31.5830002      -71.7409973       6.5966372494585812E-004
           9          11  -31.5830002      -71.7409973       6.5966389956884086E-004
          10           1  -31.5650005      -71.7409973       9.1025084111606702E-004
          10           2  -31.5650005      -71.7409973       9.0314598492113873E-004
          10           3  -31.5650005      -71.7409973       7.1938652763492428E-004
          10           4  -31.5650005      -71.7409973       7.1938617475097999E-004
          10           5  -31.5650005      -71.7409973       7.1938655673875473E-004
          10           6  -31.5650005      -71.7409973       7.1938639666768722E-004
          10           7  -31.5650005      -71.7409973       7.1938632390811108E-004
          10           8  -31.5650005      -71.7409973       7.1938632390811108E-004
          10           9  -31.5650005      -71.7409973       6.9174499003565870E-004
          10          10  -31.5650005      -71.7409973       7.0651524220011197E-004
          10          11  -31.5650005      -71.7409973       7.1938653127290308E-004
          11           1  -31.5470009      -71.7409973       7.5802791980095208E-004
          11           2  -31.5470009      -71.7409973       7.5802751234732568E-004
          11           3  -31.5470009      -71.7409973       6.4991827457561158E-004
          11           4  -31.5470009      -71.7409973       6.8044062572880648E-004
          11           5  -31.5470009      -71.7409973       6.8044077124795876E-004
          11           6  -31.5470009      -71.7409973       6.4991827457561158E-004
          11           7  -31.5470009      -71.7409973       6.4991809995262884E-004
          11           8  -31.5470009      -71.7409973       6.4991809995262884E-004
          11           9  -31.5470009      -71.7409973       6.4991827457561158E-004
          11          10  -31.5470009      -71.7409973       6.4991827457561158E-004
          11          11  -31.5470009      -71.7409973       6.4991847830242477E-004
