           1           1  -31.7269993      -71.7409973       2.1920512735960074E-003
           1           2  -31.7269993      -71.7409973       2.0961959962733090E-003
           1           3  -31.7269993      -71.7409973       2.0234955300111324E-003
           1           4  -31.7269993      -71.7409973       0.0000000000000000     
           1           5  -31.7269993      -71.7409973       7.3415458791714627E-004
           1           6  -31.7269993      -71.7409973       2.4773735240160022E-003
           1           7  -31.7269993      -71.7409973       3.2814256846904755E-003
           1           8  -31.7269993      -71.7409973       3.2814256846904755E-003
           1           9  -31.7269993      -71.7409973       2.4785969726508483E-003
           1          10  -31.7269993      -71.7409973       1.6809731314424425E-003
           1          11  -31.7269993      -71.7409973       1.8304529367014766E-003
           2           1  -31.7089996      -71.7409973       1.9372787746760878E-003
           2           2  -31.7089996      -71.7409973       2.5767028146219673E-003
           2           3  -31.7089996      -71.7409973       8.8078893168130890E-004
           2           4  -31.7089996      -71.7409973       0.0000000000000000     
           2           5  -31.7089996      -71.7409973       0.0000000000000000     
           2           6  -31.7089996      -71.7409973       3.4994864709005924E-003
           2           7  -31.7089996      -71.7409973       4.2434700881130993E-003
           2           8  -31.7089996      -71.7409973       4.2434700881130993E-003
           2           9  -31.7089996      -71.7409973       3.7147692382859532E-003
           2          10  -31.7089996      -71.7409973       4.5665040088351816E-003
           2          11  -31.7089996      -71.7409973       1.1088636529166251E-003
           3           1  -31.6910000      -71.7409973       3.0597261284128763E-003
           3           2  -31.6910000      -71.7409973       2.6049150619655848E-003
           3           3  -31.6910000      -71.7409973       6.1151746194809675E-004
           3           4  -31.6910000      -71.7409973       4.1613593930378556E-004
           3           5  -31.6910000      -71.7409973       2.3000138753559440E-005
           3           6  -31.6910000      -71.7409973       4.2520458082435653E-003
           3           7  -31.6910000      -71.7409973       7.3242631624452770E-003
           3           8  -31.6910000      -71.7409973       7.0387656487582717E-003
           3           9  -31.6910000      -71.7409973       7.0387656487582717E-003
           3          10  -31.6910000      -71.7409973       6.5102180815301836E-003
           3          11  -31.6910000      -71.7409973       2.0356364257168025E-003
           4           1  -31.6730003      -71.7409973       4.4125450544925116E-003
           4           2  -31.6730003      -71.7409973       2.2593782923649997E-003
           4           3  -31.6730003      -71.7409973       1.0491665543668205E-003
           4           4  -31.6730003      -71.7409973       9.4939503469504416E-004
           4           5  -31.6730003      -71.7409973       0.0000000000000000     
           4           6  -31.6730003      -71.7409973       5.2928195946151391E-003
           4           7  -31.6730003      -71.7409973       8.6373361846199259E-003
           4           8  -31.6730003      -71.7409973       8.6373361846199259E-003
           4           9  -31.6730003      -71.7409973       9.2234698677202687E-003
           4          10  -31.6730003      -71.7409973       7.7360068389680237E-003
           4          11  -31.6730003      -71.7409973       3.2263929024338722E-003
           5           1  -31.6550007      -71.7409973       5.7732700952328742E-003
           5           2  -31.6550007      -71.7409973       1.6968636336969212E-003
           5           3  -31.6550007      -71.7409973       1.3733887208218221E-003
           5           4  -31.6550007      -71.7409973       1.3337017335288692E-003
           5           5  -31.6550007      -71.7409973       0.0000000000000000     
           5           6  -31.6550007      -71.7409973       6.6785502131097019E-003
           5           7  -31.6550007      -71.7409973       1.0219486372079700E-002
           5           8  -31.6550007      -71.7409973       9.6965246484614909E-003
           5           9  -31.6550007      -71.7409973       9.5820698770694435E-003
           5          10  -31.6550007      -71.7409973       8.6250160675263032E-003
           5          11  -31.6550007      -71.7409973       3.9384999545291066E-003
           6           1  -31.6369991      -71.7409973       5.3696616087108850E-003
           6           2  -31.6369991      -71.7409973       1.4681539123557741E-003
           6           3  -31.6369991      -71.7409973       1.5111148040887201E-003
           6           4  -31.6369991      -71.7409973       1.5197803131741239E-003
           6           5  -31.6369991      -71.7409973       0.0000000000000000     
           6           6  -31.6369991      -71.7409973       8.3043252816423774E-003
           6           7  -31.6369991      -71.7409973       9.8762441193684936E-003
           6           8  -31.6369991      -71.7409973       9.8774000070989132E-003
           6           9  -31.6369991      -71.7409973       9.8553256830200553E-003
           6          10  -31.6369991      -71.7409973       6.4122048788703978E-003
           6          11  -31.6369991      -71.7409973       4.3287057196721435E-003
           7           1  -31.6189995      -71.7409973       3.8244549359660596E-003
           7           2  -31.6189995      -71.7409973       1.2380086118355393E-003
           7           3  -31.6189995      -71.7409973       1.2090732489014044E-003
           7           4  -31.6189995      -71.7409973       1.2240614887559786E-003
           7           5  -31.6189995      -71.7409973       1.2376624963508220E-003
           7           6  -31.6189995      -71.7409973       8.8204214698635042E-003
           7           7  -31.6189995      -71.7409973       9.2099625617265701E-003
           7           8  -31.6189995      -71.7409973       9.2099625617265701E-003
           7           9  -31.6189995      -71.7409973       8.3808032795786858E-003
           7          10  -31.6189995      -71.7409973       4.7593167546438053E-003
           7          11  -31.6189995      -71.7409973       4.4585879422811558E-003
           8           1  -31.6009998      -71.7409973       2.0828407868975773E-003
           8           2  -31.6009998      -71.7409973       7.8635118552483618E-004
           8           3  -31.6009998      -71.7409973       7.3060760860244045E-004
           8           4  -31.6009998      -71.7409973       1.0178721740885521E-003
           8           5  -31.6009998      -71.7409973       3.1048946711962344E-003
           8           6  -31.6009998      -71.7409973       7.0449265331262723E-003
           8           7  -31.6009998      -71.7409973       7.9309790453407913E-003
           8           8  -31.6009998      -71.7409973       7.9309790453407913E-003
           8           9  -31.6009998      -71.7409973       8.2861638802569360E-003
           8          10  -31.6009998      -71.7409973       1.9577916536945850E-003
           8          11  -31.6009998      -71.7409973       4.4575396022992209E-003
           9           1  -31.5830002      -71.7409973       8.1169052282348275E-004
           9           2  -31.5830002      -71.7409973       3.6929213092662394E-004
           9           3  -31.5830002      -71.7409973       1.1271549738012254E-005
           9           4  -31.5830002      -71.7409973       8.8285463789361529E-005
           9           5  -31.5830002      -71.7409973       4.3925299705733778E-003
           9           6  -31.5830002      -71.7409973       5.6536085903644562E-003
           9           7  -31.5830002      -71.7409973       6.0832836898043752E-003
           9           8  -31.5830002      -71.7409973       5.9825218049809337E-003
           9           9  -31.5830002      -71.7409973       5.7663099287310615E-003
           9          10  -31.5830002      -71.7409973       1.5351155452663079E-003
           9          11  -31.5830002      -71.7409973       4.2817552748601884E-003
          10           1  -31.5650005      -71.7409973       8.0141229227592703E-004
          10           2  -31.5650005      -71.7409973       1.0845013694051886E-003
          10           3  -31.5650005      -71.7409973       0.0000000000000000     
          10           4  -31.5650005      -71.7409973       0.0000000000000000     
          10           5  -31.5650005      -71.7409973       4.4344838115648599E-003
          10           6  -31.5650005      -71.7409973       4.4100395025452599E-003
          10           7  -31.5650005      -71.7409973       4.6484364575007930E-003
          10           8  -31.5650005      -71.7409973       4.6484364575007930E-003
          10           9  -31.5650005      -71.7409973       3.2865169196156785E-003
          10          10  -31.5650005      -71.7409973       1.1600813741097227E-003
          10          11  -31.5650005      -71.7409973       2.9803023498971015E-003
          11           1  -31.5470009      -71.7409973       7.8757726441835985E-004
          11           2  -31.5470009      -71.7409973       1.2121182116970886E-003
          11           3  -31.5470009      -71.7409973       0.0000000000000000     
          11           4  -31.5470009      -71.7409973       1.1310056579532102E-003
          11           5  -31.5470009      -71.7409973       3.9184035340440460E-003
          11           6  -31.5470009      -71.7409973       3.6875707155559212E-003
          11           7  -31.5470009      -71.7409973       3.5598402173491195E-003
          11           8  -31.5470009      -71.7409973       3.5233803864684887E-003
          11           9  -31.5470009      -71.7409973       1.1355074821040034E-004
          11          10  -31.5470009      -71.7409973       6.3626388146076351E-004
          11          11  -31.5470009      -71.7409973       1.6678923275321722E-003
