           1           1  -31.7269993      -71.7409973       2.3922345280880108E-004
           1           2  -31.7269993      -71.7409973       0.0000000000000000     
           1           3  -31.7269993      -71.7409973       5.9663625143002719E-004
           1           4  -31.7269993      -71.7409973       8.6169623682508245E-004
           1           5  -31.7269993      -71.7409973       8.0845136835705489E-004
           1           6  -31.7269993      -71.7409973       7.8946529538370669E-004
           1           7  -31.7269993      -71.7409973       7.0809629255563777E-004
           1           8  -31.7269993      -71.7409973       2.0721236433018930E-004
           1           9  -31.7269993      -71.7409973       5.7724814541870728E-004
           1          10  -31.7269993      -71.7409973       5.7724814541870728E-004
           1          11  -31.7269993      -71.7409973       4.3545704465941526E-004
           2           1  -31.7089996      -71.7409973       3.0463920120382681E-004
           2           2  -31.7089996      -71.7409973       2.2799479484092444E-004
           2           3  -31.7089996      -71.7409973       1.0801422358781565E-003
           2           4  -31.7089996      -71.7409973       9.2259734083199874E-004
           2           5  -31.7089996      -71.7409973       9.7806630947161466E-004
           2           6  -31.7089996      -71.7409973       1.0767391140689142E-003
           2           7  -31.7089996      -71.7409973       6.5159196242348116E-004
           2           8  -31.7089996      -71.7409973       1.7194943575304933E-004
           2           9  -31.7089996      -71.7409973       7.4559908898663707E-004
           2          10  -31.7089996      -71.7409973       1.0063999616249930E-003
           2          11  -31.7089996      -71.7409973       7.8055817721178755E-004
           3           1  -31.6910000      -71.7409973       4.4719718425767496E-004
           3           2  -31.6910000      -71.7409973       5.5120607794378884E-004
           3           3  -31.6910000      -71.7409973       1.4328174183901865E-003
           3           4  -31.6910000      -71.7409973       1.3290533424878959E-003
           3           5  -31.6910000      -71.7409973       1.3290533424878959E-003
           3           6  -31.6910000      -71.7409973       1.3269966621010099E-003
           3           7  -31.6910000      -71.7409973       6.3641350720899936E-004
           3           8  -31.6910000      -71.7409973       1.7652328460826539E-004
           3           9  -31.6910000      -71.7409973       9.7855139028979465E-004
           3          10  -31.6910000      -71.7409973       1.0934686943073757E-003
           3          11  -31.6910000      -71.7409973       1.0318592612748034E-003
           4           1  -31.6730003      -71.7409973       3.7592322405544110E-004
           4           2  -31.6730003      -71.7409973       1.1187508898728993E-003
           4           3  -31.6730003      -71.7409973       1.6775132171460427E-003
           4           4  -31.6730003      -71.7409973       1.6322257724823430E-003
           4           5  -31.6730003      -71.7409973       1.6458917380077764E-003
           4           6  -31.6730003      -71.7409973       1.6157452118932270E-003
           4           7  -31.6730003      -71.7409973       3.5694356779458758E-004
           4           8  -31.6730003      -71.7409973       1.6827130502861110E-004
           4           9  -31.6730003      -71.7409973       9.4874723436078057E-004
           4          10  -31.6730003      -71.7409973       1.3610324749606661E-003
           4          11  -31.6730003      -71.7409973       1.4368245538207702E-003
           5           1  -31.6550007      -71.7409973       3.9987219452086720E-004
           5           2  -31.6550007      -71.7409973       1.2697312340606004E-003
           5           3  -31.6550007      -71.7409973       1.8058398854918778E-003
           5           4  -31.6550007      -71.7409973       1.7842984234448522E-003
           5           5  -31.6550007      -71.7409973       1.8503268074709922E-003
           5           6  -31.6550007      -71.7409973       1.7156665126094595E-003
           5           7  -31.6550007      -71.7409973       1.3827482143824454E-004
           5           8  -31.6550007      -71.7409973       3.6683359621747513E-004
           5           9  -31.6550007      -71.7409973       1.0759123106254265E-003
           5          10  -31.6550007      -71.7409973       1.6949177661444992E-003
           5          11  -31.6550007      -71.7409973       1.4892638282617554E-003
           6           1  -31.6369991      -71.7409973       4.2325554022681899E-004
           6           2  -31.6369991      -71.7409973       1.5606775414198637E-003
           6           3  -31.6369991      -71.7409973       1.8397442472632974E-003
           6           4  -31.6369991      -71.7409973       1.8406895687803626E-003
           6           5  -31.6369991      -71.7409973       1.8409930926281959E-003
           6           6  -31.6369991      -71.7409973       1.5174850414041430E-003
           6           7  -31.6369991      -71.7409973       2.8689524060609983E-004
           6           8  -31.6369991      -71.7409973       5.3450120321940631E-004
           6           9  -31.6369991      -71.7409973       1.2683587847277522E-003
           6          10  -31.6369991      -71.7409973       1.6046126838773489E-003
           6          11  -31.6369991      -71.7409973       1.5694855828769505E-003
           7           1  -31.6189995      -71.7409973       5.6391251928289421E-004
           7           2  -31.6189995      -71.7409973       1.6257184615824372E-003
           7           3  -31.6189995      -71.7409973       1.7154497181763873E-003
           7           4  -31.6189995      -71.7409973       1.7439570365240797E-003
           7           5  -31.6189995      -71.7409973       1.7787762335501611E-003
           7           6  -31.6189995      -71.7409973       1.4079810935072601E-003
           7           7  -31.6189995      -71.7409973       4.2430501343915239E-004
           7           8  -31.6189995      -71.7409973       5.5575943406438455E-004
           7           9  -31.6189995      -71.7409973       1.2685538458754309E-003
           7          10  -31.6189995      -71.7409973       1.4174042880767956E-003
           7          11  -31.6189995      -71.7409973       1.3815018901368603E-003
           8           1  -31.6009998      -71.7409973       7.3303465978824534E-004
           8           2  -31.6009998      -71.7409973       1.4913904506101971E-003
           8           3  -31.6009998      -71.7409973       1.5348119486588985E-003
           8           4  -31.6009998      -71.7409973       1.7328633530269144E-003
           8           5  -31.6009998      -71.7409973       1.5837777955312049E-003
           8           6  -31.6009998      -71.7409973       1.0454942530486733E-003
           8           7  -31.6009998      -71.7409973       3.1331813806900755E-004
           8           8  -31.6009998      -71.7409973       8.3889629968325607E-004
           8           9  -31.6009998      -71.7409973       1.2765112987835892E-003
           8          10  -31.6009998      -71.7409973       1.1483421149023343E-003
           8          11  -31.6009998      -71.7409973       1.0802052602230106E-003
           9           1  -31.5830002      -71.7409973       6.8017194644198753E-004
           9           2  -31.5830002      -71.7409973       1.3260781870485516E-003
           9           3  -31.5830002      -71.7409973       1.2574725569720613E-003
           9           4  -31.5830002      -71.7409973       1.3034867315582233E-003
           9           5  -31.5830002      -71.7409973       1.2313525239733281E-003
           9           6  -31.5830002      -71.7409973       8.9862766958503926E-004
           9           7  -31.5830002      -71.7409973       1.8036373512586579E-004
           9           8  -31.5830002      -71.7409973       1.1786939030571375E-003
           9           9  -31.5830002      -71.7409973       1.2199112170492299E-003
           9          10  -31.5830002      -71.7409973       1.2199112170492299E-003
           9          11  -31.5830002      -71.7409973       1.2658249579544645E-003
          10           1  -31.5650005      -71.7409973       5.2192734801792540E-004
          10           2  -31.5650005      -71.7409973       7.9855410876916721E-004
          10           3  -31.5650005      -71.7409973       8.7243562484218273E-004
          10           4  -31.5650005      -71.7409973       9.6827095694607124E-004
          10           5  -31.5650005      -71.7409973       7.7919619070598856E-004
          10           6  -31.5650005      -71.7409973       8.6841118331903999E-004
          10           7  -31.5650005      -71.7409973       1.4937041123630479E-004
          10           8  -31.5650005      -71.7409973       1.2373242980174837E-003
          10           9  -31.5650005      -71.7409973       1.1688845415847027E-003
          10          10  -31.5650005      -71.7409973       1.1811911535914987E-003
          10          11  -31.5650005      -71.7409973       1.1647100154732470E-003
          11           1  -31.5470009      -71.7409973       3.5157781167072244E-004
          11           2  -31.5470009      -71.7409973       3.9075917447917163E-004
          11           3  -31.5470009      -71.7409973       5.1251580953248776E-004
          11           4  -31.5470009      -71.7409973       6.8061150159337558E-004
          11           5  -31.5470009      -71.7409973       6.0719882071680331E-004
          11           6  -31.5470009      -71.7409973       4.6980415572761558E-004
          11           7  -31.5470009      -71.7409973       2.3957808298291638E-004
          11           8  -31.5470009      -71.7409973       8.5627496082452126E-004
          11           9  -31.5470009      -71.7409973       8.5016271987115033E-004
          11          10  -31.5470009      -71.7409973       8.5016271987115033E-004
          11          11  -31.5470009      -71.7409973       8.4387841343414038E-004
