           1           1  -31.7269993      -71.7409973       5.4119461856316775E-003
           1           2  -31.7269993      -71.7409973       5.4119441210787045E-003
           1           3  -31.7269993      -71.7409973       5.4119447304401547E-003
           1           4  -31.7269993      -71.7409973       5.6004049838520586E-003
           1           5  -31.7269993      -71.7409973       3.9154640689957887E-003
           1           6  -31.7269993      -71.7409973       3.7231195383355953E-003
           1           7  -31.7269993      -71.7409973       4.0659228980075568E-003
           1           8  -31.7269993      -71.7409973       4.6000661095604300E-003
           1           9  -31.7269993      -71.7409973       4.6000669826753438E-003
           1          10  -31.7269993      -71.7409973       4.6000669826753438E-003
           1          11  -31.7269993      -71.7409973       4.6000679139979184E-003
           2           1  -31.7089996      -71.7409973       6.5264939330518246E-003
           2           2  -31.7089996      -71.7409973       6.5264969016425312E-003
           2           3  -31.7089996      -71.7409973       6.5264962613582611E-003
           2           4  -31.7089996      -71.7409973       6.5053140278905630E-003
           2           5  -31.7089996      -71.7409973       4.6152744325809181E-003
           2           6  -31.7089996      -71.7409973       4.6152764698490500E-003
           2           7  -31.7089996      -71.7409973       4.6152758877724409E-003
           2           8  -31.7089996      -71.7409973       4.6152758877724409E-003
           2           9  -31.7089996      -71.7409973       4.7845454246271402E-003
           2          10  -31.7089996      -71.7409973       4.6152733848430216E-003
           2          11  -31.7089996      -71.7409973       4.6152752474881709E-003
           3           1  -31.6910000      -71.7409973       8.0502647324465215E-003
           3           2  -31.6910000      -71.7409973       8.0502598430030048E-003
           3           3  -31.6910000      -71.7409973       8.0502647324465215E-003
           3           4  -31.6910000      -71.7409973       4.9274620323558338E-003
           3           5  -31.6910000      -71.7409973       4.9274620323558338E-003
           3           6  -31.6910000      -71.7409973       4.9118380120489746E-003
           3           7  -31.6910000      -71.7409973       4.9118349270429462E-003
           3           8  -31.6910000      -71.7409973       4.9118366150651127E-003
           3           9  -31.6910000      -71.7409973       4.9118366150651127E-003
           3          10  -31.6910000      -71.7409973       4.9118366150651127E-003
           3          11  -31.6910000      -71.7409973       4.9118379538413137E-003
           4           1  -31.6730003      -71.7409973       8.0734060029499233E-003
           4           2  -31.6730003      -71.7409973       8.0734081566333771E-003
           4           3  -31.6730003      -71.7409973       8.0734071088954806E-003
           4           4  -31.6730003      -71.7409973       4.8399656297988258E-003
           4           5  -31.6730003      -71.7409973       4.8399677616544068E-003
           4           6  -31.6730003      -71.7409973       4.8399695660918951E-003
           4           7  -31.6730003      -71.7409973       4.8399677616544068E-003
           4           8  -31.6730003      -71.7409973       4.8399677616544068E-003
           4           9  -31.6730003      -71.7409973       4.4739328441210091E-003
           4          10  -31.6730003      -71.7409973       4.8399695660918951E-003
           4          11  -31.6730003      -71.7409973       4.8399698644061573E-003
           5           1  -31.6550007      -71.7409973       5.2961667533963919E-003
           5           2  -31.6550007      -71.7409973       5.2961696637794375E-003
           5           3  -31.6550007      -71.7409973       5.2961693727411330E-003
           5           4  -31.6550007      -71.7409973       3.3054597734007984E-003
           5           5  -31.6550007      -71.7409973       3.3054594241548330E-003
           5           6  -31.6550007      -71.7409973       3.3054579689633101E-003
           5           7  -31.6550007      -71.7409973       3.3054594241548330E-003
           5           8  -31.6550007      -71.7409973       3.3054610539693385E-003
           5           9  -31.6550007      -71.7409973       3.3054621817427687E-003
           5          10  -31.6550007      -71.7409973       3.3054594241548330E-003
           5          11  -31.6550007      -71.7409973       3.3054609957616776E-003
           6           1  -31.6369991      -71.7409973       8.6732865020167083E-004
           6           2  -31.6369991      -71.7409973       8.6732783529441804E-004
           6           3  -31.6369991      -71.7409973       8.6732760246377438E-004
           6           4  -31.6369991      -71.7409973       8.6732876661699265E-004
           6           5  -31.6369991      -71.7409973       8.6732865020167083E-004
           6           6  -31.6369991      -71.7409973       8.6732760246377438E-004
           6           7  -31.6369991      -71.7409973       7.7111786231398582E-004
           6           8  -31.6369991      -71.7409973       6.0127233155071735E-004
           6           9  -31.6369991      -71.7409973       1.3875107979401946E-003
           6          10  -31.6369991      -71.7409973       7.0760685775894672E-004
           6          11  -31.6369991      -71.7409973       7.0760719609097578E-004
           7           1  -31.6189995      -71.7409973       4.1667044497444294E-003
           7           2  -31.6189995      -71.7409973       3.4420696320012212E-003
           7           3  -31.6189995      -71.7409973       2.6098210655618459E-003
           7           4  -31.6189995      -71.7409973       3.1810096988920122E-003
           7           5  -31.6189995      -71.7409973       3.3978203719016165E-003
           7           6  -31.6189995      -71.7409973       4.0987241081893444E-003
           7           7  -31.6189995      -71.7409973       4.0987249230965972E-003
           7           8  -31.6189995      -71.7409973       4.0987249230965972E-003
           7           9  -31.6189995      -71.7409973       4.0987278334796429E-003
           7          10  -31.6189995      -71.7409973       4.0987249230965972E-003
           7          11  -31.6189995      -71.7409973       4.0987277170643210E-003
           8           1  -31.6009998      -71.7409973       6.3164220191538334E-003
           8           2  -31.6009998      -71.7409973       3.5601656418293715E-003
           8           3  -31.6009998      -71.7409973       3.5601661948021501E-003
           8           4  -31.6009998      -71.7409973       4.3934427667409182E-003
           8           5  -31.6009998      -71.7409973       6.5370665106456727E-003
           8           6  -31.6009998      -71.7409973       6.5370667725801468E-003
           8           7  -31.6009998      -71.7409973       6.5370665106456727E-003
           8           8  -31.6009998      -71.7409973       6.5370665106456727E-003
           8           9  -31.6009998      -71.7409973       5.8677142660599202E-003
           8          10  -31.6009998      -71.7409973       6.5370663069188595E-003
           8          11  -31.6009998      -71.7409973       6.5370643278583884E-003
           9           1  -31.5830002      -71.7409973       5.9467250539455563E-003
           9           2  -31.5830002      -71.7409973       4.6946398015279556E-003
           9           3  -31.5830002      -71.7409973       4.6946402671892429E-003
           9           4  -31.5830002      -71.7409973       5.3674235241487622E-003
           9           5  -31.5830002      -71.7409973       6.6620220895856619E-003
           9           6  -31.5830002      -71.7409973       6.4665286045055836E-003
           9           7  -31.5830002      -71.7409973       6.4665304671507329E-003
           9           8  -31.5830002      -71.7409973       6.4665290701668710E-003
           9           9  -31.5830002      -71.7409973       6.4665290701668710E-003
           9          10  -31.5830002      -71.7409973       6.4665290701668710E-003
           9          11  -31.5830002      -71.7409973       6.4665272075217217E-003
          10           1  -31.5650005      -71.7409973       5.5449344799853861E-003
          10           2  -31.5650005      -71.7409973       5.4439113973785425E-003
          10           3  -31.5650005      -71.7409973       5.5449328883696580E-003
          10           4  -31.5650005      -71.7409973       5.5449345381930470E-003
          10           5  -31.5650005      -71.7409973       5.5449323845095932E-003
          10           6  -31.5650005      -71.7409973       5.5449337032769108E-003
          10           7  -31.5650005      -71.7409973       4.6403276501223445E-003
          10           8  -31.5650005      -71.7409973       4.6403276501223445E-003
          10           9  -31.5650005      -71.7409973       5.4957359097898006E-003
          10          10  -31.5650005      -71.7409973       5.0691181095317006E-003
          10          11  -31.5650005      -71.7409973       4.6403255255427212E-003
          11           1  -31.5470009      -71.7409973       5.1801953813992441E-003
          11           2  -31.5470009      -71.7409973       5.1801994559355080E-003
          11           3  -31.5470009      -71.7409973       5.1801973604597151E-003
          11           4  -31.5470009      -71.7409973       5.3642988204956055E-003
          11           5  -31.5470009      -71.7409973       5.3643007995560765E-003
          11           6  -31.5470009      -71.7409973       5.1801973604597151E-003
          11           7  -31.5470009      -71.7409973       3.0691670035594143E-003
          11           8  -31.5470009      -71.7409973       3.0691670035594143E-003
          11           9  -31.5470009      -71.7409973       3.0691670544911176E-003
          11          10  -31.5470009      -71.7409973       3.0691670544911176E-003
          11          11  -31.5470009      -71.7409973       3.0691669671796262E-003
