           1           1  -31.7269993      -71.7409973       2.1520661675822339E-004
           1           2  -31.7269993      -71.7409973       6.8872529482177924E-005
           1           3  -31.7269993      -71.7409973       8.6574386841675732E-005
           1           4  -31.7269993      -71.7409973       1.2439331476343796E-004
           1           5  -31.7269993      -71.7409973       4.7056196126504801E-004
           1           6  -31.7269993      -71.7409973       5.1339482888579369E-004
           1           7  -31.7269993      -71.7409973       5.5324537970591336E-004
           1           8  -31.7269993      -71.7409973       5.5324537970591336E-004
           1           9  -31.7269993      -71.7409973       4.2206754278595326E-004
           1          10  -31.7269993      -71.7409973       1.1821205043816008E-004
           1          11  -31.7269993      -71.7409973       3.3057416294468567E-004
           2           1  -31.7089996      -71.7409973       1.5840499554542475E-004
           2           2  -31.7089996      -71.7409973       1.8693890206122887E-004
           2           3  -31.7089996      -71.7409973       1.9755600214921287E-004
           2           4  -31.7089996      -71.7409973       2.0277431030990556E-004
           2           5  -31.7089996      -71.7409973       6.0307143030513544E-004
           2           6  -31.7089996      -71.7409973       6.8655903669423424E-004
           2           7  -31.7089996      -71.7409973       6.4388539612991735E-004
           2           8  -31.7089996      -71.7409973       6.4388539612991735E-004
           2           9  -31.7089996      -71.7409973       4.3787969752884237E-004
           2          10  -31.7089996      -71.7409973       1.2500817501859274E-004
           2          11  -31.7089996      -71.7409973       5.9236882407276426E-004
           3           1  -31.6910000      -71.7409973       2.2121831534605008E-004
           3           2  -31.6910000      -71.7409973       1.6674847029207740E-004
           3           3  -31.6910000      -71.7409973       2.2121831534605008E-004
           3           4  -31.6910000      -71.7409973       4.9961248078034259E-004
           3           5  -31.6910000      -71.7409973       8.3447689758031629E-004
           3           6  -31.6910000      -71.7409973       8.3169706704211421E-004
           3           7  -31.6910000      -71.7409973       8.9382335863774642E-004
           3           8  -31.6910000      -71.7409973       8.6329827399822534E-004
           3           9  -31.6910000      -71.7409973       3.5143240802426590E-004
           3          10  -31.6910000      -71.7409973       1.4382113658939488E-004
           3          11  -31.6910000      -71.7409973       5.7331785865244456E-004
           4           1  -31.6730003      -71.7409973       1.8317710748760874E-004
           4           2  -31.6730003      -71.7409973       1.7149763152701780E-004
           4           3  -31.6730003      -71.7409973       1.7380603730998700E-004
           4           4  -31.6730003      -71.7409973       7.2075277785188518E-004
           4           5  -31.6730003      -71.7409973       1.0131389208254404E-003
           4           6  -31.6730003      -71.7409973       1.0168178414460272E-003
           4           7  -31.6730003      -71.7409973       1.0131389208254404E-003
           4           8  -31.6730003      -71.7409973       9.6707820921437815E-004
           4           9  -31.6730003      -71.7409973       2.6422272185300244E-004
           4          10  -31.6730003      -71.7409973       2.1187694619584363E-004
           4          11  -31.6730003      -71.7409973       6.7502291494747624E-004
           5           1  -31.6550007      -71.7409973       2.3771039559505880E-004
           5           2  -31.6550007      -71.7409973       2.0901874904666329E-004
           5           3  -31.6550007      -71.7409973       2.1828774015375529E-004
           5           4  -31.6550007      -71.7409973       9.0790275862673298E-004
           5           5  -31.6550007      -71.7409973       1.1289711983408779E-003
           5           6  -31.6550007      -71.7409973       1.1306641390547156E-003
           5           7  -31.6550007      -71.7409973       1.1289711983408779E-003
           5           8  -31.6550007      -71.7409973       9.4694297149544582E-004
           5           9  -31.6550007      -71.7409973       1.4930384350009263E-004
           5          10  -31.6550007      -71.7409973       3.1875627837507636E-004
           5          11  -31.6550007      -71.7409973       6.6999223781749606E-004
           6           1  -31.6369991      -71.7409973       2.6501293086766964E-004
           6           2  -31.6369991      -71.7409973       2.5341554555780021E-004
           6           3  -31.6369991      -71.7409973       2.5916210233845050E-004
           6           4  -31.6369991      -71.7409973       1.0388702357886359E-003
           6           5  -31.6369991      -71.7409973       1.1234095873078331E-003
           6           6  -31.6369991      -71.7409973       1.1225340567762032E-003
           6           7  -31.6369991      -71.7409973       1.1234095873078331E-003
           6           8  -31.6369991      -71.7409973       8.6225777340587229E-004
           6           9  -31.6369991      -71.7409973       1.9255641564086545E-004
           6          10  -31.6369991      -71.7409973       4.0122868267644662E-004
           6          11  -31.6369991      -71.7409973       8.3587929839268327E-004
           7           1  -31.6189995      -71.7409973       2.4536001637898153E-004
           7           2  -31.6189995      -71.7409973       2.1890360858378699E-004
           7           3  -31.6189995      -71.7409973       2.2580655331694288E-004
           7           4  -31.6189995      -71.7409973       1.0441288759466261E-003
           7           5  -31.6189995      -71.7409973       1.0893833677982911E-003
           7           6  -31.6189995      -71.7409973       1.1114651861134917E-003
           7           7  -31.6189995      -71.7409973       1.0760754812508821E-003
           7           8  -31.6189995      -71.7409973       7.7176758350105956E-004
           7           9  -31.6189995      -71.7409973       2.2113639170129318E-004
           7          10  -31.6189995      -71.7409973       4.3056682261521928E-004
           7          11  -31.6189995      -71.7409973       8.9538191241445020E-004
           8           1  -31.6009998      -71.7409973       1.4383880261448212E-004
           8           2  -31.6009998      -71.7409973       1.3446118578031019E-004
           8           3  -31.6009998      -71.7409973       1.5748231089673936E-004
           8           4  -31.6009998      -71.7409973       1.0623738326103194E-003
           8           5  -31.6009998      -71.7409973       9.7623142391967122E-004
           8           6  -31.6009998      -71.7409973       8.7723909746273421E-004
           8           7  -31.6009998      -71.7409973       9.7623142391967122E-004
           8           8  -31.6009998      -71.7409973       6.4574209682177752E-004
           8           9  -31.6009998      -71.7409973       2.0753168973897118E-004
           8          10  -31.6009998      -71.7409973       6.0525160552060697E-004
           8          11  -31.6009998      -71.7409973       7.7228634836501442E-004
           9           1  -31.5830002      -71.7409973       9.6547779321554117E-005
           9           2  -31.5830002      -71.7409973       1.2393103315844201E-004
           9           3  -31.5830002      -71.7409973       1.3802842295262963E-004
           9           4  -31.5830002      -71.7409973       8.0655844249122310E-004
           9           5  -31.5830002      -71.7409973       7.6539768087968696E-004
           9           6  -31.5830002      -71.7409973       7.8063625369395595E-004
           9           7  -31.5830002      -71.7409973       7.7966765275050420E-004
           9           8  -31.5830002      -71.7409973       5.2224657883925829E-004
           9           9  -31.5830002      -71.7409973       1.6290085659420583E-004
           9          10  -31.5830002      -71.7409973       8.1954742199741304E-004
           9          11  -31.5830002      -71.7409973       8.9646279593580402E-004
          10           1  -31.5650005      -71.7409973       8.3997130786883645E-005
          10           2  -31.5650005      -71.7409973       8.4516916103893891E-005
          10           3  -31.5650005      -71.7409973       2.0733813289552927E-004
          10           4  -31.5650005      -71.7409973       5.8718705986393616E-004
          10           5  -31.5650005      -71.7409973       4.8405719644506462E-004
          10           6  -31.5650005      -71.7409973       6.9132647786318557E-004
          10           7  -31.5650005      -71.7409973       6.0522742751345504E-004
          10           8  -31.5650005      -71.7409973       4.3922832992393523E-004
          10           9  -31.5650005      -71.7409973       6.6847967900685035E-005
          10          10  -31.5650005      -71.7409973       8.1500139685886097E-004
          10          11  -31.5650005      -71.7409973       8.2281856566623901E-004
          11           1  -31.5470009      -71.7409973       0.0000000000000000     
          11           2  -31.5470009      -71.7409973       2.1121663303347304E-004
          11           3  -31.5470009      -71.7409973       2.5789077290028217E-004
          11           4  -31.5470009      -71.7409973       3.9595389444002649E-004
          11           5  -31.5470009      -71.7409973       3.8812800812593196E-004
          11           6  -31.5470009      -71.7409973       3.2745326734584523E-004
          11           7  -31.5470009      -71.7409973       3.6882920721836854E-004
          11           8  -31.5470009      -71.7409973       2.8420822127372958E-004
          11           9  -31.5470009      -71.7409973       1.9125569269817788E-004
          11          10  -31.5470009      -71.7409973       6.1113098854548298E-004
          11          11  -31.5470009      -71.7409973       6.0100432892795652E-004
