           1           1  -31.7269993      -71.7409973       1.2860186398029327E-003
           1           2  -31.7269993      -71.7409973       1.0627257324813399E-003
           1           3  -31.7269993      -71.7409973       4.7618523785786238E-004
           1           4  -31.7269993      -71.7409973       1.1300000769551843E-003
           1           5  -31.7269993      -71.7409973       9.0957500651711598E-004
           1           6  -31.7269993      -71.7409973       7.2791008278727531E-004
           1           7  -31.7269993      -71.7409973       7.7310054484769353E-004
           1           8  -31.7269993      -71.7409973       5.7189214930986054E-004
           1           9  -31.7269993      -71.7409973       5.6967070850078017E-004
           1          10  -31.7269993      -71.7409973       0.0000000000000000     
           1          11  -31.7269993      -71.7409973       1.4788364205742255E-004
           2           1  -31.7089996      -71.7409973       1.4673965924885124E-003
           2           2  -31.7089996      -71.7409973       8.5514880265691318E-004
           2           3  -31.7089996      -71.7409973       6.9082398476894014E-004
           2           4  -31.7089996      -71.7409973       1.1400206699363480E-003
           2           5  -31.7089996      -71.7409973       1.2870730229224137E-003
           2           6  -31.7089996      -71.7409973       8.8862687152868602E-004
           2           7  -31.7089996      -71.7409973       9.7295951127307490E-004
           2           8  -31.7089996      -71.7409973       6.3764331571292132E-004
           2           9  -31.7089996      -71.7409973       1.9459527547383004E-004
           2          10  -31.7089996      -71.7409973       0.0000000000000000     
           2          11  -31.7089996      -71.7409973       7.2850751166697592E-005
           3           1  -31.6910000      -71.7409973       1.7471128448960371E-003
           3           2  -31.6910000      -71.7409973       4.8080888882395811E-004
           3           3  -31.6910000      -71.7409973       3.1436185599886812E-004
           3           4  -31.6910000      -71.7409973       1.2887145276181400E-003
           3           5  -31.6910000      -71.7409973       1.2973371121915989E-003
           3           6  -31.6910000      -71.7409973       1.3039047480560839E-003
           3           7  -31.6910000      -71.7409973       1.5919643701636232E-003
           3           8  -31.6910000      -71.7409973       8.7233353406190872E-004
           3           9  -31.6910000      -71.7409973       1.0631666009430774E-004
           3          10  -31.6910000      -71.7409973       1.0631666009430774E-004
           3          11  -31.6910000      -71.7409973       1.1163633098476566E-004
           4           1  -31.6730003      -71.7409973       1.5676535945914338E-003
           4           2  -31.6730003      -71.7409973       0.0000000000000000     
           4           3  -31.6730003      -71.7409973       2.8068268147762865E-004
           4           4  -31.6730003      -71.7409973       1.8474901007721201E-003
           4           5  -31.6730003      -71.7409973       1.9546893654478481E-003
           4           6  -31.6730003      -71.7409973       1.9186502540833317E-003
           4           7  -31.6730003      -71.7409973       1.9546893654478481E-003
           4           8  -31.6730003      -71.7409973       9.9465632229112089E-004
           4           9  -31.6730003      -71.7409973       4.1589352849769057E-004
           4          10  -31.6730003      -71.7409973       3.3956698689507903E-004
           4          11  -31.6730003      -71.7409973       3.5182048668502830E-004
           5           1  -31.6550007      -71.7409973       1.3242822024039924E-003
           5           2  -31.6550007      -71.7409973       3.3262617944274098E-004
           5           3  -31.6550007      -71.7409973       4.4251095459912904E-004
           5           4  -31.6550007      -71.7409973       2.1023178705945611E-003
           5           5  -31.6550007      -71.7409973       2.4104456097120419E-003
           5           6  -31.6550007      -71.7409973       2.3897142382338643E-003
           5           7  -31.6550007      -71.7409973       2.4104456097120419E-003
           5           8  -31.6550007      -71.7409973       5.0772595568560064E-004
           5           9  -31.6550007      -71.7409973       4.7794920101296157E-004
           5          10  -31.6550007      -71.7409973       5.4171502415556461E-004
           5          11  -31.6550007      -71.7409973       3.9003854885777400E-004
           6           1  -31.6369991      -71.7409973       1.1683277989504859E-003
           6           2  -31.6369991      -71.7409973       6.2728826924285386E-004
           6           3  -31.6369991      -71.7409973       6.5663333225529641E-004
           6           4  -31.6369991      -71.7409973       2.2582394594792277E-003
           6           5  -31.6369991      -71.7409973       2.2711372876074165E-003
           6           6  -31.6369991      -71.7409973       2.2671503829769790E-003
           6           7  -31.6369991      -71.7409973       2.2711372876074165E-003
           6           8  -31.6369991      -71.7409973       5.5359618644956754E-004
           6           9  -31.6369991      -71.7409973       5.3218142102195998E-004
           6          10  -31.6369991      -71.7409973       5.5161023237815243E-004
           6          11  -31.6369991      -71.7409973       3.3019550323842850E-004
           7           1  -31.6189995      -71.7409973       7.2031571835395880E-004
           7           2  -31.6189995      -71.7409973       6.8023222047486342E-004
           7           3  -31.6189995      -71.7409973       8.5562862295773812E-004
           7           4  -31.6189995      -71.7409973       2.0039103983435780E-003
           7           5  -31.6189995      -71.7409973       2.0680109737440944E-003
           7           6  -31.6189995      -71.7409973       2.1276665502227843E-003
           7           7  -31.6189995      -71.7409973       2.0051410247106105E-003
           7           8  -31.6189995      -71.7409973       4.7908416308928281E-004
           7           9  -31.6189995      -71.7409973       3.6499632460618159E-004
           7          10  -31.6189995      -71.7409973       4.7908416308928281E-004
           7          11  -31.6189995      -71.7409973       2.3196336960040753E-004
           8           1  -31.6009998      -71.7409973       4.9627882253844291E-004
           8           2  -31.6009998      -71.7409973       6.5010995785996784E-004
           8           3  -31.6009998      -71.7409973       1.4217673706298228E-003
           8           4  -31.6009998      -71.7409973       1.8937514687422663E-003
           8           5  -31.6009998      -71.7409973       1.7110712542489637E-003
           8           6  -31.6009998      -71.7409973       1.5829434778424911E-003
           8           7  -31.6009998      -71.7409973       1.4922166883479804E-003
           8           8  -31.6009998      -71.7409973       2.9323404123715591E-004
           8           9  -31.6009998      -71.7409973       3.2162511274691497E-004
           8          10  -31.6009998      -71.7409973       2.1853010184713639E-004
           8          11  -31.6009998      -71.7409973       6.0629687004620791E-004
           9           1  -31.5830002      -71.7409973       3.9681610360275954E-004
           9           2  -31.5830002      -71.7409973       4.9728632438927889E-004
           9           3  -31.5830002      -71.7409973       1.5970823042152915E-003
           9           4  -31.5830002      -71.7409973       1.6992152377497405E-003
           9           5  -31.5830002      -71.7409973       1.7320710467174649E-003
           9           6  -31.5830002      -71.7409973       1.7503180024505127E-003
           9           7  -31.5830002      -71.7409973       8.7448052727268077E-004
           9           8  -31.5830002      -71.7409973       1.2401519416016527E-004
           9           9  -31.5830002      -71.7409973       1.2401519416016527E-004
           9          10  -31.5830002      -71.7409973       1.2401519416016527E-004
           9          11  -31.5830002      -71.7409973       7.8744968232058454E-004
          10           1  -31.5650005      -71.7409973       2.3066443100105971E-004
          10           2  -31.5650005      -71.7409973       6.0842929815407842E-004
          10           3  -31.5650005      -71.7409973       1.6019317026803037E-003
          10           4  -31.5650005      -71.7409973       1.7416967675671913E-003
          10           5  -31.5650005      -71.7409973       1.4995417895988794E-003
          10           6  -31.5650005      -71.7409973       1.6316928631567862E-003
          10           7  -31.5650005      -71.7409973       1.8720134539762512E-004
          10           8  -31.5650005      -71.7409973       8.4007974692212883E-005
          10           9  -31.5650005      -71.7409973       0.0000000000000000     
          10          10  -31.5650005      -71.7409973       4.2307314288336784E-005
          10          11  -31.5650005      -71.7409973       8.9016548008657992E-004
          11           1  -31.5470009      -71.7409973       1.2482714373618364E-004
          11           2  -31.5470009      -71.7409973       6.3769586267881095E-004
          11           3  -31.5470009      -71.7409973       1.1790173957706429E-003
          11           4  -31.5470009      -71.7409973       1.3091533874103334E-003
          11           5  -31.5470009      -71.7409973       1.3008385431021452E-003
          11           6  -31.5470009      -71.7409973       1.0478972508281004E-003
          11           7  -31.5470009      -71.7409973       1.6620558017166331E-004
          11           8  -31.5470009      -71.7409973       5.8183431974612176E-006
          11           9  -31.5470009      -71.7409973       0.0000000000000000     
          11          10  -31.5470009      -71.7409973       5.7637141799204983E-004
          11          11  -31.5470009      -71.7409973       9.4405673007713631E-004
