           1           1  -31.7269993      -71.7409973       0.0000000000000000     
           1           2  -31.7269993      -71.7409973       5.5293040350079536E-004
           1           3  -31.7269993      -71.7409973       1.0967433918267488E-003
           1           4  -31.7269993      -71.7409973       1.1758160035242327E-003
           1           5  -31.7269993      -71.7409973       2.0133835714659654E-003
           1           6  -31.7269993      -71.7409973       1.8956413550768048E-003
           1           7  -31.7269993      -71.7409973       2.2166052585816942E-003
           1           8  -31.7269993      -71.7409973       2.2166052585816942E-003
           1           9  -31.7269993      -71.7409973       0.0000000000000000     
           1          10  -31.7269993      -71.7409973       1.5513600083068013E-003
           1          11  -31.7269993      -71.7409973       2.8985661992919631E-003
           2           1  -31.7089996      -71.7409973       1.7010964074870571E-004
           2           2  -31.7089996      -71.7409973       8.8841129240790906E-004
           2           3  -31.7089996      -71.7409973       7.5769633258460090E-004
           2           4  -31.7089996      -71.7409973       1.1823051136161666E-003
           2           5  -31.7089996      -71.7409973       2.2706031850248110E-003
           2           6  -31.7089996      -71.7409973       2.1498506539501250E-003
           2           7  -31.7089996      -71.7409973       2.1023380104452372E-003
           2           8  -31.7089996      -71.7409973       2.1023380104452372E-003
           2           9  -31.7089996      -71.7409973       5.2715015772264451E-004
           2          10  -31.7089996      -71.7409973       4.0369061935052741E-003
           2          11  -31.7089996      -71.7409973       4.2653550044633448E-003
           3           1  -31.6910000      -71.7409973       9.8241998784942552E-004
           3           2  -31.6910000      -71.7409973       1.0036519142886391E-003
           3           3  -31.6910000      -71.7409973       9.8241998784942552E-004
           3           4  -31.6910000      -71.7409973       1.6304988603224047E-003
           3           5  -31.6910000      -71.7409973       2.0834820243180729E-003
           3           6  -31.6910000      -71.7409973       2.0915514687658288E-003
           3           7  -31.6910000      -71.7409973       2.4462249421048909E-003
           3           8  -31.6910000      -71.7409973       2.2593670291826129E-003
           3           9  -31.6910000      -71.7409973       2.0685118506662548E-003
           3          10  -31.6910000      -71.7409973       5.3392754998640157E-003
           3          11  -31.6910000      -71.7409973       5.1656767100212164E-003
           4           1  -31.6730003      -71.7409973       1.7117971638072049E-003
           4           2  -31.6730003      -71.7409973       1.9877028680639341E-003
           4           3  -31.6730003      -71.7409973       1.8849209736799821E-003
           4           4  -31.6730003      -71.7409973       1.9589373696362600E-003
           4           5  -31.6730003      -71.7409973       2.2709658660460263E-003
           4           6  -31.6730003      -71.7409973       2.2606579150306061E-003
           4           7  -31.6730003      -71.7409973       2.2709658660460263E-003
           4           8  -31.6730003      -71.7409973       2.1837822714587674E-003
           4           9  -31.6730003      -71.7409973       3.4470930550014600E-003
           4          10  -31.6730003      -71.7409973       6.4264671818818897E-003
           4          11  -31.6730003      -71.7409973       6.6536381782498211E-003
           5           1  -31.6550007      -71.7409973       2.7318699867464602E-003
           5           2  -31.6550007      -71.7409973       2.3536153166787699E-003
           5           3  -31.6550007      -71.7409973       2.5575835607014596E-003
           5           4  -31.6550007      -71.7409973       2.2149328142404556E-003
           5           5  -31.6550007      -71.7409973       2.4480918073095381E-003
           5           6  -31.6550007      -71.7409973       2.4455354141537100E-003
           5           7  -31.6550007      -71.7409973       2.4480918073095381E-003
           5           8  -31.6550007      -71.7409973       2.1308720170054585E-003
           5           9  -31.6550007      -71.7409973       4.6822005533613265E-003
           5          10  -31.6550007      -71.7409973       7.3450116906315088E-003
           5          11  -31.6550007      -71.7409973       6.9421711377799511E-003
           6           1  -31.6369991      -71.7409973       2.8453996637836099E-003
           6           2  -31.6369991      -71.7409973       2.7315791812725365E-003
           6           3  -31.6369991      -71.7409973       2.8176874329801649E-003
           6           4  -31.6369991      -71.7409973       2.2790618531871587E-003
           6           5  -31.6369991      -71.7409973       2.3921481915749609E-003
           6           6  -31.6369991      -71.7409973       2.3895653721410781E-003
           6           7  -31.6369991      -71.7409973       2.3921481915749609E-003
           6           8  -31.6369991      -71.7409973       2.0611256477423012E-003
           6           9  -31.6369991      -71.7409973       5.8143937494605780E-003
           6          10  -31.6369991      -71.7409973       7.2812658036127687E-003
           6          11  -31.6369991      -71.7409973       7.2417082265019417E-003
           7           1  -31.6189995      -71.7409973       2.5455028080614284E-003
           7           2  -31.6189995      -71.7409973       2.5173006069962867E-003
           7           3  -31.6189995      -71.7409973       2.3717048024991527E-003
           7           4  -31.6189995      -71.7409973       2.2124826500657946E-003
           7           5  -31.6189995      -71.7409973       2.2825369087513536E-003
           7           6  -31.6189995      -71.7409973       2.3027029819786549E-003
           7           7  -31.6189995      -71.7409973       2.2586887062061578E-003
           7           8  -31.6189995      -71.7409973       1.9597548525780439E-003
           7           9  -31.6189995      -71.7409973       5.6851011177059263E-003
           7          10  -31.6189995      -71.7409973       6.9209864013828337E-003
           7          11  -31.6189995      -71.7409973       6.8865869543515146E-003
           8           1  -31.6009998      -71.7409973       1.8441505235387012E-003
           8           2  -31.6009998      -71.7409973       1.8148890521842986E-003
           8           3  -31.6009998      -71.7409973       1.7278333107242361E-003
           8           4  -31.6009998      -71.7409973       2.1806072472827509E-003
           8           5  -31.6009998      -71.7409973       2.0823991799261421E-003
           8           6  -31.6009998      -71.7409973       1.9720843120012432E-003
           8           7  -31.6009998      -71.7409973       2.0823991799261421E-003
           8           8  -31.6009998      -71.7409973       1.7077913944376633E-003
           8           9  -31.6009998      -71.7409973       5.6492484363843687E-003
           8          10  -31.6009998      -71.7409973       5.6328535720240325E-003
           8          11  -31.6009998      -71.7409973       5.6723892776062712E-003
           9           1  -31.5830002      -71.7409973       9.5456139297311893E-004
           9           2  -31.5830002      -71.7409973       1.5550137468380854E-003
           9           3  -31.5830002      -71.7409973       9.5456139297311893E-004
           9           4  -31.5830002      -71.7409973       1.8433261284371838E-003
           9           5  -31.5830002      -71.7409973       1.8108380754711106E-003
           9           6  -31.5830002      -71.7409973       1.8366256554145366E-003
           9           7  -31.5830002      -71.7409973       1.8326801800867543E-003
           9           8  -31.5830002      -71.7409973       1.1126791287097149E-003
           9           9  -31.5830002      -71.7409973       4.9135534500237554E-003
           9          10  -31.5830002      -71.7409973       5.0581825707922690E-003
           9          11  -31.5830002      -71.7409973       5.3359134471975267E-003
          10           1  -31.5650005      -71.7409973       1.2749381130561233E-003
          10           2  -31.5650005      -71.7409973       1.2551085164886899E-003
          10           3  -31.5650005      -71.7409973       1.1004515909007750E-003
          10           4  -31.5650005      -71.7409973       1.5399502779018803E-003
          10           5  -31.5650005      -71.7409973       1.3737496228714008E-003
          10           6  -31.5650005      -71.7409973       1.6245206497842446E-003
          10           7  -31.5650005      -71.7409973       1.5345775536843576E-003
          10           8  -31.5650005      -71.7409973       7.5289764208719134E-004
          10           9  -31.5650005      -71.7409973       2.9439052450470626E-003
          10          10  -31.5650005      -71.7409973       3.6664532162831165E-003
          10          11  -31.5650005      -71.7409973       3.0987849531811662E-003
          11           1  -31.5470009      -71.7409973       1.2247656341060065E-003
          11           2  -31.5470009      -71.7409973       1.8215613818028942E-003
          11           3  -31.5470009      -71.7409973       1.7195498949149624E-003
          11           4  -31.5470009      -71.7409973       1.4514050053548999E-003
          11           5  -31.5470009      -71.7409973       1.5556941434624605E-003
          11           6  -31.5470009      -71.7409973       9.5784684526734054E-004
          11           7  -31.5470009      -71.7409973       9.9488393789215479E-004
          11           8  -31.5470009      -71.7409973       9.0465388348093256E-004
          11           9  -31.5470009      -71.7409973       1.1907949519809335E-003
          11          10  -31.5470009      -71.7409973       1.9201070172130130E-003
          11          11  -31.5470009      -71.7409973       1.7716111833578907E-003
