           1           1  -31.7269993      -71.7409973       1.3473854050971568E-003
           1           2  -31.7269993      -71.7409973       1.3473861617967486E-003
           1           3  -31.7269993      -71.7409973       1.3473859289661050E-003
           1           4  -31.7269993      -71.7409973       1.4019003865541890E-003
           1           5  -31.7269993      -71.7409973       1.4019009104231372E-003
           1           6  -31.7269993      -71.7409973       1.3473859289661050E-003
           1           7  -31.7269993      -71.7409973       1.3473854050971568E-003
           1           8  -31.7269993      -71.7409973       1.3473854050971568E-003
           1           9  -31.7269993      -71.7409973       1.3473859289661050E-003
           1          10  -31.7269993      -71.7409973       1.3473859289661050E-003
           1          11  -31.7269993      -71.7409973       1.3473861617967486E-003
           2           1  -31.7089996      -71.7409973       1.5884039166849107E-003
           2           2  -31.7089996      -71.7409973       1.5884052991168573E-003
           2           3  -31.7089996      -71.7409973       1.5884049935266376E-003
           2           4  -31.7089996      -71.7409973       1.5884039166849107E-003
           2           5  -31.7089996      -71.7409973       1.5884050808381289E-003
           2           6  -31.7089996      -71.7409973       1.5884040622040629E-003
           2           7  -31.7089996      -71.7409973       1.5884039166849107E-003
           2           8  -31.7089996      -71.7409973       1.5884039166849107E-003
           2           9  -31.7089996      -71.7409973       1.8190836708527058E-003
           2          10  -31.7089996      -71.7409973       1.4878778893034905E-003
           2          11  -31.7089996      -71.7409973       1.4878784568281844E-003
           3           1  -31.6910000      -71.7409973       2.0618096314137802E-003
           3           2  -31.6910000      -71.7409973       2.0618084090529010E-003
           3           3  -31.6910000      -71.7409973       2.0618096314137802E-003
           3           4  -31.6910000      -71.7409973       2.1110123343532905E-003
           3           5  -31.6910000      -71.7409973       2.1110123343532905E-003
           3           6  -31.6910000      -71.7409973       2.0618090493371710E-003
           3           7  -31.6910000      -71.7409973       2.0618096314137802E-003
           3           8  -31.6910000      -71.7409973       2.0618091075448319E-003
           3           9  -31.6910000      -71.7409973       2.0618091075448319E-003
           3          10  -31.6910000      -71.7409973       1.1984654411207885E-003
           3          11  -31.6910000      -71.7409973       1.1984661250608042E-003
           4           1  -31.6730003      -71.7409973       2.0037728390889242E-003
           4           2  -31.6730003      -71.7409973       2.0037743379361928E-003
           4           3  -31.6730003      -71.7409973       2.0037735521327704E-003
           4           4  -31.6730003      -71.7409973       2.0037716458318755E-003
           4           5  -31.6730003      -71.7409973       2.0037728390889242E-003
           4           6  -31.6730003      -71.7409973       2.0037741342093796E-003
           4           7  -31.6730003      -71.7409973       2.0037728390889242E-003
           4           8  -31.6730003      -71.7409973       2.0037728390889242E-003
           4           9  -31.6730003      -71.7409973       1.7901669634738937E-003
           4          10  -31.6730003      -71.7409973       9.6194802608806640E-004
           4          11  -31.6730003      -71.7409973       9.6194772504532011E-004
           5           1  -31.6550007      -71.7409973       1.2570744147524238E-003
           5           2  -31.6550007      -71.7409973       1.2570752587635070E-003
           5           3  -31.6550007      -71.7409973       1.2570752442115918E-003
           5           4  -31.6550007      -71.7409973       1.2570745311677456E-003
           5           5  -31.6550007      -71.7409973       1.2570744147524238E-003
           5           6  -31.6550007      -71.7409973       1.2570738617796451E-003
           5           7  -31.6550007      -71.7409973       1.2570744147524238E-003
           5           8  -31.6550007      -71.7409973       1.2570752442115918E-003
           5           9  -31.6550007      -71.7409973       1.2570758844958618E-003
           5          10  -31.6550007      -71.7409973       6.8591910530813038E-004
           5          11  -31.6550007      -71.7409973       6.8591909075621516E-004
           6           1  -31.6369991      -71.7409973       2.2473666467703879E-004
           6           2  -31.6369991      -71.7409973       2.2473707213066518E-004
           6           3  -31.6369991      -71.7409973       2.2473651915788651E-004
           6           4  -31.6369991      -71.7409973       2.2473683930002153E-004
           6           5  -31.6369991      -71.7409973       2.2473666467703879E-004
           6           6  -31.6369991      -71.7409973       2.2473666467703879E-004
           6           7  -31.6369991      -71.7409973       2.2473666467703879E-004
           6           8  -31.6369991      -71.7409973       2.2473710123449564E-004
           6           9  -31.6369991      -71.7409973       5.5068830261006951E-004
           6          10  -31.6369991      -71.7409973       2.2473695571534336E-004
           6          11  -31.6369991      -71.7409973       2.2473707213066518E-004
           7           1  -31.6189995      -71.7409973       9.4803168394719251E-004
           7           2  -31.6189995      -71.7409973       9.4803254251019098E-004
           7           3  -31.6189995      -71.7409973       9.4803214960847981E-004
           7           4  -31.6189995      -71.7409973       9.4803212050464936E-004
           7           5  -31.6189995      -71.7409973       8.0864413757808506E-004
           7           6  -31.6189995      -71.7409973       9.4803161118761636E-004
           7           7  -31.6189995      -71.7409973       9.4803168394719251E-004
           7           8  -31.6189995      -71.7409973       9.2631312145385891E-004
           7           9  -31.6189995      -71.7409973       9.2631422739941627E-004
           7          10  -31.6189995      -71.7409973       9.2631312145385891E-004
           7          11  -31.6189995      -71.7409973       9.9953676544828340E-004
           8           1  -31.6009998      -71.7409973       1.3434333886834793E-003
           8           2  -31.6009998      -71.7409973       1.3434327556751668E-003
           8           3  -31.6009998      -71.7409973       1.3434332868200727E-003
           8           4  -31.6009998      -71.7409973       1.3434333081931982E-003
           8           5  -31.6009998      -71.7409973       1.3434333886834793E-003
           8           6  -31.6009998      -71.7409973       1.3434333523036912E-003
           8           7  -31.6009998      -71.7409973       1.3434333886834793E-003
           8           8  -31.6009998      -71.7409973       1.3256420643301681E-003
           8           9  -31.6009998      -71.7409973       1.2474907707655802E-003
           8          10  -31.6009998      -71.7409973       1.4804537058807909E-003
           8          11  -31.6009998      -71.7409973       1.6117141640279442E-003
           9           1  -31.5830002      -71.7409973       1.3857411690878507E-003
           9           2  -31.5830002      -71.7409973       1.3857419839951035E-003
           9           3  -31.5830002      -71.7409973       1.3857411690878507E-003
           9           4  -31.5830002      -71.7409973       1.3723920346819796E-003
           9           5  -31.5830002      -71.7409973       1.3723925003432669E-003
           9           6  -31.5830002      -71.7409973       1.3857420567546797E-003
           9           7  -31.5830002      -71.7409973       1.3585492051788606E-003
           9           8  -31.5830002      -71.7409973       1.3210374008849612E-003
           9           9  -31.5830002      -71.7409973       1.3210374008849612E-003
           9          10  -31.5830002      -71.7409973       1.3998291979078203E-003
           9          11  -31.5830002      -71.7409973       1.6586442870902829E-003
          10           1  -31.5650005      -71.7409973       1.5480426955036819E-003
          10           2  -31.5650005      -71.7409973       1.5263251398209832E-003
          10           3  -31.5650005      -71.7409973       1.5480426663998514E-003
          10           4  -31.5650005      -71.7409973       1.5480427246075124E-003
          10           5  -31.5650005      -71.7409973       1.5480430447496474E-003
          10           6  -31.5650005      -71.7409973       1.5480419097002596E-003
          10           7  -31.5650005      -71.7409973       1.5480426955036819E-003
          10           8  -31.5650005      -71.7409973       1.5480426955036819E-003
          10           9  -31.5650005      -71.7409973       1.4845646510366350E-003
          10          10  -31.5650005      -71.7409973       1.5263245732057840E-003
          10          11  -31.5650005      -71.7409973       1.5480427673537633E-003
          11           1  -31.5470009      -71.7409973       1.4318368630483747E-003
          11           2  -31.5470009      -71.7409973       1.4318364264909178E-003
          11           3  -31.5470009      -71.7409973       1.4318366884253919E-003
          11           4  -31.5470009      -71.7409973       1.4926869771443307E-003
          11           5  -31.5470009      -71.7409973       1.4926869189366698E-003
          11           6  -31.5470009      -71.7409973       1.4318366884253919E-003
          11           7  -31.5470009      -71.7409973       1.4318368630483747E-003
          11           8  -31.5470009      -71.7409973       1.4318368630483747E-003
          11           9  -31.5470009      -71.7409973       1.4318366884253919E-003
          11          10  -31.5470009      -71.7409973       1.4318366884253919E-003
          11          11  -31.5470009      -71.7409973       1.4318364264909178E-003
