           1           1  -31.7269993      -71.7409973       6.4489461365155876E-003
           1           2  -31.7269993      -71.7409973       6.2628032756038010E-003
           1           3  -31.7269993      -71.7409973       1.4228933141566813E-003
           1           4  -31.7269993      -71.7409973       9.3257411208469421E-004
           1           5  -31.7269993      -71.7409973       1.6262438839476090E-003
           1           6  -31.7269993      -71.7409973       1.7437022033846006E-003
           1           7  -31.7269993      -71.7409973       4.0359709200856742E-003
           1           8  -31.7269993      -71.7409973       5.7479470342514105E-003
           1           9  -31.7269993      -71.7409973       4.8045311414171010E-003
           1          10  -31.7269993      -71.7409973       4.8045311414171010E-003
           1          11  -31.7269993      -71.7409973       3.1859518931014463E-003
           2           1  -31.7089996      -71.7409973       6.5040455665439367E-003
           2           2  -31.7089996      -71.7409973       7.4933819123543799E-003
           2           3  -31.7089996      -71.7409973       1.3633429771289229E-003
           2           4  -31.7089996      -71.7409973       1.5514778206124902E-003
           2           5  -31.7089996      -71.7409973       2.1525157499127090E-003
           2           6  -31.7089996      -71.7409973       2.3951488728926051E-003
           2           7  -31.7089996      -71.7409973       3.1137611949816346E-003
           2           8  -31.7089996      -71.7409973       5.7137877738568932E-003
           2           9  -31.7089996      -71.7409973       5.0313802203163505E-003
           2          10  -31.7089996      -71.7409973       7.4664252824732102E-003
           2          11  -31.7089996      -71.7409973       6.5663802670314908E-003
           3           1  -31.6910000      -71.7409973       8.3553798031061888E-003
           3           2  -31.6910000      -71.7409973       6.2426054792013019E-003
           3           3  -31.6910000      -71.7409973       1.7910415845108218E-003
           3           4  -31.6910000      -71.7409973       2.9716646386077628E-003
           3           5  -31.6910000      -71.7409973       2.9716646386077628E-003
           3           6  -31.6910000      -71.7409973       3.0977805581642315E-003
           3           7  -31.6910000      -71.7409973       3.4059059471474029E-003
           3           8  -31.6910000      -71.7409973       6.7095633494318463E-003
           3           9  -31.6910000      -71.7409973       6.7095633494318463E-003
           3          10  -31.6910000      -71.7409973       6.7095633494318463E-003
           3          11  -31.6910000      -71.7409973       5.8682786548160948E-003
           4           1  -31.6730003      -71.7409973       8.5897398530505598E-003
           4           2  -31.6730003      -71.7409973       5.7262543923570774E-003
           4           3  -31.6730003      -71.7409973       5.4378661152441055E-003
           4           4  -31.6730003      -71.7409973       5.0785492931026965E-003
           4           5  -31.6730003      -71.7409973       5.1681171462405473E-003
           4           6  -31.6730003      -71.7409973       5.1947592110082041E-003
           4           7  -31.6730003      -71.7409973       4.3793706863652915E-003
           4           8  -31.6730003      -71.7409973       5.9572891914285719E-003
           4           9  -31.6730003      -71.7409973       5.9054378652945161E-003
           4          10  -31.6730003      -71.7409973       6.1305815761443228E-003
           4          11  -31.6730003      -71.7409973       6.1206240497995168E-003
           5           1  -31.6550007      -71.7409973       9.7536463290452957E-003
           5           2  -31.6550007      -71.7409973       4.2083617081516422E-003
           5           3  -31.6550007      -71.7409973       7.2287216316908598E-003
           5           4  -31.6550007      -71.7409973       6.9589726626873016E-003
           5           5  -31.6550007      -71.7409973       7.6825562282465398E-003
           5           6  -31.6550007      -71.7409973       7.6608372037298977E-003
           5           7  -31.6550007      -71.7409973       5.5229261633940041E-003
           5           8  -31.6550007      -71.7409973       5.6711403303779662E-003
           5           9  -31.6550007      -71.7409973       5.6395014398731291E-003
           5          10  -31.6550007      -71.7409973       5.7167246122844517E-003
           5          11  -31.6550007      -71.7409973       5.4090330959297717E-003
           6           1  -31.6369991      -71.7409973       1.0461304686032236E-002
           6           2  -31.6369991      -71.7409973       2.6223707827739418E-003
           6           3  -31.6369991      -71.7409973       7.9317471245303750E-003
           6           4  -31.6369991      -71.7409973       8.0648283474147320E-003
           6           5  -31.6369991      -71.7409973       8.0146435648202896E-003
           6           6  -31.6369991      -71.7409973       8.0029458040371537E-003
           6           7  -31.6369991      -71.7409973       6.0164204915054142E-003
           6           8  -31.6369991      -71.7409973       6.1324710259214044E-003
           6           9  -31.6369991      -71.7409973       5.9760594740509987E-003
           6          10  -31.6369991      -71.7409973       6.0932863270863891E-003
           6          11  -31.6369991      -71.7409973       5.4626601049676538E-003
           7           1  -31.6189995      -71.7409973       9.7925506997853518E-003
           7           2  -31.6189995      -71.7409973       1.8777323712129146E-003
           7           3  -31.6189995      -71.7409973       7.0143865523277782E-003
           7           4  -31.6189995      -71.7409973       7.2639128993614577E-003
           7           5  -31.6189995      -71.7409973       7.5840700592380017E-003
           7           6  -31.6189995      -71.7409973       7.9030534543562680E-003
           7           7  -31.6189995      -71.7409973       6.3007103162817657E-003
           7           8  -31.6189995      -71.7409973       6.3007103162817657E-003
           7           9  -31.6189995      -71.7409973       6.0908236191608012E-003
           7          10  -31.6189995      -71.7409973       6.3007103162817657E-003
           7          11  -31.6189995      -71.7409973       5.5541155743412673E-003
           8           1  -31.6009998      -71.7409973       8.8191850227303803E-003
           8           2  -31.6009998      -71.7409973       1.3138134963810444E-003
           8           3  -31.6009998      -71.7409973       5.3611735493177548E-003
           8           4  -31.6009998      -71.7409973       6.8983383971499279E-003
           8           5  -31.6009998      -71.7409973       5.7040010287892073E-003
           8           6  -31.6009998      -71.7409973       4.2620995227480307E-003
           8           7  -31.6009998      -71.7409973       6.2963094751466997E-003
           8           8  -31.6009998      -71.7409973       6.3716504664625973E-003
           8           9  -31.6009998      -71.7409973       6.2228709866758436E-003
           8          10  -31.6009998      -71.7409973       6.1563369526993483E-003
           8          11  -31.6009998      -71.7409973       4.5436851214617491E-003
           9           1  -31.5830002      -71.7409973       7.2156668757088482E-003
           9           2  -31.5830002      -71.7409973       2.6945497374981642E-003
           9           3  -31.5830002      -71.7409973       3.3869960170704871E-003
           9           4  -31.5830002      -71.7409973       3.6138293507974595E-003
           9           5  -31.5830002      -71.7409973       3.0156841385178268E-003
           9           6  -31.5830002      -71.7409973       3.2199201959883794E-003
           9           7  -31.5830002      -71.7409973       5.8004709426313639E-003
           9           8  -31.5830002      -71.7409973       6.0896337381564081E-003
           9           9  -31.5830002      -71.7409973       6.0896337381564081E-003
           9          10  -31.5830002      -71.7409973       6.0896337381564081E-003
           9          11  -31.5830002      -71.7409973       3.2937915093498304E-003
          10           1  -31.5650005      -71.7409973       5.6258229305967689E-003
          10           2  -31.5650005      -71.7409973       2.4862436112016439E-003
          10           3  -31.5650005      -71.7409973       1.5801811823621392E-003
          10           4  -31.5650005      -71.7409973       1.6713144577806816E-003
          10           5  -31.5650005      -71.7409973       1.5482476737815887E-003
          10           6  -31.5650005      -71.7409973       2.8774107195204124E-003
          10           7  -31.5650005      -71.7409973       4.8735905293142423E-003
          10           8  -31.5650005      -71.7409973       4.8735905293142423E-003
          10           9  -31.5650005      -71.7409973       4.8701501909818035E-003
          10          10  -31.5650005      -71.7409973       5.0162381812697276E-003
          10          11  -31.5650005      -71.7409973       1.2968541122972965E-003
          11           1  -31.5470009      -71.7409973       4.3314648210071027E-003
          11           2  -31.5470009      -71.7409973       2.0274895650800318E-003
          11           3  -31.5470009      -71.7409973       1.1652204557321966E-004
          11           4  -31.5470009      -71.7409973       1.6138680293806829E-003
          11           5  -31.5470009      -71.7409973       1.8489169233362190E-003
          11           6  -31.5470009      -71.7409973       2.3322461493080482E-003
          11           7  -31.5470009      -71.7409973       3.0520648706442444E-003
          11           8  -31.5470009      -71.7409973       3.0520648706442444E-003
          11           9  -31.5470009      -71.7409973       2.9861334023735253E-003
          11          10  -31.5470009      -71.7409973       2.4636546149849892E-003
          11          11  -31.5470009      -71.7409973       1.8611351842992008E-003
