           1           1  -31.7269993      -71.7409973       7.8566377633251250E-003
           1           2  -31.7269993      -71.7409973       5.2157015306875110E-003
           1           3  -31.7269993      -71.7409973       4.2469485197216272E-003
           1           4  -31.7269993      -71.7409973       2.4637774222355802E-003
           1           5  -31.7269993      -71.7409973       5.9909902629442513E-003
           1           6  -31.7269993      -71.7409973       6.3950957264751196E-003
           1           7  -31.7269993      -71.7409973       6.4489461365155876E-003
           1           8  -31.7269993      -71.7409973       6.4489461365155876E-003
           1           9  -31.7269993      -71.7409973       4.3409928912296891E-003
           1          10  -31.7269993      -71.7409973       0.0000000000000000     
           1          11  -31.7269993      -71.7409973       1.8737616628641263E-003
           2           1  -31.7089996      -71.7409973       9.4663847703486681E-003
           2           2  -31.7089996      -71.7409973       1.1073052184656262E-002
           2           3  -31.7089996      -71.7409973       9.3856975436210632E-003
           2           4  -31.7089996      -71.7409973       3.1205715786200017E-003
           2           5  -31.7089996      -71.7409973       6.2130324367899448E-003
           2           6  -31.7089996      -71.7409973       7.0811980403959751E-003
           2           7  -31.7089996      -71.7409973       6.5040455665439367E-003
           2           8  -31.7089996      -71.7409973       6.5040455665439367E-003
           2           9  -31.7089996      -71.7409973       5.1901850383728743E-003
           2          10  -31.7089996      -71.7409973       1.4332976425066590E-003
           2          11  -31.7089996      -71.7409973       2.8564683452714235E-003
           3           1  -31.6910000      -71.7409973       1.8043852469418198E-002
           3           2  -31.6910000      -71.7409973       1.6609988640993834E-002
           3           3  -31.6910000      -71.7409973       1.6054573585279286E-002
           3           4  -31.6910000      -71.7409973       6.0782027430832386E-003
           3           5  -31.6910000      -71.7409973       7.2649517096579075E-003
           3           6  -31.6910000      -71.7409973       7.2991241831914522E-003
           3           7  -31.6910000      -71.7409973       8.3677445072680712E-003
           3           8  -31.6910000      -71.7409973       7.6283698217594065E-003
           3           9  -31.6910000      -71.7409973       3.8726947968825698E-003
           3          10  -31.6910000      -71.7409973       3.2300792954629287E-003
           3          11  -31.6910000      -71.7409973       3.1672609165980248E-003
           4           1  -31.6730003      -71.7409973       2.2359964787028730E-002
           4           2  -31.6730003      -71.7409973       2.3128956614527851E-002
           4           3  -31.6730003      -71.7409973       1.7068732879124582E-002
           4           4  -31.6730003      -71.7409973       8.2933534868061543E-003
           4           5  -31.6730003      -71.7409973       8.8622941402718425E-003
           4           6  -31.6730003      -71.7409973       8.7843007640913129E-003
           4           7  -31.6730003      -71.7409973       8.8622941402718425E-003
           4           8  -31.6730003      -71.7409973       8.1145235453732312E-003
           4           9  -31.6730003      -71.7409973       1.7209925281349570E-003
           4          10  -31.6730003      -71.7409973       5.1947592110082041E-003
           4          11  -31.6730003      -71.7409973       5.7209838232665788E-003
           5           1  -31.6550007      -71.7409973       2.6926640421152115E-002
           5           2  -31.6550007      -71.7409973       2.4227917892858386E-002
           5           3  -31.6550007      -71.7409973       1.7170186561997980E-002
           5           4  -31.6550007      -71.7409973       1.0070638265460730E-002
           5           5  -31.6550007      -71.7409973       1.0561420232988894E-002
           5           6  -31.6550007      -71.7409973       1.0632922872900963E-002
           5           7  -31.6550007      -71.7409973       1.0561420232988894E-002
           5           8  -31.6550007      -71.7409973       8.2022308488376439E-003
           5           9  -31.6550007      -71.7409973       3.2202502552536316E-003
           5          10  -31.6550007      -71.7409973       7.6825562282465398E-003
           5          11  -31.6550007      -71.7409973       6.7831131746061146E-003
           6           1  -31.6369991      -71.7409973       2.5828533805906773E-002
           6           2  -31.6369991      -71.7409973       2.5318377651274204E-002
           6           3  -31.6369991      -71.7409973       1.6445844550617039E-002
           6           4  -31.6369991      -71.7409973       1.1874655843712389E-002
           6           5  -31.6369991      -71.7409973       1.1998086469247937E-002
           6           6  -31.6369991      -71.7409973       1.1993542662821710E-002
           6           7  -31.6369991      -71.7409973       1.1998086469247937E-002
           6           8  -31.6369991      -71.7409973       8.1414279993623495E-003
           6           9  -31.6369991      -71.7409973       5.5444716999772936E-003
           6          10  -31.6369991      -71.7409973       8.0410123337060213E-003
           6          11  -31.6369991      -71.7409973       7.7914859866723418E-003
           7           1  -31.6189995      -71.7409973       2.3108293535187840E-002
           7           2  -31.6189995      -71.7409973       2.2662622854113579E-002
           7           3  -31.6189995      -71.7409973       6.5396553836762905E-003
           7           4  -31.6189995      -71.7409973       1.2611176978680305E-002
           7           5  -31.6189995      -71.7409973       1.2721464969217777E-002
           7           6  -31.6189995      -71.7409973       1.3082540972391143E-002
           7           7  -31.6189995      -71.7409973       1.2810594664188102E-002
           7           8  -31.6189995      -71.7409973       7.9222848871722817E-003
           7           9  -31.6189995      -71.7409973       5.4816038755234331E-003
           7          10  -31.6189995      -71.7409973       7.3973963444586843E-003
           7          11  -31.6189995      -71.7409973       7.2986050145118497E-003
           8           1  -31.6009998      -71.7409973       1.9432583729212638E-002
           8           2  -31.6009998      -71.7409973       1.7717841255944222E-002
           8           3  -31.6009998      -71.7409973       5.4336786852218211E-003
           8           4  -31.6009998      -71.7409973       1.2857044755946845E-002
           8           5  -31.6009998      -71.7409973       1.2340883578872308E-002
           8           6  -31.6009998      -71.7409973       1.1643676058156416E-002
           8           7  -31.6009998      -71.7409973       1.2340883578872308E-002
           8           8  -31.6009998      -71.7409973       7.0818145759403706E-003
           8           9  -31.6009998      -71.7409973       5.4518745746463537E-003
           8          10  -31.6009998      -71.7409973       4.9800282868091017E-003
           8          11  -31.6009998      -71.7409973       4.9047552747651935E-003
           9           1  -31.5830002      -71.7409973       1.4725122367963195E-002
           9           2  -31.5830002      -71.7409973       1.3142062845872715E-002
           9           3  -31.5830002      -71.7409973       4.0087848319672048E-003
           9           4  -31.5830002      -71.7409973       1.0802535107359290E-002
           9           5  -31.5830002      -71.7409973       1.0381583939306438E-002
           9           6  -31.5830002      -71.7409973       1.0343917761929333E-002
           9           7  -31.5830002      -71.7409973       1.0552105261012912E-002
           9           8  -31.5830002      -71.7409973       5.6530370784457773E-003
           9           9  -31.5830002      -71.7409973       3.2013889576774091E-003
           9          10  -31.5830002      -71.7409973       3.6526587136904709E-003
           9          11  -31.5830002      -71.7409973       4.1147288866341114E-003
          10           1  -31.5650005      -71.7409973       1.0944630048470572E-002
          10           2  -31.5650005      -71.7409973       4.3362113356124610E-003
          10           3  -31.5650005      -71.7409973       4.5565224136225879E-003
          10           4  -31.5650005      -71.7409973       8.7703609606251121E-003
          10           5  -31.5650005      -71.7409973       7.1534457383677363E-003
          10           6  -31.5650005      -71.7409973       9.1900883880953188E-003
          10           7  -31.5650005      -71.7409973       8.2855727696369286E-003
          10           8  -31.5650005      -71.7409973       4.9813574005383998E-003
          10           9  -31.5650005      -71.7409973       1.1297486125840805E-003
          10          10  -31.5650005      -71.7409973       1.9478149188216776E-003
          10          11  -31.5650005      -71.7409973       2.3438407224602997E-003
          11           1  -31.5470009      -71.7409973       6.2894132861401886E-003
          11           2  -31.5470009      -71.7409973       0.0000000000000000     
          11           3  -31.5470009      -71.7409973       2.7946679037995636E-003
          11           4  -31.5470009      -71.7409973       6.4916759729385376E-003
          11           5  -31.5470009      -71.7409973       5.8569601969793439E-003
          11           6  -31.5470009      -71.7409973       4.8125121975317597E-003
          11           7  -31.5470009      -71.7409973       5.4072552156867459E-003
          11           8  -31.5470009      -71.7409973       3.8749978411942720E-003
          11           9  -31.5470009      -71.7409973       0.0000000000000000     
          11          10  -31.5470009      -71.7409973       1.3161704118829221E-003
          11          11  -31.5470009      -71.7409973       2.6623774829204194E-003
