           1           1  -31.7269993      -71.7409973       3.5059601486864267E-004
           1           2  -31.7269993      -71.7409973       6.5912817990465555E-004
           1           3  -31.7269993      -71.7409973       6.5469914079585578E-004
           1           4  -31.7269993      -71.7409973       6.1960471975908149E-004
           1           5  -31.7269993      -71.7409973       6.3271978251577821E-004
           1           6  -31.7269993      -71.7409973       2.8895922423544107E-004
           1           7  -31.7269993      -71.7409973       3.2740706774347927E-004
           1           8  -31.7269993      -71.7409973       1.4171172006172128E-004
           1           9  -31.7269993      -71.7409973       2.3981074502898991E-004
           1          10  -31.7269993      -71.7409973       7.8946529538370669E-004
           1          11  -31.7269993      -71.7409973       7.4108178523601964E-004
           2           1  -31.7089996      -71.7409973       5.6353588206548011E-004
           2           2  -31.7089996      -71.7409973       7.3685009920154698E-004
           2           3  -31.7089996      -71.7409973       6.4201718396361684E-004
           2           4  -31.7089996      -71.7409973       5.1246148359496146E-004
           2           5  -31.7089996      -71.7409973       6.0112668688816484E-004
           2           6  -31.7089996      -71.7409973       3.3589354734431254E-004
           2           7  -31.7089996      -71.7409973       3.4448813039489323E-004
           2           8  -31.7089996      -71.7409973       2.4224551088991575E-004
           2           9  -31.7089996      -71.7409973       6.3418672652915120E-004
           2          10  -31.7089996      -71.7409973       1.1632990244834218E-003
           2          11  -31.7089996      -71.7409973       1.1760844572563656E-003
           3           1  -31.6910000      -71.7409973       8.9610099848869140E-004
           3           2  -31.6910000      -71.7409973       8.9317529455001932E-004
           3           3  -31.6910000      -71.7409973       8.9610099848869140E-004
           3           4  -31.6910000      -71.7409973       8.4138373085806961E-004
           3           5  -31.6910000      -71.7409973       3.8493155352625763E-004
           3           6  -31.6910000      -71.7409973       3.7103553404449485E-004
           3           7  -31.6910000      -71.7409973       4.4958148646401241E-004
           3           8  -31.6910000      -71.7409973       3.4734052678686567E-004
           3           9  -31.6910000      -71.7409973       1.3011525406909641E-003
           3          10  -31.6910000      -71.7409973       1.4054009479878005E-003
           3          11  -31.6910000      -71.7409973       1.3561204868892673E-003
           4           1  -31.6730003      -71.7409973       1.2657686820602976E-003
           4           2  -31.6730003      -71.7409973       1.3723457377636805E-003
           4           3  -31.6730003      -71.7409973       1.3262917200336233E-003
           4           4  -31.6730003      -71.7409973       9.8431364494899753E-004
           4           5  -31.6730003      -71.7409973       3.9847589960118057E-004
           4           6  -31.6730003      -71.7409973       3.9568325973959872E-004
           4           7  -31.6730003      -71.7409973       3.9847589960118057E-004
           4           8  -31.6730003      -71.7409973       3.5557719820644706E-004
           4           9  -31.6730003      -71.7409973       1.6726033354643732E-003
           4          10  -31.6730003      -71.7409973       1.6483893923577853E-003
           4          11  -31.6730003      -71.7409973       1.6990546791930683E-003
           5           1  -31.6550007      -71.7409973       1.6704107838450000E-003
           5           2  -31.6550007      -71.7409973       1.4959304971853271E-003
           5           3  -31.6550007      -71.7409973       1.5889751521172002E-003
           5           4  -31.6550007      -71.7409973       9.6112858591368422E-004
           5           5  -31.6550007      -71.7409973       3.9987219452086720E-004
           5           6  -31.6550007      -71.7409973       4.0658083116795751E-004
           5           7  -31.6550007      -71.7409973       3.9987219452086720E-004
           5           8  -31.6550007      -71.7409973       4.1074382534134202E-004
           5           9  -31.6550007      -71.7409973       1.7767160607036203E-003
           5          10  -31.6550007      -71.7409973       1.8503268074709922E-003
           5          11  -31.6550007      -71.7409973       1.7476141802035272E-003
           6           1  -31.6369991      -71.7409973       1.6995977784972638E-003
           6           2  -31.6369991      -71.7409973       1.6579212388023734E-003
           6           3  -31.6369991      -71.7409973       1.6900941263884306E-003
           6           4  -31.6369991      -71.7409973       7.5412224396131933E-004
           6           5  -31.6369991      -71.7409973       4.2325554022681899E-004
           6           6  -31.6369991      -71.7409973       4.2281872083549388E-004
           6           7  -31.6369991      -71.7409973       4.2325554022681899E-004
           6           8  -31.6369991      -71.7409973       7.7250329923117533E-004
           6           9  -31.6369991      -71.7409973       1.8262056400999427E-003
           6          10  -31.6369991      -71.7409973       1.8384358845651150E-003
           6          11  -31.6369991      -71.7409973       1.8171766714658588E-003
           7           1  -31.6189995      -71.7409973       1.5758974477648735E-003
           7           2  -31.6189995      -71.7409973       1.5646920292056166E-003
           7           3  -31.6189995      -71.7409973       1.5089467560756020E-003
           7           4  -31.6189995      -71.7409973       5.0966581557077006E-004
           7           5  -31.6189995      -71.7409973       4.0229411206382792E-004
           7           6  -31.6189995      -71.7409973       4.0526497468817979E-004
           7           7  -31.6189995      -71.7409973       3.9577139978064224E-004
           7           8  -31.6189995      -71.7409973       9.2382825278036762E-004
           7           9  -31.6189995      -71.7409973       1.6352540551451966E-003
           7          10  -31.6189995      -71.7409973       1.7558370309416205E-003
           7          11  -31.6189995      -71.7409973       1.7519024841021746E-003
           8           1  -31.6009998      -71.7409973       1.2815060545108281E-003
           8           2  -31.6009998      -71.7409973       1.2211896109874942E-003
           8           3  -31.6009998      -71.7409973       1.2103795052098576E-003
           8           4  -31.6009998      -71.7409973       4.4609687029151246E-004
           8           5  -31.6009998      -71.7409973       2.8973137341381516E-004
           8           6  -31.6009998      -71.7409973       2.8447116892493796E-004
           8           7  -31.6009998      -71.7409973       2.8973137341381516E-004
           8           8  -31.6009998      -71.7409973       1.0212970373686403E-003
           8           9  -31.6009998      -71.7409973       1.5993219130905345E-003
           8          10  -31.6009998      -71.7409973       1.4736569210072048E-003
           8          11  -31.6009998      -71.7409973       1.4801792567595840E-003
           9           1  -31.5830002      -71.7409973       8.2878350076498464E-004
           9           2  -31.5830002      -71.7409973       9.8031668085241108E-004
           9           3  -31.5830002      -71.7409973       8.2878350076498464E-004
           9           4  -31.5830002      -71.7409973       3.6597428697859868E-004
           9           5  -31.5830002      -71.7409973       2.5122067927441094E-004
           9           6  -31.5830002      -71.7409973       2.7010367011826020E-004
           9           7  -31.5830002      -71.7409973       2.4465394744765945E-004
           9           8  -31.5830002      -71.7409973       9.6087860583793372E-004
           9           9  -31.5830002      -71.7409973       1.3275486089696642E-003
           9          10  -31.5830002      -71.7409973       1.3275486089696642E-003
           9          11  -31.5830002      -71.7409973       1.3820597596350126E-003
          10           1  -31.5650005      -71.7409973       6.6233434881723952E-004
          10           2  -31.5650005      -71.7409973       6.6331853122392204E-004
          10           3  -31.5650005      -71.7409973       5.8556558724376373E-004
          10           4  -31.5650005      -71.7409973       5.5250093828362878E-004
          10           5  -31.5650005      -71.7409973       2.1726878549088724E-004
          10           6  -31.5650005      -71.7409973       2.2323420535030891E-004
          10           7  -31.5650005      -71.7409973       1.8523005246606772E-004
          10           8  -31.5650005      -71.7409973       6.2849359528627247E-004
          10           9  -31.5650005      -71.7409973       8.1558680540183559E-004
          10          10  -31.5650005      -71.7409973       9.8939306190004572E-004
          10          11  -31.5650005      -71.7409973       8.4392830649449024E-004
          11           1  -31.5470009      -71.7409973       6.3862348815746373E-004
          11           2  -31.5470009      -71.7409973       7.1369450961356051E-004
          11           3  -31.5470009      -71.7409973       6.7944878992420854E-004
          11           4  -31.5470009      -71.7409973       5.9041466374765150E-004
          11           5  -31.5470009      -71.7409973       2.6529919705353677E-004
          11           6  -31.5470009      -71.7409973       5.6864028010750189E-006
          11           7  -31.5470009      -71.7409973       3.0055371644266415E-004
          11           8  -31.5470009      -71.7409973       3.6294846358941868E-004
          11           9  -31.5470009      -71.7409973       5.1251580953248776E-004
          11          10  -31.5470009      -71.7409973       5.1251580953248776E-004
          11          11  -31.5470009      -71.7409973       4.5161436901253182E-004
