           1           1  -31.7269993      -71.7409973       2.7223636629059911E-002
           1           2  -31.7269993      -71.7409973       2.7223594952374697E-002
           1           3  -31.7269993      -71.7409973       2.7223615441471338E-002
           1           4  -31.7269993      -71.7409973       2.8208400763105601E-002
           1           5  -31.7269993      -71.7409973       2.8208385396283120E-002
           1           6  -31.7269993      -71.7409973       2.7223615441471338E-002
           1           7  -31.7269993      -71.7409973       2.7223636629059911E-002
           1           8  -31.7269993      -71.7409973       2.7223636629059911E-002
           1           9  -31.7269993      -71.7409973       2.7223615441471338E-002
           1          10  -31.7269993      -71.7409973       1.2252650922164321E-002
           1          11  -31.7269993      -71.7409973       1.2252652784809470E-002
           2           1  -31.7089996      -71.7409973       3.3636041916906834E-002
           2           2  -31.7089996      -71.7409973       3.3636029809713364E-002
           2           3  -31.7089996      -71.7409973       3.3636024221777916E-002
           2           4  -31.7089996      -71.7409973       3.3636039122939110E-002
           2           5  -31.7089996      -71.7409973       3.3636011183261871E-002
           2           6  -31.7089996      -71.7409973       3.3636045642197132E-002
           2           7  -31.7089996      -71.7409973       3.3636041916906834E-002
           2           8  -31.7089996      -71.7409973       3.3636041916906834E-002
           2           9  -31.7089996      -71.7409973       3.0511552002280951E-002
           2          10  -31.7089996      -71.7409973       1.2893669772893190E-002
           2          11  -31.7089996      -71.7409973       1.2893674895167351E-002
           3           1  -31.6910000      -71.7409973       3.9651597384363413E-002
           3           2  -31.6910000      -71.7409973       3.9651606697589159E-002
           3           3  -31.6910000      -71.7409973       3.9651597384363413E-002
           3           4  -31.6910000      -71.7409973       4.0111490990966558E-002
           3           5  -31.6910000      -71.7409973       4.0111490990966558E-002
           3           6  -31.6910000      -71.7409973       3.9651601109653711E-002
           3           7  -31.6910000      -71.7409973       3.9651597384363413E-002
           3           8  -31.6910000      -71.7409973       3.9651602040976286E-002
           3           9  -31.6910000      -71.7409973       2.2722620051354170E-002
           3          10  -31.6910000      -71.7409973       1.5126903017517179E-002
           3          11  -31.6910000      -71.7409973       1.5126902086194605E-002
           4           1  -31.6730003      -71.7409973       3.8046122062951326E-002
           4           2  -31.6730003      -71.7409973       3.8046137429773808E-002
           4           3  -31.6730003      -71.7409973       3.8046129979193211E-002
           4           4  -31.6730003      -71.7409973       3.8046120200306177E-002
           4           5  -31.6730003      -71.7409973       3.8046122062951326E-002
           4           6  -31.6730003      -71.7409973       3.8046120665967464E-002
           4           7  -31.6730003      -71.7409973       3.8046122062951326E-002
           4           8  -31.6730003      -71.7409973       3.8046122062951326E-002
           4           9  -31.6730003      -71.7409973       1.3647068175487220E-002
           4          10  -31.6730003      -71.7409973       1.5244132780935615E-002
           4          11  -31.6730003      -71.7409973       1.5244129113852978E-002
           5           1  -31.6550007      -71.7409973       2.3859035805799067E-002
           5           2  -31.6550007      -71.7409973       2.3859073990024626E-002
           5           3  -31.6550007      -71.7409973       2.3859057691879570E-002
           5           4  -31.6550007      -71.7409973       2.3859050241298974E-002
           5           5  -31.6550007      -71.7409973       2.3859035805799067E-002
           5           6  -31.6550007      -71.7409973       2.3859041393734515E-002
           5           7  -31.6550007      -71.7409973       2.3859035805799067E-002
           5           8  -31.6550007      -71.7409973       2.3793707368895411E-002
           5           9  -31.6550007      -71.7409973       9.4333846354857087E-003
           5          10  -31.6550007      -71.7409973       9.4333796878345311E-003
           5          11  -31.6550007      -71.7409973       9.4333851011469960E-003
           6           1  -31.6369991      -71.7409973       3.0295662581920624E-003
           6           2  -31.6369991      -71.7409973       3.0295616015791893E-003
           6           3  -31.6369991      -71.7409973       3.0295671895146370E-003
           6           4  -31.6369991      -71.7409973       3.0295755714178085E-003
           6           5  -31.6369991      -71.7409973       3.0295662581920624E-003
           6           6  -31.6369991      -71.7409973       3.0295588076114655E-003
           6           7  -31.6369991      -71.7409973       3.0295662581920624E-003
           6           8  -31.6369991      -71.7409973       2.1520243026316166E-003
           6           9  -31.6369991      -71.7409973       3.5695639380719513E-003
           6          10  -31.6369991      -71.7409973       2.1520261652767658E-003
           6          11  -31.6369991      -71.7409973       2.1520256996154785E-003
           7           1  -31.6189995      -71.7409973       2.8089375700801611E-002
           7           2  -31.6189995      -71.7409973       2.8089370811358094E-002
           7           3  -31.6189995      -71.7409973       2.8089378494769335E-002
           7           4  -31.6189995      -71.7409973       2.8089384548366070E-002
           7           5  -31.6189995      -71.7409973       2.3570565739646554E-002
           7           6  -31.6189995      -71.7409973       2.8089364292100072E-002
           7           7  -31.6189995      -71.7409973       9.5652636373415589E-003
           7           8  -31.6189995      -71.7409973       9.5652636373415589E-003
           7           9  -31.6189995      -71.7409973       9.5652680611237884E-003
           7          10  -31.6189995      -71.7409973       9.5652636373415589E-003
           7          11  -31.6189995      -71.7409973       9.5652692252770066E-003
           8           1  -31.6009998      -71.7409973       4.0160187054425478E-002
           8           2  -31.6009998      -71.7409973       4.0160171221941710E-002
           8           3  -31.6009998      -71.7409973       4.0160180767998099E-002
           8           4  -31.6009998      -71.7409973       4.0160187520086765E-002
           8           5  -31.6009998      -71.7409973       4.0160187054425478E-002
           8           6  -31.6009998      -71.7409973       4.0160186355933547E-002
           8           7  -31.6009998      -71.7409973       1.6231262125074863E-002
           8           8  -31.6009998      -71.7409973       1.5140344097744673E-002
           8           9  -31.6009998      -71.7409973       1.3517440471332520E-002
           8          10  -31.6009998      -71.7409973       1.5140340314246714E-002
           8          11  -31.6009998      -71.7409973       1.5140341129153967E-002
           9           1  -31.5830002      -71.7409973       3.8266215007752180E-002
           9           2  -31.5830002      -71.7409973       3.8266222458332777E-002
           9           3  -31.5830002      -71.7409973       3.8266215007752180E-002
           9           4  -31.5830002      -71.7409973       3.9077798603102565E-002
           9           5  -31.5830002      -71.7409973       3.9077806053683162E-002
           9           6  -31.5830002      -71.7409973       3.8266224320977926E-002
           9           7  -31.5830002      -71.7409973       1.6011070925742388E-002
           9           8  -31.5830002      -71.7409973       1.6011091647669673E-002
           9           9  -31.5830002      -71.7409973       1.6011091647669673E-002
           9          10  -31.5830002      -71.7409973       1.6011091647669673E-002
           9          11  -31.5830002      -71.7409973       1.5736068715341389E-002
          10           1  -31.5650005      -71.7409973       3.3081755042076111E-002
          10           2  -31.5650005      -71.7409973       3.4302327781915665E-002
          10           3  -31.5650005      -71.7409973       3.3081745728850365E-002
          10           4  -31.5650005      -71.7409973       3.3081757836043835E-002
          10           5  -31.5650005      -71.7409973       3.3081744564697146E-002
          10           6  -31.5650005      -71.7409973       2.8759827837347984E-002
          10           7  -31.5650005      -71.7409973       1.6652136575430632E-002
          10           8  -31.5650005      -71.7409973       1.6652136575430632E-002
          10           9  -31.5650005      -71.7409973       1.6390729899285361E-002
          10          10  -31.5650005      -71.7409973       1.6491397953359410E-002
          10          11  -31.5650005      -71.7409973       1.6652119695208967E-002
          11           1  -31.5470009      -71.7409973       2.6643212942872196E-002
          11           2  -31.5470009      -71.7409973       2.6643219462130219E-002
          11           3  -31.5470009      -71.7409973       2.6643215736839920E-002
          11           4  -31.5470009      -71.7409973       2.7737535187043250E-002
          11           5  -31.5470009      -71.7409973       2.7737537981010973E-002
          11           6  -31.5470009      -71.7409973       1.8905367003753781E-002
          11           7  -31.5470009      -71.7409973       1.8905365141108632E-002
          11           8  -31.5470009      -71.7409973       1.8905365141108632E-002
          11           9  -31.5470009      -71.7409973       1.8905367003753781E-002
          11          10  -31.5470009      -71.7409973       1.8905367003753781E-002
          11          11  -31.5470009      -71.7409973       1.8905369332060218E-002
