           1           1  -31.7269993      -71.7409973       5.4600042058154941E-003
           1           2  -31.7269993      -71.7409973       5.1760832866420969E-003
           1           3  -31.7269993      -71.7409973       4.1809843096416444E-003
           1           4  -31.7269993      -71.7409973       6.3400914514204487E-003
           1           5  -31.7269993      -71.7409973       5.6573057445348240E-003
           1           6  -31.7269993      -71.7409973       5.8936957502737641E-003
           1           7  -31.7269993      -71.7409973       4.7336702118627727E-003
           1           8  -31.7269993      -71.7409973       1.0399866150692105E-003
           1           9  -31.7269993      -71.7409973       3.4328000620007515E-003
           1          10  -31.7269993      -71.7409973       6.1305465824261773E-003
           1          11  -31.7269993      -71.7409973       7.1614357293583453E-003
           2           1  -31.7089996      -71.7409973       5.1537162507884204E-003
           2           2  -31.7089996      -71.7409973       1.0289239435223863E-003
           2           3  -31.7089996      -71.7409973       1.6907300450839102E-003
           2           4  -31.7089996      -71.7409973       3.6989478103350848E-003
           2           5  -31.7089996      -71.7409973       4.6749607718084008E-003
           2           6  -31.7089996      -71.7409973       1.7941233236342669E-003
           2           7  -31.7089996      -71.7409973       2.7533585089258850E-003
           2           8  -31.7089996      -71.7409973       3.0739488429389894E-003
           2           9  -31.7089996      -71.7409973       9.4354022294282913E-003
           2          10  -31.7089996      -71.7409973       1.0491492343135178E-002
           2          11  -31.7089996      -71.7409973       1.1237871949560940E-002
           3           1  -31.6910000      -71.7409973       4.9445821932749823E-003
           3           2  -31.6910000      -71.7409973       3.9115400359150954E-003
           3           3  -31.6910000      -71.7409973       4.9445821932749823E-003
           3           4  -31.6910000      -71.7409973       4.2872034973697737E-003
           3           5  -31.6910000      -71.7409973       6.9044674746692181E-003
           3           6  -31.6910000      -71.7409973       6.5515676324139349E-003
           3           7  -31.6910000      -71.7409973       9.5610910793766379E-003
           3           8  -31.6910000      -71.7409973       1.1878825618623523E-002
           3           9  -31.6910000      -71.7409973       1.6572907945374027E-002
           3          10  -31.6910000      -71.7409973       1.6572907945374027E-002
           3          11  -31.6910000      -71.7409973       1.5808622236363590E-002
           4           1  -31.6730003      -71.7409973       7.1726321111782454E-003
           4           2  -31.6730003      -71.7409973       6.9818430929444730E-003
           4           3  -31.6730003      -71.7409973       7.3123834445141256E-003
           4           4  -31.6730003      -71.7409973       8.2884017447213409E-003
           4           5  -31.6730003      -71.7409973       1.2342228903435171E-002
           4           6  -31.6730003      -71.7409973       1.1653035529889166E-002
           4           7  -31.6730003      -71.7409973       1.2342228903435171E-002
           4           8  -31.6730003      -71.7409973       1.6749134985730052E-002
           4           9  -31.6730003      -71.7409973       2.2512695228215307E-002
           4          10  -31.6730003      -71.7409973       2.0925323024130194E-002
           4          11  -31.6730003      -71.7409973       2.1986117597407429E-002
           5           1  -31.6550007      -71.7409973       9.5562074857298285E-003
           5           2  -31.6550007      -71.7409973       9.8325730650685728E-003
           5           3  -31.6550007      -71.7409973       1.0279658308718354E-002
           5           4  -31.6550007      -71.7409973       1.0250308725517243E-002
           5           5  -31.6550007      -71.7409973       1.5360726247308776E-002
           5           6  -31.6550007      -71.7409973       1.5271144657162949E-002
           5           7  -31.6550007      -71.7409973       1.5360726247308776E-002
           5           8  -31.6550007      -71.7409973       2.2770533105358481E-002
           5           9  -31.6550007      -71.7409973       2.3726295912638307E-002
           5          10  -31.6550007      -71.7409973       2.5168533669784665E-002
           5          11  -31.6550007      -71.7409973       2.3151057073846459E-002
           6           1  -31.6369991      -71.7409973       9.3382610939443111E-003
           6           2  -31.6369991      -71.7409973       1.0761516168713570E-002
           6           3  -31.6369991      -71.7409973       1.0980382969137281E-002
           6           4  -31.6369991      -71.7409973       1.1018855380825698E-002
           6           5  -31.6369991      -71.7409973       1.4135258155874908E-002
           6           6  -31.6369991      -71.7409973       1.4118552324362099E-002
           6           7  -31.6369991      -71.7409973       1.4135258155874908E-002
           6           8  -31.6369991      -71.7409973       2.4969090241938829E-002
           6           9  -31.6369991      -71.7409973       2.4940400384366512E-002
           6          10  -31.6369991      -71.7409973       2.5014728773385286E-002
           6          11  -31.6369991      -71.7409973       2.4800417013466358E-002
           7           1  -31.6189995      -71.7409973       8.5561791202053428E-003
           7           2  -31.6189995      -71.7409973       8.1489380099810660E-003
           7           3  -31.6189995      -71.7409973       8.2866508746519685E-003
           7           4  -31.6189995      -71.7409973       8.4804892539978027E-003
           7           5  -31.6189995      -71.7409973       1.1779057793319225E-002
           7           6  -31.6189995      -71.7409973       1.2074265046976507E-002
           7           7  -31.6189995      -71.7409973       1.1143672163598239E-002
           7           8  -31.6189995      -71.7409973       2.3497962160035968E-002
           7           9  -31.6189995      -71.7409973       2.1060860715806484E-002
           7          10  -31.6189995      -71.7409973       2.3497962160035968E-002
           7          11  -31.6189995      -71.7409973       2.3186444537714124E-002
           8           1  -31.6009998      -71.7409973       4.9031792405003216E-003
           8           2  -31.6009998      -71.7409973       4.9823061126517132E-003
           8           3  -31.6009998      -71.7409973       4.3679515656549484E-003
           8           4  -31.6009998      -71.7409973       7.1969635318964720E-003
           8           5  -31.6009998      -71.7409973       6.6282094048801810E-003
           8           6  -31.6009998      -71.7409973       4.7229544143192470E-003
           8           7  -31.6009998      -71.7409973       6.6282094048801810E-003
           8           8  -31.6009998      -71.7409973       1.9376371732505504E-002
           8           9  -31.6009998      -71.7409973       2.0230198162607849E-002
           8          10  -31.6009998      -71.7409973       1.7505091273051221E-002
           8          11  -31.6009998      -71.7409973       1.7310958617599681E-002
           9           1  -31.5830002      -71.7409973       2.9996050725458190E-003
           9           2  -31.5830002      -71.7409973       3.5600210539996624E-003
           9           3  -31.5830002      -71.7409973       2.9996050725458190E-003
           9           4  -31.5830002      -71.7409973       4.4826395896961913E-003
           9           5  -31.5830002      -71.7409973       4.6192229201551527E-003
           9           6  -31.5830002      -71.7409973       3.7941818591207266E-003
           9           7  -31.5830002      -71.7409973       4.9425436882302165E-003
           9           8  -31.5830002      -71.7409973       1.3536880607716739E-002
           9           9  -31.5830002      -71.7409973       1.3536880607716739E-002
           9          10  -31.5830002      -71.7409973       1.3536880607716739E-002
           9          11  -31.5830002      -71.7409973       1.4145235509204213E-002
          10           1  -31.5650005      -71.7409973       3.4493875282350928E-003
          10           2  -31.5650005      -71.7409973       2.9525484133046120E-003
          10           3  -31.5650005      -71.7409973       6.0667508514598012E-003
          10           4  -31.5650005      -71.7409973       6.5663559362292290E-003
          10           5  -31.5650005      -71.7409973       7.0444130105897784E-003
          10           6  -31.5650005      -71.7409973       4.3501135078258812E-003
          10           7  -31.5650005      -71.7409973       3.3121680608019233E-003
          10           8  -31.5650005      -71.7409973       5.2731935284100473E-003
          10           9  -31.5650005      -71.7409973       6.6386255384713877E-003
          10          10  -31.5650005      -71.7409973       6.8741992581635714E-003
          10          11  -31.5650005      -71.7409973       4.1629147017374635E-003
          11           1  -31.5470009      -71.7409973       8.6976752209011465E-004
          11           2  -31.5470009      -71.7409973       2.4147377989720553E-003
          11           3  -31.5470009      -71.7409973       6.4397219830425456E-003
          11           4  -31.5470009      -71.7409973       6.0840116348117590E-003
          11           5  -31.5470009      -71.7409973       6.5980143845081329E-003
          11           6  -31.5470009      -71.7409973       6.4397219830425456E-003
          11           7  -31.5470009      -71.7409973       4.5812587486580014E-003
          11           8  -31.5470009      -71.7409973       4.5812587486580014E-003
          11           9  -31.5470009      -71.7409973       5.4417182691395283E-003
          11          10  -31.5470009      -71.7409973       5.4027888400014490E-003
          11          11  -31.5470009      -71.7409973       6.5517156763235107E-003
