          16          58  -31.9050007      -72.2470016      0.781949401    
          22          48  -31.8050003      -72.0360031      0.873075783    
          32          55  -31.6189995      -72.1679993      0.829847991    
          36          12  -31.5820007      -71.2900009      0.823381126    
          44          29  -31.4249992      -71.6279984      0.857107341    
          44          49  -31.4080009      -72.0329971      0.914662361    
          47          32  -31.3680000      -71.6859970      0.901129305    
          49          64  -31.3050003      -72.3320007      0.510672927    
          66          71  -30.9920006      -72.4550018      0.862488031    
          68          48  -30.9769993      -71.9879990      0.484179944    
          75          48  -30.8500004      -71.9810028      0.736873627    
          77          49  -30.8139992      -71.9990005      0.807366371    
          78          39  -30.8040009      -71.7959976      0.933553696    
          87          40  -30.6410007      -71.8079987       1.00000000    
         102          67  -30.3470001      -72.3349991      0.779158652    
         103           1  -30.3829994      -71.0090027      0.920199156    
         110          42  -30.2250004      -71.8249969      0.821457565    
         113          38  -30.1739998      -71.7419968      0.933581650    
         116          14  -30.1389999      -71.2580032      0.796634853    
         118          40  -30.0820007      -71.7770004      0.808960795    
