           2          17  -32.1910019      -71.4229965      0.801178992    
           3          37  -32.1570015      -71.8310013      0.734876752    
          10          36  -32.0320015      -71.8040009      0.704118609    
          17           2  -31.9319992      -71.1029968      0.613789678    
          27          13  -31.7439995      -71.3180008      0.688819706    
          40          46  -31.4829998      -71.9769974      0.968896568    
          42          18  -31.4699993      -71.4059982      0.642299533    
          43          44  -31.4300003      -71.9329987      0.976186872    
          45          66  -31.3750000      -72.3769989      0.588428020    
          47          51  -31.3519993      -72.0709991      0.669260204    
          54          53  -31.2240009      -72.1039963      0.555375040    
          59          61  -31.1270008      -72.2610016      0.773411274    
          69          56  -30.9519997      -72.1490021      0.732045949    
          79          35  -30.7889996      -71.7149963      0.678127050    
          79          64  -30.7639999      -72.2990036      0.805904984    
          80          62  -30.7479992      -72.2580032      0.589701116    
          91          48  -30.5620003      -71.9649963      0.655427754    
         109           5  -30.2719994      -71.0839996      0.778107166    
         117          25  -30.1119995      -71.4779968      0.754756272    
         121          19  -30.0450001      -71.3539963      0.721589446    
