           8          56  -32.0499992      -72.2139969      0.700937748    
          12          36  -31.9960003      -71.8020020      0.861767292    
          18          38  -31.8859997      -71.8369980      0.793064177    
          37          53  -31.5310001      -72.1220016      0.871463776    
          59          31  -31.1529999      -71.6539993      0.911027968    
          63          51  -31.0639992      -72.0540009      0.655661166    
          67          29  -31.0100002      -71.6050034      0.622088969    
          68          14  -31.0039997      -71.3010025      0.940414429    
          71          57  -30.9150009      -72.1669998      0.592801094    
          73          47  -30.8869991      -71.9629974      0.780173004    
          86          53  -30.6480007      -72.0699997      0.794117689    
          89          12  -30.6270008      -71.2419968      0.785357475    
          91          45  -30.5650005      -71.9039993      0.760129094    
          91          65  -30.5470009      -72.3059998      0.768846750    
          99          65  -30.4029999      -72.2979965      0.973308086    
         107          13  -30.3020000      -71.2460022      0.649094641    
         115          19  -30.1529999      -71.3590012      0.845017791    
         115          31  -30.1439991      -71.5999985       1.00000000    
         120          33  -30.0520000      -71.6350021      0.769008398    
         121          49  -30.0209999      -71.9540024      0.766442358    
