           5          12  -32.1409988      -71.3180008      0.675725162    
          14          47  -31.9500008      -72.0240021      0.569553494    
          22          48  -31.8050003      -72.0360031      0.680455625    
          30          34  -31.6730003      -71.7429962      0.748048425    
          36          12  -31.5820007      -71.2900009      0.764148831    
          44          29  -31.4249992      -71.6279984      0.740240455    
          48          48  -31.3369999      -72.0090027      0.627263665    
          64          11  -31.0779991      -71.2440033      0.792201459    
          66          71  -30.9920006      -72.4550018      0.801946044    
          75          48  -30.8500004      -71.9810028      0.668530345    
          77          49  -30.8139992      -71.9990005      0.764206350    
          85          62  -30.6580009      -72.2529984      0.769962728    
          86          25  -30.6709995      -71.5070038      0.830244720    
          91          37  -30.5709991      -71.7429962      0.450433284    
          91          64  -30.5480003      -72.2860031      0.774239779    
          97          30  -30.4689999      -71.5970001      0.770709395    
         102          67  -30.3470001      -72.3349991      0.810720861    
         110          42  -30.2250004      -71.8249969      0.505041361    
         113          38  -30.1739998      -71.7419968      0.998743594    
         116          14  -30.1389999      -71.2580032      0.755800128    
