          15          14  -31.9589996      -71.3499985      0.771919668    
          19          69  -31.8400002      -72.4670029      0.831076920    
          42          48  -31.4449997      -72.0149994      0.831520021    
          46          23  -31.3939991      -71.5039978      0.735340655    
          49          43  -31.3230000      -71.9069977      0.830165863    
          52          24  -31.2849998      -71.5189972      0.689802527    
          61          49  -31.1019993      -72.0159988      0.651638210    
          67          45  -30.9969997      -71.9290009      0.692636669    
          75          41  -30.8560009      -71.8399963      0.626334786    
          80           8  -30.7919998      -71.1699982      0.748227358    
          80          33  -30.7730007      -71.6740036      0.855424583    
          82          58  -30.7159996      -72.1750031      0.749150217    
          88          70  -30.5970001      -72.4100037      0.970301330    
          89           2  -30.6340008      -71.0410004      0.641141295    
          93          15  -30.5529995      -71.2990036      0.656911075    
          99          34  -30.4300003      -71.6750031      0.767143667    
         109           3  -30.2730007      -71.0439987      0.715977013    
         112           7  -30.2159996      -71.1220016      0.743615866    
         115          38  -30.1380005      -71.7399979      0.726132393    
         118          20  -30.0979996      -71.3769989      0.814362884    
