2 17 -32.1910019 -71.4229965 0.801178992 1
3 37 -32.1570015 -71.8310013 0.734876752 1
10 36 -32.0320015 -71.8040009 0.704118609 1
17 2 -31.9319992 -71.1029968 0.613789678 1
27 13 -31.7439995 -71.3180008 0.688819706 1
40 46 -31.4829998 -71.9769974 0.968896568 1
42 18 -31.4699993 -71.4059982 0.642299533 1
43 44 -31.4300003 -71.9329987 0.976186872 1
45 66 -31.3750000 -72.3769989 0.588428020 1
47 51 -31.3519993 -72.0709991 0.669260204 1
54 53 -31.2240009 -72.1039963 0.555375040 1
59 61 -31.1270008 -72.2610016 0.773411274 1
69 56 -30.9519997 -72.1490021 0.732045949 1
79 35 -30.7889996 -71.7149963 0.678127050 1
79 64 -30.7639999 -72.2990036 0.805904984 1
80 62 -30.7479992 -72.2580032 0.589701116 1
91 48 -30.5620003 -71.9649963 0.655427754 1
109 5 -30.2719994 -71.0839996 0.778107166 1
117 25 -30.1119995 -71.4779968 0.754756272 1
121 19 -30.0450001 -71.3539963 0.721589446 1
3 37 -32.1570015 -71.8310013 0.648603916 2
13 48 -31.9669991 -72.0459976 0.839260101 2
17 2 -31.9319992 -71.1029968 0.718271255 2
26 53 -31.7290001 -72.1340027 0.986285925 2
27 13 -31.7439995 -71.3180008 0.785948336 2
40 46 -31.4829998 -71.9769974 0.778799832 2
41 51 -31.4599991 -72.0770035 0.841459751 2
47 51 -31.3519993 -72.0709991 1.00000000 2
49 54 -31.3139992 -72.1299973 0.935510576 2
54 53 -31.2240009 -72.1039963 0.663205385 2
56 69 -31.1739998 -72.4260025 0.810987592 2
73 28 -30.9029999 -71.5800018 0.843856752 2
79 35 -30.7889996 -71.7149963 0.965328217 2
79 64 -30.7639999 -72.2990036 0.905788183 2
80 62 -30.7479992 -72.2580032 0.705618739 2
82 31 -30.7380009 -71.6309967 0.948008299 2
92 35 -30.5550003 -71.7020035 0.813699961 2
104 17 -30.3530006 -71.3290024 0.669117212 2
109 5 -30.2719994 -71.0839996 0.896296144 2
117 69 -30.0750008 -72.3580017 0.809845865 2
13 48 -31.9669991 -72.0459976 0.937638760 3
19 15 -31.8859997 -71.3659973 0.751002431 3
26 53 -31.7290001 -72.1340027 0.789224207 3
32 35 -31.6359997 -71.7610016 0.817728341 3
41 51 -31.4599991 -72.0770035 1.00000000 3
49 54 -31.3139992 -72.1299973 0.789363801 3
56 69 -31.1739998 -72.4260025 0.948616505 3
67 64 -30.9799995 -72.3119965 0.872900069 3
73 28 -30.9029999 -71.5800018 0.686438262 3
74 33 -30.8810005 -71.6790009 0.633195579 3
74 49 -30.8680000 -72.0019989 0.837917507 3
80 30 -30.7749996 -71.6129990 0.845208108 3
82 31 -30.7380009 -71.6309967 0.949406624 3
87 22 -30.6550007 -71.4449997 0.808493674 3
92 35 -30.5550003 -71.7020035 0.908279836 3
104 17 -30.3530006 -71.3290024 0.850945950 3
109 31 -30.2520008 -71.6060028 0.876056790 3
117 69 -30.0750008 -72.3580017 0.727710783 3
118 44 -30.0790005 -71.8570023 0.776383519 3
121 23 -30.0419998 -71.4339981 0.804744959 3
19 15 -31.8859997 -71.3659973 0.618937135 4
19 69 -31.8400002 -72.4670029 0.579373598 4
32 35 -31.6359997 -71.7610016 0.609770238 4
49 43 -31.3230000 -71.9069977 0.636054754 4
67 45 -30.9969997 -71.9290009 0.509635329 4
67 64 -30.9799995 -72.3119965 0.745277047 4
74 33 -30.8810005 -71.6790009 0.612431943 4
74 49 -30.8680000 -72.0019989 0.600712776 4
80 8 -30.7919998 -71.1699982 0.632766306 4
80 30 -30.7749996 -71.6129990 0.921573579 4
80 33 -30.7730007 -71.6740036 0.867748857 4
82 58 -30.7159996 -72.1750031 0.694794655 4
87 22 -30.6550007 -71.4449997 0.604877532 4
88 70 -30.5970001 -72.4100037 0.776470721 4
109 3 -30.2730007 -71.0439987 0.617991507 4
109 31 -30.2520008 -71.6060028 0.734049499 4
112 7 -30.2159996 -71.1220016 0.686322391 4
118 20 -30.0979996 -71.3769989 0.713676929 4
118 44 -30.0790005 -71.8570023 0.584565043 4
121 23 -30.0419998 -71.4339981 0.613775551 4
15 14 -31.9589996 -71.3499985 0.771919668 5
19 69 -31.8400002 -72.4670029 0.831076920 5
42 48 -31.4449997 -72.0149994 0.831520021 5
46 23 -31.3939991 -71.5039978 0.735340655 5
49 43 -31.3230000 -71.9069977 0.830165863 5
52 24 -31.2849998 -71.5189972 0.689802527 5
61 49 -31.1019993 -72.0159988 0.651638210 5
67 45 -30.9969997 -71.9290009 0.692636669 5
75 41 -30.8560009 -71.8399963 0.626334786 5
80 8 -30.7919998 -71.1699982 0.748227358 5
80 33 -30.7730007 -71.6740036 0.855424583 5
82 58 -30.7159996 -72.1750031 0.749150217 5
88 70 -30.5970001 -72.4100037 0.970301330 5
89 2 -30.6340008 -71.0410004 0.641141295 5
93 15 -30.5529995 -71.2990036 0.656911075 5
99 34 -30.4300003 -71.6750031 0.767143667 5
109 3 -30.2730007 -71.0439987 0.715977013 5
112 7 -30.2159996 -71.1220016 0.743615866 5
115 38 -30.1380005 -71.7399979 0.726132393 5
118 20 -30.0979996 -71.3769989 0.814362884 5
12 36 -31.9960003 -71.8020020 0.844408691 6
15 14 -31.9589996 -71.3499985 0.866880953 6
42 48 -31.4449997 -72.0149994 0.853909850 6
46 23 -31.3939991 -71.5039978 0.925939023 6
52 24 -31.2849998 -71.5189972 0.909930646 6
61 49 -31.1019993 -72.0159988 0.692878187 6
67 29 -31.0100002 -71.6050034 0.880912125 6
75 41 -30.8560009 -71.8399963 0.981942654 6
86 53 -30.6480007 -72.0699997 0.716423810 6
89 2 -30.6340008 -71.0410004 0.844838440 6
89 12 -30.6270008 -71.2419968 0.936670840 6
91 45 -30.5650005 -71.9039993 0.936901927 6
91 65 -30.5470009 -72.3059998 0.999047935 6
93 15 -30.5529995 -71.2990036 0.924425423 6
99 34 -30.4300003 -71.6750031 1.00000000 6
115 19 -30.1529999 -71.3590012 0.923553109 6
115 31 -30.1439991 -71.5999985 0.957903743 6
115 38 -30.1380005 -71.7399979 0.555911779 6
120 33 -30.0520000 -71.6350021 0.879670501 6
121 49 -30.0209999 -71.9540024 0.849846482 6
8 56 -32.0499992 -72.2139969 0.700937748 7
12 36 -31.9960003 -71.8020020 0.861767292 7
18 38 -31.8859997 -71.8369980 0.793064177 7
37 53 -31.5310001 -72.1220016 0.871463776 7
59 31 -31.1529999 -71.6539993 0.911027968 7
63 51 -31.0639992 -72.0540009 0.655661166 7
67 29 -31.0100002 -71.6050034 0.622088969 7
68 14 -31.0039997 -71.3010025 0.940414429 7
71 57 -30.9150009 -72.1669998 0.592801094 7
73 47 -30.8869991 -71.9629974 0.780173004 7
86 53 -30.6480007 -72.0699997 0.794117689 7
89 12 -30.6270008 -71.2419968 0.785357475 7
91 45 -30.5650005 -71.9039993 0.760129094 7
91 65 -30.5470009 -72.3059998 0.768846750 7
99 65 -30.4029999 -72.2979965 0.973308086 7
107 13 -30.3020000 -71.2460022 0.649094641 7
115 19 -30.1529999 -71.3590012 0.845017791 7
115 31 -30.1439991 -71.5999985 1.00000000 7
120 33 -30.0520000 -71.6350021 0.769008398 7
121 49 -30.0209999 -71.9540024 0.766442358 7
3 4 -32.1829987 -71.1559982 0.650384665 8
8 56 -32.0499992 -72.2139969 0.696261764 8
10 15 -32.0480003 -71.3750000 0.591902614 8
13 47 -31.9680004 -72.0250015 0.692920685 8
18 38 -31.8859997 -71.8369980 0.862803400 8
32 46 -31.6270008 -71.9850006 0.848139524 8
37 53 -31.5310001 -72.1220016 0.631083071 8
46 14 -31.3999996 -71.3209991 0.700197577 8
59 31 -31.1529999 -71.6539993 0.821743429 8
61 38 -31.1110001 -71.7929993 0.636974752 8
63 51 -31.0639992 -72.0540009 0.711590767 8
67 41 -31.0009995 -71.8479996 0.951029301 8
68 14 -31.0039997 -71.3010025 1.00000000 8
71 57 -30.9150009 -72.1669998 0.473907143 8
73 47 -30.8869991 -71.9629974 0.602267742 8
81 66 -30.7259998 -72.3369980 0.681914210 8
81 68 -30.7250004 -72.3779984 0.611568093 8
96 51 -30.4699993 -72.0199966 0.596544087 8
99 65 -30.4029999 -72.2979965 0.900051534 8
107 13 -30.3020000 -71.2460022 0.576345980 8
3 4 -32.1829987 -71.1559982 0.751493156 9
7 33 -32.0880013 -71.7450027 0.574912727 9
10 15 -32.0480003 -71.3750000 0.751173079 9
13 43 -31.9720001 -71.9440002 0.695033491 9
13 47 -31.9680004 -72.0250015 0.887568653 9
15 31 -31.9459991 -71.6969986 0.592060924 9
15 49 -31.9309998 -72.0640030 0.862888813 9
27 42 -31.7199993 -71.9089966 0.659201980 9
32 46 -31.6270008 -71.9850006 0.559558392 9
39 20 -31.5219994 -71.4499969 0.633837044 9
46 14 -31.3999996 -71.3209991 0.536952019 9
61 38 -31.1110001 -71.7929993 0.607231617 9
67 41 -31.0009995 -71.8479996 0.618992925 9
73 68 -30.8689995 -72.3870010 0.683030367 9
76 24 -30.8519993 -71.4960022 0.757417798 9
81 66 -30.7259998 -72.3369980 0.649296522 9
81 68 -30.7250004 -72.3779984 0.642013907 9
94 70 -30.4890003 -72.4039993 0.688201547 9
96 51 -30.4699993 -72.0199966 0.695367336 9
115 34 -30.1410007 -71.6600037 0.656672359 9
4 67 -32.1119995 -72.4440002 0.787650704 10
7 33 -32.0880013 -71.7450027 0.869119465 10
10 67 -32.0040016 -72.4369965 0.689713597 10
13 43 -31.9720001 -71.9440002 0.694785535 10
15 31 -31.9459991 -71.6969986 0.966865361 10
15 49 -31.9309998 -72.0640030 0.941594660 10
26 63 -31.7199993 -72.3369980 0.991983533 10
27 42 -31.7199993 -71.9089966 0.828301370 10
31 6 -31.6770000 -71.1719971 0.739781678 10
39 20 -31.5219994 -71.4499969 0.842997134 10
49 41 -31.3250008 -71.8659973 0.990572214 10
51 35 -31.2940006 -71.7419968 0.602517962 10
54 19 -31.2520008 -71.4150009 0.822166800 10
69 38 -30.9669991 -71.7850037 0.707022548 10
73 68 -30.8689995 -72.3870010 0.798237383 10
76 24 -30.8519993 -71.4960022 0.863555908 10
84 70 -30.6690006 -72.4150009 0.830053031 10
94 70 -30.4890003 -72.4039993 0.948009014 10
115 34 -30.1410007 -71.6600037 0.956194580 10
118 31 -30.0900002 -71.5970001 1.00000000 10
2 16 -32.1920013 -71.4029999 0.737267196 11
4 67 -32.1119995 -72.4440002 0.798359632 11
7 52 -32.0719986 -72.1340027 0.814766645 11
10 67 -32.0040016 -72.4369965 0.710695505 11
15 44 -31.9349995 -71.9619980 0.786039948 11
17 62 -31.8829994 -72.3270035 1.00000000 11
26 63 -31.7199993 -72.3369980 0.970561683 11
31 6 -31.6770000 -71.1719971 0.645741761 11
49 41 -31.3250008 -71.8659973 0.762153685 11
51 35 -31.2940006 -71.7419968 0.690144658 11
54 19 -31.2520008 -71.4150009 0.665586710 11
69 38 -30.9669991 -71.7850037 0.706564844 11
71 55 -30.9160004 -72.1259995 0.807773471 11
82 70 -30.7049999 -72.4169998 0.765541494 11
84 70 -30.6690006 -72.4150009 0.702972114 11
89 61 -30.5869999 -72.2279968 0.502773404 11
101 24 -30.4020004 -71.4729996 0.623016894 11
102 3 -30.3990002 -71.0500031 0.624179661 11
102 18 -30.3880005 -71.3509979 0.607213140 11
118 31 -30.0900002 -71.5970001 0.711712539 11
2 16 -32.1920013 -71.4029999 0.849650502 12
7 52 -32.0719986 -72.1340027 0.633037746 12
15 44 -31.9349995 -71.9619980 0.626522362 12
17 62 -31.8829994 -72.3270035 1.00000000 12
44 55 -31.4029999 -72.1549988 0.802976251 12
50 47 -31.3020000 -71.9869995 0.669242144 12
57 6 -31.2080002 -71.1490021 0.865934610 12
58 31 -31.1709995 -71.6549988 0.789189577 12
64 42 -31.0540009 -71.8710022 0.682104230 12
71 55 -30.9160004 -72.1259995 0.716621757 12
81 49 -30.7420006 -71.9950027 0.608630896 12
82 70 -30.7049999 -72.4169998 0.789176702 12
89 4 -30.6329994 -71.0810013 0.624950290 12
89 58 -30.5890007 -72.1679993 0.713245273 12
89 61 -30.5869999 -72.2279968 0.635461748 12
91 39 -30.5699997 -71.7839966 0.712522507 12
101 24 -30.4020004 -71.4729996 0.800295293 12
102 3 -30.3990002 -71.0500031 0.622029126 12
102 13 -30.3920002 -71.2509995 0.874052703 12
102 18 -30.3880005 -71.3509979 0.551422596 12
27 2 -31.7520008 -71.0940018 0.803293169 13
32 27 -31.6429996 -71.5989990 0.804531336 13
44 55 -31.4029999 -72.1549988 0.847791195 13
50 47 -31.3020000 -71.9869995 0.809733331 13
56 69 -31.1739998 -72.4260025 0.804667056 13
57 6 -31.2080002 -71.1490021 0.856876552 13
58 31 -31.1709995 -71.6549988 0.756775498 13
64 42 -31.0540009 -71.8710022 0.749154747 13
81 49 -30.7420006 -71.9950027 0.844079614 13
84 63 -30.6749992 -72.2740021 0.659585953 13
85 67 -30.6529999 -72.3529968 0.761867821 13
89 4 -30.6329994 -71.0810013 0.788826168 13
89 58 -30.5890007 -72.1679993 0.488852561 13
91 39 -30.5699997 -71.7839966 0.933160365 13
92 37 -30.5529995 -71.7419968 0.886338532 13
98 64 -30.4220009 -72.2789993 0.759681344 13
102 13 -30.3920002 -71.2509995 0.771520019 13
104 23 -30.3479996 -71.4499969 0.645873785 13
110 46 -30.2220001 -71.9049988 1.00000000 13
114 51 -30.1450005 -72.0009995 0.818074346 13
27 2 -31.7520008 -71.0940018 0.865101218 14
32 27 -31.6429996 -71.5989990 0.804904401 14
37 21 -31.5569992 -71.4720001 0.804914653 14
42 18 -31.4699993 -71.4059982 0.765701830 14
42 44 -31.4480000 -71.9339981 0.812187672 14
56 69 -31.1739998 -72.4260025 0.969127834 14
75 54 -30.8449993 -72.1019974 0.834898770 14
82 14 -30.7520008 -71.2890015 0.745221794 14
84 63 -30.6749992 -72.2740021 0.725782633 14
85 67 -30.6529999 -72.3529968 0.888430178 14
90 53 -30.5760002 -72.0660019 0.735092580 14
92 37 -30.5529995 -71.7419968 0.793820500 14
98 64 -30.4220009 -72.2789993 0.834306240 14
104 23 -30.3479996 -71.4499969 0.711148262 14
110 46 -30.2220001 -71.9049988 0.790782154 14
111 6 -30.2350006 -71.1019974 0.724094033 14
113 49 -30.1650009 -71.9619980 1.00000000 14
114 51 -30.1450005 -72.0009995 0.839657128 14
117 1 -30.1299992 -70.9970016 0.633788228 14
120 15 -30.0660000 -71.2750015 0.786874950 14
22 17 -31.8309994 -71.4039993 0.847187817 15
22 38 -31.8139992 -71.8320007 0.779442608 15
37 21 -31.5569992 -71.4720001 0.752148867 15
39 60 -31.4880009 -72.2620010 0.929596782 15
42 18 -31.4699993 -71.4059982 0.762411058 15
42 44 -31.4480000 -71.9339981 0.707675815 15
44 40 -31.4160004 -71.8509979 0.762612224 15
46 12 -31.4020004 -71.2809982 0.687493563 15
57 40 -31.1819992 -71.8379974 0.857996643 15
57 48 -31.1749992 -72.0000000 0.702526867 15
67 15 -31.0209999 -71.3229980 1.00000000 15
75 3 -30.8859997 -71.0729980 0.848166585 15
75 54 -30.8449993 -72.1019974 0.887331903 15
81 1 -30.7789993 -71.0279999 0.762400806 15
82 14 -30.7520008 -71.2890015 0.755063295 15
90 53 -30.5760002 -72.0660019 0.602346718 15
111 6 -30.2350006 -71.1019974 0.765353262 15
113 49 -30.1650009 -71.9619980 0.667983174 15
117 1 -30.1299992 -70.9970016 0.730864406 15
120 15 -30.0660000 -71.2750015 0.693671465 15
17 56 -31.8880005 -72.2050018 0.644077778 16
22 17 -31.8309994 -71.4039993 0.889854431 16
22 38 -31.8139992 -71.8320007 0.807683408 16
25 30 -31.7660007 -71.6660004 0.797120094 16
33 35 -31.6180000 -71.7600021 0.790712178 16
39 60 -31.4880009 -72.2620010 0.923734128 16
44 40 -31.4160004 -71.8509979 0.911558867 16
46 12 -31.4020004 -71.2809982 0.687895894 16
51 46 -31.2849998 -71.9649963 0.638218820 16
57 40 -31.1819992 -71.8379974 0.942228019 16
57 48 -31.1749992 -72.0000000 0.798566043 16
64 65 -31.0340004 -72.3359985 0.961218476 16
66 50 -31.0109997 -72.0309982 0.618581772 16
67 15 -31.0209999 -71.3229980 0.978424132 16
75 3 -30.8859997 -71.0729980 0.829267681 16
81 1 -30.7789993 -71.0279999 0.856956899 16
86 55 -30.6459999 -72.1110001 0.777776599 16
98 36 -30.4459991 -71.7160034 0.850442350 16
102 55 -30.3579998 -72.0940018 0.947654963 16
119 8 -30.0890007 -71.1360016 0.733928919 16
4 66 -32.1129990 -72.4229965 0.955147624 17
15 8 -31.9640007 -71.2269974 0.758852541 17
17 56 -31.8880005 -72.2050018 0.701492369 17
20 36 -31.8519993 -71.7939987 0.744243145 17
24 68 -31.7509995 -72.4410019 0.502830148 17
25 30 -31.7660007 -71.6660004 0.752906740 17
30 19 -31.6849995 -71.4380035 0.767289340 17
33 35 -31.6180000 -71.7600021 0.751916647 17
51 46 -31.2849998 -71.9649963 0.532818854 17
64 65 -31.0340004 -72.3359985 0.867503285 17
66 50 -31.0109997 -72.0309982 0.540006518 17
77 49 -30.8139992 -71.9990005 1.00000000 17
81 22 -30.7639999 -71.4509964 0.871234536 17
86 55 -30.6459999 -72.1110001 0.618280470 17
98 36 -30.4459991 -71.7160034 0.617493987 17
102 55 -30.3579998 -72.0940018 0.696439803 17
105 26 -30.3279991 -71.5090027 0.814860940 17
109 43 -30.2420006 -71.8460007 0.750073731 17
114 2 -30.1840000 -71.0199966 0.750685036 17
119 8 -30.0890007 -71.1360016 0.716331184 17
4 66 -32.1129990 -72.4229965 1.00000000 18
15 8 -31.9640007 -71.2269974 0.861931324 18
20 14 -31.8689995 -71.3450012 0.794445217 18
20 36 -31.8519993 -71.7939987 0.766860485 18
24 68 -31.7509995 -72.4410019 0.798738003 18
30 19 -31.6849995 -71.4380035 0.753039360 18
33 12 -31.6359997 -71.2919998 0.747275949 18
35 34 -31.5830002 -71.7379990 0.801262200 18
38 54 -31.5119991 -72.1409988 0.748972476 18
41 41 -31.4689999 -71.8740005 0.741752088 18
66 3 -31.0480003 -71.0810013 0.663663685 18
67 8 -31.0259991 -71.1809998 0.770244360 18
70 64 -30.9260006 -72.3089981 0.849432468 18
77 49 -30.8139992 -71.9990005 0.712532759 18
81 22 -30.7639999 -71.4509964 0.787952006 18
98 5 -30.4699993 -71.0940018 0.678142190 18
100 59 -30.3899994 -72.1760025 0.919644773 18
105 26 -30.3279991 -71.5090027 0.787813127 18
109 43 -30.2420006 -71.8460007 0.701762497 18
114 2 -30.1840000 -71.0199966 0.797469556 18
4 67 -32.1119995 -72.4440002 0.784167409 19
14 32 -31.9629993 -71.7180023 0.916033328 19
17 17 -31.9209995 -71.4089966 0.996528089 19
19 34 -31.8710003 -71.7539978 0.651880145 19
20 14 -31.8689995 -71.3450012 0.928073943 19
20 44 -31.8449993 -71.9570007 0.785791755 19
33 12 -31.6359997 -71.2919998 0.617144525 19
35 34 -31.5830002 -71.7379990 0.733664155 19
38 54 -31.5119991 -72.1409988 0.765040636 19
41 41 -31.4689999 -71.8740005 0.628287017 19
50 42 -31.3059998 -71.8850021 0.945334852 19
66 3 -31.0480003 -71.0810013 0.669281363 19
67 8 -31.0259991 -71.1809998 0.457041502 19
70 64 -30.9260006 -72.3089981 0.814690471 19
75 42 -30.8560009 -71.8600006 0.713151932 19
98 5 -30.4699993 -71.0940018 0.876654148 19
100 59 -30.3899994 -72.1760025 0.687371135 19
109 45 -30.2399998 -71.8860016 0.816043913 19
113 12 -30.1940002 -71.2210007 0.465817511 19
114 11 -30.1770000 -71.1999969 0.468676656 19
4 67 -32.1119995 -72.4440002 0.940142751 20
14 32 -31.9629993 -71.7180023 0.868154287 20
17 17 -31.9209995 -71.4089966 0.758643448 20
19 34 -31.8710003 -71.7539978 0.731589437 20
20 44 -31.8449993 -71.9570007 0.876365900 20
29 27 -31.6970005 -71.6009979 0.695488155 20
38 2 -31.5529995 -71.0849991 0.767230272 20
40 34 -31.4930000 -71.7330017 0.671996236 20
46 48 -31.3729992 -72.0110016 0.781015098 20
46 60 -31.3619995 -72.2539978 0.784056842 20
50 42 -31.3059998 -71.8850021 0.919072032 20
71 60 -30.9120007 -72.2269974 0.748708844 20
75 42 -30.8560009 -71.8600006 0.684935391 20
87 70 -30.6149998 -72.4110031 0.646466136 20
89 17 -30.6229992 -71.3430023 0.643583059 20
100 15 -30.4260006 -71.2929993 0.746489882 20
109 45 -30.2399998 -71.8860016 0.814168215 20
113 12 -30.1940002 -71.2210007 0.507009804 20
114 11 -30.1770000 -71.1999969 0.457559615 20
115 2 -30.1660004 -71.0189972 0.580906630 20
29 2 -31.7159996 -71.0920029 0.731622696 21
29 27 -31.6970005 -71.6009979 0.775547564 21
32 41 -31.6310005 -71.8830032 0.779211760 21
35 58 -31.5620003 -72.2259979 0.843252301 21
38 2 -31.5529995 -71.0849991 0.601096213 21
40 34 -31.4930000 -71.7330017 0.680484653 21
46 48 -31.3729992 -72.0110016 1.00000000 21
46 60 -31.3619995 -72.2539978 0.819052219 21
60 11 -31.1499996 -71.2480011 0.730774224 21
66 56 -31.0060005 -72.1520004 0.934261322 21
71 60 -30.9120007 -72.2269974 0.691046655 21
74 59 -30.8589993 -72.2040024 0.694100380 21
76 8 -30.8640003 -71.1729965 0.818355203 21
79 48 -30.7779999 -71.9769974 0.890011847 21
87 70 -30.6149998 -72.4110031 0.783186853 21
89 17 -30.6229992 -71.3430023 0.893436372 21
100 15 -30.4260006 -71.2929993 0.755519390 21
102 47 -30.3649998 -71.9329987 0.610171914 21
102 65 -30.3490009 -72.2949982 0.816737294 21
115 2 -30.1660004 -71.0189972 0.734275222 21
16 58 -31.9050007 -72.2470016 0.622830093 22
29 2 -31.7159996 -71.0920029 0.842035353 22
32 41 -31.6310005 -71.8830032 0.869595647 22
32 55 -31.6189995 -72.1679993 0.794621408 22
35 58 -31.5620003 -72.2259979 0.842713535 22
44 49 -31.4080009 -72.0329971 0.883527577 22
47 32 -31.3680000 -71.6859970 0.872549772 22
49 64 -31.3050003 -72.3320007 0.693338871 22
60 11 -31.1499996 -71.2480011 0.932560027 22
66 56 -31.0060005 -72.1520004 1.00000000 22
68 48 -30.9769993 -71.9879990 0.796288550 22
74 59 -30.8589993 -72.2040024 0.628620207 22
76 8 -30.8640003 -71.1729965 0.707257390 22
78 39 -30.8040009 -71.7959976 0.827413321 22
79 48 -30.7779999 -71.9769974 0.917177320 22
87 40 -30.6410007 -71.8079987 0.782948732 22
102 47 -30.3649998 -71.9329987 0.909990072 22
102 65 -30.3490009 -72.2949982 0.805763304 22
103 1 -30.3829994 -71.0090027 0.990510464 22
118 40 -30.0820007 -71.7770004 0.980881095 22
16 58 -31.9050007 -72.2470016 0.781949401 23
22 48 -31.8050003 -72.0360031 0.873075783 23
32 55 -31.6189995 -72.1679993 0.829847991 23
36 12 -31.5820007 -71.2900009 0.823381126 23
44 29 -31.4249992 -71.6279984 0.857107341 23
44 49 -31.4080009 -72.0329971 0.914662361 23
47 32 -31.3680000 -71.6859970 0.901129305 23
49 64 -31.3050003 -72.3320007 0.510672927 23
66 71 -30.9920006 -72.4550018 0.862488031 23
68 48 -30.9769993 -71.9879990 0.484179944 23
75 48 -30.8500004 -71.9810028 0.736873627 23
77 49 -30.8139992 -71.9990005 0.807366371 23
78 39 -30.8040009 -71.7959976 0.933553696 23
87 40 -30.6410007 -71.8079987 1.00000000 23
102 67 -30.3470001 -72.3349991 0.779158652 23
103 1 -30.3829994 -71.0090027 0.920199156 23
110 42 -30.2250004 -71.8249969 0.821457565 23
113 38 -30.1739998 -71.7419968 0.933581650 23
116 14 -30.1389999 -71.2580032 0.796634853 23
118 40 -30.0820007 -71.7770004 0.808960795 23
5 12 -32.1409988 -71.3180008 0.675725162 24
14 47 -31.9500008 -72.0240021 0.569553494 24
22 48 -31.8050003 -72.0360031 0.680455625 24
30 34 -31.6730003 -71.7429962 0.748048425 24
36 12 -31.5820007 -71.2900009 0.764148831 24
44 29 -31.4249992 -71.6279984 0.740240455 24
48 48 -31.3369999 -72.0090027 0.627263665 24
64 11 -31.0779991 -71.2440033 0.792201459 24
66 71 -30.9920006 -72.4550018 0.801946044 24
75 48 -30.8500004 -71.9810028 0.668530345 24
77 49 -30.8139992 -71.9990005 0.764206350 24
85 62 -30.6580009 -72.2529984 0.769962728 24
86 25 -30.6709995 -71.5070038 0.830244720 24
91 37 -30.5709991 -71.7429962 0.450433284 24
91 64 -30.5480003 -72.2860031 0.774239779 24
97 30 -30.4689999 -71.5970001 0.770709395 24
102 67 -30.3470001 -72.3349991 0.810720861 24
110 42 -30.2250004 -71.8249969 0.505041361 24
113 38 -30.1739998 -71.7419968 0.998743594 24
116 14 -30.1389999 -71.2580032 0.755800128 24
5 12 -32.1409988 -71.3180008 0.704785466 25
14 47 -31.9500008 -72.0240021 0.625640750 25
22 13 -31.8339996 -71.3229980 1.00000000 25
28 10 -31.7280006 -71.2559967 0.949585855 25
30 34 -31.6730003 -71.7429962 0.725048184 25
48 48 -31.3369999 -72.0090027 0.664441347 25
64 11 -31.0779991 -71.2440033 0.649287343 25
71 24 -30.9419994 -71.5009995 0.731082082 25
79 13 -30.8059998 -71.2710037 0.764458358 25
85 62 -30.6580009 -72.2529984 0.767313182 25
86 10 -30.6830006 -71.2050018 0.827460229 25
86 25 -30.6709995 -71.5070038 0.753375590 25
91 37 -30.5709991 -71.7429962 0.659293652 25
91 64 -30.5480003 -72.2860031 0.682299495 25
97 30 -30.4689999 -71.5970001 0.724107981 25
101 12 -30.4109993 -71.2320023 0.426234573 25
102 62 -30.3519993 -72.2340012 0.708337247 25
106 42 -30.2970009 -71.8290024 0.768868327 25
116 15 -30.1380005 -71.2779999 0.824310422 25
120 4 -30.0739994 -71.0550003 0.829652667 25
4 5 -32.1640015 -71.1760025 0.737490833 26
8 10 -32.0880013 -71.2740021 0.794926286 26
8 63 -32.0439987 -72.3570023 0.620629668 26
22 13 -31.8339996 -71.3229980 1.00000000 26
22 33 -31.8180008 -71.7310028 0.670436323 26
28 10 -31.7280006 -71.2559967 0.874814749 26
37 26 -31.5529995 -71.5729980 0.678974628 26
61 14 -31.1299992 -71.3079987 0.728785634 26
71 24 -30.9419994 -71.5009995 0.729610801 26
79 13 -30.8059998 -71.2710037 0.735965073 26
84 6 -30.7220001 -71.1259995 0.682918727 26
86 10 -30.6830006 -71.2050018 0.703272283 26
92 24 -30.5639992 -71.4810028 0.770182848 26
101 12 -30.4109993 -71.2320023 0.701355577 26
102 62 -30.3519993 -72.2340012 0.732245624 26
106 42 -30.2970009 -71.8290024 0.726931870 26
111 31 -30.2159996 -71.6039963 0.625821114 26
113 25 -30.1849995 -71.4820023 0.702786744 26
116 15 -30.1380005 -71.2779999 0.851240814 26
120 4 -30.0739994 -71.0550003 0.800795197 26
4 5 -32.1640015 -71.1760025 0.663052738 27
7 7 -32.1080017 -71.2139969 0.775183082 27
8 10 -32.0880013 -71.2740021 0.766834140 27
8 63 -32.0439987 -72.3570023 0.617847919 27
12 49 -31.9850006 -72.0670013 0.734692872 27
22 33 -31.8180008 -71.7310028 0.532180607 27
37 26 -31.5529995 -71.5729980 1.00000000 27
38 26 -31.5349998 -71.5719986 0.924856186 27
38 27 -31.5349998 -71.5930023 0.917377532 27
48 6 -31.3700008 -71.1569977 0.612951100 27
61 14 -31.1299992 -71.3079987 0.697316170 27
83 70 -30.6870003 -72.4160004 0.537415624 27
84 6 -30.7220001 -71.1259995 0.518813193 27
84 55 -30.6819992 -72.1129990 0.536819041 27
89 34 -30.6100006 -71.6849976 0.606236458 27
91 45 -30.5650005 -71.9039993 0.642702520 27
92 24 -30.5639992 -71.4810028 0.609700143 27
95 24 -30.5100002 -71.4779968 0.504170179 27
111 31 -30.2159996 -71.6039963 0.582950950 27
113 25 -30.1849995 -71.4820023 0.721320093 27
7 7 -32.1080017 -71.2139969 0.665726125 28
10 30 -32.0369987 -71.6809998 0.603038967 28
12 49 -31.9850006 -72.0670013 0.715693295 28
36 16 -31.5790005 -71.3710022 0.661023796 28
37 12 -31.5639992 -71.2890015 0.669677675 28
38 26 -31.5349998 -71.5719986 0.570117891 28
38 27 -31.5349998 -71.5930023 0.549418330 28
48 6 -31.3700008 -71.1569977 0.488118351 28
54 59 -31.2189999 -72.2259979 0.736997664 28
62 34 -31.0960007 -71.7109985 0.520771086 28
64 58 -31.0400009 -72.1949997 0.935153484 28
72 53 -30.8999996 -72.0849991 0.526198506 28
83 70 -30.6870003 -72.4160004 0.546767116 28
84 55 -30.6819992 -72.1129990 0.573955774 28
88 38 -30.6250000 -71.7659988 0.861811161 28
89 34 -30.6100006 -71.6849976 0.897777677 28
91 45 -30.5650005 -71.9039993 0.567734957 28
92 34 -30.5559998 -71.6819992 0.587623477 28
95 24 -30.5100002 -71.4779968 0.523250520 28
118 12 -30.1040001 -71.2170029 0.686390758 28
10 30 -32.0369987 -71.6809998 0.662210405 29
28 25 -31.7159996 -71.5619965 0.697442114 29
31 19 -31.6669998 -71.4369965 0.689902186 29
32 27 -31.6429996 -71.5989990 0.688862801 29
36 16 -31.5790005 -71.3710022 0.731197834 29
37 12 -31.5639992 -71.2890015 0.411437958 29
38 11 -31.5470009 -71.2679977 0.323169947 29
54 59 -31.2189999 -72.2259979 0.747045040 29
62 34 -31.0960007 -71.7109985 0.712597072 29
64 58 -31.0400009 -72.1949997 0.985376775 29
72 53 -30.8999996 -72.0849991 0.696888685 29
75 17 -30.8759995 -71.3560028 0.700157106 29
85 26 -30.6879997 -71.5279999 0.755806446 29
88 38 -30.6250000 -71.7659988 0.760733187 29
92 34 -30.5559998 -71.6819992 0.677778900 29
103 43 -30.3500004 -71.8519974 0.670528531 29
114 2 -30.1840000 -71.0199966 0.759775758 29
115 55 -30.1240005 -72.0800018 0.590515316 29
118 12 -30.1040001 -71.2170029 0.613438308 29
120 33 -30.0520000 -71.6350021 0.642051637 29
18 2 -31.9139996 -71.1019974 0.521794140 30
28 25 -31.7159996 -71.5619965 0.594025850 30
31 19 -31.6669998 -71.4369965 0.515796363 30
31 27 -31.6609993 -71.5999985 1.00000000 30
32 27 -31.6429996 -71.5989990 0.964802384 30
38 11 -31.5470009 -71.2679977 0.515403390 30
38 61 -31.5060005 -72.2839966 0.521254182 30
53 39 -31.2539997 -71.8219986 0.536052525 30
54 24 -31.2490005 -71.5169983 0.383201599 30
56 5 -31.2269993 -71.1299973 0.566021621 30
59 2 -31.1749992 -71.0670013 0.524471998 30
68 20 -30.9990005 -71.4229965 0.506339312 30
75 17 -30.8759995 -71.3560028 0.534219623 30
84 35 -30.6989994 -71.7099991 0.487666011 30
85 26 -30.6879997 -71.5279999 0.450334162 30
103 43 -30.3500004 -71.8519974 0.416155070 30
109 70 -30.2180004 -72.3870010 0.562481284 30
114 2 -30.1840000 -71.0199966 0.565729201 30
115 55 -30.1240005 -72.0800018 0.492414236 30
120 33 -30.0520000 -71.6350021 0.538249075 30
