           2          16  -32.1920013      -71.4029999      0.849650502    
           7          52  -32.0719986      -72.1340027      0.633037746    
          15          44  -31.9349995      -71.9619980      0.626522362    
          17          62  -31.8829994      -72.3270035       1.00000000    
          44          55  -31.4029999      -72.1549988      0.802976251    
          50          47  -31.3020000      -71.9869995      0.669242144    
          57           6  -31.2080002      -71.1490021      0.865934610    
          58          31  -31.1709995      -71.6549988      0.789189577    
          64          42  -31.0540009      -71.8710022      0.682104230    
          71          55  -30.9160004      -72.1259995      0.716621757    
          81          49  -30.7420006      -71.9950027      0.608630896    
          82          70  -30.7049999      -72.4169998      0.789176702    
          89           4  -30.6329994      -71.0810013      0.624950290    
          89          58  -30.5890007      -72.1679993      0.713245273    
          89          61  -30.5869999      -72.2279968      0.635461748    
          91          39  -30.5699997      -71.7839966      0.712522507    
         101          24  -30.4020004      -71.4729996      0.800295293    
         102           3  -30.3990002      -71.0500031      0.622029126    
         102          13  -30.3920002      -71.2509995      0.874052703    
         102          18  -30.3880005      -71.3509979      0.551422596    
