          27           2  -31.7520008      -71.0940018      0.865101218    
          32          27  -31.6429996      -71.5989990      0.804904401    
          37          21  -31.5569992      -71.4720001      0.804914653    
          42          18  -31.4699993      -71.4059982      0.765701830    
          42          44  -31.4480000      -71.9339981      0.812187672    
          56          69  -31.1739998      -72.4260025      0.969127834    
          75          54  -30.8449993      -72.1019974      0.834898770    
          82          14  -30.7520008      -71.2890015      0.745221794    
          84          63  -30.6749992      -72.2740021      0.725782633    
          85          67  -30.6529999      -72.3529968      0.888430178    
          90          53  -30.5760002      -72.0660019      0.735092580    
          92          37  -30.5529995      -71.7419968      0.793820500    
          98          64  -30.4220009      -72.2789993      0.834306240    
         104          23  -30.3479996      -71.4499969      0.711148262    
         110          46  -30.2220001      -71.9049988      0.790782154    
         111           6  -30.2350006      -71.1019974      0.724094033    
         113          49  -30.1650009      -71.9619980       1.00000000    
         114          51  -30.1450005      -72.0009995      0.839657128    
         117           1  -30.1299992      -70.9970016      0.633788228    
         120          15  -30.0660000      -71.2750015      0.786874950    
