           2          16  -32.1920013      -71.4029999      0.737267196    
           4          67  -32.1119995      -72.4440002      0.798359632    
           7          52  -32.0719986      -72.1340027      0.814766645    
          10          67  -32.0040016      -72.4369965      0.710695505    
          15          44  -31.9349995      -71.9619980      0.786039948    
          17          62  -31.8829994      -72.3270035       1.00000000    
          26          63  -31.7199993      -72.3369980      0.970561683    
          31           6  -31.6770000      -71.1719971      0.645741761    
          49          41  -31.3250008      -71.8659973      0.762153685    
          51          35  -31.2940006      -71.7419968      0.690144658    
          54          19  -31.2520008      -71.4150009      0.665586710    
          69          38  -30.9669991      -71.7850037      0.706564844    
          71          55  -30.9160004      -72.1259995      0.807773471    
          82          70  -30.7049999      -72.4169998      0.765541494    
          84          70  -30.6690006      -72.4150009      0.702972114    
          89          61  -30.5869999      -72.2279968      0.502773404    
         101          24  -30.4020004      -71.4729996      0.623016894    
         102           3  -30.3990002      -71.0500031      0.624179661    
         102          18  -30.3880005      -71.3509979      0.607213140    
         118          31  -30.0900002      -71.5970001      0.711712539    
