          29           2  -31.7159996      -71.0920029      0.731622696    
          29          27  -31.6970005      -71.6009979      0.775547564    
          32          41  -31.6310005      -71.8830032      0.779211760    
          35          58  -31.5620003      -72.2259979      0.843252301    
          38           2  -31.5529995      -71.0849991      0.601096213    
          40          34  -31.4930000      -71.7330017      0.680484653    
          46          48  -31.3729992      -72.0110016       1.00000000    
          46          60  -31.3619995      -72.2539978      0.819052219    
          60          11  -31.1499996      -71.2480011      0.730774224    
          66          56  -31.0060005      -72.1520004      0.934261322    
          71          60  -30.9120007      -72.2269974      0.691046655    
          74          59  -30.8589993      -72.2040024      0.694100380    
          76           8  -30.8640003      -71.1729965      0.818355203    
          79          48  -30.7779999      -71.9769974      0.890011847    
          87          70  -30.6149998      -72.4110031      0.783186853    
          89          17  -30.6229992      -71.3430023      0.893436372    
         100          15  -30.4260006      -71.2929993      0.755519390    
         102          47  -30.3649998      -71.9329987      0.610171914    
         102          65  -30.3490009      -72.2949982      0.816737294    
         115           2  -30.1660004      -71.0189972      0.734275222    
