2 17 -32.1920013 -71.4110031 0.695732594 1
3 37 -32.1570015 -71.8330002 0.662916005 1
10 36 -32.0320015 -71.8050003 0.524036348 1
17 2 -31.9330006 -71.0800018 0.665730298 1
27 13 -31.7439995 -71.3030014 0.665625691 1
40 46 -31.4820004 -71.9850006 0.781277061 1
42 18 -31.4699993 -71.3949966 0.427997977 1
43 44 -31.4300003 -71.9400024 0.732170582 1
45 66 -31.3740005 -72.4000015 0.633188426 1
47 51 -31.3519993 -72.0830002 0.584934592 1
54 53 -31.2240009 -72.1179962 0.495944679 1
59 61 -31.1259995 -72.2799988 0.507369578 1
69 56 -30.9510002 -72.1640015 0.534156680 1
79 35 -30.7889996 -71.7160034 0.544091582 1
79 64 -30.7630005 -72.3209991 0.966490984 1
80 62 -30.7469997 -72.2779999 0.955683351 1
91 48 -30.5620003 -71.9749985 0.685684800 1
109 5 -30.2719994 -71.0640030 0.628791213 1
117 25 -30.1130009 -71.4710007 0.613961458 1
121 19 -30.0450001 -71.3430023 0.588005662 1
3 37 -32.1570015 -71.8330002 0.651723802 2
13 48 -31.9669991 -72.0559998 0.754280865 2
17 2 -31.9330006 -71.0800018 0.701606154 2
26 53 -31.7280006 -72.1470032 0.635604978 2
27 13 -31.7439995 -71.3030014 0.756114542 2
40 46 -31.4820004 -71.9850006 0.641945720 2
41 51 -31.4599991 -72.0889969 0.684211969 2
47 51 -31.3519993 -72.0830002 0.794875503 2
49 54 -31.3129997 -72.1439972 0.635861218 2
54 53 -31.2240009 -72.1179962 0.683331132 2
56 69 -31.1730003 -72.4509964 0.635650218 2
73 28 -30.9029999 -71.5749969 0.542366147 2
79 35 -30.7889996 -71.7160034 0.639219224 2
79 64 -30.7630005 -72.3209991 0.955789447 2
80 62 -30.7469997 -72.2779999 0.982505858 2
82 31 -30.7390003 -71.6289978 0.707670391 2
92 35 -30.5550003 -71.7030029 0.548826516 2
104 17 -30.3530006 -71.3170013 0.712751627 2
109 5 -30.2719994 -71.0640030 0.695741594 2
117 69 -30.0739994 -72.3830032 0.684661210 2
13 48 -31.9669991 -72.0559998 1.00000000 3
19 15 -31.8869991 -71.3529968 0.999084771 3
26 53 -31.7280006 -72.1470032 0.698782921 3
32 35 -31.6359997 -71.7620010 0.864145517 3
41 51 -31.4599991 -72.0889969 0.941961706 3
49 54 -31.3129997 -72.1439972 0.671900451 3
56 69 -31.1730003 -72.4509964 0.887281835 3
67 64 -30.9790001 -72.3339996 0.853109419 3
73 28 -30.9029999 -71.5749969 0.612767100 3
74 33 -30.8810005 -71.6790009 0.878786027 3
74 49 -30.8670006 -72.0130005 0.785464525 3
80 30 -30.7749996 -71.6100006 0.937260568 3
82 31 -30.7390003 -71.6289978 0.988784611 3
87 22 -30.6560001 -71.4369965 0.829239547 3
92 35 -30.5550003 -71.7030029 0.850598991 3
104 17 -30.3530006 -71.3170013 0.806314886 3
109 31 -30.2520008 -71.6029968 0.847838521 3
117 69 -30.0739994 -72.3830032 0.863982022 3
118 44 -30.0790005 -71.8639984 0.805030882 3
121 23 -30.0419998 -71.4260025 0.764773786 3
19 15 -31.8869991 -71.3529968 0.598064184 4
19 69 -31.8390007 -72.4929962 0.455011696 4
32 35 -31.6359997 -71.7620010 0.546841323 4
49 43 -31.3230000 -71.9130020 0.551605999 4
67 45 -30.9969997 -71.9369965 0.624760330 4
67 64 -30.9790001 -72.3339996 0.566170037 4
74 33 -30.8810005 -71.6790009 0.647748172 4
74 49 -30.8670006 -72.0130005 0.546660364 4
80 8 -30.7929993 -71.1510010 0.576844037 4
80 30 -30.7749996 -71.6100006 0.888125241 4
80 33 -30.7730007 -71.6729965 0.899334610 4
82 58 -30.7150002 -72.1920013 0.585461557 4
87 22 -30.6560001 -71.4369965 0.548795104 4
88 70 -30.5949993 -72.4359970 0.522229016 4
109 3 -30.2740002 -71.0220032 0.401535183 4
109 31 -30.2520008 -71.6029968 0.504408479 4
112 7 -30.2169991 -71.1029968 0.565722406 4
118 20 -30.0990009 -71.3669968 0.696960449 4
118 44 -30.0790005 -71.8639984 0.564189851 4
121 23 -30.0419998 -71.4260025 0.571580946 4
15 14 -31.9599991 -71.3349991 0.735829651 5
19 69 -31.8390007 -72.4929962 0.739884138 5
42 48 -31.4449997 -72.0250015 0.693489373 5
46 23 -31.3939991 -71.4960022 0.851030767 5
49 43 -31.3230000 -71.9130020 0.784527838 5
52 24 -31.2849998 -71.5110016 0.731766582 5
61 49 -31.1009998 -72.0260010 0.944884121 5
67 45 -30.9969997 -71.9369965 0.995445788 5
75 41 -30.8560009 -71.8450012 0.794268608 5
80 8 -30.7929993 -71.1510010 0.807150304 5
80 33 -30.7730007 -71.6729965 0.927466571 5
82 58 -30.7150002 -72.1920013 0.840159059 5
88 70 -30.5949993 -72.4359970 0.833786011 5
89 2 -30.6350002 -71.0179977 0.957547069 5
93 15 -30.5529995 -71.2860031 0.822653234 5
99 34 -30.4300003 -71.6750031 0.867846251 5
109 3 -30.2740002 -71.0220032 0.739979982 5
112 7 -30.2169991 -71.1029968 0.791616857 5
115 38 -30.1380005 -71.7429962 0.856378794 5
118 20 -30.0990009 -71.3669968 0.966297925 5
12 36 -31.9960003 -71.8030014 0.858835697 6
15 14 -31.9599991 -71.3349991 0.753407061 6
42 48 -31.4449997 -72.0250015 0.733103752 6
46 23 -31.3939991 -71.4960022 0.796248615 6
52 24 -31.2849998 -71.5110016 0.766215324 6
61 49 -31.1009998 -72.0260010 0.829515517 6
67 29 -31.0109997 -71.6019974 0.935104430 6
75 41 -30.8560009 -71.8450012 0.820573926 6
86 53 -30.6469994 -72.0839996 0.606570065 6
89 2 -30.6350002 -71.0179977 0.877592862 6
89 12 -30.6280003 -71.2269974 0.870382011 6
91 45 -30.5639992 -71.9120026 1.00000000 6
91 65 -30.5459995 -72.3280029 0.730352521 6
93 15 -30.5529995 -71.2860031 0.838602722 6
99 34 -30.4300003 -71.6750031 0.698988438 6
115 19 -30.1539993 -71.3489990 0.737303138 6
115 31 -30.1439991 -71.5979996 0.751504183 6
115 38 -30.1380005 -71.7429962 0.730136812 6
120 33 -30.0520000 -71.6340027 0.788370371 6
121 49 -30.0200005 -71.9649963 0.787129223 6
8 56 -32.0499992 -72.2300034 0.831114352 7
12 36 -31.9960003 -71.8030014 0.831885695 7
18 38 -31.8859997 -71.8389969 0.920139372 7
37 53 -31.5300007 -72.1360016 0.889447689 7
59 31 -31.1529999 -71.6510010 0.864897013 7
63 51 -31.0639992 -72.0660019 0.806799054 7
67 29 -31.0109997 -71.6019974 0.997588158 7
68 14 -31.0049992 -71.2870026 0.616710067 7
71 57 -30.9139996 -72.1829987 0.941275179 7
73 47 -30.8869991 -71.9720001 0.737961769 7
86 53 -30.6469994 -72.0839996 0.852342844 7
89 12 -30.6280003 -71.2269974 0.847049654 7
91 45 -30.5639992 -71.9120026 0.841775715 7
91 65 -30.5459995 -72.3280029 0.806762278 7
99 65 -30.4020004 -72.3199997 0.918357551 7
107 13 -30.3020000 -71.2310028 0.938479722 7
115 19 -30.1539993 -71.3489990 1.00000000 7
115 31 -30.1439991 -71.5979996 0.760134518 7
120 33 -30.0520000 -71.6340027 0.946348786 7
121 49 -30.0200005 -71.9649963 0.857349396 7
3 4 -32.1839981 -71.1340027 0.969169855 8
8 56 -32.0499992 -72.2300034 0.984161317 8
10 15 -32.0489998 -71.3610001 0.891066790 8
13 47 -31.9680004 -72.0350037 0.847845078 8
18 38 -31.8859997 -71.8389969 0.852026284 8
32 46 -31.6270008 -71.9940033 0.900143206 8
37 53 -31.5300007 -72.1360016 0.774823129 8
46 14 -31.4009991 -71.3069992 0.909267962 8
59 31 -31.1529999 -71.6510010 0.855647802 8
61 38 -31.1110001 -71.7959976 0.845861316 8
63 51 -31.0639992 -72.0660019 0.676279008 8
67 41 -31.0000000 -71.8529968 0.847686112 8
68 14 -31.0049992 -71.2870026 0.785110831 8
71 57 -30.9139996 -72.1829987 0.862347901 8
73 47 -30.8869991 -71.9720001 0.638843000 8
81 66 -30.7250004 -72.3600006 0.522089183 8
81 68 -30.7229996 -72.4020004 0.619420886 8
96 51 -30.4689999 -72.0319977 0.890711129 8
99 65 -30.4020004 -72.3199997 0.912589431 8
107 13 -30.3020000 -71.2310028 0.910762608 8
3 4 -32.1839981 -71.1340027 0.690690398 9
7 33 -32.0880013 -71.7450027 0.794441342 9
10 15 -32.0489998 -71.3610001 0.661951721 9
13 43 -31.9720001 -71.9499969 0.739818931 9
13 47 -31.9680004 -72.0350037 1.00000000 9
15 31 -31.9459991 -71.6949997 0.711908400 9
15 49 -31.9300003 -72.0749969 0.914054155 9
27 42 -31.7199993 -71.9150009 0.640356839 9
32 46 -31.6270008 -71.9940033 0.722447693 9
39 20 -31.5219994 -71.4400024 0.813446701 9
46 14 -31.4009991 -71.3069992 0.691985726 9
61 38 -31.1110001 -71.7959976 0.784948409 9
67 41 -31.0000000 -71.8529968 0.741122127 9
73 68 -30.8680000 -72.4110031 0.735595644 9
76 24 -30.8519993 -71.4889984 0.703852415 9
81 66 -30.7250004 -72.3600006 0.408179790 9
81 68 -30.7229996 -72.4020004 0.469109327 9
94 70 -30.4869995 -72.4290009 0.674631476 9
96 51 -30.4689999 -72.0319977 0.716929615 9
115 34 -30.1410007 -71.6600037 0.707318723 9
4 67 -32.1110001 -72.4670029 0.729640722 10
7 33 -32.0880013 -71.7450027 1.00000000 10
10 67 -32.0029984 -72.4609985 0.745995224 10
13 43 -31.9720001 -71.9499969 0.687104821 10
15 31 -31.9459991 -71.6949997 0.623350561 10
15 49 -31.9300003 -72.0749969 0.786849439 10
26 63 -31.7189999 -72.3580017 0.780329585 10
27 42 -31.7199993 -71.9150009 0.687685132 10
31 6 -31.6770000 -71.1520004 0.850963473 10
39 20 -31.5219994 -71.4400024 0.788372457 10
49 41 -31.3250008 -71.8710022 0.706528187 10
51 35 -31.2940006 -71.7429962 0.679457009 10
54 19 -31.2530003 -71.4049988 0.615794361 10
69 38 -30.9669991 -71.7880020 0.797180414 10
73 68 -30.8680000 -72.4110031 0.688358605 10
76 24 -30.8519993 -71.4889984 0.618117869 10
84 70 -30.6679993 -72.4400024 0.779539287 10
94 70 -30.4869995 -72.4290009 0.720359147 10
115 34 -30.1410007 -71.6600037 0.853053212 10
118 31 -30.0900002 -71.5950012 0.801269412 10
