           8          56  -32.0499992      -72.2300034      0.831114352    
          12          36  -31.9960003      -71.8030014      0.831885695    
          18          38  -31.8859997      -71.8389969      0.920139372    
          37          53  -31.5300007      -72.1360016      0.889447689    
          59          31  -31.1529999      -71.6510010      0.864897013    
          63          51  -31.0639992      -72.0660019      0.806799054    
          67          29  -31.0109997      -71.6019974      0.997588158    
          68          14  -31.0049992      -71.2870026      0.616710067    
          71          57  -30.9139996      -72.1829987      0.941275179    
          73          47  -30.8869991      -71.9720001      0.737961769    
          86          53  -30.6469994      -72.0839996      0.852342844    
          89          12  -30.6280003      -71.2269974      0.847049654    
          91          45  -30.5639992      -71.9120026      0.841775715    
          91          65  -30.5459995      -72.3280029      0.806762278    
          99          65  -30.4020004      -72.3199997      0.918357551    
         107          13  -30.3020000      -71.2310028      0.938479722    
         115          19  -30.1539993      -71.3489990       1.00000000    
         115          31  -30.1439991      -71.5979996      0.760134518    
         120          33  -30.0520000      -71.6340027      0.946348786    
         121          49  -30.0200005      -71.9649963      0.857349396    
