           4          67  -32.1110001      -72.4670029      0.729640722    
           7          33  -32.0880013      -71.7450027       1.00000000    
          10          67  -32.0029984      -72.4609985      0.745995224    
          13          43  -31.9720001      -71.9499969      0.687104821    
          15          31  -31.9459991      -71.6949997      0.623350561    
          15          49  -31.9300003      -72.0749969      0.786849439    
          26          63  -31.7189999      -72.3580017      0.780329585    
          27          42  -31.7199993      -71.9150009      0.687685132    
          31           6  -31.6770000      -71.1520004      0.850963473    
          39          20  -31.5219994      -71.4400024      0.788372457    
          49          41  -31.3250008      -71.8710022      0.706528187    
          51          35  -31.2940006      -71.7429962      0.679457009    
          54          19  -31.2530003      -71.4049988      0.615794361    
          69          38  -30.9669991      -71.7880020      0.797180414    
          73          68  -30.8680000      -72.4110031      0.688358605    
          76          24  -30.8519993      -71.4889984      0.618117869    
          84          70  -30.6679993      -72.4400024      0.779539287    
          94          70  -30.4869995      -72.4290009      0.720359147    
         115          34  -30.1410007      -71.6600037      0.853053212    
         118          31  -30.0900002      -71.5950012      0.801269412    
