           5          42  -32.1170006      -71.9369965      0.654821396    
          15          34  -31.9430008      -71.7580032      0.503049612    
          16          15  -31.9410000      -71.3560028      0.800245583    
          18          43  -31.8810005      -71.9449997      0.590449810    
          29          23  -31.7000008      -71.5120010      0.735328376    
          30          58  -31.6520004      -72.2480011      0.623070598    
          35          13  -31.6000004      -71.2959976      0.806517243    
          36          37  -31.5620003      -71.8000031      0.712841868    
          42          14  -31.4729996      -71.3109970      0.988830984    
          53          67  -31.2290001      -72.4120026      0.835229754    
          55          57  -31.2019997      -72.1999969      0.594327927    
          60          67  -31.1030006      -72.4039993      0.877895296    
          61          27  -31.1200008      -71.5660019      0.816537261    
          68          54  -30.9710007      -72.1240005      0.595199585    
          74          23  -30.8889999      -71.4700012      0.913014412    
          87          24  -30.6539993      -71.4789963      0.981176853    
          87          29  -30.6499996      -71.5830002      0.703623772    
          94           9  -30.5400009      -71.1600037      0.607722998    
          99           8  -30.4500008      -71.1350021      0.703701317    
         119          11  -30.0879993      -71.1790009      0.678044677    
