           2          36  -32.1759987      -71.8130035      0.956226170    
           3          57  -32.1389999      -72.2570038      0.791119695    
          23          17  -31.8129997      -71.3909988      0.576755822    
          23          59  -31.7770004      -72.2770004      0.977493107    
          25          21  -31.7740002      -71.4739990      0.935392499    
          25          59  -31.7409992      -72.2750015      0.917105794    
          32          40  -31.6320000      -71.8669968      0.876560926    
          33          42  -31.6119995      -71.9079971      0.854719758    
          44          35  -31.4200001      -71.7500000      0.881080091    
          45          62  -31.3780003      -72.3160019      0.798435926    
          60          66  -31.1040001      -72.3830032      0.845350266    
          63          15  -31.0939999      -71.3130035      0.620469093    
          83          43  -30.7099991      -71.8779984      0.895062804    
         106          59  -30.2819996      -72.1880035      0.815677524    
         108           4  -30.2910004      -71.0439987      0.791305423    
         108          42  -30.2609997      -71.8330002      0.883882999    
         114          61  -30.1359997      -72.2210007      0.868937373    
         119          16  -30.0839996      -71.2829971      0.774151146    
         119          68  -30.0389996      -72.3600006      0.920426965    
         120          51  -30.0370007      -72.0070038      0.638210595    
