          17          56  -31.8880005      -72.2200012      0.856133103    
          22          17  -31.8309994      -71.3919983      0.772234976    
          22          38  -31.8139992      -71.8349991      0.838902175    
          25          30  -31.7660007      -71.6640015      0.751336515    
          33          35  -31.6180000      -71.7610016      0.754484296    
          39          60  -31.4880009      -72.2809982      0.827768743    
          44          40  -31.4160004      -71.8550034      0.959371865    
          46          12  -31.4029999      -71.2649994      0.883305848    
          51          46  -31.2840004      -71.9739990      0.993018866    
          57          40  -31.1809998      -71.8420029      0.877503932    
          57          48  -31.1739998      -72.0100021      0.732105196    
          64          65  -31.0330009      -72.3580017      0.803638160    
          66          50  -31.0100002      -72.0419998      0.601571083    
          67          15  -31.0219994      -71.3089981      0.649379551    
          75           3  -30.8869991      -71.0510025      0.593511522    
          81           1  -30.7800007      -71.0039978      0.824695885    
          86          55  -30.6459999      -72.1259995      0.606932223    
          98          36  -30.4459991      -71.7180023      0.716642916    
         102          55  -30.3570004      -72.1090012      0.820115924    
         119           8  -30.0900002      -71.1169968      0.725765228    
