           7          14  -32.1040001      -71.3430023       1.00000000    
          27          31  -31.7299995      -71.6829987      0.804151237    
          30          26  -31.6800003      -71.5739975      0.684885621    
          38          26  -31.5359993      -71.5670013      0.818700910    
          39           3  -31.5359993      -71.0820007      0.719241679    
          47           3  -31.3910007      -71.0749969      0.812576234    
          50          28  -31.3180008      -71.5970001      0.878039181    
          52           1  -31.3029995      -71.0289993      0.896958232    
          52          22  -31.2870007      -71.4690018      0.917382121    
          53          19  -31.2709999      -71.4059982      0.863111913    
          68          23  -30.9969997      -71.4749985      0.837163270    
          89          25  -30.6170006      -71.4980011      0.895624757    
          89          53  -30.5930004      -72.0810013      0.900489748    
          91          20  -30.5849991      -71.3919983      0.915625811    
          97          52  -30.4500008      -72.0520020      0.734994054    
          99          31  -30.4319992      -71.6129990      0.903697789    
         102          32  -30.3770008      -71.6309967      0.931391954    
         105          64  -30.2950001      -72.2919998      0.867654443    
         106          56  -30.2840004      -72.1250000      0.602957249    
         107          25  -30.2929993      -71.4810028      0.716447532    
