           8           4  -32.0929985      -71.1299973      0.896653056    
          23          63  -31.7730007      -72.3619995      0.718279183    
          25          27  -31.7689991      -71.5999985      0.658470094    
          29          23  -31.7000008      -71.5120010      0.676912308    
          36          37  -31.5620003      -71.8000031      0.763978899    
          42          14  -31.4729996      -71.3109970      0.880590916    
          45          37  -31.3999996      -71.7910004      0.794931650    
          48           4  -31.3729992      -71.0950012      0.732659459    
          53          33  -31.2590008      -71.6989975      0.796069026    
          53          58  -31.2369995      -72.2239990      0.578491032    
          53          67  -31.2290001      -72.4120026      0.811058521    
          54          59  -31.2180004      -72.2429962      0.477087319    
          55          57  -31.2019997      -72.1999969      0.525095463    
          55          59  -31.2000008      -72.2419968      0.467919528    
          61          27  -31.1200008      -71.5660019      0.992365479    
          68          54  -30.9710007      -72.1240005      0.389805287    
          74          23  -30.8889999      -71.4700012       1.00000000    
          84          11  -30.7180004      -71.2099991      0.794113159    
          87          29  -30.6499996      -71.5830002      0.353193790    
          94           9  -30.5400009      -71.1600037      0.696419835    
