           9          29  -32.0559998      -71.6579971      0.826199710    
          15          29  -31.9480000      -71.6520004      0.994714081    
          17          40  -31.9020004      -71.8830032      0.967658401    
          28          68  -31.6779995      -72.4609985      0.558251917    
          38          41  -31.5230007      -71.8820038      0.854354501    
          42          63  -31.4309998      -72.3399963      0.895201862    
          46          56  -31.3649998      -72.1890030      0.980970383    
          52           7  -31.2980003      -71.1549988      0.818303645    
          59          46  -31.1399994      -71.9660034      0.802423000    
          68          71  -30.9549999      -72.4789963      0.819512427    
          69          52  -30.9549999      -72.0810013      0.644262910    
          75          15  -30.8780003      -71.3020020      0.647928536    
          75          45  -30.8530006      -71.9280014       1.00000000    
          77          51  -30.8110008      -72.0520020      0.926997960    
          81          37  -30.7520008      -71.7549973      0.884281695    
          90          67  -30.5620003      -72.3710022      0.737616122    
          91          63  -30.5480003      -72.2870026      0.541815042    
         105          56  -30.3020000      -72.1259995      0.870663226    
         109          47  -30.2380009      -71.9349976      0.839354098    
         120           4  -30.0750008      -71.0339966      0.829657197    
