2 17 -32.1920013 -71.4110031 0.700100124 1
3 37 -32.1570015 -71.8330002 0.872214079 1
10 36 -32.0320015 -71.8050003 0.762471676 1
17 2 -31.9330006 -71.0800018 0.872798502 1
27 13 -31.7439995 -71.3030014 0.615262210 1
40 46 -31.4820004 -71.9850006 0.912700653 1
42 18 -31.4699993 -71.3949966 0.666231692 1
43 44 -31.4300003 -71.9400024 0.973267198 1
45 66 -31.3740005 -72.4000015 0.712042272 1
47 51 -31.3519993 -72.0830002 0.690985680 1
54 53 -31.2240009 -72.1179962 0.618155181 1
59 61 -31.1259995 -72.2799988 0.784775674 1
69 56 -30.9510002 -72.1640015 0.807705283 1
79 35 -30.7889996 -71.7160034 0.757328987 1
79 64 -30.7630005 -72.3209991 0.820404172 1
80 62 -30.7469997 -72.2779999 1.00000000 1
91 48 -30.5620003 -71.9749985 0.645553529 1
109 5 -30.2719994 -71.0640030 0.824842870 1
117 25 -30.1130009 -71.4710007 0.781454384 1
121 19 -30.0450001 -71.3430023 0.762416661 1
3 37 -32.1570015 -71.8330002 0.771993399 2
13 48 -31.9669991 -72.0559998 0.705796361 2
17 2 -31.9330006 -71.0800018 0.868694782 2
26 53 -31.7280006 -72.1470032 0.727118373 2
27 13 -31.7439995 -71.3030014 0.681048870 2
40 46 -31.4820004 -71.9850006 0.665896714 2
41 51 -31.4599991 -72.0889969 0.650255203 2
47 51 -31.3519993 -72.0830002 0.758524179 2
49 54 -31.3129997 -72.1439972 0.844757974 2
54 53 -31.2240009 -72.1179962 0.655750871 2
56 69 -31.1730003 -72.4509964 0.640618324 2
73 28 -30.9029999 -71.5749969 0.598562598 2
79 35 -30.7889996 -71.7160034 0.666140616 2
79 64 -30.7630005 -72.3209991 1.00000000 2
80 62 -30.7469997 -72.2779999 0.862430811 2
82 31 -30.7390003 -71.6289978 0.649675369 2
92 35 -30.5550003 -71.7030029 0.589241207 2
104 17 -30.3530006 -71.3170013 0.654696941 2
109 5 -30.2719994 -71.0640030 0.659510374 2
117 69 -30.0739994 -72.3830032 0.586907506 2
13 48 -31.9669991 -72.0559998 0.906626463 3
19 15 -31.8869991 -71.3529968 1.00000000 3
26 53 -31.7280006 -72.1470032 0.834518313 3
32 35 -31.6359997 -71.7620010 0.859915853 3
41 51 -31.4599991 -72.0889969 0.893768847 3
49 54 -31.3129997 -72.1439972 0.819415569 3
56 69 -31.1730003 -72.4509964 0.733002245 3
67 64 -30.9790001 -72.3339996 0.859732032 3
73 28 -30.9029999 -71.5749969 0.728574395 3
74 33 -30.8810005 -71.6790009 0.799515069 3
74 49 -30.8670006 -72.0130005 0.830643535 3
80 30 -30.7749996 -71.6100006 0.867708087 3
82 31 -30.7390003 -71.6289978 0.853633642 3
87 22 -30.6560001 -71.4369965 0.936401665 3
92 35 -30.5550003 -71.7030029 0.911654532 3
104 17 -30.3530006 -71.3170013 0.884299934 3
109 31 -30.2520008 -71.6029968 0.734233677 3
117 69 -30.0739994 -72.3830032 0.748787165 3
118 44 -30.0790005 -71.8639984 0.608444870 3
121 23 -30.0419998 -71.4260025 0.863959849 3
19 15 -31.8869991 -71.3529968 0.590544760 4
19 69 -31.8390007 -72.4929962 0.478424340 4
32 35 -31.6359997 -71.7620010 0.577726603 4
49 43 -31.3230000 -71.9130020 0.606186569 4
67 45 -30.9969997 -71.9369965 0.556453586 4
67 64 -30.9790001 -72.3339996 0.644523799 4
74 33 -30.8810005 -71.6790009 0.548207045 4
74 49 -30.8670006 -72.0130005 0.531158209 4
80 8 -30.7929993 -71.1510010 0.578483760 4
80 30 -30.7749996 -71.6100006 0.867020726 4
80 33 -30.7730007 -71.6729965 0.871403217 4
82 58 -30.7150002 -72.1920013 0.526153982 4
87 22 -30.6560001 -71.4369965 0.685154498 4
88 70 -30.5949993 -72.4359970 0.662512720 4
109 3 -30.2740002 -71.0220032 0.390941203 4
109 31 -30.2520008 -71.6029968 0.526355982 4
112 7 -30.2169991 -71.1029968 0.490595341 4
118 20 -30.0990009 -71.3669968 0.572121084 4
118 44 -30.0790005 -71.8639984 0.443462431 4
121 23 -30.0419998 -71.4260025 0.564234138 4
15 14 -31.9599991 -71.3349991 0.820028424 5
19 69 -31.8390007 -72.4929962 0.793473184 5
42 48 -31.4449997 -72.0250015 0.698483944 5
46 23 -31.3939991 -71.4960022 0.843496144 5
49 43 -31.3230000 -71.9130020 0.737236261 5
52 24 -31.2849998 -71.5110016 0.704697073 5
61 49 -31.1009998 -72.0260010 0.729487777 5
67 45 -30.9969997 -71.9369965 0.760738850 5
75 41 -30.8560009 -71.8450012 0.924406350 5
80 8 -30.7929993 -71.1510010 0.735629499 5
80 33 -30.7730007 -71.6729965 0.877523661 5
82 58 -30.7150002 -72.1920013 0.737275064 5
88 70 -30.5949993 -72.4359970 0.894078255 5
89 2 -30.6350002 -71.0179977 0.867088199 5
93 15 -30.5529995 -71.2860031 0.960725605 5
99 34 -30.4300003 -71.6750031 0.789941490 5
109 3 -30.2740002 -71.0220032 0.639241755 5
112 7 -30.2169991 -71.1029968 0.504623830 5
115 38 -30.1380005 -71.7429962 0.925709307 5
118 20 -30.0990009 -71.3669968 0.656880379 5
12 36 -31.9960003 -71.8030014 0.816700399 6
15 14 -31.9599991 -71.3349991 0.774237156 6
42 48 -31.4449997 -72.0250015 0.742086887 6
46 23 -31.3939991 -71.4960022 0.750279546 6
52 24 -31.2849998 -71.5110016 0.755545497 6
61 49 -31.1009998 -72.0260010 0.771456540 6
67 29 -31.0109997 -71.6019974 0.877787113 6
75 41 -30.8560009 -71.8450012 1.00000000 6
86 53 -30.6469994 -72.0839996 0.790493011 6
89 2 -30.6350002 -71.0179977 0.882656872 6
89 12 -30.6280003 -71.2269974 0.862643957 6
91 45 -30.5639992 -71.9120026 0.831180036 6
91 65 -30.5459995 -72.3280029 0.844971478 6
93 15 -30.5529995 -71.2860031 0.914209783 6
99 34 -30.4300003 -71.6750031 0.682975054 6
115 19 -30.1539993 -71.3489990 0.551976860 6
115 31 -30.1439991 -71.5979996 0.911192358 6
115 38 -30.1380005 -71.7429962 0.696506202 6
120 33 -30.0520000 -71.6340027 0.785688698 6
121 49 -30.0200005 -71.9649963 0.779080510 6
8 56 -32.0499992 -72.2300034 0.771806717 7
12 36 -31.9960003 -71.8030014 0.804260194 7
18 38 -31.8859997 -71.8389969 0.840926290 7
37 53 -31.5300007 -72.1360016 0.799731255 7
59 31 -31.1529999 -71.6510010 0.778442919 7
63 51 -31.0639992 -72.0660019 0.852333069 7
67 29 -31.0109997 -71.6019974 0.798856854 7
68 14 -31.0049992 -71.2870026 0.599344909 7
71 57 -30.9139996 -72.1829987 0.958771884 7
73 47 -30.8869991 -71.9720001 0.885378003 7
86 53 -30.6469994 -72.0839996 0.899375856 7
89 12 -30.6280003 -71.2269974 0.936433136 7
91 45 -30.5639992 -71.9120026 0.701018929 7
91 65 -30.5459995 -72.3280029 0.776934385 7
99 65 -30.4020004 -72.3199997 0.761451900 7
107 13 -30.3020000 -71.2310028 0.846432328 7
115 19 -30.1539993 -71.3489990 0.899676561 7
115 31 -30.1439991 -71.5979996 1.00000000 7
120 33 -30.0520000 -71.6340027 0.821084976 7
121 49 -30.0200005 -71.9649963 0.926235914 7
3 4 -32.1839981 -71.1340027 0.680246174 8
8 56 -32.0499992 -72.2300034 1.00000000 8
10 15 -32.0489998 -71.3610001 0.790360451 8
13 47 -31.9680004 -72.0350037 0.858430803 8
18 38 -31.8859997 -71.8389969 0.798129261 8
32 46 -31.6270008 -71.9940033 0.774880290 8
37 53 -31.5300007 -72.1360016 0.795669734 8
46 14 -31.4009991 -71.3069992 0.750200272 8
59 31 -31.1529999 -71.6510010 0.786571026 8
61 38 -31.1110001 -71.7959976 0.870332778 8
63 51 -31.0639992 -72.0660019 0.533296466 8
67 41 -31.0000000 -71.8529968 0.807071805 8
68 14 -31.0049992 -71.2870026 0.566185653 8
71 57 -30.9139996 -72.1829987 0.890841961 8
73 47 -30.8869991 -71.9720001 0.716360867 8
81 66 -30.7250004 -72.3600006 0.480635881 8
81 68 -30.7229996 -72.4020004 0.661253393 8
96 51 -30.4689999 -72.0319977 0.838614702 8
99 65 -30.4020004 -72.3199997 0.977147222 8
107 13 -30.3020000 -71.2310028 0.836558342 8
3 4 -32.1839981 -71.1340027 0.608887911 9
7 33 -32.0880013 -71.7450027 0.466352403 9
10 15 -32.0489998 -71.3610001 0.574507952 9
13 43 -31.9720001 -71.9499969 0.669759035 9
13 47 -31.9680004 -72.0350037 1.00000000 9
15 31 -31.9459991 -71.6949997 0.755934894 9
15 49 -31.9300003 -72.0749969 0.881331623 9
27 42 -31.7199993 -71.9150009 0.627482176 9
32 46 -31.6270008 -71.9940033 0.625049412 9
39 20 -31.5219994 -71.4400024 0.584753633 9
46 14 -31.4009991 -71.3069992 0.602693558 9
61 38 -31.1110001 -71.7959976 0.676882386 9
67 41 -31.0000000 -71.8529968 0.497876197 9
73 68 -30.8680000 -72.4110031 0.785586238 9
76 24 -30.8519993 -71.4889984 0.798211992 9
81 66 -30.7250004 -72.3600006 0.461884379 9
81 68 -30.7229996 -72.4020004 0.449919134 9
94 70 -30.4869995 -72.4290009 0.581040084 9
96 51 -30.4689999 -72.0319977 0.611266255 9
115 34 -30.1410007 -71.6600037 0.778485417 9
4 67 -32.1110001 -72.4670029 0.786986411 10
7 33 -32.0880013 -71.7450027 0.827448606 10
10 67 -32.0029984 -72.4609985 0.980744779 10
13 43 -31.9720001 -71.9499969 0.821610034 10
15 31 -31.9459991 -71.6949997 0.794752836 10
15 49 -31.9300003 -72.0749969 0.868088663 10
26 63 -31.7189999 -72.3580017 0.800978720 10
27 42 -31.7199993 -71.9150009 0.785383940 10
31 6 -31.6770000 -71.1520004 0.571926117 10
39 20 -31.5219994 -71.4400024 0.715418518 10
49 41 -31.3250008 -71.8710022 0.808709800 10
51 35 -31.2940006 -71.7429962 0.807918131 10
54 19 -31.2530003 -71.4049988 0.743207693 10
69 38 -30.9669991 -71.7880020 0.903270245 10
73 68 -30.8680000 -72.4110031 0.753397644 10
76 24 -30.8519993 -71.4889984 0.810935259 10
84 70 -30.6679993 -72.4400024 0.834349096 10
94 70 -30.4869995 -72.4290009 0.844263732 10
115 34 -30.1410007 -71.6600037 1.00000000 10
118 31 -30.0900002 -71.5950012 0.957396984 10
2 16 -32.1920013 -71.3899994 0.647121191 11
4 67 -32.1110001 -72.4670029 0.575362444 11
7 52 -32.0709991 -72.1470032 0.636337042 11
10 67 -32.0029984 -72.4609985 0.933784723 11
15 44 -31.9349995 -71.9690018 0.848916531 11
17 62 -31.8820000 -72.3470001 0.738959193 11
26 63 -31.7189999 -72.3580017 0.942763329 11
31 6 -31.6770000 -71.1520004 0.751482725 11
49 41 -31.3250008 -71.8710022 0.935360610 11
51 35 -31.2940006 -71.7429962 0.909770548 11
54 19 -31.2530003 -71.4049988 0.913736522 11
69 38 -30.9669991 -71.7880020 0.968560219 11
71 55 -30.9160004 -72.1409988 1.00000000 11
82 70 -30.7040005 -72.4430008 0.805283904 11
84 70 -30.6679993 -72.4400024 0.625291228 11
89 61 -30.5860004 -72.2470016 0.904749334 11
101 24 -30.4020004 -71.4660034 0.776091158 11
102 3 -30.3999996 -71.0279999 0.981859088 11
102 18 -30.3889999 -71.3399963 0.726660907 11
118 31 -30.0900002 -71.5950012 0.709741235 11
2 16 -32.1920013 -71.3899994 0.906173110 12
7 52 -32.0709991 -72.1470032 0.664950013 12
15 44 -31.9349995 -71.9690018 0.695754290 12
17 62 -31.8820000 -72.3470001 0.664524198 12
44 55 -31.4020004 -72.1699982 0.734862924 12
50 47 -31.3010006 -71.9960022 0.625118077 12
57 6 -31.2089996 -71.1289978 0.710940897 12
58 31 -31.1709995 -71.6520004 0.808584571 12
64 42 -31.0540009 -71.8769989 0.827018440 12
71 55 -30.9160004 -72.1409988 0.833857477 12
81 49 -30.7409992 -72.0059967 0.710908234 12
82 70 -30.7040005 -72.4430008 0.642511547 12
89 4 -30.6340008 -71.0599976 0.573126793 12
89 58 -30.5890007 -72.1849976 0.478319734 12
89 61 -30.5860004 -72.2470016 0.721297324 12
91 39 -30.5699997 -71.7870026 0.521236241 12
101 24 -30.4020004 -71.4660034 0.780438960 12
102 3 -30.3999996 -71.0279999 0.955122650 12
102 13 -30.3920002 -71.2360001 0.760530055 12
102 18 -30.3889999 -71.3399963 0.493769765 12
27 2 -31.7530003 -71.0709991 0.731704056 13
32 27 -31.6429996 -71.5940018 0.795038700 13
44 55 -31.4020004 -72.1699982 0.830776751 13
50 47 -31.3010006 -71.9960022 0.721610188 13
56 69 -31.1730003 -72.4509964 0.726180971 13
57 6 -31.2089996 -71.1289978 0.705703259 13
58 31 -31.1709995 -71.6520004 0.761070311 13
64 42 -31.0540009 -71.8769989 0.769285262 13
81 49 -30.7409992 -72.0059967 0.772434771 13
84 63 -30.6739998 -72.2939987 0.770845234 13
85 67 -30.6520004 -72.3769989 0.781734884 13
89 4 -30.6340008 -71.0599976 0.942490757 13
89 58 -30.5890007 -72.1849976 0.579753280 13
91 39 -30.5699997 -71.7870026 0.534368932 13
92 37 -30.5529995 -71.7450027 0.630758882 13
98 64 -30.4209995 -72.3000031 0.804457664 13
102 13 -30.3920002 -71.2360001 1.00000000 13
104 23 -30.3490009 -71.4420013 0.739594519 13
110 46 -30.2210007 -71.9140015 0.992899120 13
114 51 -30.1450005 -72.0130005 0.797010601 13
27 2 -31.7530003 -71.0709991 0.833039224 14
32 27 -31.6429996 -71.5940018 0.808724523 14
37 21 -31.5580006 -71.4619980 0.784910142 14
42 18 -31.4699993 -71.3949966 0.971821189 14
42 44 -31.4480000 -71.9410019 0.874689460 14
56 69 -31.1730003 -72.4509964 0.755063474 14
75 54 -30.8449993 -72.1159973 0.806110084 14
82 14 -30.7520008 -71.2750015 0.874635577 14
84 63 -30.6739998 -72.2939987 0.985848904 14
85 67 -30.6520004 -72.3769989 0.867806613 14
90 53 -30.5750008 -72.0800018 0.658133984 14
92 37 -30.5529995 -71.7450027 0.757221401 14
98 64 -30.4209995 -72.3000031 0.947134256 14
104 23 -30.3490009 -71.4420013 0.940847456 14
110 46 -30.2210007 -71.9140015 0.902315617 14
111 6 -30.2360001 -71.0830002 0.766954243 14
113 49 -30.1639996 -71.9729996 0.876731038 14
114 51 -30.1450005 -72.0130005 0.605705857 14
117 1 -30.1310005 -70.9739990 0.743722856 14
120 15 -30.0669994 -71.2610016 0.393472016 14
22 17 -31.8309994 -71.3919983 0.650892496 15
22 38 -31.8139992 -71.8349991 0.825825810 15
37 21 -31.5580006 -71.4619980 0.713570178 15
39 60 -31.4880009 -72.2809982 0.645234883 15
42 18 -31.4699993 -71.3949966 0.745974004 15
42 44 -31.4480000 -71.9410019 0.610609055 15
44 40 -31.4160004 -71.8550034 0.677600622 15
46 12 -31.4029999 -71.2649994 1.00000000 15
57 40 -31.1809998 -71.8420029 0.867644131 15
57 48 -31.1739998 -72.0100021 0.566216230 15
67 15 -31.0219994 -71.3089981 0.514582336 15
75 3 -30.8869991 -71.0510025 0.494797289 15
75 54 -30.8449993 -72.1159973 0.647269845 15
81 1 -30.7800007 -71.0039978 0.651684701 15
82 14 -30.7520008 -71.2750015 0.696195543 15
90 53 -30.5750008 -72.0800018 0.550059140 15
111 6 -30.2360001 -71.0830002 0.628760934 15
113 49 -30.1639996 -71.9729996 0.814491510 15
117 1 -30.1310005 -70.9739990 0.676495373 15
120 15 -30.0669994 -71.2610016 0.638249993 15
17 56 -31.8880005 -72.2200012 0.856133103 16
22 17 -31.8309994 -71.3919983 0.772234976 16
22 38 -31.8139992 -71.8349991 0.838902175 16
25 30 -31.7660007 -71.6640015 0.751336515 16
33 35 -31.6180000 -71.7610016 0.754484296 16
39 60 -31.4880009 -72.2809982 0.827768743 16
44 40 -31.4160004 -71.8550034 0.959371865 16
46 12 -31.4029999 -71.2649994 0.883305848 16
51 46 -31.2840004 -71.9739990 0.993018866 16
57 40 -31.1809998 -71.8420029 0.877503932 16
57 48 -31.1739998 -72.0100021 0.732105196 16
64 65 -31.0330009 -72.3580017 0.803638160 16
66 50 -31.0100002 -72.0419998 0.601571083 16
67 15 -31.0219994 -71.3089981 0.649379551 16
75 3 -30.8869991 -71.0510025 0.593511522 16
81 1 -30.7800007 -71.0039978 0.824695885 16
86 55 -30.6459999 -72.1259995 0.606932223 16
98 36 -30.4459991 -71.7180023 0.716642916 16
102 55 -30.3570004 -72.1090012 0.820115924 16
119 8 -30.0900002 -71.1169968 0.725765228 16
4 66 -32.1119995 -72.4459991 1.00000000 17
15 8 -31.9640007 -71.2080002 0.832770526 17
17 56 -31.8880005 -72.2200012 0.897577643 17
20 36 -31.8509998 -71.7949982 0.861187339 17
24 68 -31.7500000 -72.4660034 0.818919301 17
25 30 -31.7660007 -71.6640015 0.813822210 17
30 19 -31.6849995 -71.4270020 0.790687621 17
33 35 -31.6180000 -71.7610016 0.831842721 17
51 46 -31.2840004 -71.9739990 0.991466045 17
64 65 -31.0330009 -72.3580017 0.976752698 17
66 50 -31.0100002 -72.0419998 0.605772734 17
77 49 -30.8129997 -72.0100021 0.920022666 17
81 22 -30.7639999 -71.4420013 0.836385727 17
86 55 -30.6459999 -72.1259995 0.778476954 17
98 36 -30.4459991 -71.7180023 0.713964105 17
102 55 -30.3570004 -72.1090012 0.954991817 17
105 26 -30.3279991 -71.5029984 0.867245793 17
109 43 -30.2420006 -71.8519974 0.851098001 17
114 2 -30.1840000 -70.9970016 0.782279968 17
119 8 -30.0900002 -71.1169968 0.688977420 17
4 66 -32.1119995 -72.4459991 0.710178435 18
15 8 -31.9640007 -71.2080002 0.679146051 18
20 14 -31.8700008 -71.3310013 0.705574334 18
20 36 -31.8509998 -71.7949982 0.690755069 18
24 68 -31.7500000 -72.4660034 0.554879785 18
30 19 -31.6849995 -71.4270020 0.808499455 18
33 12 -31.6369991 -71.2770004 0.818974018 18
35 34 -31.5830002 -71.7379990 0.723012447 18
38 54 -31.5109997 -72.1559982 0.705803633 18
41 41 -31.4689999 -71.8789978 0.615248859 18
66 3 -31.0489998 -71.0589981 0.719390690 18
67 8 -31.0270004 -71.1620026 0.593801439 18
70 64 -30.9249992 -72.3310013 1.00000000 18
77 49 -30.8129997 -72.0100021 0.758282363 18
81 22 -30.7639999 -71.4420013 0.823473871 18
98 5 -30.4710007 -71.0729980 0.723606169 18
100 59 -30.3899994 -72.1940002 0.837500155 18
105 26 -30.3279991 -71.5029984 0.758264720 18
109 43 -30.2420006 -71.8519974 0.705975711 18
114 2 -30.1840000 -70.9970016 0.751143217 18
4 67 -32.1110001 -72.4670029 0.781771362 19
14 32 -31.9629993 -71.7170029 0.699516594 19
17 17 -31.9209995 -71.3970032 0.811061740 19
19 34 -31.8710003 -71.7539978 0.795949697 19
20 14 -31.8700008 -71.3310013 1.00000000 19
20 44 -31.8449993 -71.9639969 0.907301128 19
33 12 -31.6369991 -71.2770004 0.887644351 19
35 34 -31.5830002 -71.7379990 0.711778760 19
38 54 -31.5109997 -72.1559982 0.634054422 19
41 41 -31.4689999 -71.8789978 0.736585438 19
50 42 -31.3059998 -71.8909988 0.689011276 19
66 3 -31.0489998 -71.0589981 0.720032692 19
67 8 -31.0270004 -71.1620026 0.621027827 19
70 64 -30.9249992 -72.3310013 0.809490085 19
75 42 -30.8549995 -71.8659973 0.754346430 19
98 5 -30.4710007 -71.0729980 0.685902774 19
100 59 -30.3899994 -72.1940002 0.710748792 19
109 45 -30.2399998 -71.8939972 0.824867129 19
113 12 -30.1949997 -71.2050018 0.444695830 19
114 11 -30.1779995 -71.1839981 0.499469221 19
4 67 -32.1110001 -72.4670029 0.802749455 20
14 32 -31.9629993 -71.7170029 0.875702083 20
17 17 -31.9209995 -71.3970032 0.827499747 20
19 34 -31.8710003 -71.7539978 0.947342217 20
20 44 -31.8449993 -71.9639969 0.967876792 20
29 27 -31.6970005 -71.5960007 0.848217487 20
38 2 -31.5540009 -71.0619965 0.779602349 20
40 34 -31.4930000 -71.7330017 0.875211596 20
46 48 -31.3729992 -72.0210037 0.574639618 20
46 60 -31.3619995 -72.2730026 0.693407655 20
50 42 -31.3059998 -71.8909988 0.885117531 20
71 60 -30.9109993 -72.2460022 0.799761891 20
75 42 -30.8549995 -71.8659973 0.966091216 20
87 70 -30.6130009 -72.4369965 0.860694885 20
89 17 -30.6240005 -71.3310013 1.00000000 20
100 15 -30.4270000 -71.2789993 0.773193657 20
109 45 -30.2399998 -71.8939972 0.938634396 20
113 12 -30.1949997 -71.2050018 0.537974417 20
114 11 -30.1779995 -71.1839981 0.651141465 20
115 2 -30.1660004 -70.9960022 0.933990180 20
29 2 -31.7159996 -71.0690002 0.619402945 21
29 27 -31.6970005 -71.5960007 0.813573062 21
32 41 -31.6310005 -71.8880005 0.854564011 21
35 58 -31.5620003 -72.2429962 0.770906329 21
38 2 -31.5540009 -71.0619965 0.900140524 21
40 34 -31.4930000 -71.7330017 0.839326441 21
46 48 -31.3729992 -72.0210037 0.800973058 21
46 60 -31.3619995 -72.2730026 0.755616307 21
60 11 -31.1509991 -71.2310028 0.796273053 21
66 56 -31.0049992 -72.1679993 0.802430391 21
71 60 -30.9109993 -72.2460022 0.855563223 21
74 59 -30.8579998 -72.2220001 0.572564960 21
76 8 -30.8649998 -71.1549988 1.00000000 21
79 48 -30.7779999 -71.9869995 0.971087754 21
87 70 -30.6130009 -72.4369965 0.781961977 21
89 17 -30.6240005 -71.3310013 0.914150536 21
100 15 -30.4270000 -71.2789993 0.808479548 21
102 47 -30.3640003 -71.9420013 0.675360024 21
102 65 -30.3479996 -72.3160019 0.775252104 21
115 2 -30.1660004 -70.9960022 0.619070709 21
16 58 -31.9039993 -72.2639999 0.735426128 22
29 2 -31.7159996 -71.0690002 0.785743356 22
32 41 -31.6310005 -71.8880005 0.748928785 22
32 55 -31.6180000 -72.1829987 0.902700543 22
35 58 -31.5620003 -72.2429962 0.748039842 22
44 49 -31.4080009 -72.0439987 1.00000000 22
47 32 -31.3680000 -71.6839981 0.813284874 22
49 64 -31.3040009 -72.3539963 0.844556391 22
60 11 -31.1509991 -71.2310028 0.818710804 22
66 56 -31.0049992 -72.1679993 0.636788011 22
68 48 -30.9759998 -71.9980011 0.671521783 22
74 59 -30.8579998 -72.2220001 0.457765549 22
76 8 -30.8649998 -71.1549988 0.707269073 22
78 39 -30.8040009 -71.8000031 0.771874428 22
79 48 -30.7779999 -71.9869995 0.826052606 22
87 40 -30.6410007 -71.8119965 0.835018396 22
102 47 -30.3640003 -71.9420013 0.619175017 22
102 65 -30.3479996 -72.3160019 0.773176551 22
103 1 -30.3829994 -70.9860001 0.744650364 22
118 40 -30.0820007 -71.7809982 0.914167225 22
16 58 -31.9039993 -72.2639999 0.926626503 23
22 48 -31.8050003 -72.0459976 0.830633402 23
32 55 -31.6180000 -72.1829987 0.846807361 23
36 12 -31.5830002 -71.2740021 0.813754141 23
44 29 -31.4249992 -71.6240005 0.864865243 23
44 49 -31.4080009 -72.0439987 1.00000000 23
47 32 -31.3680000 -71.6839981 0.821299136 23
49 64 -31.3040009 -72.3539963 0.894325376 23
66 71 -30.9909992 -72.4810028 0.875011504 23
68 48 -30.9759998 -71.9980011 0.782518566 23
75 48 -30.8500004 -71.9909973 0.714472651 23
77 49 -30.8129997 -72.0100021 0.888878047 23
78 39 -30.8040009 -71.8000031 0.799558640 23
87 40 -30.6410007 -71.8119965 0.789309621 23
102 67 -30.3460007 -72.3580017 0.791047692 23
103 1 -30.3829994 -70.9860001 0.674997389 23
110 42 -30.2250004 -71.8310013 0.901652753 23
113 38 -30.1739998 -71.7450027 0.788857758 23
116 14 -30.1389999 -71.2440033 0.797683179 23
118 40 -30.0820007 -71.7809982 0.947013438 23
5 12 -32.1409988 -71.3020020 0.550278246 24
14 47 -31.9500008 -72.0339966 0.570441186 24
22 48 -31.8050003 -72.0459976 0.641777158 24
30 34 -31.6730003 -71.7429962 0.737012744 24
36 12 -31.5830002 -71.2740021 0.675522149 24
44 29 -31.4249992 -71.6240005 0.779415786 24
48 48 -31.3369999 -72.0189972 0.723988831 24
64 11 -31.0790005 -71.2279968 0.844428718 24
66 71 -30.9909992 -72.4810028 0.810986698 24
75 48 -30.8500004 -71.9909973 0.589889109 24
77 49 -30.8129997 -72.0100021 0.732651770 24
85 62 -30.6569996 -72.2720032 0.573915303 24
86 25 -30.6709995 -71.5000000 0.909120321 24
91 37 -30.5709991 -71.7450027 0.744732559 24
91 64 -30.5470009 -72.3079987 0.921841681 24
97 30 -30.4689999 -71.5940018 0.757769883 24
102 67 -30.3460007 -72.3580017 0.555147290 24
110 42 -30.2250004 -71.8310013 1.00000000 24
113 38 -30.1739998 -71.7450027 0.883468866 24
116 14 -30.1389999 -71.2440033 0.576576591 24
5 12 -32.1409988 -71.3020020 0.850350738 25
14 47 -31.9500008 -72.0339966 0.640166759 25
22 13 -31.8339996 -71.3079987 0.869375587 25
28 10 -31.7280006 -71.2389984 1.00000000 25
30 34 -31.6730003 -71.7429962 0.709673226 25
48 48 -31.3369999 -72.0189972 0.736136973 25
64 11 -31.0790005 -71.2279968 0.737287998 25
71 24 -30.9430008 -71.4940033 0.837537944 25
79 13 -30.8069992 -71.2559967 0.778746665 25
85 62 -30.6569996 -72.2720032 0.609206498 25
86 10 -30.6830006 -71.1880035 0.714669466 25
86 25 -30.6709995 -71.5000000 0.807093322 25
91 37 -30.5709991 -71.7450027 0.754759252 25
91 64 -30.5470009 -72.3079987 0.720055163 25
97 30 -30.4689999 -71.5940018 0.628962040 25
101 12 -30.4109993 -71.2160034 0.532037258 25
102 62 -30.3509998 -72.2539978 0.827543020 25
106 42 -30.2970009 -71.8349991 0.761128604 25
116 15 -30.1389999 -71.2649994 0.508070886 25
120 4 -30.0750008 -71.0339966 0.608043194 25
4 5 -32.1650009 -71.1549988 0.646461189 26
8 10 -32.0890007 -71.2570038 0.535284400 26
8 63 -32.0429993 -72.3779984 0.729109168 26
22 13 -31.8339996 -71.3079987 0.945558965 26
22 33 -31.8180008 -71.7300034 0.647307694 26
28 10 -31.7280006 -71.2389984 1.00000000 26
37 26 -31.5540009 -71.5680008 0.615421057 26
61 14 -31.1310005 -71.2929993 0.835857511 26
71 24 -30.9430008 -71.4940033 0.727407098 26
79 13 -30.8069992 -71.2559967 0.581590354 26
84 6 -30.7220001 -71.1060028 0.869192898 26
86 10 -30.6830006 -71.1880035 0.721888840 26
92 24 -30.5639992 -71.4739990 0.515332341 26
101 12 -30.4109993 -71.2160034 0.573186755 26
102 62 -30.3509998 -72.2539978 0.852635860 26
106 42 -30.2970009 -71.8349991 0.691200972 26
111 31 -30.2159996 -71.6019974 0.691546440 26
113 25 -30.1849995 -71.4749985 0.669537246 26
116 15 -30.1389999 -71.2649994 0.620960474 26
120 4 -30.0750008 -71.0339966 0.621678412 26
4 5 -32.1650009 -71.1549988 0.865773678 27
7 7 -32.1090012 -71.1940002 0.714972317 27
8 10 -32.0890007 -71.2570038 0.742256045 27
8 63 -32.0429993 -72.3779984 0.566685379 27
12 49 -31.9839993 -72.0780029 0.709795177 27
22 33 -31.8180008 -71.7300034 0.705749393 27
37 26 -31.5540009 -71.5680008 1.00000000 27
38 26 -31.5359993 -71.5670013 0.929411888 27
38 27 -31.5349998 -71.5879974 0.914595902 27
48 6 -31.3710003 -71.1370010 0.674891889 27
61 14 -31.1310005 -71.2929993 0.785543323 27
83 70 -30.6860008 -72.4410019 0.776415169 27
84 6 -30.7220001 -71.1060028 0.919149995 27
84 55 -30.6819992 -72.1279984 0.622612953 27
89 34 -30.6100006 -71.6849976 0.686290979 27
91 45 -30.5639992 -71.9120026 0.594949007 27
92 24 -30.5639992 -71.4739990 0.563261330 27
95 24 -30.5100002 -71.4710007 0.675002873 27
111 31 -30.2159996 -71.6019974 0.518945634 27
113 25 -30.1849995 -71.4749985 0.606894732 27
7 7 -32.1090012 -71.1940002 0.650320709 28
10 30 -32.0369987 -71.6780014 0.780128121 28
12 49 -31.9839993 -72.0780029 0.859190822 28
36 16 -31.5799999 -71.3580017 0.885252714 28
37 12 -31.5650005 -71.2730026 0.755311370 28
38 26 -31.5359993 -71.5670013 0.646081328 28
38 27 -31.5349998 -71.5879974 0.551336050 28
48 6 -31.3710003 -71.1370010 0.789947152 28
54 59 -31.2180004 -72.2429962 0.746976316 28
62 34 -31.0960007 -71.7109985 0.775819361 28
64 58 -31.0389996 -72.2119980 0.800918579 28
72 53 -30.8999996 -72.0989990 0.808002114 28
83 70 -30.6860008 -72.4410019 0.776855171 28
84 55 -30.6819992 -72.1279984 1.00000000 28
88 38 -30.6250000 -71.7689972 0.890012324 28
89 34 -30.6100006 -71.6849976 0.859217942 28
91 45 -30.5639992 -71.9120026 0.799453437 28
92 34 -30.5559998 -71.6819992 0.926562190 28
95 24 -30.5100002 -71.4710007 0.601684272 28
118 12 -30.1049995 -71.2009964 0.864251971 28
10 30 -32.0369987 -71.6780014 0.806343436 29
28 25 -31.7169991 -71.5550003 0.827855885 29
31 19 -31.6669998 -71.4260025 0.807819545 29
32 27 -31.6429996 -71.5940018 0.816790164 29
36 16 -31.5799999 -71.3580017 0.954391956 29
37 12 -31.5650005 -71.2730026 0.545735240 29
38 11 -31.5470009 -71.2509995 0.586845398 29
54 59 -31.2180004 -72.2429962 0.688272953 29
62 34 -31.0960007 -71.7109985 0.670428395 29
64 58 -31.0389996 -72.2119980 0.672763884 29
72 53 -30.8999996 -72.0989990 0.758082271 29
75 17 -30.8759995 -71.3440018 0.694245219 29
85 26 -30.6889992 -71.5220032 0.714098394 29
88 38 -30.6250000 -71.7689972 0.732109368 29
92 34 -30.5559998 -71.6819992 0.721293688 29
103 43 -30.3500004 -71.8580017 0.789451957 29
114 2 -30.1840000 -70.9970016 0.826700151 29
115 55 -30.1229992 -72.0950012 0.801498473 29
118 12 -30.1049995 -71.2009964 0.912855923 29
120 33 -30.0520000 -71.6340027 1.00000000 29
18 2 -31.9150009 -71.0790024 0.449536383 30
28 25 -31.7169991 -71.5550003 0.601199806 30
31 19 -31.6669998 -71.4260025 0.543054223 30
31 27 -31.6609993 -71.5950012 1.00000000 30
32 27 -31.6429996 -71.5940018 0.988075137 30
38 11 -31.5470009 -71.2509995 0.601148903 30
38 61 -31.5049992 -72.3030014 0.646493971 30
53 39 -31.2539997 -71.8249969 0.541016400 30
54 24 -31.2490005 -71.5100021 0.379119158 30
56 5 -31.2280006 -71.1090012 0.431681246 30
59 2 -31.1760006 -71.0439987 0.451437205 30
68 20 -31.0000000 -71.4130020 0.513178527 30
75 17 -30.8759995 -71.3440018 0.460659176 30
84 35 -30.6989994 -71.7109985 0.571326554 30
85 26 -30.6889992 -71.5220032 0.502205074 30
103 43 -30.3500004 -71.8580017 0.533165753 30
109 70 -30.2169991 -72.4130020 0.507536054 30
114 2 -30.1840000 -70.9970016 0.512716770 30
115 55 -30.1229992 -72.0950012 0.529330134 30
120 33 -30.0520000 -71.6340027 0.660247207 30
18 2 -31.9150009 -71.0790024 0.635390162 31
18 6 -31.9120007 -71.1640015 0.526171803 31
20 17 -31.8670006 -71.3939972 0.799343050 31
31 27 -31.6609993 -71.5950012 0.740009129 31
36 25 -31.5720005 -71.5479965 0.707630515 31
38 61 -31.5049992 -72.3030014 0.739142835 31
41 68 -31.4440002 -72.4469986 0.703534126 31
48 24 -31.3570004 -71.5149994 0.740588963 31
53 39 -31.2539997 -71.8249969 0.479318500 31
54 24 -31.2490005 -71.5100021 0.519491136 31
56 5 -31.2280006 -71.1090012 0.656375051 31
59 2 -31.1760006 -71.0439987 0.627253413 31
65 48 -31.0300007 -72.0009995 0.807290077 31
68 20 -31.0000000 -71.4130020 0.628538966 31
70 62 -30.9270000 -72.2890015 0.766824126 31
84 35 -30.6989994 -71.7109985 0.699055552 31
88 42 -30.6210003 -71.8529968 0.634578347 31
88 61 -30.6040001 -72.2480011 0.633100331 31
98 52 -30.4319992 -72.0510025 1.00000000 31
109 70 -30.2169991 -72.4130020 0.733051360 31
6 61 -32.0810013 -72.3379974 0.689359248 32
11 36 -32.0139999 -71.8040009 0.817101538 32
18 6 -31.9120007 -71.1640015 0.922031820 32
20 17 -31.8670006 -71.3939972 0.855878592 32
24 63 -31.7549992 -72.3600006 0.792377472 32
25 46 -31.7530003 -72.0009995 0.805523217 32
27 17 -31.7409992 -71.3880005 0.991349697 32
28 8 -31.7299995 -71.1969986 0.876803517 32
31 23 -31.6639996 -71.5100021 0.776978552 32
36 25 -31.5720005 -71.5479965 0.723793030 32
41 68 -31.4440002 -72.4469986 0.653730989 32
48 24 -31.3570004 -71.5149994 0.896915972 32
65 48 -31.0300007 -72.0009995 0.745459020 32
70 62 -30.9270000 -72.2890015 0.902092874 32
88 42 -30.6210003 -71.8529968 0.740860701 32
88 61 -30.6040001 -72.2480011 0.765329838 32
98 52 -30.4319992 -72.0510025 1.00000000 32
103 62 -30.3330002 -72.2529984 0.732987463 32
118 26 -30.0939999 -71.4909973 0.774567425 32
120 63 -30.0259991 -72.2559967 0.772757292 32
6 61 -32.0810013 -72.3379974 0.795104861 33
9 29 -32.0559998 -71.6579971 0.596917152 33
11 36 -32.0139999 -71.8040009 0.839061320 33
15 29 -31.9480000 -71.6520004 1.00000000 33
17 40 -31.9020004 -71.8830032 0.939343095 33
24 63 -31.7549992 -72.3600006 0.825467110 33
25 46 -31.7530003 -72.0009995 0.841779828 33
27 17 -31.7409992 -71.3880005 0.884059608 33
28 8 -31.7299995 -71.1969986 0.810207546 33
31 23 -31.6639996 -71.5100021 0.789641142 33
38 41 -31.5230007 -71.8820038 0.749589741 33
52 7 -31.2980003 -71.1549988 0.848636806 33
75 15 -30.8780003 -71.3020020 0.641729176 33
81 37 -30.7520008 -71.7549973 0.823171437 33
91 63 -30.5480003 -72.2870026 0.773396254 33
103 62 -30.3330002 -72.2529984 0.875448406 33
105 56 -30.3020000 -72.1259995 0.850852847 33
109 47 -30.2380009 -71.9349976 0.951210201 33
118 26 -30.0939999 -71.4909973 0.686940014 33
120 63 -30.0259991 -72.2559967 0.688698292 33
9 29 -32.0559998 -71.6579971 0.826199710 34
15 29 -31.9480000 -71.6520004 0.994714081 34
17 40 -31.9020004 -71.8830032 0.967658401 34
28 68 -31.6779995 -72.4609985 0.558251917 34
38 41 -31.5230007 -71.8820038 0.854354501 34
42 63 -31.4309998 -72.3399963 0.895201862 34
46 56 -31.3649998 -72.1890030 0.980970383 34
52 7 -31.2980003 -71.1549988 0.818303645 34
59 46 -31.1399994 -71.9660034 0.802423000 34
68 71 -30.9549999 -72.4789963 0.819512427 34
69 52 -30.9549999 -72.0810013 0.644262910 34
75 15 -30.8780003 -71.3020020 0.647928536 34
75 45 -30.8530006 -71.9280014 1.00000000 34
77 51 -30.8110008 -72.0520020 0.926997960 34
81 37 -30.7520008 -71.7549973 0.884281695 34
90 67 -30.5620003 -72.3710022 0.737616122 34
91 63 -30.5480003 -72.2870026 0.541815042 34
105 56 -30.3020000 -72.1259995 0.870663226 34
109 47 -30.2380009 -71.9349976 0.839354098 34
120 4 -30.0750008 -71.0339966 0.829657197 34
21 14 -31.8519993 -71.3300018 0.838340878 35
28 68 -31.6779995 -72.4609985 0.631886661 35
34 70 -31.5680008 -72.4970016 0.534759581 35
37 61 -31.5230007 -72.3040009 0.984148622 35
42 63 -31.4309998 -72.3399963 0.703643143 35
46 56 -31.3649998 -72.1890030 1.00000000 35
48 44 -31.3400002 -71.9349976 0.781430960 35
54 68 -31.2099991 -72.4319992 0.909499168 35
56 9 -31.2250004 -71.1930008 0.877062201 35
56 37 -31.2019997 -71.7799988 0.755524337 35
59 46 -31.1399994 -71.9660034 0.635657489 35
68 71 -30.9549999 -72.4789963 0.750092506 35
69 52 -30.9549999 -72.0810013 0.566802800 35
75 45 -30.8530006 -71.9280014 0.793819368 35
77 51 -30.8110008 -72.0520020 0.690696836 35
79 68 -30.7590008 -72.4039993 0.906009495 35
83 32 -30.7199993 -71.6490021 0.853159487 35
84 15 -30.7150002 -71.2939987 0.509956360 35
90 67 -30.5620003 -72.3710022 0.794887543 35
120 4 -30.0750008 -71.0339966 0.771378875 35
18 50 -31.8750000 -72.0930023 0.563038588 36
18 52 -31.8729992 -72.1350021 0.548559844 36
21 14 -31.8519993 -71.3300018 0.827872455 36
24 17 -31.7950001 -71.3899994 0.801898360 36
26 30 -31.7479992 -71.6630020 0.742671013 36
34 70 -31.5680008 -72.4970016 0.789806008 36
37 61 -31.5230007 -72.3040009 1.00000000 36
48 44 -31.3400002 -71.9349976 0.793970227 36
51 9 -31.3150005 -71.1979980 0.799741149 36
54 68 -31.2099991 -72.4319992 0.696558237 36
56 9 -31.2250004 -71.1930008 0.622343242 36
56 37 -31.2019997 -71.7799988 0.804146171 36
70 15 -30.9680004 -71.3059998 0.743961334 36
79 68 -30.7590008 -72.4039993 0.763310432 36
80 50 -30.7579994 -72.0279999 0.538966119 36
83 32 -30.7199993 -71.6490021 0.539104819 36
84 15 -30.7150002 -71.2939987 0.581723750 36
84 37 -30.6970005 -71.7519989 0.777353346 36
94 10 -30.5389996 -71.1809998 0.770947576 36
94 48 -30.5079994 -71.9710007 0.560751617 36
13 64 -31.9519997 -72.3939972 0.910841167 37
17 53 -31.8899994 -72.1569977 0.831487834 37
18 50 -31.8750000 -72.0930023 0.743413210 37
18 52 -31.8729992 -72.1350021 0.630763471 37
24 17 -31.7950001 -71.3899994 0.843549609 37
26 30 -31.7479992 -71.6630020 0.903642476 37
33 57 -31.5990009 -72.2239990 0.702122033 37
41 47 -31.4640007 -72.0049973 0.819428325 37
51 9 -31.3150005 -71.1979980 0.601214945 37
56 45 -31.1949997 -71.9479980 0.896034956 37
66 9 -31.0440006 -71.1839981 0.657788396 37
70 15 -30.9680004 -71.3059998 0.815455794 37
78 21 -30.8190002 -71.4240036 0.922841907 37
80 50 -30.7579994 -72.0279999 0.919200897 37
84 37 -30.6970005 -71.7519989 1.00000000 37
93 11 -30.5559998 -71.2020035 0.471280903 37
94 10 -30.5389996 -71.1809998 0.714017391 37
94 48 -30.5079994 -71.9710007 0.838338256 37
98 59 -30.4260006 -72.1959991 0.832749307 37
106 18 -30.3169994 -71.3359985 0.836041331 37
13 64 -31.9519997 -72.3939972 0.883809209 38
17 53 -31.8899994 -72.1569977 0.832476318 38
24 1 -31.8069992 -71.0530014 0.938958824 38
25 57 -31.7430000 -72.2330017 1.00000000 38
31 2 -31.6800003 -71.0680008 0.782761216 38
33 57 -31.5990009 -72.2239990 0.827166796 38
34 37 -31.5979996 -71.8020020 0.819675267 38
41 47 -31.4640007 -72.0049973 0.953762650 38
56 45 -31.1949997 -71.9479980 0.776459038 38
62 14 -31.1130009 -71.2929993 0.901522279 38
62 22 -31.1060009 -71.4599991 0.896873415 38
66 9 -31.0440006 -71.1839981 0.774904728 38
67 39 -31.0020008 -71.8109970 0.947134554 38
78 21 -30.8190002 -71.4240036 0.850413322 38
93 11 -30.5559998 -71.2020035 0.710384607 38
94 53 -30.5030003 -72.0759964 0.885863185 38
98 59 -30.4260006 -72.1959991 0.610210180 38
106 18 -30.3169994 -71.3359985 0.754540265 38
116 43 -30.1159992 -71.8450012 0.958578050 38
117 62 -30.0809994 -72.2379990 0.833542466 38
11 20 -32.0270004 -71.4660034 0.893766940 39
11 52 -31.9990005 -72.1419983 0.783269644 39
24 1 -31.8069992 -71.0530014 0.755460560 39
25 57 -31.7430000 -72.2330017 0.998940766 39
31 2 -31.6800003 -71.0680008 0.864600301 39
34 37 -31.5979996 -71.8020020 0.817376435 39
42 38 -31.4529991 -71.8150024 0.812378109 39
49 22 -31.3409996 -71.4720001 0.802628875 39
61 65 -31.0869999 -72.3610001 0.957375348 39
62 14 -31.1130009 -71.2929993 0.923745632 39
62 22 -31.1060009 -71.4599991 0.867922664 39
67 39 -31.0020008 -71.8109970 0.752980769 39
75 16 -30.8770008 -71.3229980 0.822754502 39
78 21 -30.8190002 -71.4240036 0.711064339 39
84 47 -30.6889992 -71.9609985 0.934269547 39
89 30 -30.6130009 -71.6019974 0.786727786 39
94 53 -30.5030003 -72.0759964 0.633928418 39
105 60 -30.2989998 -72.2089996 0.850745201 39
116 43 -30.1159992 -71.8450012 0.781318188 39
117 62 -30.0809994 -72.2379990 0.905214906 39
4 25 -32.1489983 -71.5780029 0.958791137 40
10 59 -32.0110016 -72.2919998 0.812573314 40
11 20 -32.0270004 -71.4660034 0.869906187 40
11 52 -31.9990005 -72.1419983 0.691272140 40
26 45 -31.7360001 -71.9789963 0.612745881 40
29 47 -31.6800003 -72.0179977 0.820698619 40
40 48 -31.4810009 -72.0270004 0.689243257 40
42 38 -31.4529991 -71.8150024 0.725611031 40
49 22 -31.3409996 -71.4720001 0.687782884 40
55 46 -31.2119999 -71.9700012 0.908176839 40
61 65 -31.0869999 -72.3610001 0.771621585 40
72 30 -30.9200001 -71.6179962 0.756528676 40
75 16 -30.8770008 -71.3229980 0.758609056 40
78 21 -30.8190002 -71.4240036 0.527231276 40
84 47 -30.6889992 -71.9609985 1.00000000 40
86 46 -30.6539993 -71.9380035 0.739313960 40
88 51 -30.6130009 -72.0400009 0.845837772 40
89 30 -30.6130009 -71.6019974 0.693262219 40
105 60 -30.2989998 -72.2089996 0.745487630 40
111 40 -30.2080002 -71.7880020 0.834670007 40
4 25 -32.1489983 -71.5780029 0.986561298 41
10 59 -32.0110016 -72.2919998 0.602019548 41
18 28 -31.8939991 -71.6279984 0.806695998 41
26 45 -31.7360001 -71.9789963 0.689344227 41
29 47 -31.6800003 -72.0179977 0.920819283 41
29 60 -31.6679993 -72.2919998 0.909946084 41
36 63 -31.5389996 -72.3470001 0.628309548 41
39 53 -31.4939995 -72.1340027 0.654297709 41
40 48 -31.4810009 -72.0270004 0.606538773 41
42 24 -31.4650002 -71.5210037 0.694738626 41
55 46 -31.2119999 -71.9700012 0.953749537 41
63 33 -31.0790005 -71.6890030 0.845055699 41
65 13 -31.0590000 -71.2689972 0.954561710 41
72 30 -30.9200001 -71.6179962 0.773386955 41
86 46 -30.6539993 -71.9380035 0.759129703 41
88 51 -30.6130009 -72.0400009 0.857309222 41
93 40 -30.5330009 -71.8059998 0.631118536 41
108 4 -30.2910004 -71.0439987 0.776035964 41
111 40 -30.2080002 -71.7880020 0.802080095 41
114 10 -30.1779995 -71.1630020 0.742667913 41
18 28 -31.8939991 -71.6279984 0.878909111 42
19 57 -31.8509998 -72.2389984 0.900857985 42
29 60 -31.6679993 -72.2919998 1.00000000 42
36 63 -31.5389996 -72.3470001 0.667431653 42
39 53 -31.4939995 -72.1340027 0.829933345 42
42 24 -31.4650002 -71.5210037 0.847012639 42
54 23 -31.2500000 -71.4889984 0.775311530 42
56 26 -31.2110004 -71.5500031 0.707104206 42
63 33 -31.0790005 -71.6890030 0.919723690 42
65 13 -31.0590000 -71.2689972 0.900279403 42
77 31 -30.8290005 -71.6340027 0.702509522 42
88 39 -30.6240005 -71.7900009 0.681384921 42
88 45 -30.6180000 -71.9150009 0.682624996 42
93 40 -30.5330009 -71.8059998 0.819519758 42
94 30 -30.5230007 -71.5970001 0.670840621 42
103 30 -30.3610001 -71.5879974 0.706048012 42
105 65 -30.2940006 -72.3130035 0.985787213 42
108 4 -30.2910004 -71.0439987 0.919164360 42
114 10 -30.1779995 -71.1630020 0.924226224 42
118 4 -30.1110001 -71.0350037 0.943407297 42
2 62 -32.1520004 -72.3639984 0.582641065 43
4 24 -32.1500015 -71.5569992 0.613880217 43
19 57 -31.8509998 -72.2389984 0.638179779 43
25 15 -31.7789993 -71.3470001 0.787236571 43
36 21 -31.5760002 -71.4629974 0.763737500 43
54 23 -31.2500000 -71.4889984 0.728432238 43
55 56 -31.2029991 -72.1790009 0.775876105 43
56 26 -31.2110004 -71.5500031 0.739515483 43
65 3 -31.0669994 -71.0599976 0.781811059 43
74 34 -30.8799992 -71.6999969 0.867543697 43
77 31 -30.8290005 -71.6340027 0.744282484 43
88 39 -30.6240005 -71.7900009 0.644476891 43
88 45 -30.6180000 -71.9150009 0.770474315 43
94 30 -30.5230007 -71.5970001 0.650725126 43
103 30 -30.3610001 -71.5879974 0.756079137 43
105 65 -30.2940006 -72.3130035 0.812267661 43
115 16 -30.1560001 -71.2870026 0.779399395 43
117 44 -30.0970001 -71.8649979 0.690279901 43
118 4 -30.1110001 -71.0350037 1.00000000 43
119 36 -30.0680008 -71.6979980 0.968196630 43
2 62 -32.1520004 -72.3639984 0.670110226 44
4 24 -32.1500015 -71.5569992 0.754088163 44
25 15 -31.7789993 -71.3470001 0.853389025 44
36 21 -31.5760002 -71.4629974 0.852919579 44
40 12 -31.5109997 -71.2699966 0.967761934 44
42 25 -31.4640007 -71.5419998 0.876979947 44
47 70 -31.3339996 -72.4820023 0.915550292 44
54 67 -31.2110004 -72.4110031 0.833939970 44
55 56 -31.2029991 -72.1790009 0.942820728 44
65 3 -31.0669994 -71.0599976 0.835222602 44
74 34 -30.8799992 -71.6999969 0.972631931 44
86 50 -30.6499996 -72.0210037 0.956539929 44
88 8 -30.6490002 -71.1439972 1.00000000 44
88 29 -30.6320000 -71.5820007 0.872547865 44
96 56 -30.4640007 -72.1360016 0.760200977 44
112 17 -30.2089996 -71.3099976 0.768801391 44
115 16 -30.1560001 -71.2870026 0.829356551 44
116 30 -30.1270008 -71.5759964 0.648283601 44
117 44 -30.0970001 -71.8649979 0.827062130 44
119 36 -30.0680008 -71.6979980 0.928543210 44
27 31 -31.7299995 -71.6829987 0.739322007 45
30 26 -31.6800003 -71.5739975 0.688279450 45
39 3 -31.5359993 -71.0820007 0.691970885 45
40 12 -31.5109997 -71.2699966 0.775481522 45
42 25 -31.4640007 -71.5419998 0.750385106 45
47 3 -31.3910007 -71.0749969 0.647437751 45
47 70 -31.3339996 -72.4820023 0.741868138 45
52 1 -31.3029995 -71.0289993 0.694703043 45
54 67 -31.2110004 -72.4110031 1.00000000 45
68 23 -30.9969997 -71.4749985 0.901352048 45
86 50 -30.6499996 -72.0210037 0.861529827 45
88 8 -30.6490002 -71.1439972 0.696838439 45
88 29 -30.6320000 -71.5820007 0.780250192 45
89 53 -30.5930004 -72.0810013 0.760237932 45
91 20 -30.5849991 -71.3919983 0.835434973 45
96 56 -30.4640007 -72.1360016 0.695113420 45
97 52 -30.4500008 -72.0520020 0.759930253 45
107 25 -30.2929993 -71.4810028 0.498901606 45
112 17 -30.2089996 -71.3099976 0.708447158 45
116 30 -30.1270008 -71.5759964 0.456544638 45
7 14 -32.1040001 -71.3430023 1.00000000 46
27 31 -31.7299995 -71.6829987 0.804151237 46
30 26 -31.6800003 -71.5739975 0.684885621 46
38 26 -31.5359993 -71.5670013 0.818700910 46
39 3 -31.5359993 -71.0820007 0.719241679 46
47 3 -31.3910007 -71.0749969 0.812576234 46
50 28 -31.3180008 -71.5970001 0.878039181 46
52 1 -31.3029995 -71.0289993 0.896958232 46
52 22 -31.2870007 -71.4690018 0.917382121 46
53 19 -31.2709999 -71.4059982 0.863111913 46
68 23 -30.9969997 -71.4749985 0.837163270 46
89 25 -30.6170006 -71.4980011 0.895624757 46
89 53 -30.5930004 -72.0810013 0.900489748 46
91 20 -30.5849991 -71.3919983 0.915625811 46
97 52 -30.4500008 -72.0520020 0.734994054 46
99 31 -30.4319992 -71.6129990 0.903697789 46
102 32 -30.3770008 -71.6309967 0.931391954 46
105 64 -30.2950001 -72.2919998 0.867654443 46
106 56 -30.2840004 -72.1250000 0.602957249 46
107 25 -30.2929993 -71.4810028 0.716447532 46
7 14 -32.1040001 -71.3430023 0.695267498 47
8 20 -32.0810013 -71.4690018 0.864063144 47
26 23 -31.7539997 -71.5149994 0.671672821 47
38 26 -31.5359993 -71.5670013 0.697437406 47
50 28 -31.3180008 -71.5970001 0.645078480 47
52 22 -31.2870007 -71.4690018 0.823869467 47
53 19 -31.2709999 -71.4059982 0.904355943 47
53 20 -31.2700005 -71.4270020 0.937086105 47
54 16 -31.2549992 -71.3420029 0.847662687 47
60 48 -31.1200008 -72.0070038 0.544933259 47
62 53 -31.0799999 -72.1090012 1.00000000 47
85 21 -30.6930008 -71.4179993 0.735707045 47
89 25 -30.6170006 -71.4980011 0.634066880 47
94 42 -30.5130005 -71.8470001 0.599641502 47
99 31 -30.4319992 -71.6129990 0.698860526 47
102 32 -30.3770008 -71.6309967 0.505743504 47
103 34 -30.3579998 -71.6709976 0.671120465 47
105 64 -30.2950001 -72.2919998 0.751401842 47
106 56 -30.2840004 -72.1250000 0.487632632 47
111 24 -30.2220001 -71.4560013 0.678189635 47
8 20 -32.0810013 -71.4690018 0.740500212 48
15 28 -31.9480000 -71.6309967 0.712282836 48
23 36 -31.7970009 -71.7919998 0.674024165 48
26 23 -31.7539997 -71.5149994 0.833537519 48
30 34 -31.6730003 -71.7429962 0.827687562 48
31 14 -31.6709995 -71.3209991 0.826332211 48
45 31 -31.4050007 -71.6650009 0.772272289 48
48 35 -31.3479996 -71.7460022 0.846134901 48
53 20 -31.2700005 -71.4270020 0.923188508 48
54 16 -31.2549992 -71.3420029 0.949903846 48
60 48 -31.1200008 -72.0070038 0.658897519 48
62 53 -31.0799999 -72.1090012 1.00000000 48
80 14 -30.7880001 -71.2760010 0.817232251 48
85 21 -30.6930008 -71.4179993 0.821811497 48
94 42 -30.5130005 -71.8470001 0.697918177 48
99 49 -30.4169998 -71.9869995 0.789553761 48
103 34 -30.3579998 -71.6709976 0.870412827 48
106 12 -30.3209991 -71.2119980 0.653228700 48
111 24 -30.2220001 -71.4560013 0.947342038 48
121 12 -30.0510006 -71.1979980 0.933460712 48
15 28 -31.9480000 -71.6309967 0.752956510 49
17 34 -31.9069996 -71.7559967 0.747343242 49
23 36 -31.7970009 -71.7919998 0.812903941 49
30 10 -31.6919994 -71.2369995 0.873333156 49
30 34 -31.6730003 -71.7429962 0.894440830 49
31 14 -31.6709995 -71.3209991 0.874323249 49
45 31 -31.4050007 -71.6650009 0.715372086 49
46 44 -31.3759995 -71.9369965 0.767065704 49
48 35 -31.3479996 -71.7460022 0.867290258 49
51 21 -31.3050003 -71.4489975 0.756964266 49
65 4 -31.0660000 -71.0800018 0.936688423 49
77 15 -30.8419991 -71.3000031 0.835836649 49
80 14 -30.7880001 -71.2760010 1.00000000 49
93 18 -30.5510006 -71.3479996 0.924971223 49
98 31 -30.4500008 -71.6139984 0.703455985 49
99 49 -30.4169998 -71.9869995 0.800854266 49
106 12 -30.3209991 -71.2119980 0.992891371 49
117 6 -30.1270008 -71.0780029 0.899567187 49
120 42 -30.0440006 -71.8209991 0.906083584 49
121 12 -30.0510006 -71.1979980 0.849162519 49
13 46 -31.9689999 -72.0139999 0.789582014 50
17 34 -31.9069996 -71.7559967 0.793674707 50
26 3 -31.7700005 -71.0930023 0.809695661 50
30 10 -31.6919994 -71.2369995 0.859650075 50
45 58 -31.3810005 -72.2320023 0.892959118 50
46 37 -31.3820000 -71.7900009 0.847160816 50
46 44 -31.3759995 -71.9369965 0.830290198 50
51 21 -31.3050003 -71.4489975 0.821761847 50
65 4 -31.0660000 -71.0800018 0.733580768 50
67 10 -31.0259991 -71.2040024 0.754878521 50
67 42 -30.9990005 -71.8740005 0.715896904 50
76 27 -30.8500004 -71.5510025 0.959339023 50
77 15 -30.8419991 -71.3000031 0.889581501 50
93 18 -30.5510006 -71.3479996 1.00000000 50
98 31 -30.4500008 -71.6139984 0.876050949 50
100 48 -30.3999996 -71.9649963 0.864907563 50
101 3 -30.4179993 -71.0289993 0.841102660 50
105 66 -30.2929993 -72.3339996 0.755061924 50
117 6 -30.1270008 -71.0780029 0.760937870 50
120 42 -30.0440006 -71.8209991 0.920861244 50
13 46 -31.9689999 -72.0139999 0.753412724 51
26 3 -31.7700005 -71.0930023 0.815846741 51
29 12 -31.7089996 -71.2799988 0.876668274 51
40 30 -31.4960003 -71.6490021 0.856876493 51
45 58 -31.3810005 -72.2320023 0.921685278 51
46 37 -31.3820000 -71.7900009 0.839436948 51
52 47 -31.2649994 -71.9940033 0.658696473 51
55 19 -31.2350006 -71.4039993 0.887792945 51
55 51 -31.2080002 -72.0749969 0.798989654 51
67 10 -31.0259991 -71.2040024 0.903469026 51
67 42 -30.9990005 -71.8740005 0.809209943 51
76 27 -30.8500004 -71.5510025 0.996799946 51
81 13 -30.7709999 -71.2549973 0.824993968 51
83 29 -30.7220001 -71.5869980 0.661873221 51
95 66 -30.4729996 -72.3450012 0.924488664 51
96 45 -30.4740009 -71.9069977 1.00000000 51
100 48 -30.3999996 -71.9649963 0.973618686 51
101 3 -30.4179993 -71.0289993 0.940851569 51
105 66 -30.2929993 -72.3339996 0.930206239 51
112 17 -30.2089996 -71.3099976 0.970433176 51
3 68 -32.1279984 -72.4899979 0.743316174 52
25 46 -31.7530003 -72.0009995 0.906420946 52
29 12 -31.7089996 -71.2799988 0.884844840 52
32 63 -31.6110001 -72.3519974 0.760034978 52
40 30 -31.4960003 -71.6490021 0.895337999 52
46 45 -31.3750000 -71.9580002 0.757739544 52
49 51 -31.3160000 -72.0810013 0.985090315 52
52 47 -31.2649994 -71.9940033 0.681693792 52
55 19 -31.2350006 -71.4039993 0.962590694 52
55 51 -31.2080002 -72.0749969 0.648203850 52
81 13 -30.7709999 -71.2549973 0.817530036 52
82 58 -30.7150002 -72.1920013 1.00000000 52
83 29 -30.7220001 -71.5869980 0.929691732 52
95 66 -30.4729996 -72.3450012 0.980293036 52
96 45 -30.4740009 -71.9069977 0.964121819 52
109 52 -30.2339993 -72.0390015 0.736428499 52
112 17 -30.2089996 -71.3099976 0.993946552 52
117 44 -30.0970001 -71.8649979 0.867009938 52
118 18 -30.1000004 -71.3249969 0.920718908 52
120 32 -30.0529995 -71.6139984 0.828441918 52
3 68 -32.1279984 -72.4899979 0.589516163 53
13 68 -31.9480000 -72.4779968 0.716544628 53
25 46 -31.7530003 -72.0009995 0.568184018 53
32 63 -31.6110001 -72.3519974 0.481634855 53
37 31 -31.5489998 -71.6729965 0.643841147 53
38 17 -31.5429993 -71.3769989 0.721477807 53
45 19 -31.4150009 -71.4130020 0.679247558 53
46 9 -31.4050007 -71.2020035 0.597698569 53
46 45 -31.3750000 -71.9580002 0.496823072 53
49 51 -31.3160000 -72.0810013 0.641601980 53
76 39 -30.8400002 -71.8020020 0.627282977 53
82 58 -30.7150002 -72.1920013 0.657607555 53
88 47 -30.6170006 -71.9570007 0.573898911 53
91 16 -30.5879993 -71.3079987 0.812158227 53
100 18 -30.4249992 -71.3420029 0.649422169 53
109 52 -30.2339993 -72.0390015 0.662596047 53
117 42 -30.0990009 -71.8239975 0.919793844 53
117 44 -30.0970001 -71.8649979 0.985578120 53
118 18 -30.1000004 -71.3249969 0.629603326 53
120 32 -30.0529995 -71.6139984 0.583009601 53
13 68 -31.9480000 -72.4779968 0.637823105 54
20 63 -31.8269997 -72.3649979 0.450731099 54
27 64 -31.7000008 -72.3779984 0.371328861 54
37 31 -31.5489998 -71.6729965 0.483828813 54
38 17 -31.5429993 -71.3769989 0.595103621 54
40 54 -31.4750004 -72.1539993 0.536598086 54
45 19 -31.4150009 -71.4130020 0.465381771 54
46 9 -31.4050007 -71.2020035 0.409130841 54
65 35 -31.0419998 -71.7289963 0.634420931 54
68 37 -30.9860001 -71.7679977 1.00000000 54
68 38 -30.9850006 -71.7890015 0.985365212 54
76 39 -30.8400002 -71.8020020 0.470057160 54
82 38 -30.7329998 -71.7750015 0.347680658 54
88 47 -30.6170006 -71.9570007 0.482869983 54
89 53 -30.5930004 -72.0810013 0.548167706 54
91 16 -30.5879993 -71.3079987 0.613066912 54
95 45 -30.4920006 -71.9079971 0.469428688 54
100 18 -30.4249992 -71.3420029 0.516295433 54
101 42 -30.3869991 -71.8399963 0.624426961 54
117 42 -30.0990009 -71.8239975 0.489245683 54
20 63 -31.8269997 -72.3649979 0.481753170 55
23 28 -31.8040009 -71.6230011 0.483293265 55
24 57 -31.7609997 -72.2340012 0.514988124 55
26 21 -31.7560005 -71.4729996 0.571846187 55
27 64 -31.7000008 -72.3779984 0.401147932 55
28 17 -31.7229996 -71.3870010 0.502199590 55
40 43 -31.4850006 -71.9219971 0.475041479 55
40 54 -31.4750004 -72.1539993 0.508346319 55
57 46 -31.1760006 -71.9680023 0.454029322 55
61 27 -31.1200008 -71.5660019 0.497665882 55
65 35 -31.0419998 -71.7289963 0.543335140 55
68 37 -30.9860001 -71.7679977 1.00000000 55
68 38 -30.9850006 -71.7890015 0.977303088 55
82 38 -30.7329998 -71.7750015 0.379467279 55
89 47 -30.5990009 -71.9560013 0.461062610 55
89 53 -30.5930004 -72.0810013 0.452279836 55
95 45 -30.4920006 -71.9079971 0.439294785 55
97 17 -30.4799995 -71.3239975 0.492948294 55
101 42 -30.3869991 -71.8399963 0.456006825 55
110 47 -30.2199993 -71.9339981 0.599594176 55
6 42 -32.0979996 -71.9359970 0.948494673 56
23 28 -31.8040009 -71.6230011 0.870370030 56
24 57 -31.7609997 -72.2340012 0.949375153 56
26 21 -31.7560005 -71.4729996 0.944735050 56
27 48 -31.7150002 -72.0410004 0.897207081 56
28 17 -31.7229996 -71.3870010 0.946420729 56
40 43 -31.4850006 -71.9219971 0.811150014 56
51 21 -31.3050003 -71.4489975 0.942760587 56
57 46 -31.1760006 -71.9680023 0.805154145 56
60 40 -31.1270008 -71.8389969 0.710723639 56
61 27 -31.1200008 -71.5660019 0.970465779 56
72 22 -30.9260006 -71.4509964 0.955773950 56
89 47 -30.5990009 -71.9560013 0.888975978 56
92 57 -30.5359993 -72.1610031 0.807463646 56
97 17 -30.4799995 -71.3239975 0.979622424 56
98 5 -30.4710007 -71.0729980 0.907943964 56
105 63 -30.2959995 -72.2720032 0.734459817 56
110 12 -30.2490005 -71.2080002 0.844830513 56
110 47 -30.2199993 -71.9339981 0.675349534 56
120 59 -30.0289993 -72.1729965 0.620123088 56
3 26 -32.1660004 -71.6009979 0.578944862 57
6 42 -32.0979996 -71.9359970 0.815814614 57
7 13 -32.1049995 -71.3209991 0.699287593 57
27 48 -31.7150002 -72.0410004 0.745986223 57
51 21 -31.3050003 -71.4489975 0.752289891 57
60 40 -31.1270008 -71.8389969 0.561082125 57
72 14 -30.9319992 -71.2839966 0.815593481 57
72 22 -30.9260006 -71.4509964 0.568925321 57
74 37 -30.8780003 -71.7620010 0.622723460 57
92 57 -30.5359993 -72.1610031 0.649264753 57
98 5 -30.4710007 -71.0729980 0.787405849 57
105 63 -30.2959995 -72.2720032 0.623760402 57
108 18 -30.2800007 -71.3339996 0.730881214 57
109 8 -30.2700005 -71.1259995 0.923305333 57
110 12 -30.2490005 -71.2080002 0.902945101 57
114 51 -30.1450005 -72.0130005 0.930305123 57
116 63 -30.0979996 -72.2600021 0.380503416 57
119 4 -30.0930004 -71.0339966 0.649220288 57
120 59 -30.0289993 -72.1729965 0.664105117 57
121 36 -30.0319996 -71.6959991 0.459516257 57
3 26 -32.1660004 -71.6009979 0.724513590 58
3 57 -32.1389999 -72.2570038 0.803840399 58
7 13 -32.1049995 -71.3209991 0.809914708 58
25 21 -31.7740002 -71.4739990 0.756264508 58
32 40 -31.6320000 -71.8669968 0.817949116 58
33 42 -31.6119995 -71.9079971 0.775739729 58
45 62 -31.3780003 -72.3160019 0.689815223 58
63 15 -31.0939999 -71.3130035 0.616956949 58
72 14 -30.9319992 -71.2839966 0.829345584 58
74 37 -30.8780003 -71.7620010 0.818640649 58
106 59 -30.2819996 -72.1880035 0.810791969 58
108 4 -30.2910004 -71.0439987 0.959474266 58
108 18 -30.2800007 -71.3339996 0.727570891 58
108 42 -30.2609997 -71.8330002 0.829975128 58
109 8 -30.2700005 -71.1259995 0.998887420 58
114 51 -30.1450005 -72.0130005 0.888386786 58
116 63 -30.0979996 -72.2600021 0.492583930 58
119 4 -30.0930004 -71.0339966 0.594024181 58
119 68 -30.0389996 -72.3600006 0.971222281 58
121 36 -30.0319996 -71.6959991 0.500323892 58
2 36 -32.1759987 -71.8130035 0.956226170 59
3 57 -32.1389999 -72.2570038 0.791119695 59
23 17 -31.8129997 -71.3909988 0.576755822 59
23 59 -31.7770004 -72.2770004 0.977493107 59
25 21 -31.7740002 -71.4739990 0.935392499 59
25 59 -31.7409992 -72.2750015 0.917105794 59
32 40 -31.6320000 -71.8669968 0.876560926 59
33 42 -31.6119995 -71.9079971 0.854719758 59
44 35 -31.4200001 -71.7500000 0.881080091 59
45 62 -31.3780003 -72.3160019 0.798435926 59
60 66 -31.1040001 -72.3830032 0.845350266 59
63 15 -31.0939999 -71.3130035 0.620469093 59
83 43 -30.7099991 -71.8779984 0.895062804 59
106 59 -30.2819996 -72.1880035 0.815677524 59
108 4 -30.2910004 -71.0439987 0.791305423 59
108 42 -30.2609997 -71.8330002 0.883882999 59
114 61 -30.1359997 -72.2210007 0.868937373 59
119 16 -30.0839996 -71.2829971 0.774151146 59
119 68 -30.0389996 -72.3600006 0.920426965 59
120 51 -30.0370007 -72.0070038 0.638210595 59
2 36 -32.1759987 -71.8130035 0.726557195 60
17 57 -31.8869991 -72.2419968 0.897816598 60
18 10 -31.9090004 -71.2480011 0.616347253 60
23 17 -31.8129997 -71.3909988 0.865331292 60
23 59 -31.7770004 -72.2770004 0.904064476 60
25 59 -31.7409992 -72.2750015 0.753200233 60
44 35 -31.4200001 -71.7500000 0.742662430 60
45 22 -31.4130001 -71.4759979 0.849422753 60
47 38 -31.3630009 -71.8099976 0.950263858 60
60 66 -31.1040001 -72.3830032 0.655315161 60
65 8 -31.0629997 -71.1640015 0.899631202 60
65 35 -31.0419998 -71.7289963 0.780463874 60
67 42 -30.9990005 -71.8740005 1.00000000 60
75 56 -30.8430004 -72.1579971 0.697956443 60
83 43 -30.7099991 -71.8779984 0.749385297 60
85 14 -30.6980000 -71.2720032 0.786598623 60
100 66 -30.3829994 -72.3389969 0.729220748 60
114 61 -30.1359997 -72.2210007 0.734042525 60
119 16 -30.0839996 -71.2829971 0.764506996 60
120 51 -30.0370007 -72.0070038 0.695393205 60
7 22 -32.0970001 -71.5120010 0.618240654 61
17 57 -31.8869991 -72.2419968 0.803070784 61
18 10 -31.9090004 -71.2480011 0.745646954 61
22 35 -31.8160000 -71.7720032 0.764775574 61
44 43 -31.4130001 -71.9179993 0.834214270 61
45 22 -31.4130001 -71.4759979 0.806277096 61
47 38 -31.3630009 -71.8099976 0.896426082 61
65 8 -31.0629997 -71.1640015 0.844966471 61
65 35 -31.0419998 -71.7289963 0.585696518 61
67 42 -30.9990005 -71.8740005 0.878820300 61
75 28 -30.8670006 -71.5729980 0.652969897 61
75 56 -30.8430004 -72.1579971 0.528324902 61
80 21 -30.7830009 -71.4219971 1.00000000 61
85 14 -30.6980000 -71.2720032 0.942436635 61
87 33 -30.6469994 -71.6660004 0.693646312 61
90 61 -30.5680008 -72.2460022 0.841200531 61
92 21 -30.5660000 -71.4110031 0.792772472 61
100 32 -30.4130001 -71.6330032 0.514744759 61
100 66 -30.3829994 -72.3389969 0.692221642 61
110 13 -30.2479992 -71.2289963 0.659948826 61
4 6 -32.1640015 -71.1760025 0.859255731 62
7 22 -32.0970001 -71.5120010 0.835947752 62
15 2 -31.9689999 -71.0820007 0.589615703 62
22 35 -31.8160000 -71.7720032 0.764553785 62
24 49 -31.7679996 -72.0650024 0.654455602 62
30 51 -31.6580009 -72.1009979 0.746377885 62
44 43 -31.4130001 -71.9179993 0.817694247 62
47 11 -31.3850002 -71.2429962 0.887010455 62
67 13 -31.0230007 -71.2669983 0.878177047 62
75 28 -30.8670006 -71.5729980 0.676923037 62
79 31 -30.7929993 -71.6320038 0.528012574 62
80 21 -30.7830009 -71.4219971 0.757403791 62
80 34 -30.7719994 -71.6940002 0.761219025 62
87 33 -30.6469994 -71.6660004 0.605533242 62
90 61 -30.5680008 -72.2460022 0.622942388 62
92 21 -30.5660000 -71.4110031 1.00000000 62
99 66 -30.4009991 -72.3399963 0.790547073 62
100 32 -30.4130001 -71.6330032 0.541903794 62
110 13 -30.2479992 -71.2289963 0.641756177 62
117 40 -30.1000004 -71.7819977 0.439286768 62
4 6 -32.1640015 -71.1760025 0.848504663 63
15 2 -31.9689999 -71.0820007 0.654017985 63
24 36 -31.7789993 -71.7910004 0.806017876 63
24 49 -31.7679996 -72.0650024 0.638729274 63
30 8 -31.6940002 -71.1949997 0.808108151 63
30 51 -31.6580009 -72.1009979 0.617516398 63
35 66 -31.5540009 -72.4110031 0.827621579 63
47 11 -31.3850002 -71.2429962 0.779267073 63
51 63 -31.2689991 -72.3310013 0.912502170 63
59 4 -31.1739998 -71.0859985 0.689245462 63
67 13 -31.0230007 -71.2669983 0.737657666 63
78 62 -30.7830009 -72.2799988 0.848485351 63
79 31 -30.7929993 -71.6320038 0.517837048 63
80 34 -30.7719994 -71.6940002 0.876572669 63
89 50 -30.5960007 -72.0179977 1.00000000 63
99 66 -30.4009991 -72.3399963 0.699841976 63
115 48 -30.1289997 -71.9499969 0.880453885 63
117 40 -30.1000004 -71.7819977 0.816356480 63
118 51 -30.0730000 -72.0090027 0.769703448 63
120 37 -30.0489998 -71.7170029 0.816776752 63
13 25 -31.9869995 -71.5699997 0.666069746 64
18 50 -31.8750000 -72.0930023 0.697641194 64
24 36 -31.7789993 -71.7910004 0.697536170 64
25 52 -31.7469997 -72.1269989 0.684641361 64
30 8 -31.6940002 -71.1949997 0.635541379 64
35 66 -31.5540009 -72.4110031 0.458178371 64
45 39 -31.3980007 -71.8330002 0.652510941 64
50 6 -31.3349991 -71.1350021 0.761702299 64
51 63 -31.2689991 -72.3310013 0.577926815 64
52 36 -31.2749996 -71.7630005 0.634298563 64
56 33 -31.2049999 -71.6959991 0.745781541 64
59 4 -31.1739998 -71.0859985 0.796911418 64
77 48 -30.8139992 -71.9889984 0.764016986 64
78 62 -30.7830009 -72.2799988 0.756697536 64
86 23 -30.6730003 -71.4589996 1.00000000 64
89 50 -30.5960007 -72.0179977 0.798401654 64
115 48 -30.1289997 -71.9499969 0.621670306 64
118 51 -30.0730000 -72.0090027 0.734563351 64
119 37 -30.0669994 -71.7180023 0.347745836 64
120 37 -30.0489998 -71.7170029 0.403460592 64
3 69 -32.1269989 -72.5110016 0.573676169 65
10 14 -32.0499992 -71.3399963 0.710180581 65
13 25 -31.9869995 -71.5699997 0.729614735 65
18 50 -31.8750000 -72.0930023 0.888113379 65
25 35 -31.7619991 -71.7689972 0.749369860 65
25 52 -31.7469997 -72.1269989 0.814273477 65
30 13 -31.6900005 -71.3000031 0.696071446 65
35 23 -31.5919991 -71.5059967 0.749234796 65
41 70 -31.4419994 -72.4889984 0.558323681 65
45 39 -31.3980007 -71.8330002 0.764025986 65
50 6 -31.3349991 -71.1350021 0.976366460 65
52 36 -31.2749996 -71.7630005 0.737055779 65
56 33 -31.2049999 -71.6959991 0.846864522 65
60 21 -31.1429996 -71.4410019 0.862261117 65
77 48 -30.8139992 -71.9889984 0.954208791 65
86 23 -30.6730003 -71.4589996 0.899276435 65
86 56 -30.6450005 -72.1460037 0.611333132 65
86 56 -30.6450005 -72.1460037 0.611333132 65
102 23 -30.3850002 -71.4440002 0.863229573 65
119 37 -30.0669994 -71.7180023 0.803984344 65
3 69 -32.1269989 -72.5110016 0.873377919 66
10 14 -32.0499992 -71.3399963 0.878295779 66
16 70 -31.8920002 -72.5169983 0.800143957 66
25 35 -31.7619991 -71.7689972 0.845969915 66
30 13 -31.6900005 -71.3000031 1.00000000 66
32 25 -31.6450005 -71.5510025 0.919144928 66
35 23 -31.5919991 -71.5059967 0.810571849 66
35 54 -31.5650005 -72.1589966 0.856405139 66
35 68 -31.5520000 -72.4530029 0.851768494 66
41 70 -31.4419994 -72.4889984 0.772492468 66
60 21 -31.1429996 -71.4410019 0.915625691 66
76 54 -30.8269997 -72.1149979 0.791008472 66
86 56 -30.6450005 -72.1460037 0.843383789 66
86 56 -30.6450005 -72.1460037 0.843383789 66
90 44 -30.5830002 -71.8919983 0.605717242 66
100 68 -30.3810005 -72.3809967 0.673440754 66
102 23 -30.3850002 -71.4440002 0.808453202 66
106 45 -30.2940006 -71.8970032 0.937793672 66
112 14 -30.2110004 -71.2480011 0.806832492 66
119 14 -30.0849991 -71.2419968 0.853505790 66
6 36 -32.1040001 -71.8089981 0.761790156 67
9 20 -32.0629997 -71.4680023 0.600351870 67
16 70 -31.8920002 -72.5169983 0.756932795 67
19 9 -31.8910007 -71.2259979 1.00000000 67
24 23 -31.7900009 -71.5169983 0.810511351 67
30 71 -31.6389999 -72.5220032 0.775436103 67
32 25 -31.6450005 -71.5510025 0.772585452 67
35 54 -31.5650005 -72.1589966 0.768197358 67
35 68 -31.5520000 -72.4530029 0.883813560 67
43 22 -31.4489994 -71.4779968 0.865864158 67
76 54 -30.8269997 -72.1149979 0.888154268 67
80 34 -30.7719994 -71.6940002 0.970260561 67
90 44 -30.5830002 -71.8919983 0.559872091 67
93 24 -30.5459995 -71.4729996 0.751362085 67
96 64 -30.4570007 -72.3020020 0.729988873 67
98 16 -30.4619999 -71.3020020 0.851218104 67
100 68 -30.3810005 -72.3809967 0.691810131 67
106 45 -30.2940006 -71.8970032 0.638195097 67
112 14 -30.2110004 -71.2480011 0.598237216 67
119 14 -30.0849991 -71.2419968 0.764130533 67
3 46 -32.1489983 -72.0240021 0.711901069 68
6 13 -32.1230011 -71.3219986 0.610405207 68
6 36 -32.1040001 -71.8089981 0.644187093 68
9 20 -32.0629997 -71.4680023 0.535899639 68
19 9 -31.8910007 -71.2259979 0.916081727 68
24 23 -31.7900009 -71.5169983 0.730205774 68
30 71 -31.6389999 -72.5220032 0.840300858 68
36 51 -31.5499992 -72.0950012 0.758558571 68
40 29 -31.4969997 -71.6279984 0.719742537 68
43 22 -31.4489994 -71.4779968 0.778792024 68
58 15 -31.1840000 -71.3170013 1.00000000 68
60 50 -31.1189995 -72.0479965 0.759084880 68
75 70 -30.8299999 -72.4499969 0.720897138 68
80 34 -30.7719994 -71.6940002 0.748963892 68
89 25 -30.6170006 -71.4980011 0.639386177 68
93 24 -30.5459995 -71.4729996 0.693906903 68
94 63 -30.4939995 -72.2839966 0.682152927 68
96 64 -30.4570007 -72.3020020 0.711867332 68
98 16 -30.4619999 -71.3020020 0.742976606 68
119 4 -30.0930004 -71.0339966 0.675240457 68
3 46 -32.1489983 -72.0240021 0.679005265 69
3 55 -32.1409988 -72.2149963 0.784277797 69
6 13 -32.1230011 -71.3219986 0.596732795 69
8 27 -32.0750008 -71.6169968 0.860919654 69
12 69 -31.9650002 -72.5009995 0.741858900 69
36 51 -31.5499992 -72.0950012 0.706502616 69
37 16 -31.5620003 -71.3570023 0.808901966 69
40 29 -31.4969997 -71.6279984 0.700586677 69
41 24 -31.4829998 -71.5220032 0.708783925 69
42 40 -31.4519997 -71.8570023 0.718991280 69
56 53 -31.1879997 -72.1149979 0.666400135 69
58 15 -31.1840000 -71.3170013 0.786944449 69
60 50 -31.1189995 -72.0479965 0.609283686 69
75 70 -30.8299999 -72.4499969 0.730148792 69
89 25 -30.6170006 -71.4980011 0.782047927 69
94 63 -30.4939995 -72.2839966 0.833457470 69
100 29 -30.4160004 -71.5699997 0.799998462 69
110 51 -30.2169991 -72.0169983 1.00000000 69
111 21 -30.2240009 -71.3939972 0.828794837 69
119 4 -30.0930004 -71.0339966 0.815590978 69
3 55 -32.1409988 -72.2149963 0.866357088 70
8 27 -32.0750008 -71.6169968 0.790784478 70
12 69 -31.9650002 -72.5009995 0.656811535 70
37 16 -31.5620003 -71.3570023 0.819317520 70
38 10 -31.5480003 -71.2300034 0.620947361 70
41 24 -31.4829998 -71.5220032 0.693764091 70
42 40 -31.4519997 -71.8570023 0.708526671 70
42 60 -31.4340000 -72.2770004 0.485575736 70
44 46 -31.4099998 -71.9810028 0.682130933 70
47 62 -31.3419991 -72.3140030 0.728497922 70
48 9 -31.3689995 -71.1999969 0.843148649 70
50 42 -31.3059998 -71.8909988 0.652339578 70
56 34 -31.2049999 -71.7170029 0.703190565 70
56 53 -31.1879997 -72.1149979 0.782561481 70
75 19 -30.8740005 -71.3850021 0.917944729 70
79 20 -30.8020000 -71.4029999 0.987716973 70
100 11 -30.4300003 -71.1959991 0.561393797 70
100 29 -30.4160004 -71.5699997 0.685376525 70
110 51 -30.2169991 -72.0169983 0.935796440 70
111 21 -30.2240009 -71.3939972 0.886708379 70
21 48 -31.8230000 -72.0469971 0.726806998 71
30 63 -31.6469994 -72.3539963 0.804959774 71
35 69 -31.5510006 -72.4739990 0.650037706 71
38 10 -31.5480003 -71.2300034 0.657010436 71
42 60 -31.4340000 -72.2770004 0.821534276 71
44 46 -31.4099998 -71.9810028 0.714754581 71
47 62 -31.3419991 -72.3140030 0.719069541 71
48 9 -31.3689995 -71.1999969 0.726375759 71
50 42 -31.3059998 -71.8909988 0.633214295 71
56 34 -31.2049999 -71.7170029 0.719723463 71
62 3 -31.1210003 -71.0619965 0.685744643 71
75 19 -30.8740005 -71.3850021 0.815730870 71
78 38 -30.8050003 -71.7789993 0.627807796 71
79 20 -30.8020000 -71.4029999 0.967506886 71
87 16 -30.6609993 -71.3119965 0.721710622 71
89 50 -30.5960007 -72.0179977 0.684987009 71
92 46 -30.5459995 -71.9319992 0.467165053 71
100 11 -30.4300003 -71.1959991 0.446804106 71
104 69 -30.3080006 -72.3970032 0.703196943 71
120 38 -30.0480003 -71.7379990 0.750526130 71
4 31 -32.1440010 -71.7050018 0.763147116 72
5 17 -32.1370010 -71.4079971 0.550427198 72
12 64 -31.9699993 -72.3949966 0.735325694 72
21 48 -31.8230000 -72.0469971 0.784293652 72
30 63 -31.6469994 -72.3539963 0.943145394 72
33 24 -31.6270008 -71.5289993 0.766701758 72
35 69 -31.5510006 -72.4739990 0.631098211 72
44 50 -31.4069996 -72.0650024 0.802133799 72
56 20 -31.2159996 -71.4240036 0.720593512 72
62 3 -31.1210003 -71.0619965 0.562243998 72
71 37 -30.9319992 -71.7649994 0.583449066 72
78 38 -30.8050003 -71.7789993 0.812896490 72
82 70 -30.7040005 -72.4430008 0.774417758 72
86 44 -30.6550007 -71.8960037 0.973726630 72
87 16 -30.6609993 -71.3119965 0.641365886 72
88 57 -30.6079998 -72.1650009 0.662775874 72
89 50 -30.5960007 -72.0179977 0.376256019 72
92 46 -30.5459995 -71.9319992 0.593207479 72
104 69 -30.3080006 -72.3970032 0.815034032 72
120 38 -30.0480003 -71.7379990 0.774029732 72
4 31 -32.1440010 -71.7050018 0.865204990 73
5 17 -32.1370010 -71.4079971 0.617249310 73
12 52 -31.9810009 -72.1409988 0.641517103 73
12 64 -31.9699993 -72.3949966 0.837757826 73
14 52 -31.9449997 -72.1389999 0.652830660 73
24 62 -31.7560005 -72.3389969 0.644403517 73
25 61 -31.7390003 -72.3170013 0.636813998 73
33 24 -31.6270008 -71.5289993 0.811171353 73
44 50 -31.4069996 -72.0650024 0.802397966 73
56 20 -31.2159996 -71.4240036 0.725896060 73
64 71 -31.0270004 -72.4840012 0.910270154 73
71 37 -30.9319992 -71.7649994 0.686455667 73
82 70 -30.7040005 -72.4430008 0.822024882 73
84 62 -30.6749992 -72.2740021 0.891128063 73
86 44 -30.6550007 -71.8960037 1.00000000 73
88 57 -30.6079998 -72.1650009 0.726526856 73
88 60 -30.6049995 -72.2279968 0.521492660 73
92 22 -30.5660000 -71.4319992 0.862774074 73
105 37 -30.3190002 -71.7320023 0.756300688 73
120 39 -30.0470009 -71.7590027 0.760788023 73
10 32 -32.0349998 -71.7210007 0.634391546 74
12 52 -31.9810009 -72.1409988 0.518128991 74
14 52 -31.9449997 -72.1389999 0.675049663 74
24 62 -31.7560005 -72.3389969 0.574700594 74
25 61 -31.7390003 -72.3170013 0.657659173 74
30 37 -31.6700001 -71.8059998 0.709407926 74
49 18 -31.3439999 -71.3880005 0.605181336 74
64 71 -31.0270004 -72.4840012 0.823051810 74
68 10 -31.0079994 -71.2030029 0.690921128 74
84 62 -30.6749992 -72.2740021 0.891589403 74
88 60 -30.6049995 -72.2279968 0.692792952 74
92 22 -30.5660000 -71.4319992 0.836846590 74
93 13 -30.5550003 -71.2440033 0.695054948 74
95 6 -30.5240002 -71.0960007 0.673508048 74
101 20 -30.4050007 -71.3820038 0.639259458 74
105 37 -30.3190002 -71.7320023 0.479574740 74
106 2 -30.3290005 -71.0039978 0.739869177 74
110 9 -30.2509995 -71.1460037 1.00000000 74
120 39 -30.0470009 -71.7590027 0.658215225 74
121 54 -30.0160007 -72.0680008 0.529133618 74
3 12 -32.1769981 -71.3040009 0.770990729 75
10 32 -32.0349998 -71.7210007 0.588223636 75
23 34 -31.7989998 -71.7500000 0.716765106 75
30 37 -31.6700001 -71.8059998 0.708155036 75
35 47 -31.5720005 -72.0120010 0.673633337 75
49 18 -31.3439999 -71.3880005 0.752080858 75
59 7 -31.1720009 -71.1490021 0.643443286 75
67 63 -30.9799995 -72.3130035 0.660720289 75
68 10 -31.0079994 -71.2030029 0.722111225 75
68 49 -30.9750004 -72.0189972 0.773215592 75
84 69 -30.6679993 -72.4189987 0.685416996 75
91 59 -30.5520000 -72.2040024 1.00000000 75
93 13 -30.5550003 -71.2440033 0.719138801 75
95 6 -30.5240002 -71.0960007 0.640304506 75
98 59 -30.4260006 -72.1959991 0.675968528 75
101 20 -30.4050007 -71.3820038 0.803415000 75
106 2 -30.3290005 -71.0039978 0.854549050 75
106 42 -30.2970009 -71.8349991 0.611474693 75
110 9 -30.2509995 -71.1460037 0.832507372 75
121 54 -30.0160007 -72.0680008 0.480293423 75
3 12 -32.1769981 -71.3040009 0.722949564 76
6 20 -32.1170006 -71.4710007 0.710523427 76
18 5 -31.9120007 -71.1419983 0.504280388 76
20 27 -31.8589993 -71.6050034 0.683911502 76
21 53 -31.8180008 -72.1529999 0.814370811 76
23 34 -31.7989998 -71.7500000 0.713689744 76
35 47 -31.5720005 -72.0120010 0.654331326 76
38 57 -31.5079994 -72.2190018 0.596124470 76
57 10 -31.2059994 -71.2129974 0.675759315 76
59 7 -31.1720009 -71.1490021 0.645729184 76
65 1 -31.0680008 -71.0179977 0.764271915 76
67 34 -31.0060005 -71.7060013 0.618397951 76
67 63 -30.9799995 -72.3130035 0.631854415 76
68 49 -30.9750004 -72.0189972 0.447262317 76
84 69 -30.6679993 -72.4189987 0.713765264 76
91 59 -30.5520000 -72.2040024 0.786514401 76
93 30 -30.5410004 -71.5979996 0.649232328 76
95 54 -30.4839993 -72.0950012 0.515819252 76
98 59 -30.4260006 -72.1959991 0.760850787 76
106 42 -30.2970009 -71.8349991 1.00000000 76
6 20 -32.1170006 -71.4710007 0.808692038 77
17 48 -31.8950005 -72.0520020 0.687675178 77
18 5 -31.9120007 -71.1419983 0.481772184 77
18 15 -31.9050007 -71.3539963 0.820182920 77
20 27 -31.8589993 -71.6050034 0.731637299 77
20 71 -31.8190002 -72.5339966 0.719183743 77
21 53 -31.8180008 -72.1529999 0.740092933 77
24 50 -31.7670002 -72.0859985 0.754644752 77
38 57 -31.5079994 -72.2190018 0.692386925 77
47 16 -31.3810005 -71.3479996 0.781869292 77
49 45 -31.3209991 -71.9550018 0.629339099 77
57 10 -31.2059994 -71.2129974 0.941350698 77
65 1 -31.0680008 -71.0179977 1.00000000 77
67 34 -31.0060005 -71.7060013 0.434441328 77
70 23 -30.9610004 -71.4739990 0.676494241 77
84 27 -30.7059994 -71.5439987 0.945366681 77
86 49 -30.6509991 -72.0009995 0.744745314 77
93 30 -30.5410004 -71.5979996 0.561881006 77
95 54 -30.4839993 -72.0950012 0.661483169 77
115 20 -30.1529999 -71.3700027 0.594886780 77
1 54 -32.1780014 -72.1959991 0.768713176 78
6 17 -32.1189995 -71.4069977 0.721083343 78
8 32 -32.0709991 -71.7229996 0.692268133 78
17 48 -31.8950005 -72.0520020 0.665521383 78
18 15 -31.9050007 -71.3539963 0.916160822 78
18 45 -31.8799992 -71.9869995 0.737986147 78
20 71 -31.8190002 -72.5339966 0.797038615 78
24 50 -31.7670002 -72.0859985 0.792446613 78
42 14 -31.4729996 -71.3109970 0.657354474 78
47 16 -31.3810005 -71.3479996 0.807835996 78
49 45 -31.3209991 -71.9550018 0.620271862 78
51 48 -31.2819996 -72.0159988 0.760834455 78
69 39 -30.9659996 -71.8089981 0.980113089 78
70 23 -30.9610004 -71.4739990 0.572763801 78
84 27 -30.7059994 -71.5439987 0.795989037 78
86 49 -30.6509991 -72.0009995 0.760529041 78
97 26 -30.4720001 -71.5110016 0.689567566 78
106 8 -30.3239994 -71.1279984 0.796118557 78
106 56 -30.2840004 -72.1250000 0.730430424 78
115 20 -30.1529999 -71.3700027 0.790285230 78
1 54 -32.1780014 -72.1959991 0.494550467 79
6 17 -32.1189995 -71.4069977 0.587417841 79
8 32 -32.0709991 -71.7229996 0.574842274 79
18 45 -31.8799992 -71.9869995 0.604858160 79
30 13 -31.6900005 -71.3000031 0.751616359 79
35 4 -31.6070004 -71.1060028 0.636786401 79
42 14 -31.4729996 -71.3109970 0.654402316 79
51 48 -31.2819996 -72.0159988 0.648112297 79
60 44 -31.1240005 -71.9229965 0.638018787 79
66 36 -31.0230007 -71.7490005 0.703242600 79
67 44 -30.9979992 -71.9160004 0.836284995 79
69 39 -30.9659996 -71.8089981 1.00000000 79
79 25 -30.7980003 -71.5070038 0.483142227 79
87 58 -30.6250000 -72.1869965 0.576762319 79
92 53 -30.5389996 -72.0780029 0.596346498 79
94 19 -30.5319996 -71.3679962 0.696392536 79
97 26 -30.4720001 -71.5110016 0.590670884 79
106 8 -30.3239994 -71.1279984 0.636785209 79
106 56 -30.2840004 -72.1250000 0.680747271 79
109 32 -30.2509995 -71.6240005 0.738403380 79
2 31 -32.1800003 -71.7070007 0.694051623 80
8 22 -32.0789986 -71.5110016 0.719602704 80
27 26 -31.7339993 -71.5770035 0.766754150 80
30 13 -31.6900005 -71.3000031 0.773219585 80
35 4 -31.6070004 -71.1060028 0.610517800 80
37 22 -31.5569992 -71.4840012 0.730009675 80
54 56 -31.2210007 -72.1809998 0.842677057 80
60 44 -31.1240005 -71.9229965 0.684795439 80
66 36 -31.0230007 -71.7490005 0.713313341 80
67 44 -30.9979992 -71.9160004 0.764876366 80
73 16 -30.9130001 -71.3239975 0.628453910 80
79 25 -30.7980003 -71.5070038 0.664856255 80
82 8 -30.7570000 -71.1490021 1.00000000 80
87 58 -30.6250000 -72.1869965 0.947593808 80
92 53 -30.5389996 -72.0780029 0.687919140 80
94 19 -30.5319996 -71.3679962 0.665924609 80
106 14 -30.3199997 -71.2529984 0.517836332 80
109 32 -30.2509995 -71.6240005 0.840096176 80
116 67 -30.0939999 -72.3430023 0.638354659 80
118 42 -30.0799999 -71.8229980 0.624272287 80
1 38 -32.1920013 -71.8570023 0.445155591 81
2 31 -32.1800003 -71.7070007 0.508800328 81
2 36 -32.1759987 -71.8130035 0.628692508 81
8 22 -32.0789986 -71.5110016 0.766231418 81
27 26 -31.7339993 -71.5770035 0.797918916 81
37 22 -31.5569992 -71.4840012 0.753070474 81
44 21 -31.4319992 -71.4560013 0.823444903 81
52 34 -31.2770004 -71.7210007 0.694081008 81
54 32 -31.2420006 -71.6770020 0.789285243 81
54 56 -31.2210007 -72.1809998 0.713935971 81
65 56 -31.0230007 -72.1689987 0.819136977 81
73 16 -30.9130001 -71.3239975 0.607297122 81
75 4 -30.8859997 -71.0719986 0.561732769 81
81 23 -30.7630005 -71.4629974 0.910990477 81
82 8 -30.7570000 -71.1490021 1.00000000 81
91 23 -30.5830002 -71.4540024 0.707595766 81
103 43 -30.3500004 -71.8580017 0.757404327 81
106 14 -30.3199997 -71.2529984 0.600535452 81
116 67 -30.0939999 -72.3430023 0.608197153 81
118 42 -30.0799999 -71.8229980 0.809647620 81
1 38 -32.1920013 -71.8570023 0.551040590 82
2 36 -32.1759987 -71.8130035 0.743129969 82
18 52 -31.8729992 -72.1350021 0.845266581 82
28 16 -31.7240009 -71.3659973 0.862883151 82
44 21 -31.4319992 -71.4560013 0.835445583 82
49 32 -31.3320007 -71.6819992 0.641456723 82
52 34 -31.2770004 -71.7210007 1.00000000 82
54 32 -31.2420006 -71.6770020 0.760897100 82
55 11 -31.2409992 -71.2360001 0.710957408 82
65 56 -31.0230007 -72.1689987 0.823142648 82
75 4 -30.8859997 -71.0719986 0.631856799 82
77 24 -30.8339996 -71.4879990 0.840261400 82
81 23 -30.7630005 -71.4629974 0.694960117 82
84 5 -30.7229996 -71.0849991 0.569953680 82
87 67 -30.6159992 -72.3740005 0.888858378 82
91 23 -30.5830002 -71.4540024 0.739407659 82
92 10 -30.5750008 -71.1819992 0.996221244 82
101 29 -30.3980007 -71.5690002 0.917839468 82
103 43 -30.3500004 -71.8580017 0.658511519 82
114 58 -30.1380005 -72.1579971 0.982790291 82
17 14 -31.9239998 -71.3330002 0.928315878 83
18 52 -31.8729992 -72.1350021 1.00000000 83
19 15 -31.8869991 -71.3529968 0.778764486 83
22 22 -31.8269997 -71.4980011 0.795196593 83
28 14 -31.7250004 -71.3229980 0.784695745 83
28 16 -31.7240009 -71.3659973 0.901828229 83
31 7 -31.6770000 -71.1729965 0.749315560 83
49 32 -31.3320007 -71.6819992 0.684931457 83
50 33 -31.3139992 -71.7020035 0.680090487 83
55 11 -31.2409992 -71.2360001 0.834323347 83
64 5 -31.0830002 -71.1019974 0.631199658 83
77 24 -30.8339996 -71.4879990 0.711479068 83
84 5 -30.7229996 -71.0849991 0.742105722 83
87 67 -30.6159992 -72.3740005 0.770089149 83
92 10 -30.5750008 -71.1819992 0.974089682 83
96 20 -30.4950008 -71.3870010 0.952508211 83
98 51 -30.4330006 -72.0299988 0.821790457 83
101 29 -30.3980007 -71.5690002 0.774251819 83
114 58 -30.1380005 -72.1579971 0.853009820 83
116 59 -30.1009998 -72.1770020 0.795224965 83
13 23 -31.9880009 -71.5270004 0.689789832 84
17 14 -31.9239998 -71.3330002 0.712229788 84
19 15 -31.8869991 -71.3529968 0.750449121 84
22 22 -31.8269997 -71.4980011 0.719731092 84
28 14 -31.7250004 -71.3229980 0.609421790 84
31 7 -31.6770000 -71.1729965 0.769964218 84
36 6 -31.5869999 -71.1480026 0.644239187 84
50 33 -31.3139992 -71.7020035 0.634423614 84
64 5 -31.0830002 -71.1019974 0.687744021 84
66 3 -31.0489998 -71.0589981 0.792487741 84
67 36 -31.0049992 -71.7480011 0.600723028 84
73 22 -30.9080009 -71.4499969 0.862498820 84
74 19 -30.8920002 -71.3860016 0.680816591 84
84 65 -30.6720009 -72.3359985 0.637065470 84
87 38 -30.6429996 -71.7699966 0.829069018 84
94 16 -30.5340004 -71.3050003 0.549935341 84
96 20 -30.4950008 -71.3870010 0.759690702 84
98 51 -30.4330006 -72.0299988 1.00000000 84
101 63 -30.3680000 -72.2760010 0.598261237 84
116 59 -30.1009998 -72.1770020 0.731122792 84
13 23 -31.9880009 -71.5270004 0.812191904 85
16 45 -31.9160004 -71.9889984 0.887088597 85
18 30 -31.8929996 -71.6699982 0.829327583 85
26 31 -31.7479992 -71.6839981 0.813166201 85
27 43 -31.7189999 -71.9359970 0.800272763 85
36 6 -31.5869999 -71.1480026 0.631857038 85
49 58 -31.3090000 -72.2279968 0.794182897 85
64 12 -31.0779991 -71.2490005 0.709837914 85
66 3 -31.0489998 -71.0589981 0.954093456 85
67 36 -31.0049992 -71.7480011 0.551887095 85
73 22 -30.9080009 -71.4499969 0.903598785 85
74 19 -30.8920002 -71.3860016 0.603289187 85
74 26 -30.8869991 -71.5329971 0.825934768 85
79 20 -30.8020000 -71.4029999 0.741079509 85
84 65 -30.6720009 -72.3359985 0.600871623 85
87 38 -30.6429996 -71.7699966 0.806309700 85
94 16 -30.5340004 -71.3050003 0.957360804 85
101 63 -30.3680000 -72.2760010 0.720566332 85
102 21 -30.3859997 -71.4020004 0.781823874 85
117 22 -30.1149998 -71.4089966 0.788522840 85
1 49 -32.1819992 -72.0899963 0.864339411 86
16 45 -31.9160004 -71.9889984 1.00000000 86
18 30 -31.8929996 -71.6699982 0.803755164 86
23 6 -31.8220005 -71.1589966 0.696073711 86
26 31 -31.7479992 -71.6839981 0.791720510 86
27 43 -31.7189999 -71.9359970 0.778911114 86
30 64 -31.6459999 -72.3750000 0.972271800 86
39 50 -31.4969997 -72.0709991 0.912512481 86
49 58 -31.3090000 -72.2279968 0.950285316 86
64 12 -31.0779991 -71.2490005 0.644773960 86
64 54 -31.0429993 -72.1279984 0.779049456 86
66 7 -31.0459995 -71.1419983 0.771268606 86
74 26 -30.8869991 -71.5329971 0.948186636 86
79 20 -30.8020000 -71.4029999 0.813405037 86
86 66 -30.6350002 -72.3550034 0.824243367 86
102 21 -30.3859997 -71.4020004 0.796734869 86
105 3 -30.3460007 -71.0250015 0.890909433 86
107 21 -30.2959995 -71.3980026 0.879003644 86
117 22 -30.1149998 -71.4089966 0.942724288 86
121 65 -30.0060005 -72.2959976 0.727549613 86
1 49 -32.1819992 -72.0899963 0.827407837 87
11 38 -32.0120010 -71.8470001 0.716432214 87
19 56 -31.8519993 -72.2180023 0.792040288 87
21 33 -31.8360004 -71.7310028 0.755500257 87
23 6 -31.8220005 -71.1589966 0.765126884 87
30 64 -31.6459999 -72.3750000 0.872417092 87
39 50 -31.4969997 -72.0709991 0.749468267 87
52 63 -31.2509995 -72.3290024 0.748227894 87
55 53 -31.2059994 -72.1169968 0.845024168 87
64 54 -31.0429993 -72.1279984 0.807613432 87
66 7 -31.0459995 -71.1419983 0.698476076 87
72 68 -30.8859997 -72.4120026 0.618538141 87
83 64 -30.6910000 -72.3160019 0.844208181 87
86 66 -30.6350002 -72.3550034 0.882906258 87
92 9 -30.5760002 -71.1610031 0.677394331 87
105 3 -30.3460007 -71.0250015 0.983941078 87
107 21 -30.2959995 -71.3980026 1.00000000 87
114 60 -30.1359997 -72.1999969 0.745733619 87
118 60 -30.0639992 -72.1959991 0.772511184 87
121 65 -30.0060005 -72.2959976 0.755524039 87
1 34 -32.1959991 -71.7720032 0.714920163 88
11 38 -32.0120010 -71.8470001 0.990122199 88
17 59 -31.8850002 -72.2839966 0.768218040 88
19 56 -31.8519993 -72.2180023 0.680195749 88
21 33 -31.8360004 -71.7310028 0.762433946 88
26 40 -31.7399998 -71.8730011 0.780192494 88
28 17 -31.7229996 -71.3870010 0.834187448 88
31 19 -31.6669998 -71.4260025 0.895096004 88
52 63 -31.2509995 -72.3290024 0.791778803 88
55 53 -31.2059994 -72.1169968 0.629164219 88
60 23 -31.1420002 -71.4830017 0.810982168 88
72 68 -30.8859997 -72.4120026 0.771567762 88
83 64 -30.6910000 -72.3160019 0.806409240 88
85 34 -30.6819992 -71.6890030 0.850859404 88
92 9 -30.5760002 -71.1610031 0.781041086 88
109 3 -30.2740002 -71.0220032 0.823491216 88
110 69 -30.2000008 -72.3909988 0.668419302 88
114 60 -30.1359997 -72.1999969 0.922230363 88
118 53 -30.0709991 -72.0510025 0.533504009 88
118 60 -30.0639992 -72.1959991 0.722430944 88
1 34 -32.1959991 -71.7720032 0.690536678 89
14 41 -31.9549999 -71.9069977 0.883670509 89
14 49 -31.9480000 -72.0759964 0.846491635 89
17 59 -31.8850002 -72.2839966 0.959951639 89
26 40 -31.7399998 -71.8730011 0.849897504 89
28 17 -31.7229996 -71.3870010 0.987884521 89
31 19 -31.6669998 -71.4260025 1.00000000 89
34 32 -31.6030006 -71.6969986 0.847522855 89
41 32 -31.4769993 -71.6900024 0.844677329 89
60 23 -31.1420002 -71.4830017 0.839261651 89
75 46 -30.8519993 -71.9489975 0.911822617 89
84 23 -30.7089996 -71.4599991 0.751502931 89
85 34 -30.6819992 -71.6890030 0.914899647 89
94 7 -30.5410004 -71.1179962 0.734354258 89
100 15 -30.4270000 -71.2789993 0.636983991 89
109 3 -30.2740002 -71.0220032 0.910244942 89
110 69 -30.2000008 -72.3909988 0.641050816 89
117 27 -30.1110001 -71.5130005 0.744024932 89
118 10 -30.1060009 -71.1600037 0.707103848 89
118 53 -30.0709991 -72.0510025 0.721234798 89
14 41 -31.9549999 -71.9069977 0.906221390 90
14 49 -31.9480000 -72.0759964 0.724282384 90
16 3 -31.9500008 -71.1019974 0.850798666 90
16 58 -31.9039993 -72.2639999 0.760374486 90
20 34 -31.8530006 -71.7529984 0.817531288 90
29 11 -31.7099991 -71.2590027 0.809136331 90
34 32 -31.6030006 -71.6969986 0.789512753 90
41 32 -31.4769993 -71.6900024 0.774274290 90
45 47 -31.3910007 -72.0009995 0.916492283 90
45 70 -31.3700008 -72.4840012 0.620532036 90
75 46 -30.8519993 -71.9489975 0.824324965 90
84 23 -30.7089996 -71.4599991 0.698723733 90
94 7 -30.5410004 -71.1179962 0.749753356 90
100 15 -30.4270000 -71.2789993 0.623761356 90
102 68 -30.3449993 -72.3789978 0.747891009 90
113 30 -30.1809998 -71.5790024 0.879680634 90
117 27 -30.1110001 -71.5130005 0.750356972 90
118 10 -30.1060009 -71.1600037 0.782360196 90
119 28 -30.0739994 -71.5319977 0.828663647 90
120 59 -30.0289993 -72.1729965 1.00000000 90
16 3 -31.9500008 -71.1019974 0.878462136 91
16 58 -31.9039993 -72.2639999 0.722022414 91
20 34 -31.8530006 -71.7529984 0.922703266 91
29 11 -31.7099991 -71.2590027 0.976916730 91
45 47 -31.3910007 -72.0009995 0.988484323 91
45 70 -31.3700008 -72.4840012 0.703200996 91
59 66 -31.1219997 -72.3850021 0.740030706 91
65 14 -31.0590000 -71.2900009 0.951855659 91
78 41 -30.8020000 -71.8420029 0.624519527 91
81 17 -30.7679996 -71.3379974 0.695107281 91
85 29 -30.6860008 -71.5849991 0.774702787 91
89 19 -30.6219997 -71.3720016 0.771515131 91
91 34 -30.5739994 -71.6829987 0.857257605 91
102 68 -30.3449993 -72.3789978 1.00000000 91
107 25 -30.2929993 -71.4810028 0.955998540 91
113 30 -30.1809998 -71.5790024 0.870018005 91
116 3 -30.1480007 -71.0159988 0.799204588 91
116 53 -30.1070004 -72.0530014 0.842943668 91
119 28 -30.0739994 -71.5319977 0.816767752 91
120 59 -30.0289993 -72.1729965 0.852519989 91
1 34 -32.1959991 -71.7720032 1.00000000 92
7 54 -32.0699997 -72.1890030 0.793220162 92
22 28 -31.8220005 -71.6240005 0.719996750 92
28 21 -31.7199993 -71.4710007 0.731771171 92
51 2 -31.3199997 -71.0510025 0.628682673 92
59 66 -31.1219997 -72.3850021 0.960914552 92
65 14 -31.0590000 -71.2900009 0.541011870 92
71 16 -30.9489994 -71.3259964 0.800087869 92
76 5 -30.8670006 -71.0920029 0.711276233 92
78 41 -30.8020000 -71.8420029 0.835843742 92
81 17 -30.7679996 -71.3379974 0.443798989 92
81 39 -30.7500000 -71.7969971 0.861092806 92
85 29 -30.6860008 -71.5849991 0.649110198 92
89 19 -30.6219997 -71.3720016 0.946163297 92
91 17 -30.5879993 -71.3290024 0.778240979 92
91 34 -30.5739994 -71.6829987 0.907659769 92
100 59 -30.3899994 -72.1940002 0.458932042 92
107 25 -30.2929993 -71.4810028 0.759790361 92
116 3 -30.1480007 -71.0159988 0.727951586 92
116 53 -30.1070004 -72.0530014 0.741469979 92
1 34 -32.1959991 -71.7720032 0.993809819 93
7 54 -32.0699997 -72.1890030 0.907872081 93
8 4 -32.0929985 -71.1299973 0.901974082 93
21 42 -31.8279991 -71.9209976 0.639040828 93
22 28 -31.8220005 -71.6240005 0.653876662 93
23 17 -31.8129997 -71.3909988 0.638595581 93
27 41 -31.7210007 -71.8939972 0.654980242 93
28 21 -31.7199993 -71.4710007 0.691756845 93
29 13 -31.7080002 -71.3010025 0.628146648 93
35 3 -31.6079998 -71.0849991 0.658627331 93
35 52 -31.5669994 -72.1169968 0.806836903 93
51 2 -31.3199997 -71.0510025 0.934571624 93
71 16 -30.9489994 -71.3259964 0.641518056 93
76 5 -30.8670006 -71.0920029 0.648870409 93
81 39 -30.7500000 -71.7969971 0.744287372 93
82 5 -30.7590008 -71.0869980 0.630061030 93
91 17 -30.5879993 -71.3290024 0.787377715 93
100 59 -30.3899994 -72.1940002 0.657384813 93
106 11 -30.3220005 -71.1910019 0.679305434 93
116 37 -30.1210003 -71.7210007 0.758510411 93
8 4 -32.0929985 -71.1299973 0.908497274 94
9 17 -32.0649986 -71.4039993 0.672934175 94
13 43 -31.9720001 -71.9499969 0.767499328 94
17 60 -31.8840008 -72.3050003 0.446409702 94
21 42 -31.8279991 -71.9209976 0.693073750 94
23 17 -31.8129997 -71.3909988 0.585618138 94
27 41 -31.7210007 -71.8939972 0.614171565 94
29 13 -31.7080002 -71.3010025 0.579196572 94
29 68 -31.6599998 -72.4599991 1.00000000 94
35 3 -31.6079998 -71.0849991 0.652337968 94
35 52 -31.5669994 -72.1169968 0.647173107 94
41 29 -31.4790001 -71.6269989 0.695605755 94
52 65 -31.2490005 -72.3710022 0.927967191 94
60 55 -31.1140003 -72.1529999 0.714865625 94
82 5 -30.7590008 -71.0869980 0.644461095 94
85 56 -30.6630001 -72.1470032 0.884411752 94
90 29 -30.5960007 -71.5800018 0.636312068 94
106 11 -30.3220005 -71.1910019 0.640516400 94
114 33 -30.1599998 -71.6399994 0.664112687 94
116 37 -30.1210003 -71.7210007 0.694571733 94
9 17 -32.0649986 -71.4039993 0.674998999 95
13 43 -31.9720001 -71.9499969 0.677084744 95
16 27 -31.9309998 -71.6090012 0.784259856 95
17 60 -31.8840008 -72.3050003 0.597587287 95
29 68 -31.6599998 -72.4599991 0.769901335 95
41 29 -31.4790001 -71.6269989 0.704881251 95
50 12 -31.3299999 -71.2610016 0.714757383 95
52 65 -31.2490005 -72.3710022 0.906109214 95
55 64 -31.1959991 -72.3470001 0.782952905 95
60 55 -31.1140003 -72.1529999 0.647301257 95
66 47 -31.0130005 -71.9789963 0.882474005 95
72 22 -30.9260006 -71.4509964 0.622335613 95
83 16 -30.7329998 -71.3150024 0.705288172 95
85 56 -30.6630001 -72.1470032 1.00000000 95
90 29 -30.5960007 -71.5800018 0.838278234 95
93 68 -30.5070000 -72.3889999 0.521405041 95
101 48 -30.3820000 -71.9639969 0.942730308 95
113 69 -30.1459999 -72.3870010 0.736295164 95
114 33 -30.1599998 -71.6399994 0.625357509 95
121 56 -30.0139999 -72.1100006 0.742403388 95
15 3 -31.9680004 -71.1029968 0.653141618 96
16 27 -31.9309998 -71.6090012 0.791125596 96
17 60 -31.8840008 -72.3050003 0.677139103 96
20 66 -31.8239994 -72.4280014 1.00000000 96
23 26 -31.8059998 -71.5810013 0.795822203 96
30 17 -31.6870003 -71.3850021 0.755877137 96
44 46 -31.4099998 -71.9810028 0.794087648 96
50 12 -31.3299999 -71.2610016 0.901101291 96
50 55 -31.2940006 -72.1640015 0.876937568 96
55 64 -31.1959991 -72.3470001 0.525934815 96
66 47 -31.0130005 -71.9789963 0.818124950 96
72 22 -30.9260006 -71.4509964 0.712684095 96
75 9 -30.8820000 -71.1760025 0.757500648 96
77 35 -30.8250008 -71.7180023 0.924664438 96
83 2 -30.7430000 -71.0230026 0.645494223 96
83 16 -30.7329998 -71.3150024 0.859043956 96
93 68 -30.5070000 -72.3889999 0.782799423 96
101 48 -30.3820000 -71.9639969 0.867494047 96
113 69 -30.1459999 -72.3870010 0.821985304 96
121 56 -30.0139999 -72.1100006 0.793952286 96
5 42 -32.1170006 -71.9369965 0.696948051 97
15 3 -31.9680004 -71.1029968 0.594890237 97
15 34 -31.9430008 -71.7580032 0.607219577 97
16 15 -31.9410000 -71.3560028 0.539050519 97
17 60 -31.8840008 -72.3050003 0.609139919 97
18 43 -31.8810005 -71.9449997 0.637453794 97
20 66 -31.8239994 -72.4280014 1.00000000 97
23 26 -31.8059998 -71.5810013 0.674384892 97
30 17 -31.6870003 -71.3850021 0.740120232 97
30 58 -31.6520004 -72.2480011 0.529836237 97
35 13 -31.6000004 -71.2959976 0.582392395 97
44 46 -31.4099998 -71.9810028 0.599430919 97
50 55 -31.2940006 -72.1640015 0.705594957 97
60 67 -31.1030006 -72.4039993 0.778884232 97
75 9 -30.8820000 -71.1760025 0.777735353 97
77 35 -30.8250008 -71.7180023 0.842863560 97
83 2 -30.7430000 -71.0230026 0.556409121 97
87 24 -30.6539993 -71.4789963 0.701043367 97
99 8 -30.4500008 -71.1350021 0.763445020 97
119 11 -30.0879993 -71.1790009 0.636358023 97
5 42 -32.1170006 -71.9369965 0.654821396 98
15 34 -31.9430008 -71.7580032 0.503049612 98
16 15 -31.9410000 -71.3560028 0.800245583 98
18 43 -31.8810005 -71.9449997 0.590449810 98
29 23 -31.7000008 -71.5120010 0.735328376 98
30 58 -31.6520004 -72.2480011 0.623070598 98
35 13 -31.6000004 -71.2959976 0.806517243 98
36 37 -31.5620003 -71.8000031 0.712841868 98
42 14 -31.4729996 -71.3109970 0.988830984 98
53 67 -31.2290001 -72.4120026 0.835229754 98
55 57 -31.2019997 -72.1999969 0.594327927 98
60 67 -31.1030006 -72.4039993 0.877895296 98
61 27 -31.1200008 -71.5660019 0.816537261 98
68 54 -30.9710007 -72.1240005 0.595199585 98
74 23 -30.8889999 -71.4700012 0.913014412 98
87 24 -30.6539993 -71.4789963 0.981176853 98
87 29 -30.6499996 -71.5830002 0.703623772 98
94 9 -30.5400009 -71.1600037 0.607722998 98
99 8 -30.4500008 -71.1350021 0.703701317 98
119 11 -30.0879993 -71.1790009 0.678044677 98
8 4 -32.0929985 -71.1299973 0.896653056 99
23 63 -31.7730007 -72.3619995 0.718279183 99
25 27 -31.7689991 -71.5999985 0.658470094 99
29 23 -31.7000008 -71.5120010 0.676912308 99
36 37 -31.5620003 -71.8000031 0.763978899 99
42 14 -31.4729996 -71.3109970 0.880590916 99
45 37 -31.3999996 -71.7910004 0.794931650 99
48 4 -31.3729992 -71.0950012 0.732659459 99
53 33 -31.2590008 -71.6989975 0.796069026 99
53 58 -31.2369995 -72.2239990 0.578491032 99
53 67 -31.2290001 -72.4120026 0.811058521 99
54 59 -31.2180004 -72.2429962 0.477087319 99
55 57 -31.2019997 -72.1999969 0.525095463 99
55 59 -31.2000008 -72.2419968 0.467919528 99
61 27 -31.1200008 -71.5660019 0.992365479 99
68 54 -30.9710007 -72.1240005 0.389805287 99
74 23 -30.8889999 -71.4700012 1.00000000 99
84 11 -30.7180004 -71.2099991 0.794113159 99
87 29 -30.6499996 -71.5830002 0.353193790 99
94 9 -30.5400009 -71.1600037 0.696419835 99
7 71 -32.0530014 -72.5490036 0.956698418 100
8 4 -32.0929985 -71.1299973 0.870696187 100
8 44 -32.0610008 -71.9759979 0.732792437 100
11 30 -32.0190010 -71.6770020 0.540879428 100
13 27 -31.9850006 -71.6119995 0.506051660 100
23 63 -31.7730007 -72.3619995 0.664994478 100
25 27 -31.7689991 -71.5999985 0.767161429 100
30 58 -31.6520004 -72.2480011 0.464580774 100
31 59 -31.6329994 -72.2679977 0.512993813 100
45 37 -31.3999996 -71.7910004 0.778447092 100
48 4 -31.3729992 -71.0950012 0.677111626 100
49 62 -31.3059998 -72.3119965 0.938836515 100
53 33 -31.2590008 -71.6989975 0.795086384 100
53 58 -31.2369995 -72.2239990 0.888541281 100
54 59 -31.2180004 -72.2429962 0.960271180 100
55 59 -31.2000008 -72.2419968 0.997930467 100
63 62 -31.0529995 -72.2959976 0.783841670 100
78 53 -30.7919998 -72.0920029 0.513185799 100
84 11 -30.7180004 -71.2099991 0.635028422 100
110 52 -30.2159996 -72.0380020 0.710937679 100
