           4           6  -32.1640015      -71.1760025      0.859255731    
           7          22  -32.0970001      -71.5120010      0.835947752    
          15           2  -31.9689999      -71.0820007      0.589615703    
          22          35  -31.8160000      -71.7720032      0.764553785    
          24          49  -31.7679996      -72.0650024      0.654455602    
          30          51  -31.6580009      -72.1009979      0.746377885    
          44          43  -31.4130001      -71.9179993      0.817694247    
          47          11  -31.3850002      -71.2429962      0.887010455    
          67          13  -31.0230007      -71.2669983      0.878177047    
          75          28  -30.8670006      -71.5729980      0.676923037    
          79          31  -30.7929993      -71.6320038      0.528012574    
          80          21  -30.7830009      -71.4219971      0.757403791    
          80          34  -30.7719994      -71.6940002      0.761219025    
          87          33  -30.6469994      -71.6660004      0.605533242    
          90          61  -30.5680008      -72.2460022      0.622942388    
          92          21  -30.5660000      -71.4110031       1.00000000    
          99          66  -30.4009991      -72.3399963      0.790547073    
         100          32  -30.4130001      -71.6330032      0.541903794    
         110          13  -30.2479992      -71.2289963      0.641756177    
         117          40  -30.1000004      -71.7819977      0.439286768    
