           3          55  -32.1409988      -72.2149963      0.866357088    
           8          27  -32.0750008      -71.6169968      0.790784478    
          12          69  -31.9650002      -72.5009995      0.656811535    
          37          16  -31.5620003      -71.3570023      0.819317520    
          38          10  -31.5480003      -71.2300034      0.620947361    
          41          24  -31.4829998      -71.5220032      0.693764091    
          42          40  -31.4519997      -71.8570023      0.708526671    
          42          60  -31.4340000      -72.2770004      0.485575736    
          44          46  -31.4099998      -71.9810028      0.682130933    
          47          62  -31.3419991      -72.3140030      0.728497922    
          48           9  -31.3689995      -71.1999969      0.843148649    
          50          42  -31.3059998      -71.8909988      0.652339578    
          56          34  -31.2049999      -71.7170029      0.703190565    
          56          53  -31.1879997      -72.1149979      0.782561481    
          75          19  -30.8740005      -71.3850021      0.917944729    
          79          20  -30.8020000      -71.4029999      0.987716973    
         100          11  -30.4300003      -71.1959991      0.561393797    
         100          29  -30.4160004      -71.5699997      0.685376525    
         110          51  -30.2169991      -72.0169983      0.935796440    
         111          21  -30.2240009      -71.3939972      0.886708379    
