           2          16  -32.1920013      -71.3899994      0.906173110    
           7          52  -32.0709991      -72.1470032      0.664950013    
          15          44  -31.9349995      -71.9690018      0.695754290    
          17          62  -31.8820000      -72.3470001      0.664524198    
          44          55  -31.4020004      -72.1699982      0.734862924    
          50          47  -31.3010006      -71.9960022      0.625118077    
          57           6  -31.2089996      -71.1289978      0.710940897    
          58          31  -31.1709995      -71.6520004      0.808584571    
          64          42  -31.0540009      -71.8769989      0.827018440    
          71          55  -30.9160004      -72.1409988      0.833857477    
          81          49  -30.7409992      -72.0059967      0.710908234    
          82          70  -30.7040005      -72.4430008      0.642511547    
          89           4  -30.6340008      -71.0599976      0.573126793    
          89          58  -30.5890007      -72.1849976      0.478319734    
          89          61  -30.5860004      -72.2470016      0.721297324    
          91          39  -30.5699997      -71.7870026      0.521236241    
         101          24  -30.4020004      -71.4660034      0.780438960    
         102           3  -30.3999996      -71.0279999      0.955122650    
         102          13  -30.3920002      -71.2360001      0.760530055    
         102          18  -30.3889999      -71.3399963      0.493769765    
