          15           3  -31.9680004      -71.1029968      0.653141618    
          16          27  -31.9309998      -71.6090012      0.791125596    
          17          60  -31.8840008      -72.3050003      0.677139103    
          20          66  -31.8239994      -72.4280014       1.00000000    
          23          26  -31.8059998      -71.5810013      0.795822203    
          30          17  -31.6870003      -71.3850021      0.755877137    
          44          46  -31.4099998      -71.9810028      0.794087648    
          50          12  -31.3299999      -71.2610016      0.901101291    
          50          55  -31.2940006      -72.1640015      0.876937568    
          55          64  -31.1959991      -72.3470001      0.525934815    
          66          47  -31.0130005      -71.9789963      0.818124950    
          72          22  -30.9260006      -71.4509964      0.712684095    
          75           9  -30.8820000      -71.1760025      0.757500648    
          77          35  -30.8250008      -71.7180023      0.924664438    
          83           2  -30.7430000      -71.0230026      0.645494223    
          83          16  -30.7329998      -71.3150024      0.859043956    
          93          68  -30.5070000      -72.3889999      0.782799423    
         101          48  -30.3820000      -71.9639969      0.867494047    
         113          69  -30.1459999      -72.3870010      0.821985304    
         121          56  -30.0139999      -72.1100006      0.793952286    
