           3          46  -32.1489983      -72.0240021      0.711901069    
           6          13  -32.1230011      -71.3219986      0.610405207    
           6          36  -32.1040001      -71.8089981      0.644187093    
           9          20  -32.0629997      -71.4680023      0.535899639    
          19           9  -31.8910007      -71.2259979      0.916081727    
          24          23  -31.7900009      -71.5169983      0.730205774    
          30          71  -31.6389999      -72.5220032      0.840300858    
          36          51  -31.5499992      -72.0950012      0.758558571    
          40          29  -31.4969997      -71.6279984      0.719742537    
          43          22  -31.4489994      -71.4779968      0.778792024    
          58          15  -31.1840000      -71.3170013       1.00000000    
          60          50  -31.1189995      -72.0479965      0.759084880    
          75          70  -30.8299999      -72.4499969      0.720897138    
          80          34  -30.7719994      -71.6940002      0.748963892    
          89          25  -30.6170006      -71.4980011      0.639386177    
          93          24  -30.5459995      -71.4729996      0.693906903    
          94          63  -30.4939995      -72.2839966      0.682152927    
          96          64  -30.4570007      -72.3020020      0.711867332    
          98          16  -30.4619999      -71.3020020      0.742976606    
         119           4  -30.0930004      -71.0339966      0.675240457    
