           6          36  -32.1040001      -71.8089981      0.761790156    
           9          20  -32.0629997      -71.4680023      0.600351870    
          16          70  -31.8920002      -72.5169983      0.756932795    
          19           9  -31.8910007      -71.2259979       1.00000000    
          24          23  -31.7900009      -71.5169983      0.810511351    
          30          71  -31.6389999      -72.5220032      0.775436103    
          32          25  -31.6450005      -71.5510025      0.772585452    
          35          54  -31.5650005      -72.1589966      0.768197358    
          35          68  -31.5520000      -72.4530029      0.883813560    
          43          22  -31.4489994      -71.4779968      0.865864158    
          76          54  -30.8269997      -72.1149979      0.888154268    
          80          34  -30.7719994      -71.6940002      0.970260561    
          90          44  -30.5830002      -71.8919983      0.559872091    
          93          24  -30.5459995      -71.4729996      0.751362085    
          96          64  -30.4570007      -72.3020020      0.729988873    
          98          16  -30.4619999      -71.3020020      0.851218104    
         100          68  -30.3810005      -72.3809967      0.691810131    
         106          45  -30.2940006      -71.8970032      0.638195097    
         112          14  -30.2110004      -71.2480011      0.598237216    
         119          14  -30.0849991      -71.2419968      0.764130533    
