           3          68  -32.1279984      -72.4899979      0.589516163    
          13          68  -31.9480000      -72.4779968      0.716544628    
          25          46  -31.7530003      -72.0009995      0.568184018    
          32          63  -31.6110001      -72.3519974      0.481634855    
          37          31  -31.5489998      -71.6729965      0.643841147    
          38          17  -31.5429993      -71.3769989      0.721477807    
          45          19  -31.4150009      -71.4130020      0.679247558    
          46           9  -31.4050007      -71.2020035      0.597698569    
          46          45  -31.3750000      -71.9580002      0.496823072    
          49          51  -31.3160000      -72.0810013      0.641601980    
          76          39  -30.8400002      -71.8020020      0.627282977    
          82          58  -30.7150002      -72.1920013      0.657607555    
          88          47  -30.6170006      -71.9570007      0.573898911    
          91          16  -30.5879993      -71.3079987      0.812158227    
         100          18  -30.4249992      -71.3420029      0.649422169    
         109          52  -30.2339993      -72.0390015      0.662596047    
         117          42  -30.0990009      -71.8239975      0.919793844    
         117          44  -30.0970001      -71.8649979      0.985578120    
         118          18  -30.1000004      -71.3249969      0.629603326    
         120          32  -30.0529995      -71.6139984      0.583009601    
