           1          49  -32.1819992      -72.0899963      0.864339411    
          16          45  -31.9160004      -71.9889984       1.00000000    
          18          30  -31.8929996      -71.6699982      0.803755164    
          23           6  -31.8220005      -71.1589966      0.696073711    
          26          31  -31.7479992      -71.6839981      0.791720510    
          27          43  -31.7189999      -71.9359970      0.778911114    
          30          64  -31.6459999      -72.3750000      0.972271800    
          39          50  -31.4969997      -72.0709991      0.912512481    
          49          58  -31.3090000      -72.2279968      0.950285316    
          64          12  -31.0779991      -71.2490005      0.644773960    
          64          54  -31.0429993      -72.1279984      0.779049456    
          66           7  -31.0459995      -71.1419983      0.771268606    
          74          26  -30.8869991      -71.5329971      0.948186636    
          79          20  -30.8020000      -71.4029999      0.813405037    
          86          66  -30.6350002      -72.3550034      0.824243367    
         102          21  -30.3859997      -71.4020004      0.796734869    
         105           3  -30.3460007      -71.0250015      0.890909433    
         107          21  -30.2959995      -71.3980026      0.879003644    
         117          22  -30.1149998      -71.4089966      0.942724288    
         121          65  -30.0060005      -72.2959976      0.727549613    
