           7           7  -32.1090012      -71.1940002      0.650320709    
          10          30  -32.0369987      -71.6780014      0.780128121    
          12          49  -31.9839993      -72.0780029      0.859190822    
          36          16  -31.5799999      -71.3580017      0.885252714    
          37          12  -31.5650005      -71.2730026      0.755311370    
          38          26  -31.5359993      -71.5670013      0.646081328    
          38          27  -31.5349998      -71.5879974      0.551336050    
          48           6  -31.3710003      -71.1370010      0.789947152    
          54          59  -31.2180004      -72.2429962      0.746976316    
          62          34  -31.0960007      -71.7109985      0.775819361    
          64          58  -31.0389996      -72.2119980      0.800918579    
          72          53  -30.8999996      -72.0989990      0.808002114    
          83          70  -30.6860008      -72.4410019      0.776855171    
          84          55  -30.6819992      -72.1279984       1.00000000    
          88          38  -30.6250000      -71.7689972      0.890012324    
          89          34  -30.6100006      -71.6849976      0.859217942    
          91          45  -30.5639992      -71.9120026      0.799453437    
          92          34  -30.5559998      -71.6819992      0.926562190    
          95          24  -30.5100002      -71.4710007      0.601684272    
         118          12  -30.1049995      -71.2009964      0.864251971    
