           9          17  -32.0649986      -71.4039993      0.674998999    
          13          43  -31.9720001      -71.9499969      0.677084744    
          16          27  -31.9309998      -71.6090012      0.784259856    
          17          60  -31.8840008      -72.3050003      0.597587287    
          29          68  -31.6599998      -72.4599991      0.769901335    
          41          29  -31.4790001      -71.6269989      0.704881251    
          50          12  -31.3299999      -71.2610016      0.714757383    
          52          65  -31.2490005      -72.3710022      0.906109214    
          55          64  -31.1959991      -72.3470001      0.782952905    
          60          55  -31.1140003      -72.1529999      0.647301257    
          66          47  -31.0130005      -71.9789963      0.882474005    
          72          22  -30.9260006      -71.4509964      0.622335613    
          83          16  -30.7329998      -71.3150024      0.705288172    
          85          56  -30.6630001      -72.1470032       1.00000000    
          90          29  -30.5960007      -71.5800018      0.838278234    
          93          68  -30.5070000      -72.3889999      0.521405041    
         101          48  -30.3820000      -71.9639969      0.942730308    
         113          69  -30.1459999      -72.3870010      0.736295164    
         114          33  -30.1599998      -71.6399994      0.625357509    
         121          56  -30.0139999      -72.1100006      0.742403388    
