           3          12  -32.1769981      -71.3040009      0.770990729    
          10          32  -32.0349998      -71.7210007      0.588223636    
          23          34  -31.7989998      -71.7500000      0.716765106    
          30          37  -31.6700001      -71.8059998      0.708155036    
          35          47  -31.5720005      -72.0120010      0.673633337    
          49          18  -31.3439999      -71.3880005      0.752080858    
          59           7  -31.1720009      -71.1490021      0.643443286    
          67          63  -30.9799995      -72.3130035      0.660720289    
          68          10  -31.0079994      -71.2030029      0.722111225    
          68          49  -30.9750004      -72.0189972      0.773215592    
          84          69  -30.6679993      -72.4189987      0.685416996    
          91          59  -30.5520000      -72.2040024       1.00000000    
          93          13  -30.5550003      -71.2440033      0.719138801    
          95           6  -30.5240002      -71.0960007      0.640304506    
          98          59  -30.4260006      -72.1959991      0.675968528    
         101          20  -30.4050007      -71.3820038      0.803415000    
         106           2  -30.3290005      -71.0039978      0.854549050    
         106          42  -30.2970009      -71.8349991      0.611474693    
         110           9  -30.2509995      -71.1460037      0.832507372    
         121          54  -30.0160007      -72.0680008      0.480293423    
