           4          67  -32.1110001      -72.4670029      0.802749455    
          14          32  -31.9629993      -71.7170029      0.875702083    
          17          17  -31.9209995      -71.3970032      0.827499747    
          19          34  -31.8710003      -71.7539978      0.947342217    
          20          44  -31.8449993      -71.9639969      0.967876792    
          29          27  -31.6970005      -71.5960007      0.848217487    
          38           2  -31.5540009      -71.0619965      0.779602349    
          40          34  -31.4930000      -71.7330017      0.875211596    
          46          48  -31.3729992      -72.0210037      0.574639618    
          46          60  -31.3619995      -72.2730026      0.693407655    
          50          42  -31.3059998      -71.8909988      0.885117531    
          71          60  -30.9109993      -72.2460022      0.799761891    
          75          42  -30.8549995      -71.8659973      0.966091216    
          87          70  -30.6130009      -72.4369965      0.860694885    
          89          17  -30.6240005      -71.3310013       1.00000000    
         100          15  -30.4270000      -71.2789993      0.773193657    
         109          45  -30.2399998      -71.8939972      0.938634396    
         113          12  -30.1949997      -71.2050018      0.537974417    
         114          11  -30.1779995      -71.1839981      0.651141465    
         115           2  -30.1660004      -70.9960022      0.933990180    
