           2          16  -32.1920013      -71.3899994      0.647121191    
           4          67  -32.1110001      -72.4670029      0.575362444    
           7          52  -32.0709991      -72.1470032      0.636337042    
          10          67  -32.0029984      -72.4609985      0.933784723    
          15          44  -31.9349995      -71.9690018      0.848916531    
          17          62  -31.8820000      -72.3470001      0.738959193    
          26          63  -31.7189999      -72.3580017      0.942763329    
          31           6  -31.6770000      -71.1520004      0.751482725    
          49          41  -31.3250008      -71.8710022      0.935360610    
          51          35  -31.2940006      -71.7429962      0.909770548    
          54          19  -31.2530003      -71.4049988      0.913736522    
          69          38  -30.9669991      -71.7880020      0.968560219    
          71          55  -30.9160004      -72.1409988       1.00000000    
          82          70  -30.7040005      -72.4430008      0.805283904    
          84          70  -30.6679993      -72.4400024      0.625291228    
          89          61  -30.5860004      -72.2470016      0.904749334    
         101          24  -30.4020004      -71.4660034      0.776091158    
         102           3  -30.3999996      -71.0279999      0.981859088    
         102          18  -30.3889999      -71.3399963      0.726660907    
         118          31  -30.0900002      -71.5950012      0.709741235    
