           4          67  -32.1110001      -72.4670029      0.781771362    
          14          32  -31.9629993      -71.7170029      0.699516594    
          17          17  -31.9209995      -71.3970032      0.811061740    
          19          34  -31.8710003      -71.7539978      0.795949697    
          20          14  -31.8700008      -71.3310013       1.00000000    
          20          44  -31.8449993      -71.9639969      0.907301128    
          33          12  -31.6369991      -71.2770004      0.887644351    
          35          34  -31.5830002      -71.7379990      0.711778760    
          38          54  -31.5109997      -72.1559982      0.634054422    
          41          41  -31.4689999      -71.8789978      0.736585438    
          50          42  -31.3059998      -71.8909988      0.689011276    
          66           3  -31.0489998      -71.0589981      0.720032692    
          67           8  -31.0270004      -71.1620026      0.621027827    
          70          64  -30.9249992      -72.3310013      0.809490085    
          75          42  -30.8549995      -71.8659973      0.754346430    
          98           5  -30.4710007      -71.0729980      0.685902774    
         100          59  -30.3899994      -72.1940002      0.710748792    
         109          45  -30.2399998      -71.8939972      0.824867129    
         113          12  -30.1949997      -71.2050018      0.444695830    
         114          11  -30.1779995      -71.1839981      0.499469221    
