           3          69  -32.1269989      -72.5110016      0.873377919    
          10          14  -32.0499992      -71.3399963      0.878295779    
          16          70  -31.8920002      -72.5169983      0.800143957    
          25          35  -31.7619991      -71.7689972      0.845969915    
          30          13  -31.6900005      -71.3000031       1.00000000    
          32          25  -31.6450005      -71.5510025      0.919144928    
          35          23  -31.5919991      -71.5059967      0.810571849    
          35          54  -31.5650005      -72.1589966      0.856405139    
          35          68  -31.5520000      -72.4530029      0.851768494    
          41          70  -31.4419994      -72.4889984      0.772492468    
          60          21  -31.1429996      -71.4410019      0.915625691    
          76          54  -30.8269997      -72.1149979      0.791008472    
          86          56  -30.6450005      -72.1460037      0.843383789    
          86          56  -30.6450005      -72.1460037      0.843383789    
          90          44  -30.5830002      -71.8919983      0.605717242    
         100          68  -30.3810005      -72.3809967      0.673440754    
         102          23  -30.3850002      -71.4440002      0.808453202    
         106          45  -30.2940006      -71.8970032      0.937793672    
         112          14  -30.2110004      -71.2480011      0.806832492    
         119          14  -30.0849991      -71.2419968      0.853505790    
