           4          25  -32.1489983      -71.5780029      0.986561298    
          10          59  -32.0110016      -72.2919998      0.602019548    
          18          28  -31.8939991      -71.6279984      0.806695998    
          26          45  -31.7360001      -71.9789963      0.689344227    
          29          47  -31.6800003      -72.0179977      0.920819283    
          29          60  -31.6679993      -72.2919998      0.909946084    
          36          63  -31.5389996      -72.3470001      0.628309548    
          39          53  -31.4939995      -72.1340027      0.654297709    
          40          48  -31.4810009      -72.0270004      0.606538773    
          42          24  -31.4650002      -71.5210037      0.694738626    
          55          46  -31.2119999      -71.9700012      0.953749537    
          63          33  -31.0790005      -71.6890030      0.845055699    
          65          13  -31.0590000      -71.2689972      0.954561710    
          72          30  -30.9200001      -71.6179962      0.773386955    
          86          46  -30.6539993      -71.9380035      0.759129703    
          88          51  -30.6130009      -72.0400009      0.857309222    
          93          40  -30.5330009      -71.8059998      0.631118536    
         108           4  -30.2910004      -71.0439987      0.776035964    
         111          40  -30.2080002      -71.7880020      0.802080095    
         114          10  -30.1779995      -71.1630020      0.742667913    
