          12          36  -31.9960003      -71.8030014      0.816700399    
          15          14  -31.9599991      -71.3349991      0.774237156    
          42          48  -31.4449997      -72.0250015      0.742086887    
          46          23  -31.3939991      -71.4960022      0.750279546    
          52          24  -31.2849998      -71.5110016      0.755545497    
          61          49  -31.1009998      -72.0260010      0.771456540    
          67          29  -31.0109997      -71.6019974      0.877787113    
          75          41  -30.8560009      -71.8450012       1.00000000    
          86          53  -30.6469994      -72.0839996      0.790493011    
          89           2  -30.6350002      -71.0179977      0.882656872    
          89          12  -30.6280003      -71.2269974      0.862643957    
          91          45  -30.5639992      -71.9120026      0.831180036    
          91          65  -30.5459995      -72.3280029      0.844971478    
          93          15  -30.5529995      -71.2860031      0.914209783    
          99          34  -30.4300003      -71.6750031      0.682975054    
         115          19  -30.1539993      -71.3489990      0.551976860    
         115          31  -30.1439991      -71.5979996      0.911192358    
         115          38  -30.1380005      -71.7429962      0.696506202    
         120          33  -30.0520000      -71.6340027      0.785688698    
         121          49  -30.0200005      -71.9649963      0.779080510    
