           2          62  -32.1520004      -72.3639984      0.670110226    
           4          24  -32.1500015      -71.5569992      0.754088163    
          25          15  -31.7789993      -71.3470001      0.853389025    
          36          21  -31.5760002      -71.4629974      0.852919579    
          40          12  -31.5109997      -71.2699966      0.967761934    
          42          25  -31.4640007      -71.5419998      0.876979947    
          47          70  -31.3339996      -72.4820023      0.915550292    
          54          67  -31.2110004      -72.4110031      0.833939970    
          55          56  -31.2029991      -72.1790009      0.942820728    
          65           3  -31.0669994      -71.0599976      0.835222602    
          74          34  -30.8799992      -71.6999969      0.972631931    
          86          50  -30.6499996      -72.0210037      0.956539929    
          88           8  -30.6490002      -71.1439972       1.00000000    
          88          29  -30.6320000      -71.5820007      0.872547865    
          96          56  -30.4640007      -72.1360016      0.760200977    
         112          17  -30.2089996      -71.3099976      0.768801391    
         115          16  -30.1560001      -71.2870026      0.829356551    
         116          30  -30.1270008      -71.5759964      0.648283601    
         117          44  -30.0970001      -71.8649979      0.827062130    
         119          36  -30.0680008      -71.6979980      0.928543210    
