           4          31  -32.1440010      -71.7050018      0.865204990    
           5          17  -32.1370010      -71.4079971      0.617249310    
          12          52  -31.9810009      -72.1409988      0.641517103    
          12          64  -31.9699993      -72.3949966      0.837757826    
          14          52  -31.9449997      -72.1389999      0.652830660    
          24          62  -31.7560005      -72.3389969      0.644403517    
          25          61  -31.7390003      -72.3170013      0.636813998    
          33          24  -31.6270008      -71.5289993      0.811171353    
          44          50  -31.4069996      -72.0650024      0.802397966    
          56          20  -31.2159996      -71.4240036      0.725896060    
          64          71  -31.0270004      -72.4840012      0.910270154    
          71          37  -30.9319992      -71.7649994      0.686455667    
          82          70  -30.7040005      -72.4430008      0.822024882    
          84          62  -30.6749992      -72.2740021      0.891128063    
          86          44  -30.6550007      -71.8960037       1.00000000    
          88          57  -30.6079998      -72.1650009      0.726526856    
          88          60  -30.6049995      -72.2279968      0.521492660    
          92          22  -30.5660000      -71.4319992      0.862774074    
         105          37  -30.3190002      -71.7320023      0.756300688    
         120          39  -30.0470009      -71.7590027      0.760788023    
