           3          46  -32.1489983      -72.0240021      0.679005265    
           3          55  -32.1409988      -72.2149963      0.784277797    
           6          13  -32.1230011      -71.3219986      0.596732795    
           8          27  -32.0750008      -71.6169968      0.860919654    
          12          69  -31.9650002      -72.5009995      0.741858900    
          36          51  -31.5499992      -72.0950012      0.706502616    
          37          16  -31.5620003      -71.3570023      0.808901966    
          40          29  -31.4969997      -71.6279984      0.700586677    
          41          24  -31.4829998      -71.5220032      0.708783925    
          42          40  -31.4519997      -71.8570023      0.718991280    
          56          53  -31.1879997      -72.1149979      0.666400135    
          58          15  -31.1840000      -71.3170013      0.786944449    
          60          50  -31.1189995      -72.0479965      0.609283686    
          75          70  -30.8299999      -72.4499969      0.730148792    
          89          25  -30.6170006      -71.4980011      0.782047927    
          94          63  -30.4939995      -72.2839966      0.833457470    
         100          29  -30.4160004      -71.5699997      0.799998462    
         110          51  -30.2169991      -72.0169983       1.00000000    
         111          21  -30.2240009      -71.3939972      0.828794837    
         119           4  -30.0930004      -71.0339966      0.815590978    
