          18           2  -31.9150009      -71.0790024      0.449536383    
          28          25  -31.7169991      -71.5550003      0.601199806    
          31          19  -31.6669998      -71.4260025      0.543054223    
          31          27  -31.6609993      -71.5950012       1.00000000    
          32          27  -31.6429996      -71.5940018      0.988075137    
          38          11  -31.5470009      -71.2509995      0.601148903    
          38          61  -31.5049992      -72.3030014      0.646493971    
          53          39  -31.2539997      -71.8249969      0.541016400    
          54          24  -31.2490005      -71.5100021      0.379119158    
          56           5  -31.2280006      -71.1090012      0.431681246    
          59           2  -31.1760006      -71.0439987      0.451437205    
          68          20  -31.0000000      -71.4130020      0.513178527    
          75          17  -30.8759995      -71.3440018      0.460659176    
          84          35  -30.6989994      -71.7109985      0.571326554    
          85          26  -30.6889992      -71.5220032      0.502205074    
         103          43  -30.3500004      -71.8580017      0.533165753    
         109          70  -30.2169991      -72.4130020      0.507536054    
         114           2  -30.1840000      -70.9970016      0.512716770    
         115          55  -30.1229992      -72.0950012      0.529330134    
         120          33  -30.0520000      -71.6340027      0.660247207    
