           4          66  -32.1129990      -72.4229965      0.716752231    
          15           8  -31.9640007      -71.2269974      0.269782931    
          20          14  -31.8689995      -71.3450012      0.222180083    
          20          36  -31.8519993      -71.7939987      0.952145576    
          24          68  -31.7509995      -72.4410019      0.561804175    
          30          19  -31.6849995      -71.4380035      0.314717770    
          33          12  -31.6359997      -71.2919998      0.312501818    
          35          34  -31.5830002      -71.7379990       1.00000000    
          38          54  -31.5119991      -72.1409988      0.679013193    
          41          41  -31.4689999      -71.8740005      0.918612897    
          66           3  -31.0480003      -71.0810013      0.221054271    
          67           8  -31.0259991      -71.1809998      0.173697129    
          70          64  -30.9260006      -72.3089981      0.755428731    
          77          49  -30.8139992      -71.9990005      0.737837434    
          81          22  -30.7639999      -71.4509964      0.298327982    
          98           5  -30.4699993      -71.0940018      0.412936211    
         100          59  -30.3899994      -72.1760025      0.774293005    
         105          26  -30.3279991      -71.5090027      0.253958791    
         109          43  -30.2420006      -71.8460007      0.845862746    
         114           2  -30.1840000      -71.0199966      0.294207782    
