          13          64  -31.9529991      -72.3720016      0.765039861    
          17          53  -31.8910007      -72.1429977      0.707000315    
          18          50  -31.8759995      -72.0810013      0.869795978    
          18          52  -31.8740005      -72.1220016      0.632674098    
          24          17  -31.7950001      -71.4029999      0.241547942    
          26          30  -31.7479992      -71.6660004      0.255043119    
          33          57  -31.5990009      -72.2080002      0.868891716    
          41          47  -31.4640007      -71.9960022      0.864162922    
          51           9  -31.3139992      -71.2149963      0.283102572    
          56          45  -31.1949997      -71.9400024      0.772315860    
          66           9  -31.0440006      -71.2020035      0.293999493    
          70          15  -30.9669991      -71.3199997      0.272881478    
          78          21  -30.8180008      -71.4339981      0.216561809    
          80          50  -30.7590008      -72.0159988      0.833718300    
          84          37  -30.6980000      -71.7500000       1.00000000    
          93          11  -30.5559998      -71.2190018      0.272338629    
          94          10  -30.5380001      -71.1979980      0.241288468    
          94          48  -30.5079994      -71.9619980      0.801125765    
          98          59  -30.4260006      -72.1780014      0.641270161    
         106          18  -30.3160000      -71.3479996      0.287810057    
