   9.98849583       4.83616069E-02           1          63
   9.47085762       5.21065891E-02           1          64
   8.95321846      0.164625511               1          65
   8.43558121      0.107927628               1          66
   7.91794395       5.26435450E-02           1          67
   7.40030479       3.94741707E-02           1          68
   6.88266754       7.17400312E-02           1          69
   6.36502838       7.87441060E-02           1          70
   5.84739113       5.87819293E-02           1          71
   9.98849583       5.66786714E-02           2          63
   9.47085762       3.53471749E-02           2          64
   8.95321846       7.97697753E-02           2          65
   8.43558121       5.59850968E-02           2          66
   7.91794395       8.34342316E-02           2          67
   7.40030479       4.68358882E-02           2          68
   6.88266754       4.62498777E-02           2          69
   6.36502838       7.15610906E-02           2          70
   5.84739113       2.92505641E-02           2          71
   9.98849583       4.52945456E-02           3          63
   9.47085762       2.46827509E-02           3          64
   8.95321846       6.73007146E-02           3          65
   8.43558121       5.31936996E-02           3          66
   7.91794395      0.159482732               3          67
   7.40030479      0.169941425               3          68
   6.88266754       3.90006825E-02           3          69
   6.36502838       3.99945974E-02           3          70
   5.84739113       8.72124955E-02           3          71
   9.98849583       2.35369168E-02           4          63
   9.47085762       2.20558215E-02           4          64
   8.95321846       3.58550735E-02           4          65
   8.43558121      0.103492409               4          66
   7.91794395      0.177863732               4          67
   7.40030479      0.190710813               4          68
   6.88266754       6.06806912E-02           4          69
   6.36502838       4.59517278E-02           4          70
   5.84739113      0.101512522               4          71
   9.98849583       2.74593234E-02           5          63
   9.47085762       5.16072363E-02           5          64
   8.95321846       7.32654408E-02           5          65
   8.43558121       8.96644965E-02           5          66
   7.91794395      0.206068501               5          67
   7.40030479      0.151063100               5          68
   6.88266754      0.130928084               5          69
   6.36502838       7.34019056E-02           5          70
   5.84739113       9.83568579E-02           5          71
   9.98849583       4.80657667E-02           6          63
   9.47085762       5.73104955E-02           6          64
   8.95321846       6.30553514E-02           6          65
   8.43558121      0.134540096               6          66
   7.91794395      0.205865040               6          67
   7.40030479      0.261832207               6          68
   6.88266754      0.170852333               6          69
   6.36502838      0.120579287               6          70
   5.84739113       5.69321141E-02           6          71
   9.98849583       6.98767453E-02           7          63
   9.47085762       5.88504486E-02           7          64
   8.95321846       6.17095008E-02           7          65
   8.43558121      0.118193947               7          66
   7.91794395      0.109278731               7          67
   7.40030479      0.282386363               7          68
   6.88266754      0.201395437               7          69
   6.36502838      0.129117548               7          70
   5.84739113       5.25890589E-02           7          71
   9.98849583       7.66197294E-02           8          63
   9.47085762       6.34180605E-02           8          64
   8.95321846       6.71233460E-02           8          65
   8.43558121       3.86434644E-02           8          66
   7.91794395       7.21516460E-02           8          67
   7.40030479      0.157625377               8          68
   6.88266754      0.143217281               8          69
   6.36502838      0.161872327               8          70
   5.84739113       7.35635385E-02           8          71
   9.98849583      0.199111059               9          63
   9.47085762      0.105376191               9          64
   8.95321846       3.94107439E-02           9          65
   8.43558121       3.02257538E-02           9          66
   7.91794395       6.81749731E-02           9          67
   7.40030479      0.102200955               9          68
   6.88266754       8.05063099E-02           9          69
   6.36502838       8.37800875E-02           9          70
   5.84739113       4.99035530E-02           9          71
   9.98849583      0.163885206              10          63
   9.47085762      0.138380975              10          64
   8.95321846       7.67354593E-02          10          65
   8.43558121       4.53521721E-02          10          66
   7.91794395       5.91328889E-02          10          67
   7.40030479       9.72910523E-02          10          68
   6.88266754       5.51150925E-02          10          69
   6.36502838       5.08644506E-02          10          70
   5.84739113       3.23618464E-02          10          71
   9.98849583      0.105115645              11          63
   9.47085762      0.155816838              11          64
   8.95321846      0.158418104              11          65
   8.43558121       6.25099614E-02          11          66
   7.91794395       5.96562065E-02          11          67
   7.40030479       9.84697565E-02          11          68
   6.88266754       5.02121672E-02          11          69
   6.36502838       3.39581519E-02          11          70
   5.84739113       3.71934734E-02          11          71
   9.98849583      0.112537049              12          63
   9.47085762      0.138055086              12          64
   8.95321846      0.116336823              12          65
   8.43558121       8.84358436E-02          12          66
   7.91794395       4.22229357E-02          12          67
   7.40030479       6.63759112E-02          12          68
   6.88266754       9.73357633E-02          12          69
   6.36502838      0.102228060              12          70
   5.84739113       5.33504859E-02          12          71
   9.98849583      0.180608615              13          63
   9.47085762      0.116186574              13          64
   8.95321846      0.139812291              13          65
   8.43558121      0.132887691              13          66
   7.91794395       5.00863642E-02          13          67
   7.40030479       5.31890765E-02          13          68
   6.88266754       8.21506530E-02          13          69
   6.36502838       8.80850330E-02          13          70
   5.84739113       6.24378510E-02          13          71
   9.98849583      0.252435923              14          63
   9.47085762      0.140554830              14          64
   8.95321846      0.122333959              14          65
   8.43558121      0.134898245              14          66
   7.91794395       4.61962782E-02          14          67
   7.40030479      0.165569365              14          68
   6.88266754      0.117783219              14          69
   6.36502838      0.117323592              14          70
   5.84739113       4.38271128E-02          14          71
   9.98849583      0.271410793              15          63
   9.47085762      0.266792327              15          64
   8.95321846      0.159640029              15          65
   8.43558121       7.16089159E-02          15          66
   7.91794395       7.67028406E-02          15          67
   7.40030479      0.250910610              15          68
   6.88266754      0.151981413              15          69
   6.36502838       8.41317773E-02          15          70
   5.84739113       3.88521515E-02          15          71
   9.98849583      0.173783496              16          63
   9.47085762      0.228954315              16          64
   8.95321846      0.246348307              16          65
   8.43558121       9.86430794E-02          16          66
   7.91794395      0.121975385              16          67
   7.40030479      0.241668046              16          68
   6.88266754      0.115430005              16          69
   6.36502838       5.25133573E-02          16          70
   5.84739113       7.28020594E-02          16          71
   9.98849583       9.46635827E-02          17          63
   9.47085762      0.145532116              17          64
   8.95321846      0.109354943              17          65
   8.43558121       6.35318160E-02          17          66
   7.91794395      0.115093783              17          67
   7.40030479      0.180199459              17          68
   6.88266754       8.63838643E-02          17          69
   6.36502838       5.64870052E-02          17          70
   5.84739113       7.78826475E-02          17          71
   9.98849583       7.54839778E-02          18          63
   9.47085762       6.98992461E-02          18          64
   8.95321846       4.63520326E-02          18          65
   8.43558121       4.67906483E-02          18          66
   7.91794395      0.160153359              18          67
   7.40030479      0.147164181              18          68
   6.88266754      0.119969644              18          69
   6.36502838       5.71368448E-02          18          70
   5.84739113      0.149463922              18          71
   9.98849583       8.73087943E-02          19          63
   9.47085762       5.19136377E-02          19          64
   8.95321846       4.90152910E-02          19          65
   8.43558121       5.55587113E-02          19          66
   7.91794395      0.181678802              19          67
   7.40030479      0.159756318              19          68
   6.88266754       8.88504833E-02          19          69
   6.36502838       8.79028067E-02          19          70
   5.84739113      0.105124317              19          71
   9.98849583      0.106147684              20          63
   9.47085762       3.97317186E-02          20          64
   8.95321846       7.10846707E-02          20          65
   8.43558121       9.59405899E-02          20          66
   7.91794395      0.119581290              20          67
   7.40030479      0.131287083              20          68
   6.88266754       6.59484714E-02          20          69
   6.36502838      0.112805471              20          70
   5.84739113       9.26782563E-02          20          71
   9.98849583      0.106805578              21          63
   9.47085762       4.68961559E-02          21          64
   8.95321846       8.66859257E-02          21          65
   8.43558121      0.125499845              21          66
   7.91794395       7.42042586E-02          21          67
   7.40030479       7.89104328E-02          21          68
   6.88266754       5.75452782E-02          21          69
   6.36502838       8.95607024E-02          21          70
   5.84739113       7.39669129E-02          21          71
   9.98849583       6.62051812E-02          22          63
   9.47085762       4.49287333E-02          22          64
   8.95321846       4.92355563E-02          22          65
   8.43558121       7.87637681E-02          22          66
   7.91794395       7.88504556E-02          22          67
   7.40030479       8.56922418E-02          22          68
   6.88266754       3.69416252E-02          22          69
   6.36502838      0.121936947              22          70
   5.84739113       8.15016106E-02          22          71
   9.98849583       3.07600442E-02          23          63
   9.47085762       8.21980312E-02          23          64
   8.95321846       4.17679176E-02          23          65
   8.43558121       8.40771645E-02          23          66
   7.91794395       8.24619755E-02          23          67
   7.40030479      0.108085901              23          68
   6.88266754       7.46891871E-02          23          69
   6.36502838      0.116721027              23          70
   5.84739113       7.21426010E-02          23          71
   9.98849583       6.19382523E-02          24          63
   9.47085762       7.76974708E-02          24          64
   8.95321846       4.85461801E-02          24          65
   8.43558121       7.92907104E-02          24          66
   7.91794395       7.60861710E-02          24          67
   7.40030479      0.145307362              24          68
   6.88266754      0.119898863              24          69
   6.36502838      0.125387207              24          70
   5.84739113       9.10507366E-02          24          71
   9.98849583       4.74141426E-02          25          63
   9.47085762      0.100952856              25          64
   8.95321846       5.28350510E-02          25          65
   8.43558121       8.30749497E-02          25          66
   7.91794395       9.02725607E-02          25          67
   7.40030479       7.20715523E-02          25          68
   6.88266754      0.119978204              25          69
   6.36502838      0.166088402              25          70
   5.84739113      0.131115705              25          71
   9.98849583       6.48299977E-02          26          63
   9.47085762       6.86379224E-02          26          64
   8.95321846       8.41075331E-02          26          65
   8.43558121      0.101540573              26          66
   7.91794395      0.123318732              26          67
   7.40030479       9.59666818E-02          26          68
   6.88266754      0.200099558              26          69
   6.36502838      0.131930843              26          70
   5.84739113      0.154457182              26          71
   9.98849583       7.07044303E-02          27          63
   9.47085762       6.22680485E-02          27          64
   8.95321846       7.27448910E-02          27          65
   8.43558121      0.112052351              27          66
   7.91794395      0.110227101              27          67
   7.40030479      0.108151235              27          68
   6.88266754      0.149217382              27          69
   6.36502838       8.88727531E-02          27          70
   5.84739113       9.08505544E-02          27          71
   9.98849583       7.40915909E-02          28          63
   9.47085762       3.51294987E-02          28          64
   8.95321846       7.62715116E-02          28          65
   8.43558121       8.91899019E-02          28          66
   7.91794395      0.120450966              28          67
   7.40030479      0.112052366              28          68
   6.88266754      0.141553104              28          69
   6.36502838       7.43063688E-02          28          70
   5.84739113       8.85833800E-02          28          71
   9.98849583       4.12417427E-02          29          63
   9.47085762       3.19496393E-02          29          64
   8.95321846       4.99933288E-02          29          65
   8.43558121      0.115748860              29          66
   7.91794395       9.73552242E-02          29          67
   7.40030479      0.129290566              29          68
   6.88266754      0.151335075              29          69
   6.36502838       9.05982107E-02          29          70
   5.84739113       9.82860997E-02          29          71
   9.98849583       4.84810397E-02          30          63
   9.47085762       4.29155678E-02          30          64
   8.95321846       5.64576127E-02          30          65
   8.43558121       7.81821460E-02          30          66
   7.91794395       5.38795143E-02          30          67
   7.40030479       7.76001140E-02          30          68
   6.88266754       6.97071701E-02          30          69
   6.36502838       5.05759642E-02          30          70
   5.84739113       8.57714415E-02          30          71
   9.98849583       8.68910104E-02          31          63
   9.47085762       4.19596732E-02          31          64
   8.95321846       5.89788333E-02          31          65
   8.43558121       8.53303671E-02          31          66
   7.91794395       6.79382682E-02          31          67
   7.40030479       6.64287806E-02          31          68
   6.88266754       6.51455671E-02          31          69
   6.36502838       7.17151091E-02          31          70
   5.84739113       6.05005734E-02          31          71
   9.98849583      0.101987019              32          63
   9.47085762       5.83298057E-02          32          64
   8.95321846       3.69129106E-02          32          65
   8.43558121      0.113817729              32          66
   7.91794395      0.111750379              32          67
   7.40030479       7.49974996E-02          32          68
   6.88266754       5.82294688E-02          32          69
   6.36502838       4.88394089E-02          32          70
   5.84739113       8.27064887E-02          32          71
   9.98849583       6.17742240E-02          33          63
   9.47085762       6.43732846E-02          33          64
   8.95321846       4.77183089E-02          33          65
   8.43558121      0.193256125              33          66
   7.91794395      0.142999262              33          67
   7.40030479       8.49609673E-02          33          68
   6.88266754       7.56439343E-02          33          69
   6.36502838       8.25096592E-02          33          70
   5.84739113       7.63651356E-02          33          71
   9.98849583       7.70070553E-02          34          63
   9.47085762       4.82945107E-02          34          64
   8.95321846       5.92991635E-02          34          65
   8.43558121       9.39427391E-02          34          66
   7.91794395       7.63919801E-02          34          67
   7.40030479      0.151336342              34          68
   6.88266754       8.55971277E-02          34          69
   6.36502838       7.62342960E-02          34          70
   5.84739113       7.72276223E-02          34          71
   9.98849583       8.21096897E-02          35          63
   9.47085762       8.47775787E-02          35          64
   8.95321846      0.112200491              35          65
   8.43558121       6.38623685E-02          35          66
   7.91794395      0.105329916              35          67
   7.40030479      0.168278292              35          68
   6.88266754       8.45004767E-02          35          69
   6.36502838       6.22201078E-02          35          70
   5.84739113       6.04633689E-02          35          71
   9.98849583      0.146140173              36          63
   9.47085762      0.127160683              36          64
   8.95321846      0.140064195              36          65
   8.43558121       9.74717289E-02          36          66
   7.91794395      0.106909268              36          67
   7.40030479      0.122272357              36          68
   6.88266754      0.119670510              36          69
   6.36502838       4.98647466E-02          36          70
   5.84739113       5.26681431E-02          36          71
   9.98849583      0.208963975              37          63
   9.47085762      0.118935011              37          64
   8.95321846      0.132782698              37          65
   8.43558121      0.109724641              37          66
   7.91794395       6.49253651E-02          37          67
   7.40030479      0.123437390              37          68
   6.88266754       6.95483834E-02          37          69
   6.36502838       4.85884584E-02          37          70
   5.84739113       8.99448693E-02          37          71
   9.98849583      0.177498609              38          63
   9.47085762      0.120729499              38          64
   8.95321846       8.58289152E-02          38          65
   8.43558121       7.43378252E-02          38          66
   7.91794395      0.126918986              38          67
   7.40030479      0.136857420              38          68
   6.88266754       6.43057302E-02          38          69
   6.36502838       8.68566856E-02          38          70
   5.84739113      0.125087783              38          71
   9.98849583      0.149633989              39          63
   9.47085762      0.108852111              39          64
   8.95321846      0.110164717              39          65
   8.43558121      0.136668295              39          66
   7.91794395      0.143138885              39          67
   7.40030479      0.128330871              39          68
   6.88266754       7.18693882E-02          39          69
   6.36502838       8.16567242E-02          39          70
   5.84739113      0.104147688              39          71
   9.98849583       7.53158033E-02          40          63
   9.47085762       7.15558827E-02          40          64
   8.95321846       8.82509798E-02          40          65
   8.43558121      0.152869448              40          66
   7.91794395      0.132713437              40          67
   7.40030479       7.73870274E-02          40          68
   6.88266754       7.18255788E-02          40          69
   6.36502838       7.77110234E-02          40          70
   5.84739113       6.99527934E-02          40          71
   9.98849583       4.59382795E-02          41          63
   9.47085762       4.84111868E-02          41          64
   8.95321846       5.23238853E-02          41          65
   8.43558121       9.73112434E-02          41          66
   7.91794395      0.133793071              41          67
   7.40030479      0.120525196              41          68
   6.88266754      0.119786695              41          69
   6.36502838      0.101109713              41          70
   5.84739113       5.60549349E-02          41          71
   9.98849583       6.09103888E-02          42          63
   9.47085762       6.95745572E-02          42          64
   8.95321846       5.47129288E-02          42          65
   8.43558121       7.13834614E-02          42          66
   7.91794395      0.101542674              42          67
   7.40030479      0.115768395              42          68
   6.88266754      0.177536249              42          69
   6.36502838       9.56221819E-02          42          70
   5.84739113       8.02280232E-02          42          71
   9.98849583       6.29194379E-02          43          63
   9.47085762       6.60957396E-02          43          64
   8.95321846       4.16198224E-02          43          65
   8.43558121       4.34875339E-02          43          66
   7.91794395      0.112510614              43          67
   7.40030479      0.103560418              43          68
   6.88266754      0.153057501              43          69
   6.36502838       7.84354061E-02          43          70
   5.84739113       7.43851438E-02          43          71
   9.98849583      0.120700948              44          63
   9.47085762      0.106746621              44          64
   8.95321846       4.22806814E-02          44          65
   8.43558121       5.19560352E-02          44          66
   7.91794395      0.106462739              44          67
   7.40030479      0.103655457              44          68
   6.88266754       9.65198874E-02          44          69
   6.36502838       7.33486414E-02          44          70
   5.84739113      0.104959093              44          71
   9.98849583      0.250761449              45          63
   9.47085762      0.114121445              45          64
   8.95321846       7.18365982E-02          45          65
   8.43558121       7.67214447E-02          45          66
   7.91794395       9.32213366E-02          45          67
   7.40030479      0.120837159              45          68
   6.88266754       9.00690854E-02          45          69
   6.36502838      0.124465846              45          70
   5.84739113       8.39810371E-02          45          71
   9.98849583      0.283051223              46          63
   9.47085762      0.190778926              46          64
   8.95321846      0.101225011              46          65
   8.43558121      0.137502789              46          66
   7.91794395      0.150704801              46          67
   7.40030479      0.143736824              46          68
   6.88266754      0.114947155              46          69
   6.36502838       8.82466063E-02          46          70
   5.84739113       4.72005345E-02          46          71
   9.98849583      0.391937852              47          63
   9.47085762      0.398645282              47          64
   8.95321846      0.264380306              47          65
   8.43558121      0.158462301              47          66
   7.91794395      0.187154546              47          67
   7.40030479      0.204864055              47          68
   6.88266754      0.133408070              47          69
   6.36502838       6.22304641E-02          47          70
   5.84739113       4.28984426E-02          47          71
   9.98849583      0.356693625              48          63
   9.47085762      0.438030809              48          64
   8.95321846      0.401047349              48          65
   8.43558121      0.213917077              48          66
   7.91794395      0.254968882              48          67
   7.40030479      0.199838147              48          68
   6.88266754      0.130475134              48          69
   6.36502838       7.52578154E-02          48          70
   5.84739113      0.101255015              48          71
   9.98849583      0.342782944              49          63
   9.47085762      0.351061225              49          64
   8.95321846      0.238258958              49          65
   8.43558121      0.223120809              49          66
   7.91794395      0.178063259              49          67
   7.40030479      0.179618642              49          68
   6.88266754      0.144991487              49          69
   6.36502838       7.02690333E-02          49          70
   5.84739113      0.166279078              49          71
   9.98849583      0.303633094              50          63
   9.47085762      0.267626584              50          64
   8.95321846      0.159645855              50          65
   8.43558121      0.175180733              50          66
   7.91794395      0.212030023              50          67
   7.40030479      0.141344368              50          68
   6.88266754      0.188013732              50          69
   6.36502838       8.99924785E-02          50          70
   5.84739113      0.171552971              50          71
   9.98849583      0.131852835              51          63
   9.47085762      0.136761963              51          64
   8.95321846      0.142042249              51          65
   8.43558121      0.134489283              51          66
   7.91794395      0.151576281              51          67
   7.40030479      0.177310303              51          68
   6.88266754      0.176845536              51          69
   6.36502838      0.100497097              51          70
   5.84739113      0.127645001              51          71
   9.98849583      0.110814512              52          63
   9.47085762       8.07822868E-02          52          64
   8.95321846       7.40800276E-02          52          65
   8.43558121      0.119995601              52          66
   7.91794395      0.120472804              52          67
   7.40030479      0.170796856              52          68
   6.88266754      0.102321379              52          69
   6.36502838       8.04286301E-02          52          70
   5.84739113       8.04935247E-02          52          71
   9.98849583       9.79552940E-02          53          63
   9.47085762       6.28514066E-02          53          64
   8.95321846       9.32718888E-02          53          65
   8.43558121      0.111470789              53          66
   7.91794395      0.105372153              53          67
   7.40030479       7.65116587E-02          53          68
   6.88266754      0.101711079              53          69
   6.36502838       9.42061543E-02          53          70
   5.84739113      0.138409391              53          71
   9.98849583       6.29255399E-02          54          63
   9.47085762       7.71172941E-02          54          64
   8.95321846       9.50670466E-02          54          65
   8.43558121       8.20818990E-02          54          66
   7.91794395      0.110693760              54          67
   7.40030479      0.135400921              54          68
   6.88266754       9.74444598E-02          54          69
   6.36502838       6.11980408E-02          54          70
   5.84739113       5.31030744E-02          54          71
   9.98849583       6.22823164E-02          55          63
   9.47085762       9.67748538E-02          55          64
   8.95321846       5.45442104E-02          55          65
   8.43558121       5.83326556E-02          55          66
   7.91794395       6.24837242E-02          55          67
   7.40030479       7.13291988E-02          55          68
   6.88266754       9.41920802E-02          55          69
   6.36502838       6.97594807E-02          55          70
   5.84739113       4.89605963E-02          55          71
   9.98849583       6.45246357E-02          56          63
   9.47085762      0.106434084              56          64
   8.95321846       5.09788767E-02          56          65
   8.43558121      0.135672301              56          66
   7.91794395       7.17290491E-02          56          67
   7.40030479       7.17307925E-02          56          68
   6.88266754      0.111707926              56          69
   6.36502838       7.66694918E-02          56          70
   5.84739113       4.88541946E-02          56          71
   9.98849583       9.44367200E-02          57          63
   9.47085762       9.81445238E-02          57          64
   8.95321846      0.111819752              57          65
   8.43558121      0.129806295              57          66
   7.91794395       6.76188022E-02          57          67
   7.40030479       8.79065618E-02          57          68
   6.88266754      0.137184262              57          69
   6.36502838       8.94367769E-02          57          70
   5.84739113       6.17633946E-02          57          71
   9.98849583      0.135263816              58          63
   9.47085762      0.174265593              58          64
   8.95321846      0.221965834              58          65
   8.43558121       7.06412420E-02          58          66
   7.91794395       6.47628456E-02          58          67
   7.40030479       9.51607674E-02          58          68
   6.88266754      0.173459634              58          69
   6.36502838      0.102797151              58          70
   5.84739113       6.05047978E-02          58          71
   9.98849583      0.144573212              59          63
   9.47085762      0.170627788              59          64
   8.95321846      0.151690677              59          65
   8.43558121       8.20342526E-02          59          66
   7.91794395       7.73860738E-02          59          67
   7.40030479      0.109463058              59          68
   6.88266754      0.113602884              59          69
   6.36502838      0.113752648              59          70
   5.84739113       7.11899325E-02          59          71
   9.98849583       9.52073932E-02          60          63
   9.47085762      0.104755297              60          64
   8.95321846      0.135165095              60          65
   8.43558121       9.18404832E-02          60          66
   7.91794395       8.02559704E-02          60          67
   7.40030479      0.134619638              60          68
   6.88266754      0.125901878              60          69
   6.36502838       9.99643356E-02          60          70
   5.84739113      0.100557968              60          71
   9.98849583      0.127081826              61          63
   9.47085762       4.86127064E-02          61          64
   8.95321846      0.109875329              61          65
   8.43558121      0.124236636              61          66
   7.91794395      0.150957525              61          67
   7.40030479      0.127096936              61          68
   6.88266754      0.134619176              61          69
   6.36502838       7.18488395E-02          61          70
   5.84739113       6.81763589E-02          61          71
   9.98849583       8.31759274E-02          62          63
   9.47085762       8.66259933E-02          62          64
   8.95321846       9.80913192E-02          62          65
   8.43558121      0.117069431              62          66
   7.91794395      0.234386027              62          67
   7.40030479      0.122817479              62          68
   6.88266754      0.133201376              62          69
   6.36502838       9.77114215E-02          62          70
   5.84739113       7.24865198E-02          62          71
   9.98849583       9.79075730E-02          63          63
   9.47085762      0.157482788              63          64
   8.95321846      0.104645386              63          65
   8.43558121      0.163546070              63          66
   7.91794395      0.255044311              63          67
   7.40030479      0.123955026              63          68
   6.88266754      0.109040104              63          69
   6.36502838       9.12422612E-02          63          70
   5.84739113       8.76807868E-02          63          71
   9.98849583       7.79525414E-02          64          63
   9.47085762       9.79046449E-02          64          64
   8.95321846      0.130349845              64          65
   8.43558121      0.143571198              64          66
   7.91794395      0.363738000              64          67
   7.40030479      0.154353783              64          68
   6.88266754      0.138933465              64          69
   6.36502838       6.71861842E-02          64          70
   5.84739113      0.103964187              64          71
   9.98849583       8.29480365E-02          65          63
   9.47085762       9.82982144E-02          65          64
   8.95321846      0.114185251              65          65
   8.43558121      0.169970512              65          66
   7.91794395      0.315918565              65          67
   7.40030479      0.218077332              65          68
   6.88266754      0.135428131              65          69
   6.36502838       7.74225071E-02          65          70
   5.84739113       6.34992644E-02          65          71
   9.98849583       9.15774405E-02          66          63
   9.47085762      0.117894419              66          64
   8.95321846       8.08332339E-02          66          65
   8.43558121      0.181339070              66          66
   7.91794395      0.260915697              66          67
   7.40030479      0.226310134              66          68
   6.88266754      0.145797849              66          69
   6.36502838      0.133821532              66          70
   5.84739113       3.43058184E-02          66          71
   9.98849583      0.153542221              67          63
   9.47085762      0.129791558              67          64
   8.95321846       9.88934487E-02          67          65
   8.43558121      0.108567476              67          66
   7.91794395      0.207979605              67          67
   7.40030479      0.214470357              67          68
   6.88266754      0.121758774              67          69
   6.36502838       9.23365727E-02          67          70
   5.84739113       5.88513687E-02          67          71
   9.98849583      0.168143794              68          63
   9.47085762      0.145477429              68          64
   8.95321846      0.139933974              68          65
   8.43558121      0.150620162              68          66
   7.91794395      0.123023428              68          67
   7.40030479      0.135159522              68          68
   6.88266754       9.98370051E-02          68          69
   6.36502838       8.42905715E-02          68          70
   5.84739113       5.22960313E-02          68          71
   9.98849583      0.157137468              69          63
   9.47085762      0.158804014              69          64
   8.95321846      0.321601778              69          65
   8.43558121      0.260520726              69          66
   7.91794395       8.97954032E-02          69          67
   7.40030479       8.18026066E-02          69          68
   6.88266754      0.203478977              69          69
   6.36502838      0.137129262              69          70
   5.84739113       7.49978423E-02          69          71
   9.98849583       7.68064559E-02          70          63
   9.47085762      0.205843344              70          64
   8.95321846      0.492625415              70          65
   8.43558121      0.315895200              70          66
   7.91794395      0.114174597              70          67
   7.40030479       8.46199542E-02          70          68
   6.88266754      0.212808862              70          69
   6.36502838      0.146549016              70          70
   5.84739113       5.99329099E-02          70          71
   9.98849583       9.88234058E-02          71          63
   9.47085762      0.220926329              71          64
   8.95321846      0.536501586              71          65
   8.43558121      0.478991657              71          66
   7.91794395      0.163118497              71          67
   7.40030479       8.83260667E-02          71          68
   6.88266754      0.225671604              71          69
   6.36502838      0.132642716              71          70
   5.84739113      0.106853418              71          71
   9.98849583      0.121687405              72          63
   9.47085762      0.194173858              72          64
   8.95321846      0.467801154              72          65
   8.43558121      0.454412401              72          66
   7.91794395      0.201799214              72          67
   7.40030479       6.60462230E-02          72          68
   6.88266754      0.284387618              72          69
   6.36502838      0.152849793              72          70
   5.84739113      0.117909417              72          71
   9.98849583      0.131194264              73          63
   9.47085762      0.176658660              73          64
   8.95321846      0.263466537              73          65
   8.43558121      0.348413825              73          66
   7.91794395      0.161557332              73          67
   7.40030479      0.102968216              73          68
   6.88266754      0.263538301              73          69
   6.36502838      0.166618034              73          70
   5.84739113       9.28638950E-02          73          71
   9.98849583      0.175815269              74          63
   9.47085762      0.347422004              74          64
   8.95321846      0.240904376              74          65
   8.43558121      0.244254738              74          66
   7.91794395      0.111977570              74          67
   7.40030479      0.101507731              74          68
   6.88266754      0.162054524              74          69
   6.36502838      0.120351613              74          70
   5.84739113       9.19928476E-02          74          71
   9.98849583      0.161259562              75          63
   9.47085762      0.261468440              75          64
   8.95321846      0.175215289              75          65
   8.43558121      0.118784100              75          66
   7.91794395       7.97451138E-02          75          67
   7.40030479      0.116548322              75          68
   6.88266754       7.84908608E-02          75          69
   6.36502838      0.100099787              75          70
   5.84739113       9.67229605E-02          75          71
   9.98849583       4.45170216E-02          76          63
   9.47085762      0.147257268              76          64
   8.95321846       9.20498297E-02          76          65
   8.43558121       4.92213592E-02          76          66
   7.91794395       7.79033154E-02          76          67
   7.40030479      0.102603957              76          68
   6.88266754       8.86573493E-02          76          69
   6.36502838       9.35943350E-02          76          70
   5.84739113       4.61180136E-02          76          71
   9.98849583       5.00345789E-02          77          63
   9.47085762       8.60968083E-02          77          64
   8.95321846       5.84066883E-02          77          65
   8.43558121       4.59444597E-02          77          66
   7.91794395       8.43255445E-02          77          67
   7.40030479       5.92088327E-02          77          68
   6.88266754       8.02819133E-02          77          69
   6.36502838       3.46197858E-02          77          70
   5.84739113       3.34128886E-02          77          71
   9.98849583       6.44177720E-02          78          63
   9.47085762       4.67493981E-02          78          64
   8.95321846       8.16265047E-02          78          65
   8.43558121       4.53592874E-02          78          66
   7.91794395       5.73221073E-02          78          67
   7.40030479       5.85482530E-02          78          68
   6.88266754       6.20828941E-02          78          69
   6.36502838       3.44394818E-02          78          70
   5.84739113       4.13713790E-02          78          71
   9.98849583       7.78094605E-02          79          63
   9.47085762       5.42175435E-02          79          64
   8.95321846       5.69690503E-02          79          65
   8.43558121      0.175407454              79          66
   7.91794395       7.41996020E-02          79          67
   7.40030479       7.62524232E-02          79          68
   6.88266754       5.42634390E-02          79          69
   6.36502838       4.89617400E-02          79          70
   5.84739113       4.57610041E-02          79          71
   9.98849583       7.60702044E-02          80          63
   9.47085762       5.67601807E-02          80          64
   8.95321846       8.23130384E-02          80          65
   8.43558121      0.261976123              80          66
   7.91794395      0.289511830              80          67
   7.40030479      0.108927950              80          68
   6.88266754       6.13700300E-02          80          69
   6.36502838       5.49066067E-02          80          70
   5.84739113       5.56159839E-02          80          71
   9.98849583      0.164925009              81          63
   9.47085762       6.75979182E-02          81          64
   8.95321846       9.54351500E-02          81          65
   8.43558121      0.260375500              81          66
   7.91794395      0.237107947              81          67
   7.40030479      0.117935471              81          68
   6.88266754      0.123245761              81          69
   6.36502838       5.97089306E-02          81          70
   5.84739113       6.57723621E-02          81          71
   9.98849583      0.184100062              82          63
   9.47085762       7.76450709E-02          82          64
   8.95321846       9.58558843E-02          82          65
   8.43558121      0.142744079              82          66
   7.91794395      0.219271958              82          67
   7.40030479      0.146361142              82          68
   6.88266754      0.100459613              82          69
   6.36502838       7.23087043E-02          82          70
   5.84739113       9.03986469E-02          82          71
   9.98849583      0.129311144              83          63
   9.47085762      0.110706039              83          64
   8.95321846      0.100549743              83          65
   8.43558121      0.121468879              83          66
   7.91794395      0.192909181              83          67
   7.40030479      0.150008842              83          68
   6.88266754      0.112112537              83          69
   6.36502838       6.54377639E-02          83          70
   5.84739113       5.79665117E-02          83          71
   9.98849583       8.71296674E-02          84          63
   9.47085762       8.38519782E-02          84          64
   8.95321846       5.98864779E-02          84          65
   8.43558121       9.47174877E-02          84          66
   7.91794395      0.122754350              84          67
   7.40030479      0.116894498              84          68
   6.88266754      0.111610346              84          69
   6.36502838       5.95018566E-02          84          70
   5.84739113       6.20903894E-02          84          71
   9.98849583      0.110760659              85          63
   9.47085762      0.100436889              85          64
   8.95321846       7.15279952E-02          85          65
   8.43558121      0.107653238              85          66
   7.91794395       9.89908427E-02          85          67
   7.40030479      0.115445644              85          68
   6.88266754      0.110525534              85          69
   6.36502838       3.97240818E-02          85          70
   5.84739113       3.54830772E-02          85          71
   9.98849583      0.165834278              86          63
   9.47085762      0.108663015              86          64
   8.95321846       7.11791590E-02          86          65
   8.43558121       6.08821958E-02          86          66
   7.91794395       6.62950650E-02          86          67
   7.40030479      0.114159495              86          68
   6.88266754      0.115673631              86          69
   6.36502838       5.36183156E-02          86          70
   5.84739113       6.14899471E-02          86          71
   9.98849583      0.144064441              87          63
   9.47085762      0.105511136              87          64
   8.95321846       7.35902265E-02          87          65
   8.43558121       8.17035213E-02          87          66
   7.91794395       6.14253171E-02          87          67
   7.40030479      0.102015138              87          68
   6.88266754      0.107285865              87          69
   6.36502838       4.05499265E-02          87          70
   5.84739113       5.34131527E-02          87          71
   9.98849583      0.106332242              88          63
   9.47085762      0.146833405              88          64
   8.95321846       9.65200514E-02          88          65
   8.43558121       9.68215019E-02          88          66
   7.91794395       6.80651665E-02          88          67
   7.40030479      0.132323802              88          68
   6.88266754      0.116717286              88          69
   6.36502838       4.17429246E-02          88          70
   5.84739113       3.39264981E-02          88          71
   9.98849583       8.78769904E-02          89          63
   9.47085762       9.08739194E-02          89          64
   8.95321846      0.105777852              89          65
   8.43558121       8.90622512E-02          89          66
   7.91794395       8.33087042E-02          89          67
   7.40030479      0.147118732              89          68
   6.88266754      0.157473370              89          69
   6.36502838       4.92968485E-02          89          70
   5.84739113       3.13339978E-02          89          71
   9.98849583       8.42190385E-02          90          63
   9.47085762       4.89136912E-02          90          64
   8.95321846       6.33596033E-02          90          65
   8.43558121       7.27063939E-02          90          66
   7.91794395       6.02167994E-02          90          67
   7.40030479       9.24342871E-02          90          68
   6.88266754       9.01787579E-02          90          69
   6.36502838       4.63404655E-02          90          70
   5.84739113       4.02849764E-02          90          71
   9.98849583       9.46675092E-02          91          63
   9.47085762       6.21880069E-02          91          64
   8.95321846       6.38542473E-02          91          65
   8.43558121       4.19236943E-02          91          66
   7.91794395       5.73288165E-02          91          67
   7.40030479       4.40278761E-02          91          68
   6.88266754       4.86592799E-02          91          69
   6.36502838       6.32277429E-02          91          70
   5.84739113       6.34556934E-02          91          71
   9.98849583      0.103026628              92          63
   9.47085762      0.136617199              92          64
   8.95321846      0.102230109              92          65
   8.43558121       7.48530254E-02          92          66
   7.91794395       5.97110875E-02          92          67
   7.40030479       4.76237088E-02          92          68
   6.88266754       7.77630061E-02          92          69
   6.36502838       8.09365809E-02          92          70
   5.84739113       6.46965280E-02          92          71
   9.98849583      0.119531371              93          63
   9.47085762      0.144582316              93          64
   8.95321846      0.134428561              93          65
   8.43558121      0.126058936              93          66
   7.91794395       9.20059159E-02          93          67
   7.40030479       6.48491457E-02          93          68
   6.88266754       6.94171861E-02          93          69
   6.36502838       8.83472860E-02          93          70
   5.84739113       8.12896416E-02          93          71
   9.98849583      0.129673883              94          63
   9.47085762      0.119067237              94          64
   8.95321846      0.142296165              94          65
   8.43558121      0.150314182              94          66
   7.91794395      0.132238120              94          67
   7.40030479       5.39375581E-02          94          68
   6.88266754       8.82565528E-02          94          69
   6.36502838       6.70618862E-02          94          70
   5.84739113       7.45111927E-02          94          71
   9.98849583       8.68934989E-02          95          63
   9.47085762      0.108609445              95          64
   8.95321846      0.159365147              95          65
   8.43558121      0.156665578              95          66
   7.91794395      0.125510588              95          67
   7.40030479       6.74697459E-02          95          68
   6.88266754      0.108347423              95          69
   6.36502838      0.104444288              95          70
   5.84739113       6.77746460E-02          95          71
   9.98849583       8.77279565E-02          96          63
   9.47085762       9.48113501E-02          96          64
   8.95321846      0.122047998              96          65
   8.43558121      0.146605223              96          66
   7.91794395      0.105989121              96          67
   7.40030479      0.106241897              96          68
   6.88266754      0.139367208              96          69
   6.36502838      0.108902015              96          70
   5.84739113       7.15998560E-02          96          71
   9.98849583       6.55134842E-02          97          63
   9.47085762       8.41612518E-02          97          64
   8.95321846      0.137737185              97          65
   8.43558121      0.140525028              97          66
   7.91794395       7.78270885E-02          97          67
   7.40030479       6.73457682E-02          97          68
   6.88266754      0.121664427              97          69
   6.36502838      0.130522400              97          70
   5.84739113       3.51748504E-02          97          71
   9.98849583       4.12263758E-02          98          63
   9.47085762       5.16553782E-02          98          64
   8.95321846      0.110605814              98          65
   8.43558121      0.142720073              98          66
   7.91794395       8.16350877E-02          98          67
   7.40030479       9.03839469E-02          98          68
   6.88266754      0.118258379              98          69
   6.36502838       9.52855647E-02          98          70
   5.84739113       5.35808653E-02          98          71
   9.98849583       5.86254150E-02          99          63
   9.47085762       8.00837800E-02          99          64
   8.95321846       9.96887833E-02          99          65
   8.43558121      0.116668887              99          66
   7.91794395       7.03013912E-02          99          67
   7.40030479      0.127145842              99          68
   6.88266754      0.162587523              99          69
   6.36502838      0.105896398              99          70
   5.84739113      0.127602756              99          71
   9.98849583       8.99108723E-02         100          63
   9.47085762       8.64412859E-02         100          64
   8.95321846      0.107450359             100          65
   8.43558121       5.38811982E-02         100          66
   7.91794395       9.74280760E-02         100          67
   7.40030479       7.20609576E-02         100          68
   6.88266754      0.183064714             100          69
   6.36502838      0.171118602             100          70
   5.84739113      0.141338095             100          71
   9.98849583       4.36292775E-02         101          63
   9.47085762       8.40518624E-02         101          64
   8.95321846      0.123208649             101          65
   8.43558121      0.148312479             101          66
   7.91794395       7.23743364E-02         101          67
   7.40030479      0.108722128             101          68
   6.88266754      0.228441685             101          69
   6.36502838      0.192952216             101          70
   5.84739113      0.196191922             101          71
   9.98849583       4.44017351E-02         102          63
   9.47085762       5.72740398E-02         102          64
   8.95321846       7.50737563E-02         102          65
   8.43558121       6.94186613E-02         102          66
   7.91794395       9.97017622E-02         102          67
   7.40030479       6.80156201E-02         102          68
   6.88266754      0.186880246             102          69
   6.36502838      0.233215034             102          70
   5.84739113      0.165606797             102          71
   9.98849583       4.21535186E-02         103          63
   9.47085762       4.26381603E-02         103          64
   8.95321846       7.89776221E-02         103          65
   8.43558121       7.22087845E-02         103          66
   7.91794395      0.161090970             103          67
   7.40030479       7.73851573E-02         103          68
   6.88266754      0.156171158             103          69
   6.36502838      0.153153211             103          70
   5.84739113       9.39950645E-02         103          71
   9.98849583       7.67907873E-02         104          63
   9.47085762       2.94456445E-02         104          64
   8.95321846       4.25168686E-02         104          65
   8.43558121      0.117500365             104          66
   7.91794395      0.149832457             104          67
   7.40030479       7.96662346E-02         104          68
   6.88266754       9.06070620E-02         104          69
   6.36502838       8.34665895E-02         104          70
   5.84739113       5.00096455E-02         104          71
   9.98849583      0.164485976             105          63
   9.47085762       7.37514868E-02         105          64
   8.95321846       6.36028722E-02         105          65
   8.43558121      0.177475348             105          66
   7.91794395      0.148426756             105          67
   7.40030479       6.68464899E-02         105          68
   6.88266754       9.33542848E-02         105          69
   6.36502838       8.29324871E-02         105          70
   5.84739113       7.71416277E-02         105          71
   9.98849583      0.152324393             106          63
   9.47085762       9.31859389E-02         106          64
   8.95321846       7.49925077E-02         106          65
   8.43558121       7.66947195E-02         106          66
   7.91794395      0.158429325             106          67
   7.40030479       9.78847146E-02         106          68
   6.88266754       9.25527960E-02         106          69
   6.36502838       9.00351927E-02         106          70
   5.84739113      0.121079266             106          71
   9.98849583      0.124821752             107          63
   9.47085762      0.104583025             107          64
   8.95321846       7.96145946E-02         107          65
   8.43558121       4.94117476E-02         107          66
   7.91794395       9.91628766E-02         107          67
   7.40030479      0.120249599             107          68
   6.88266754       8.28833878E-02         107          69
   6.36502838      0.113088489             107          70
   5.84739113       7.07248822E-02         107          71
   9.98849583      0.131530002             108          63
   9.47085762       9.93778855E-02         108          64
   8.95321846       8.47491473E-02         108          65
   8.43558121       7.57956058E-02         108          66
   7.91794395       7.58344829E-02         108          67
   7.40030479      0.125549600             108          68
   6.88266754      0.109070145             108          69
   6.36502838       9.09928679E-02         108          70
   5.84739113       3.28980088E-02         108          71
   9.98849583      0.210750937             109          63
   9.47085762      0.144828677             109          64
   8.95321846      0.122424118             109          65
   8.43558121       8.91086236E-02         109          66
   7.91794395       4.62707616E-02         109          67
   7.40030479       6.21854700E-02         109          68
   6.88266754       5.64132668E-02         109          69
   6.36502838       5.95547669E-02         109          70
   5.84739113       4.62781005E-02         109          71
   9.98849583      0.163623944             110          63
   9.47085762      0.108737096             110          64
   8.95321846       8.41937587E-02         110          65
   8.43558121      0.126816764             110          66
   7.91794395       4.93482538E-02         110          67
   7.40030479       6.39636889E-02         110          68
   6.88266754      0.114241309             110          69
   6.36502838      0.103624247             110          70
   5.84739113       5.23774251E-02         110          71
   9.98849583      0.100353830             111          63
   9.47085762       5.57171963E-02         111          64
   8.95321846       6.53955862E-02         111          65
   8.43558121       9.55358744E-02         111          66
   7.91794395       8.49600434E-02         111          67
   7.40030479       8.79528821E-02         111          68
   6.88266754      0.128418013             111          69
   6.36502838      0.124767430             111          70
   5.84739113      0.152388841             111          71
   9.98849583       4.31636088E-02         112          63
   9.47085762       4.77861539E-02         112          64
   8.95321846       4.79989648E-02         112          65
   8.43558121       9.13826674E-02         112          66
   7.91794395      0.117049649             112          67
   7.40030479       9.75604728E-02         112          68
   6.88266754       8.02502483E-02         112          69
   6.36502838      0.110104032             112          70
   5.84739113      0.154463202             112          71
   9.98849583       5.35408631E-02         113          63
   9.47085762       6.87394291E-02         113          64
   8.95321846       3.85308042E-02         113          65
   8.43558121       9.73073468E-02         113          66
   7.91794395       8.02588612E-02         113          67
   7.40030479      0.190592036             113          68
   6.88266754      0.102618605             113          69
   6.36502838      0.120730795             113          70
   5.84739113       7.27550015E-02         113          71
   9.98849583       5.63005321E-02         114          63
   9.47085762       9.75859165E-02         114          64
   8.95321846       6.41051903E-02         114          65
   8.43558121      0.138826072             114          66
   7.91794395      0.141651362             114          67
   7.40030479      0.166060954             114          68
   6.88266754      0.148142904             114          69
   6.36502838       7.74290413E-02         114          70
   5.84739113       9.78919789E-02         114          71
   9.98849583       6.27979636E-02         115          63
   9.47085762       8.35677907E-02         115          64
   8.95321846       7.06068277E-02         115          65
   8.43558121      0.143275768             115          66
   7.91794395      0.163873002             115          67
   7.40030479      0.210795760             115          68
   6.88266754       9.94928628E-02         115          69
   6.36502838       9.00477991E-02         115          70
   5.84739113      0.155957699             115          71
   9.98849583       9.69135016E-02         116          63
   9.47085762       6.45874664E-02         116          64
   8.95321846       6.28960580E-02         116          65
   8.43558121      0.183497176             116          66
   7.91794395      0.141742185             116          67
   7.40030479      0.210711643             116          68
   6.88266754       9.18637216E-02         116          69
   6.36502838      0.142336145             116          70
   5.84739113      0.198474914             116          71
   9.98849583      0.146297514             117          63
   9.47085762       7.31222183E-02         117          64
   8.95321846       8.26869309E-02         117          65
   8.43558121       9.96618867E-02         117          66
   7.91794395       8.08537900E-02         117          67
   7.40030479      0.110896468             117          68
   6.88266754      0.102081977             117          69
   6.36502838      0.174145743             117          70
   5.84739113      0.132096067             117          71
   9.98849583       9.62757096E-02         118          63
   9.47085762       8.36324692E-02         118          64
   8.95321846       4.89232242E-02         118          65
   8.43558121       7.83129856E-02         118          66
   7.91794395      0.181204915             118          67
   7.40030479      0.102116168             118          68
   6.88266754       8.09407830E-02         118          69
   6.36502838       8.11347142E-02         118          70
   5.84739113       8.98156464E-02         118          71
   9.98849583       7.47069716E-02         119          63
   9.47085762       5.37553877E-02         119          64
   8.95321846       6.53485283E-02         119          65
   8.43558121       4.79956158E-02         119          66
   7.91794395      0.145928070             119          67
   7.40030479      0.144612342             119          68
   6.88266754       8.43729973E-02         119          69
   6.36502838       7.02157691E-02         119          70
   5.84739113       7.79057965E-02         119          71
   9.98849583       6.18358180E-02         120          63
   9.47085762       6.12934828E-02         120          64
   8.95321846       5.62504120E-02         120          65
   8.43558121       5.97273037E-02         120          66
   7.91794395       9.79392976E-02         120          67
   7.40030479       7.52711743E-02         120          68
   6.88266754       7.80091435E-02         120          69
   6.36502838       6.85917065E-02         120          70
   5.84739113       6.43574670E-02         120          71
   9.98849583       6.50461912E-02         121          63
   9.47085762       6.38882592E-02         121          64
   8.95321846       6.06590360E-02         121          65
   8.43558121       5.46712726E-02         121          66
   7.91794395      0.103831790             121          67
   7.40030479       8.75732079E-02         121          68
   6.88266754       8.24491009E-02         121          69
   6.36502838       8.20212960E-02         121          70
   5.84739113       9.27328840E-02         121          71
