   42.0820541       2.76210774E-02           1           1
   41.5644188       1.73872653E-02           1           2
   41.0467834       2.95992624E-02           1           3
   40.5291443       2.75357869E-02           1           4
   40.0115051       3.02857775E-02           1           5
   42.0820541       1.81890205E-02           2           1
   41.5644188       1.88224521E-02           2           2
   41.0467834       1.74278542E-02           2           3
   40.5291443       2.13105865E-02           2           4
   40.0115051       2.84162015E-02           2           5
   42.0820541       2.22777613E-02           3           1
   41.5644188       2.78665666E-02           3           2
   41.0467834       2.63982508E-02           3           3
   40.5291443       1.69303995E-02           3           4
   40.0115051       2.52753496E-02           3           5
   42.0820541       1.93735696E-02           4           1
   41.5644188       3.37555967E-02           4           2
   41.0467834       2.74782758E-02           4           3
   40.5291443       2.64280457E-02           4           4
   40.0115051       4.32355404E-02           4           5
   42.0820541       1.61739532E-02           5           1
   41.5644188       3.04006971E-02           5           2
   41.0467834       2.96560172E-02           5           3
   40.5291443       3.20383422E-02           5           4
   40.0115051       3.22662517E-02           5           5
   42.0820541       2.72062495E-02           6           1
   41.5644188       3.56826410E-02           6           2
   41.0467834       2.29098834E-02           6           3
   40.5291443       3.54933478E-02           6           4
   40.0115051       2.44856477E-02           6           5
   42.0820541       6.16830401E-02           7           1
   41.5644188       5.83776496E-02           7           2
   41.0467834       3.71638872E-02           7           3
   40.5291443       3.16040888E-02           7           4
   40.0115051       2.16584131E-02           7           5
   42.0820541       3.66235375E-02           8           1
   41.5644188       4.65051606E-02           8           2
   41.0467834       2.42968407E-02           8           3
   40.5291443       2.66869962E-02           8           4
   40.0115051       2.66773235E-02           8           5
   42.0820541       4.72950861E-02           9           1
   41.5644188       2.84445826E-02           9           2
   41.0467834       2.81840079E-02           9           3
   40.5291443       2.96472088E-02           9           4
   40.0115051       2.17432100E-02           9           5
   42.0820541       3.94400693E-02          10           1
   41.5644188       3.42221744E-02          10           2
   41.0467834       2.21784916E-02          10           3
   40.5291443       1.83692649E-02          10           4
   40.0115051       4.16443534E-02          10           5
   42.0820541       4.25714739E-02          11           1
   41.5644188       3.46868560E-02          11           2
   41.0467834       4.29711789E-02          11           3
   40.5291443       4.40404043E-02          11           4
   40.0115051       6.68132901E-02          11           5
   42.0820541       4.19235937E-02          12           1
   41.5644188       6.33728355E-02          12           2
   41.0467834       6.11183383E-02          12           3
   40.5291443       4.93667312E-02          12           4
   40.0115051       8.36156011E-02          12           5
   42.0820541       4.26576585E-02          13           1
   41.5644188       2.85752732E-02          13           2
   41.0467834       3.24076600E-02          13           3
   40.5291443       5.41984215E-02          13           4
   40.0115051       7.32887611E-02          13           5
   42.0820541       3.73923853E-02          14           1
   41.5644188       3.09437308E-02          14           2
   41.0467834       3.24617885E-02          14           3
   40.5291443       4.69003581E-02          14           4
   40.0115051       5.32551110E-02          14           5
   42.0820541       3.42827290E-02          15           1
   41.5644188       3.01040951E-02          15           2
   41.0467834       5.30037656E-02          15           3
   40.5291443       3.71341445E-02          15           4
   40.0115051       4.07800935E-02          15           5
   42.0820541       4.01301347E-02          16           1
   41.5644188       5.08219413E-02          16           2
   41.0467834       4.11134958E-02          16           3
   40.5291443       3.42109427E-02          16           4
   40.0115051       3.22335772E-02          16           5
   42.0820541       4.68414687E-02          17           1
   41.5644188       5.65658994E-02          17           2
   41.0467834       5.76280467E-02          17           3
   40.5291443       7.34804049E-02          17           4
   40.0115051       5.74632436E-02          17           5
   42.0820541       6.07156195E-02          18           1
   41.5644188       7.54266679E-02          18           2
   41.0467834       7.43026659E-02          18           3
   40.5291443       5.96536137E-02          18           4
   40.0115051       5.48461229E-02          18           5
   42.0820541       9.73294005E-02          19           1
   41.5644188      0.119292475              19           2
   41.0467834       8.80520567E-02          19           3
   40.5291443       7.26786703E-02          19           4
   40.0115051       3.99158262E-02          19           5
   42.0820541       8.19696337E-02          20           1
   41.5644188      0.124891222              20           2
   41.0467834       9.09159034E-02          20           3
   40.5291443      0.103604756              20           4
   40.0115051       7.58610517E-02          20           5
   42.0820541       3.44054624E-02          21           1
   41.5644188       6.28402084E-02          21           2
   41.0467834       4.10146303E-02          21           3
   40.5291443       3.84842791E-02          21           4
   40.0115051       3.63185853E-02          21           5
   42.0820541       2.71375105E-02          22           1
   41.5644188       2.77098455E-02          22           2
   41.0467834       2.24010590E-02          22           3
   40.5291443       1.99064109E-02          22           4
   40.0115051       2.94905342E-02          22           5
   42.0820541       1.85580608E-02          23           1
   41.5644188       2.74766926E-02          23           2
   41.0467834       2.95672268E-02          23           3
   40.5291443       1.53526608E-02          23           4
   40.0115051       2.03540716E-02          23           5
   42.0820541       1.91977173E-02          24           1
   41.5644188       1.60237197E-02          24           2
   41.0467834       2.08292641E-02          24           3
   40.5291443       1.51209906E-02          24           4
   40.0115051       2.00951137E-02          24           5
   42.0820541       2.43079551E-02          25           1
   41.5644188       2.27765404E-02          25           2
   41.0467834       2.37249248E-02          25           3
   40.5291443       1.86778996E-02          25           4
   40.0115051       1.93276182E-02          25           5
   42.0820541       3.30380872E-02          26           1
   41.5644188       5.53811565E-02          26           2
   41.0467834       4.67689373E-02          26           3
   40.5291443       3.02497018E-02          26           4
   40.0115051       1.98321939E-02          26           5
   42.0820541       6.10723607E-02          27           1
   41.5644188       7.50476122E-02          27           2
   41.0467834       6.55919388E-02          27           3
   40.5291443       3.41650769E-02          27           4
   40.0115051       3.26008126E-02          27           5
   42.0820541       3.64794768E-02          28           1
   41.5644188       7.99771324E-02          28           2
   41.0467834       4.50540893E-02          28           3
   40.5291443       4.41347212E-02          28           4
   40.0115051       4.75222245E-02          28           5
   42.0820541       5.26086763E-02          29           1
   41.5644188       3.74417529E-02          29           2
   41.0467834       4.68475707E-02          29           3
   40.5291443       4.27213497E-02          29           4
   40.0115051       4.86048684E-02          29           5
   42.0820541       4.63958085E-02          30           1
   41.5644188       4.07464951E-02          30           2
   41.0467834       4.41027172E-02          30           3
   40.5291443       5.59422858E-02          30           4
   40.0115051       4.57836427E-02          30           5
   42.0820541       5.11110350E-02          31           1
   41.5644188       4.28414047E-02          31           2
   41.0467834       8.37391019E-02          31           3
   40.5291443       5.65157607E-02          31           4
   40.0115051       6.29386604E-02          31           5
   42.0820541       3.33531909E-02          32           1
   41.5644188       2.84973178E-02          32           2
   41.0467834       5.13867252E-02          32           3
   40.5291443       5.84825464E-02          32           4
   40.0115051       9.04857367E-02          32           5
   42.0820541       2.78976765E-02          33           1
   41.5644188       2.85329074E-02          33           2
   41.0467834       5.14188968E-02          33           3
   40.5291443       6.43505901E-02          33           4
   40.0115051       4.43096869E-02          33           5
   42.0820541       3.71451601E-02          34           1
   41.5644188       4.08540852E-02          34           2
   41.0467834       5.80401607E-02          34           3
   40.5291443       5.83802909E-02          34           4
   40.0115051       3.82681526E-02          34           5
   42.0820541       4.54964899E-02          35           1
   41.5644188       3.54149565E-02          35           2
   41.0467834       5.24797402E-02          35           3
   40.5291443       6.05756491E-02          35           4
   40.0115051       3.80181298E-02          35           5
   42.0820541       3.81256938E-02          36           1
   41.5644188       3.79460193E-02          36           2
   41.0467834       3.52760032E-02          36           3
   40.5291443       3.84374149E-02          36           4
   40.0115051       5.28337322E-02          36           5
   42.0820541       5.26738018E-02          37           1
   41.5644188       4.57339101E-02          37           2
   41.0467834       6.20190576E-02          37           3
   40.5291443       7.52069429E-02          37           4
   40.0115051       7.09981099E-02          37           5
   42.0820541       4.59693968E-02          38           1
   41.5644188       4.04375196E-02          38           2
   41.0467834       4.68597822E-02          38           3
   40.5291443       4.75768335E-02          38           4
   40.0115051       6.74421266E-02          38           5
   42.0820541       6.75967932E-02          39           1
   41.5644188       8.71609971E-02          39           2
   41.0467834       5.36156185E-02          39           3
   40.5291443       4.24722582E-02          39           4
   40.0115051       4.06343713E-02          39           5
   42.0820541       7.22631589E-02          40           1
   41.5644188       8.53406265E-02          40           2
   41.0467834       8.80740583E-02          40           3
   40.5291443       4.49127294E-02          40           4
   40.0115051       4.46272492E-02          40           5
   42.0820541       6.76054060E-02          41           1
   41.5644188       7.69475549E-02          41           2
   41.0467834       9.21534672E-02          41           3
   40.5291443      0.103253454              41           4
   40.0115051       5.64560331E-02          41           5
   42.0820541       7.30195418E-02          42           1
   41.5644188       8.04457664E-02          42           2
   41.0467834       6.94823116E-02          42           3
   40.5291443       8.16273168E-02          42           4
   40.0115051       7.90772289E-02          42           5
   42.0820541       7.46330470E-02          43           1
   41.5644188      0.113382757              43           2
   41.0467834      0.119159363              43           3
   40.5291443       9.10251886E-02          43           4
   40.0115051       6.21555671E-02          43           5
   42.0820541       6.37003705E-02          44           1
   41.5644188      0.162739322              44           2
   41.0467834      0.129015297              44           3
   40.5291443      0.130832061              44           4
   40.0115051      0.133475512              44           5
   42.0820541       5.76600581E-02          45           1
   41.5644188       6.35275468E-02          45           2
   41.0467834       9.83689427E-02          45           3
   40.5291443      0.128755778              45           4
   40.0115051      0.138135418              45           5
   42.0820541       5.93319573E-02          46           1
   41.5644188       8.49886164E-02          46           2
   41.0467834      0.114172757              46           3
   40.5291443      0.166255310              46           4
   40.0115051      0.167235434              46           5
   42.0820541       9.49350446E-02          47           1
   41.5644188      0.109854512              47           2
   41.0467834      0.145485461              47           3
   40.5291443      0.219756767              47           4
   40.0115051      0.180668175              47           5
   42.0820541       5.78922220E-02          48           1
   41.5644188      0.110372521              48           2
   41.0467834      0.135519415              48           3
   40.5291443      0.166096717              48           4
   40.0115051      0.152427539              48           5
   42.0820541       3.59711200E-02          49           1
   41.5644188       6.42054155E-02          49           2
   41.0467834      0.111849219              49           3
   40.5291443      0.119624875              49           4
   40.0115051       8.75047222E-02          49           5
   42.0820541       2.53436882E-02          50           1
   41.5644188       4.22775112E-02          50           2
   41.0467834       5.39577529E-02          50           3
   40.5291443       5.44961579E-02          50           4
   40.0115051       6.20214343E-02          50           5
   42.0820541       5.09901159E-02          51           1
   41.5644188       5.32966666E-02          51           2
   41.0467834       2.26962101E-02          51           3
   40.5291443       3.58998701E-02          51           4
   40.0115051       3.71333882E-02          51           5
   42.0820541       5.38910367E-02          52           1
   41.5644188       3.80853526E-02          52           2
   41.0467834       3.07937395E-02          52           3
   40.5291443       5.11334799E-02          52           4
   40.0115051       4.71577905E-02          52           5
   42.0820541       3.55989523E-02          53           1
   41.5644188       4.05345224E-02          53           2
   41.0467834       4.72486578E-02          53           3
   40.5291443       6.43535629E-02          53           4
   40.0115051       5.64688370E-02          53           5
   42.0820541       4.47726324E-02          54           1
   41.5644188       4.97716255E-02          54           2
   41.0467834       7.89165795E-02          54           3
   40.5291443       8.50509480E-02          54           4
   40.0115051       7.05237985E-02          54           5
   42.0820541       3.42104584E-02          55           1
   41.5644188       6.44319057E-02          55           2
   41.0467834      0.182933152              55           3
   40.5291443      0.135399103              55           4
   40.0115051       9.24873054E-02          55           5
   42.0820541       6.43398240E-02          56           1
   41.5644188      0.119072556              56           2
   41.0467834      0.122774251              56           3
   40.5291443      0.102055714              56           4
   40.0115051       9.71616656E-02          56           5
   42.0820541       4.62322682E-02          57           1
   41.5644188       6.62549436E-02          57           2
   41.0467834       7.74487853E-02          57           3
   40.5291443       8.35118890E-02          57           4
   40.0115051      0.116169490              57           5
   42.0820541       3.38734873E-02          58           1
   41.5644188       4.53988314E-02          58           2
   41.0467834       6.04345575E-02          58           3
   40.5291443       7.91989565E-02          58           4
   40.0115051       8.79309997E-02          58           5
   42.0820541       3.22736949E-02          59           1
   41.5644188       4.18578684E-02          59           2
   41.0467834       6.81153983E-02          59           3
   40.5291443       8.69147629E-02          59           4
   40.0115051       9.57130417E-02          59           5
   42.0820541       6.31615296E-02          60           1
   41.5644188       4.58811037E-02          60           2
   41.0467834       6.75684363E-02          60           3
   40.5291443       9.46581811E-02          60           4
   40.0115051       7.41433650E-02          60           5
   42.0820541       5.29994890E-02          61           1
   41.5644188       5.17932251E-02          61           2
   41.0467834       7.94620141E-02          61           3
   40.5291443       4.93204035E-02          61           4
   40.0115051       4.89845015E-02          61           5
   42.0820541       3.37866917E-02          62           1
   41.5644188       4.04299088E-02          62           2
   41.0467834       3.23796272E-02          62           3
   40.5291443       2.70240474E-02          62           4
   40.0115051       3.70784998E-02          62           5
   42.0820541       3.51041406E-02          63           1
   41.5644188       4.15238068E-02          63           2
   41.0467834       4.17703651E-02          63           3
   40.5291443       3.47432680E-02          63           4
   40.0115051       3.00453473E-02          63           5
   42.0820541       6.73753545E-02          64           1
   41.5644188       4.45884354E-02          64           2
   41.0467834       3.03157102E-02          64           3
   40.5291443       4.68155667E-02          64           4
   40.0115051       4.96128015E-02          64           5
   42.0820541       8.58476683E-02          65           1
   41.5644188       9.77383107E-02          65           2
   41.0467834       6.25566915E-02          65           3
   40.5291443       6.56232163E-02          65           4
   40.0115051       6.29245341E-02          65           5
   42.0820541      0.109528996              66           1
   41.5644188       8.58537033E-02          66           2
   41.0467834       8.75416026E-02          66           3
   40.5291443       6.21833950E-02          66           4
   40.0115051       5.91201298E-02          66           5
   42.0820541      0.114374228              67           1
   41.5644188      0.102009363              67           2
   41.0467834       8.50572363E-02          67           3
   40.5291443       7.03812093E-02          67           4
   40.0115051       3.57326232E-02          67           5
   42.0820541       8.11471567E-02          68           1
   41.5644188       8.46312195E-02          68           2
   41.0467834       9.72785950E-02          68           3
   40.5291443       9.45501104E-02          68           4
   40.0115051       4.64013964E-02          68           5
   42.0820541       5.25100864E-02          69           1
   41.5644188       9.20330435E-02          69           2
   41.0467834      0.106040031              69           3
   40.5291443       8.22238624E-02          69           4
   40.0115051       4.18881774E-02          69           5
   42.0820541      0.148072943              70           1
   41.5644188      0.124241151              70           2
   41.0467834      0.105918318              70           3
   40.5291443       7.76485428E-02          70           4
   40.0115051       5.31251989E-02          70           5
   42.0820541      0.122987933              71           1
   41.5644188      0.109881938              71           2
   41.0467834       9.93059054E-02          71           3
   40.5291443       6.26262575E-02          71           4
   40.0115051       3.69219407E-02          71           5
   42.0820541       6.30945340E-02          72           1
   41.5644188       5.73833100E-02          72           2
   41.0467834       7.00404868E-02          72           3
   40.5291443       4.27981429E-02          72           4
   40.0115051       3.20043825E-02          72           5
   42.0820541       4.89992350E-02          73           1
   41.5644188       8.07402357E-02          73           2
   41.0467834      0.108474106              73           3
   40.5291443       9.84416008E-02          73           4
   40.0115051       5.55562899E-02          73           5
   42.0820541       5.10496162E-02          74           1
   41.5644188       7.52488896E-02          74           2
   41.0467834       7.75590241E-02          74           3
   40.5291443       4.92102578E-02          74           4
   40.0115051       4.91335578E-02          74           5
   42.0820541       7.36011341E-02          75           1
   41.5644188       6.85615465E-02          75           2
   41.0467834       5.85859194E-02          75           3
   40.5291443       5.53336777E-02          75           4
   40.0115051       4.44914214E-02          75           5
   42.0820541       5.93770929E-02          76           1
   41.5644188       6.18442856E-02          76           2
   41.0467834       6.32685348E-02          76           3
   40.5291443       5.38497195E-02          76           4
   40.0115051       9.45916846E-02          76           5
   42.0820541       4.00272198E-02          77           1
   41.5644188       4.62399051E-02          77           2
   41.0467834       5.80799691E-02          77           3
   40.5291443       6.09003343E-02          77           4
   40.0115051      0.126512155              77           5
   42.0820541       8.27751756E-02          78           1
   41.5644188       4.57924418E-02          78           2
   41.0467834       5.18830270E-02          78           3
   40.5291443       6.43147603E-02          78           4
   40.0115051      0.110587321              78           5
   42.0820541       9.60823223E-02          79           1
   41.5644188       7.43564740E-02          79           2
   41.0467834       4.69318405E-02          79           3
   40.5291443       6.86003640E-02          79           4
   40.0115051      0.105687663              79           5
   42.0820541       6.28895611E-02          80           1
   41.5644188       4.81100045E-02          80           2
   41.0467834       7.28706792E-02          80           3
   40.5291443       4.32719141E-02          80           4
   40.0115051       6.28229976E-02          80           5
   42.0820541       6.94590136E-02          81           1
   41.5644188       6.83053061E-02          81           2
   41.0467834       5.25182076E-02          81           3
   40.5291443       5.88746704E-02          81           4
   40.0115051       6.13265373E-02          81           5
   42.0820541       7.22988769E-02          82           1
   41.5644188       5.87846488E-02          82           2
   41.0467834       6.50097504E-02          82           3
   40.5291443       8.57994184E-02          82           4
   40.0115051       8.32073987E-02          82           5
   42.0820541       7.02082291E-02          83           1
   41.5644188       3.56774963E-02          83           2
   41.0467834       6.02396503E-02          83           3
   40.5291443       7.21227005E-02          83           4
   40.0115051       5.74703366E-02          83           5
   42.0820541       9.62595716E-02          84           1
   41.5644188       3.04203872E-02          84           2
   41.0467834       4.15648371E-02          84           3
   40.5291443       4.18320782E-02          84           4
   40.0115051       3.02255899E-02          84           5
   42.0820541       5.91094047E-02          85           1
   41.5644188       2.76641138E-02          85           2
   41.0467834       3.91281843E-02          85           3
   40.5291443       3.28827985E-02          85           4
   40.0115051       3.92322466E-02          85           5
   42.0820541       3.54710855E-02          86           1
   41.5644188       3.43644805E-02          86           2
   41.0467834       4.35803197E-02          86           3
   40.5291443       3.52139026E-02          86           4
   40.0115051       3.37143615E-02          86           5
   42.0820541       2.79337745E-02          87           1
   41.5644188       3.31560150E-02          87           2
   41.0467834       3.51602323E-02          87           3
   40.5291443       4.03617360E-02          87           4
   40.0115051       2.94350144E-02          87           5
   42.0820541       3.24863084E-02          88           1
   41.5644188       3.56978327E-02          88           2
   41.0467834       3.65535952E-02          88           3
   40.5291443       3.68283242E-02          88           4
   40.0115051       3.10427826E-02          88           5
   42.0820541       6.32421449E-02          89           1
   41.5644188       4.55813110E-02          89           2
   41.0467834       4.45610583E-02          89           3
   40.5291443       5.18622324E-02          89           4
   40.0115051       2.95115113E-02          89           5
   42.0820541       5.26041053E-02          90           1
   41.5644188       4.82910797E-02          90           2
   41.0467834       3.97077091E-02          90           3
   40.5291443       4.20619808E-02          90           4
   40.0115051       3.15337740E-02          90           5
   42.0820541       3.87927964E-02          91           1
   41.5644188       3.75802815E-02          91           2
   41.0467834       4.21661921E-02          91           3
   40.5291443       2.71701105E-02          91           4
   40.0115051       3.55221666E-02          91           5
   42.0820541       3.21832150E-02          92           1
   41.5644188       3.54953296E-02          92           2
   41.0467834       3.14632878E-02          92           3
   40.5291443       2.83337440E-02          92           4
   40.0115051       4.10735011E-02          92           5
   42.0820541       3.49824838E-02          93           1
   41.5644188       3.64273638E-02          93           2
   41.0467834       3.18230391E-02          93           3
   40.5291443       2.62558088E-02          93           4
   40.0115051       2.50777621E-02          93           5
   42.0820541       2.48906016E-02          94           1
   41.5644188       1.74597576E-02          94           2
   41.0467834       2.00602226E-02          94           3
   40.5291443       1.75178926E-02          94           4
   40.0115051       1.86516065E-02          94           5
   42.0820541       1.72220152E-02          95           1
   41.5644188       2.17125881E-02          95           2
   41.0467834       1.39820473E-02          95           3
   40.5291443       2.34095529E-02          95           4
   40.0115051       2.60877032E-02          95           5
   42.0820541       2.11894866E-02          96           1
   41.5644188       3.44173424E-02          96           2
   41.0467834       2.14973278E-02          96           3
   40.5291443       2.78780963E-02          96           4
   40.0115051       3.00217606E-02          96           5
   42.0820541       2.32171752E-02          97           1
   41.5644188       3.50036249E-02          97           2
   41.0467834       3.68158892E-02          97           3
   40.5291443       4.86416966E-02          97           4
   40.0115051       4.14732173E-02          97           5
   42.0820541       2.06654575E-02          98           1
   41.5644188       3.42671499E-02          98           2
   41.0467834       6.56322464E-02          98           3
   40.5291443       6.51305988E-02          98           4
   40.0115051       6.37426451E-02          98           5
   42.0820541       2.94482969E-02          99           1
   41.5644188       3.48387025E-02          99           2
   41.0467834       6.12450317E-02          99           3
   40.5291443       7.06655234E-02          99           4
   40.0115051       6.05794303E-02          99           5
   42.0820541       2.49398407E-02         100           1
   41.5644188       2.44718306E-02         100           2
   41.0467834       4.31285426E-02         100           3
   40.5291443       6.68075234E-02         100           4
   40.0115051       6.37991428E-02         100           5
   42.0820541       3.13396007E-02         101           1
   41.5644188       3.02543864E-02         101           2
   41.0467834       4.27903272E-02         101           3
   40.5291443       3.75749990E-02         101           4
   40.0115051       3.65772322E-02         101           5
   42.0820541       6.00481816E-02         102           1
   41.5644188       5.19033037E-02         102           2
   41.0467834       3.96247134E-02         102           3
   40.5291443       3.30141596E-02         102           4
   40.0115051       3.33992168E-02         102           5
   42.0820541       5.87123111E-02         103           1
   41.5644188       6.86689541E-02         103           2
   41.0467834       5.64690754E-02         103           3
   40.5291443       3.46872061E-02         103           4
   40.0115051       3.19333896E-02         103           5
   42.0820541       4.36150469E-02         104           1
   41.5644188       6.53094202E-02         104           2
   41.0467834       4.59547900E-02         104           3
   40.5291443       4.97540310E-02         104           4
   40.0115051       3.33595276E-02         104           5
   42.0820541       3.07988320E-02         105           1
   41.5644188       3.20331343E-02         105           2
   41.0467834       4.96470146E-02         105           3
   40.5291443       4.03338708E-02         105           4
   40.0115051       2.12182794E-02         105           5
   42.0820541       2.35918202E-02         106           1
   41.5644188       1.83688719E-02         106           2
   41.0467834       3.37426476E-02         106           3
   40.5291443       1.99892055E-02         106           4
   40.0115051       2.47189198E-02         106           5
   42.0820541       2.32385155E-02         107           1
   41.5644188       8.66769906E-03         107           2
   41.0467834       1.43703269E-02         107           3
   40.5291443       1.31917950E-02         107           4
   40.0115051       1.99305508E-02         107           5
   42.0820541       9.33123101E-03         108           1
   41.5644188       1.44673260E-02         108           2
   41.0467834       2.14198940E-02         108           3
   40.5291443       1.73501652E-02         108           4
   40.0115051       1.21424869E-02         108           5
   42.0820541       7.99853913E-03         109           1
   41.5644188       1.34516107E-02         109           2
   41.0467834       2.11798530E-02         109           3
   40.5291443       1.82058420E-02         109           4
   40.0115051       2.48071495E-02         109           5
   42.0820541       1.25365146E-02         110           1
   41.5644188       1.17871333E-02         110           2
   41.0467834       1.64460242E-02         110           3
   40.5291443       4.90864962E-02         110           4
   40.0115051       4.28005680E-02         110           5
   42.0820541       2.55235396E-02         111           1
   41.5644188       2.95339972E-02         111           2
   41.0467834       2.57353298E-02         111           3
   40.5291443       4.31474708E-02         111           4
   40.0115051       4.61301953E-02         111           5
   42.0820541       3.59735005E-02         112           1
   41.5644188       3.39847431E-02         112           2
   41.0467834       4.36716564E-02         112           3
   40.5291443       4.03208248E-02         112           4
   40.0115051       3.28737535E-02         112           5
   42.0820541       2.53309384E-02         113           1
   41.5644188       4.16476354E-02         113           2
   41.0467834       3.40471528E-02         113           3
   40.5291443       2.71976404E-02         113           4
   40.0115051       2.68442929E-02         113           5
   42.0820541       2.79658046E-02         114           1
   41.5644188       2.50443555E-02         114           2
   41.0467834       2.67944727E-02         114           3
   40.5291443       2.19055545E-02         114           4
   40.0115051       2.00818405E-02         114           5
   42.0820541       3.61729339E-02         115           1
   41.5644188       3.75966951E-02         115           2
   41.0467834       3.38093527E-02         115           3
   40.5291443       3.21709849E-02         115           4
   40.0115051       1.67297143E-02         115           5
   42.0820541       3.26988660E-02         116           1
   41.5644188       3.68723348E-02         116           2
   41.0467834       3.33732553E-02         116           3
   40.5291443       2.51399223E-02         116           4
   40.0115051       2.95556467E-02         116           5
   42.0820541       3.26665752E-02         117           1
   41.5644188       4.12716605E-02         117           2
   41.0467834       2.77716052E-02         117           3
   40.5291443       2.48053931E-02         117           4
   40.0115051       2.17270497E-02         117           5
   42.0820541       3.87127101E-02         118           1
   41.5644188       2.09133048E-02         118           2
   41.0467834       2.88612917E-02         118           3
   40.5291443       2.37641744E-02         118           4
   40.0115051       3.51676345E-02         118           5
   42.0820541       2.45420784E-02         119           1
   41.5644188       2.95171142E-02         119           2
   41.0467834       3.19687799E-02         119           3
   40.5291443       4.50090356E-02         119           4
   40.0115051       4.19692732E-02         119           5
   42.0820541       2.26705093E-02         120           1
   41.5644188       3.02436948E-02         120           2
   41.0467834       7.34975114E-02         120           3
   40.5291443       9.87538472E-02         120           4
   40.0115051       7.08266646E-02         120           5
   42.0820541       3.98816615E-02         121           1
   41.5644188       5.00037968E-02         121           2
   41.0467834       6.52564839E-02         121           3
   40.5291443       6.70006275E-02         121           4
   40.0115051       6.19036406E-02         121           5
